1.000000000000000021e-03 1.020831999999999962e+00
1.000000000000000021e-02 1.010839000000000043e+00
1.899999999999999953e-02 1.013323999999999891e+00
2.800000000000000058e-02 1.003406000000000020e+00
3.699999999999999817e-02 1.002409000000000106e+00
4.599999999999999922e-02 1.037903999999999938e+00
5.500000000000000028e-02 1.057778000000000107e+00
6.400000000000000133e-02 1.037949999999999928e+00
7.299999999999999545e-02 1.015320999999999918e+00
8.200000000000000344e-02 1.003344000000000014e+00
9.099999999999999756e-02 1.000072999999999990e+00
1.000000000000000056e-01 1.000439999999999996e+00
1.089999999999999997e-01 1.001128999999999936e+00
1.179999999999999938e-01 1.001290999999999931e+00
1.270000000000000018e-01 1.001139000000000001e+00
1.360000000000000098e-01 1.000888000000000000e+00
1.449999999999999900e-01 1.000590000000000090e+00
1.539999999999999980e-01 1.000259000000000009e+00
1.630000000000000060e-01 1.000015000000000098e+00
1.719999999999999862e-01 1.000167999999999946e+00
1.809999999999999942e-01 1.001155000000000017e+00
1.900000000000000022e-01 1.003284000000000065e+00
1.990000000000000102e-01 1.006418000000000035e+00
2.079999999999999905e-01 1.009908999999999946e+00
2.169999999999999984e-01 1.012895000000000101e+00
2.260000000000000064e-01 1.014713999999999894e+00
2.349999999999999867e-01 1.015134999999999899e+00
2.439999999999999947e-01 1.014313999999999938e+00
2.530000000000000027e-01 1.012623000000000051e+00
2.620000000000000107e-01 1.010475000000000012e+00
2.710000000000000187e-01 1.008224999999999927e+00
2.800000000000000266e-01 1.006123000000000101e+00
2.889999999999999791e-01 1.004318000000000044e+00
2.979999999999999871e-01 1.002872999999999903e+00
3.069999999999999951e-01 1.001791000000000098e+00
3.160000000000000031e-01 1.001031999999999922e+00
3.250000000000000111e-01 1.000537999999999927e+00
3.340000000000000191e-01 1.000243999999999911e+00
3.430000000000000271e-01 1.000088000000000088e+00
3.519999999999999796e-01 1.000019999999999909e+00
3.609999999999999876e-01 1.000000999999999918e+00
3.699999999999999956e-01 1.000003999999999893e+00
3.790000000000000036e-01 1.000016000000000016e+00
3.880000000000000115e-01 1.000027999999999917e+00
3.970000000000000195e-01 1.000037999999999982e+00
4.060000000000000275e-01 1.000045000000000073e+00
4.149999999999999800e-01 1.000053000000000081e+00
4.239999999999999880e-01 1.000061000000000089e+00
4.329999999999999960e-01 1.000072999999999990e+00
4.420000000000000040e-01 1.000089000000000006e+00
4.510000000000000120e-01 1.000110999999999972e+00
4.600000000000000200e-01 1.000140999999999947e+00
4.689999999999999725e-01 1.000180000000000069e+00
4.779999999999999805e-01 1.000229999999999952e+00
4.869999999999999885e-01 1.000288999999999984e+00
4.959999999999999964e-01 1.000356999999999941e+00
5.050000000000000044e-01 1.000431000000000070e+00
5.140000000000000124e-01 1.000507999999999953e+00
5.230000000000000204e-01 1.000582000000000082e+00
5.320000000000000284e-01 1.000648999999999900e+00
5.410000000000000364e-01 1.000704000000000038e+00
5.500000000000000444e-01 1.000739999999999963e+00
5.590000000000000524e-01 1.000755000000000061e+00
5.679999999999999494e-01 1.000744999999999996e+00
5.769999999999999574e-01 1.000709999999999988e+00
5.859999999999999654e-01 1.000650999999999957e+00
5.949999999999999734e-01 1.000572000000000017e+00
6.039999999999999813e-01 1.000477000000000061e+00
6.129999999999999893e-01 1.000372999999999957e+00
6.219999999999999973e-01 1.000267999999999935e+00
6.310000000000000053e-01 1.000170999999999921e+00
6.400000000000000133e-01 1.000089999999999923e+00
6.490000000000000213e-01 1.000030999999999892e+00
6.580000000000000293e-01 1.000002000000000058e+00
6.670000000000000373e-01 1.000008000000000008e+00
6.760000000000000453e-01 1.000051000000000023e+00
6.850000000000000533e-01 1.000132000000000021e+00
6.939999999999999503e-01 1.000251999999999919e+00
7.029999999999999583e-01 1.000407999999999964e+00
7.119999999999999662e-01 1.000596000000000041e+00
7.209999999999999742e-01 1.000810999999999895e+00
7.299999999999999822e-01 1.001049000000000078e+00
7.389999999999999902e-01 1.001301999999999914e+00
7.479999999999999982e-01 1.001565000000000039e+00
7.570000000000000062e-01 1.001829999999999998e+00
7.660000000000000142e-01 1.002092999999999900e+00
7.750000000000000222e-01 1.002347000000000099e+00
7.840000000000000302e-01 1.002588000000000035e+00
7.930000000000000382e-01 1.002810999999999897e+00
8.020000000000000462e-01 1.003012999999999932e+00
8.110000000000000542e-01 1.003192000000000084e+00
8.199999999999999512e-01 1.003344999999999931e+00
8.289999999999999591e-01 1.003471000000000002e+00
8.379999999999999671e-01 1.003568999999999933e+00
8.469999999999999751e-01 1.003640000000000088e+00
8.559999999999999831e-01 1.003684999999999938e+00
8.649999999999999911e-01 1.003703999999999930e+00
8.739999999999999991e-01 1.003697999999999979e+00
8.830000000000000071e-01 1.003670000000000062e+00
8.920000000000000151e-01 1.003622000000000014e+00
9.010000000000000231e-01 1.003554999999999975e+00
9.100000000000000311e-01 1.003471000000000002e+00
9.190000000000000391e-01 1.003373999999999988e+00
9.280000000000000471e-01 1.003263999999999934e+00
9.370000000000000551e-01 1.003144999999999953e+00
9.459999999999999520e-01 1.003019000000000105e+00
9.549999999999999600e-01 1.002887000000000084e+00
9.639999999999999680e-01 1.002750999999999948e+00
9.729999999999999760e-01 1.002612000000000059e+00
9.819999999999999840e-01 1.002474000000000087e+00
9.909999999999999920e-01 1.002335999999999894e+00
1.000000000000000000e+00 1.002199999999999980e+00
1.008999999999999897e+00 1.002065999999999901e+00
1.018000000000000016e+00 1.001937000000000078e+00
1.026999999999999913e+00 1.001811999999999925e+00
1.036000000000000032e+00 1.001691000000000109e+00
1.044999999999999929e+00 1.001576000000000022e+00
1.054000000000000048e+00 1.001465999999999967e+00
1.062999999999999945e+00 1.001362000000000085e+00
1.072000000000000064e+00 1.001263000000000014e+00
1.080999999999999961e+00 1.001169999999999893e+00
1.090000000000000080e+00 1.001082000000000027e+00
1.098999999999999977e+00 1.000999999999999890e+00
1.108000000000000096e+00 1.000922000000000089e+00
1.116999999999999993e+00 1.000850000000000017e+00
1.125999999999999890e+00 1.000780999999999921e+00
1.135000000000000009e+00 1.000717999999999996e+00
1.143999999999999906e+00 1.000658000000000047e+00
1.153000000000000025e+00 1.000601000000000074e+00
1.161999999999999922e+00 1.000547999999999993e+00
1.171000000000000041e+00 1.000498000000000109e+00
1.179999999999999938e+00 1.000450999999999979e+00
1.189000000000000057e+00 1.000407000000000046e+00
1.197999999999999954e+00 1.000364999999999949e+00
1.207000000000000073e+00 1.000324999999999909e+00
1.215999999999999970e+00 1.000286999999999926e+00
1.225000000000000089e+00 1.000251999999999919e+00
1.233999999999999986e+00 1.000218000000000051e+00
1.243000000000000105e+00 1.000186000000000019e+00
1.252000000000000002e+00 1.000156999999999963e+00
1.260999999999999899e+00 1.000129000000000046e+00
1.270000000000000018e+00 1.000102999999999964e+00
1.278999999999999915e+00 1.000080000000000080e+00
1.288000000000000034e+00 1.000059000000000031e+00
1.296999999999999931e+00 1.000040000000000040e+00
1.306000000000000050e+00 1.000024999999999942e+00
1.314999999999999947e+00 1.000013000000000041e+00
1.324000000000000066e+00 1.000005000000000033e+00
1.332999999999999963e+00 1.000000999999999918e+00
1.342000000000000082e+00 1.000000999999999918e+00
1.350999999999999979e+00 1.000005999999999950e+00
1.360000000000000098e+00 1.000016999999999934e+00
1.368999999999999995e+00 1.000034000000000090e+00
1.377999999999999892e+00 1.000056999999999974e+00
1.387000000000000011e+00 1.000088000000000088e+00
1.395999999999999908e+00 1.000126000000000071e+00
1.405000000000000027e+00 1.000172000000000061e+00
1.413999999999999924e+00 1.000226999999999977e+00
1.423000000000000043e+00 1.000291000000000041e+00
1.431999999999999940e+00 1.000364999999999949e+00
1.441000000000000059e+00 1.000448999999999922e+00
1.449999999999999956e+00 1.000542999999999960e+00
1.459000000000000075e+00 1.000647999999999982e+00
1.467999999999999972e+00 1.000763999999999987e+00
1.477000000000000091e+00 1.000891999999999893e+00
1.485999999999999988e+00 1.001031000000000004e+00
1.495000000000000107e+00 1.001181000000000099e+00
1.504000000000000004e+00 1.001343000000000094e+00
1.512999999999999901e+00 1.001516000000000073e+00
1.522000000000000020e+00 1.001700000000000035e+00
1.530999999999999917e+00 1.001894999999999980e+00
1.540000000000000036e+00 1.002100999999999908e+00
1.548999999999999932e+00 1.002316999999999902e+00
1.558000000000000052e+00 1.002542000000000044e+00
1.566999999999999948e+00 1.002775999999999890e+00
1.576000000000000068e+00 1.003019000000000105e+00
1.584999999999999964e+00 1.003268999999999966e+00
1.594000000000000083e+00 1.003525999999999918e+00
1.602999999999999980e+00 1.003787999999999903e+00
1.612000000000000099e+00 1.004056000000000060e+00
1.620999999999999996e+00 1.004326999999999970e+00
1.629999999999999893e+00 1.004601000000000077e+00
1.639000000000000012e+00 1.004876000000000102e+00
1.647999999999999909e+00 1.005152999999999963e+00
1.657000000000000028e+00 1.005428999999999906e+00
1.665999999999999925e+00 1.005703000000000014e+00
1.675000000000000044e+00 1.005975000000000064e+00
1.683999999999999941e+00 1.006242000000000081e+00
1.693000000000000060e+00 1.006504999999999983e+00
1.701999999999999957e+00 1.006761999999999935e+00
1.711000000000000076e+00 1.007011000000000100e+00
1.719999999999999973e+00 1.007252000000000036e+00
1.729000000000000092e+00 1.007484000000000046e+00
1.737999999999999989e+00 1.007705999999999991e+00
1.747000000000000108e+00 1.007916999999999952e+00
1.756000000000000005e+00 1.008116000000000012e+00
1.764999999999999902e+00 1.008302999999999949e+00
1.774000000000000021e+00 1.008475999999999928e+00
1.782999999999999918e+00 1.008634000000000031e+00
1.792000000000000037e+00 1.008777999999999953e+00
1.800999999999999934e+00 1.008906999999999998e+00
1.810000000000000053e+00 1.009020000000000028e+00
1.818999999999999950e+00 1.009117000000000042e+00
1.828000000000000069e+00 1.009196999999999900e+00
1.836999999999999966e+00 1.009260999999999964e+00
1.846000000000000085e+00 1.009308000000000094e+00
1.854999999999999982e+00 1.009336999999999929e+00
1.864000000000000101e+00 1.009349999999999969e+00
1.872999999999999998e+00 1.009346000000000076e+00
1.881999999999999895e+00 1.009324000000000110e+00
1.891000000000000014e+00 1.009285999999999905e+00
1.899999999999999911e+00 1.009230999999999989e+00
1.909000000000000030e+00 1.009160000000000057e+00
1.917999999999999927e+00 1.009073000000000109e+00
1.927000000000000046e+00 1.008969999999999922e+00
1.935999999999999943e+00 1.008852000000000082e+00
1.945000000000000062e+00 1.008720000000000061e+00
1.953999999999999959e+00 1.008574000000000082e+00
1.963000000000000078e+00 1.008413999999999922e+00
1.971999999999999975e+00 1.008240999999999943e+00
1.981000000000000094e+00 1.008056999999999981e+00
1.989999999999999991e+00 1.007860999999999896e+00
1.999000000000000110e+00 1.007654000000000050e+00
2.008000000000000007e+00 1.007436999999999916e+00
2.016999999999999904e+00 1.007211999999999996e+00
2.025999999999999801e+00 1.006977999999999929e+00
2.035000000000000142e+00 1.006736999999999993e+00
2.044000000000000039e+00 1.006490000000000107e+00
2.052999999999999936e+00 1.006237000000000048e+00
2.061999999999999833e+00 1.005978999999999957e+00
2.071000000000000174e+00 1.005716999999999972e+00
2.080000000000000071e+00 1.005452999999999930e+00
2.088999999999999968e+00 1.005187000000000053e+00
2.097999999999999865e+00 1.004918999999999896e+00
2.107000000000000206e+00 1.004650999999999961e+00
2.116000000000000103e+00 1.004383999999999943e+00
2.125000000000000000e+00 1.004118999999999984e+00
2.133999999999999897e+00 1.003856000000000082e+00
2.142999999999999794e+00 1.003595999999999933e+00
2.152000000000000135e+00 1.003339999999999899e+00
2.161000000000000032e+00 1.003088999999999897e+00
2.169999999999999929e+00 1.002842999999999929e+00
2.178999999999999826e+00 1.002604000000000051e+00
2.188000000000000167e+00 1.002372000000000041e+00
2.197000000000000064e+00 1.002146999999999899e+00
2.205999999999999961e+00 1.001930999999999905e+00
2.214999999999999858e+00 1.001724000000000059e+00
2.224000000000000199e+00 1.001525999999999916e+00
2.233000000000000096e+00 1.001338999999999979e+00
2.241999999999999993e+00 1.001162000000000107e+00
2.250999999999999890e+00 1.000996999999999915e+00
2.259999999999999787e+00 1.000842999999999927e+00
2.269000000000000128e+00 1.000699999999999923e+00
2.278000000000000025e+00 1.000571000000000099e+00
2.286999999999999922e+00 1.000453999999999954e+00
2.295999999999999819e+00 1.000350000000000072e+00
2.305000000000000160e+00 1.000259000000000009e+00
2.314000000000000057e+00 1.000180999999999987e+00
2.322999999999999954e+00 1.000118000000000062e+00
2.331999999999999851e+00 1.000067000000000039e+00
2.341000000000000192e+00 1.000030999999999892e+00
2.350000000000000089e+00 1.000008999999999926e+00
2.358999999999999986e+00 1.000000000000000000e+00
2.367999999999999883e+00 1.000005999999999950e+00
2.376999999999999780e+00 1.000024999999999942e+00
2.386000000000000121e+00 1.000057999999999891e+00
2.395000000000000018e+00 1.000104000000000104e+00
2.403999999999999915e+00 1.000164000000000053e+00
2.412999999999999812e+00 1.000237000000000043e+00
2.422000000000000153e+00 1.000323000000000073e+00
2.431000000000000050e+00 1.000421999999999922e+00
2.439999999999999947e+00 1.000532999999999895e+00
2.448999999999999844e+00 1.000655999999999990e+00
2.458000000000000185e+00 1.000790999999999986e+00
2.467000000000000082e+00 1.000938000000000105e+00
2.475999999999999979e+00 1.001095000000000068e+00
2.484999999999999876e+00 1.001263000000000014e+00
2.494000000000000217e+00 1.001441000000000026e+00
2.503000000000000114e+00 1.001629000000000103e+00
2.512000000000000011e+00 1.001826000000000105e+00
2.520999999999999908e+00 1.002030999999999894e+00
2.529999999999999805e+00 1.002245000000000053e+00
2.539000000000000146e+00 1.002466999999999997e+00
2.548000000000000043e+00 1.002694999999999892e+00
2.556999999999999940e+00 1.002931000000000017e+00
2.565999999999999837e+00 1.003171999999999953e+00
2.575000000000000178e+00 1.003417999999999921e+00
2.584000000000000075e+00 1.003670000000000062e+00
2.592999999999999972e+00 1.003926000000000096e+00
2.601999999999999869e+00 1.004186000000000023e+00
2.611000000000000210e+00 1.004448999999999925e+00
2.620000000000000107e+00 1.004715000000000025e+00
2.629000000000000004e+00 1.004982999999999960e+00
2.637999999999999901e+00 1.005252000000000034e+00
2.646999999999999797e+00 1.005522999999999945e+00
2.656000000000000139e+00 1.005794000000000077e+00
2.665000000000000036e+00 1.006064999999999987e+00
2.673999999999999932e+00 1.006335999999999897e+00
2.682999999999999829e+00 1.006604999999999972e+00
2.692000000000000171e+00 1.006874000000000047e+00
2.701000000000000068e+00 1.007139999999999924e+00
2.709999999999999964e+00 1.007403999999999966e+00
2.718999999999999861e+00 1.007665000000000033e+00
2.728000000000000203e+00 1.007924000000000042e+00
2.737000000000000099e+00 1.008178000000000019e+00
2.745999999999999996e+00 1.008429000000000020e+00
2.754999999999999893e+00 1.008674999999999988e+00
2.763999999999999790e+00 1.008917000000000064e+00
2.773000000000000131e+00 1.009154000000000106e+00
2.782000000000000028e+00 1.009384999999999977e+00
2.790999999999999925e+00 1.009611999999999954e+00
2.799999999999999822e+00 1.009832000000000063e+00
2.809000000000000163e+00 1.010046999999999917e+00
2.818000000000000060e+00 1.010254999999999903e+00
2.826999999999999957e+00 1.010456999999999939e+00
2.835999999999999854e+00 1.010652000000000106e+00
2.845000000000000195e+00 1.010841000000000101e+00
2.854000000000000092e+00 1.011023000000000005e+00
2.862999999999999989e+00 1.011198000000000041e+00
2.871999999999999886e+00 1.011365999999999987e+00
2.880999999999999783e+00 1.011527000000000065e+00
2.890000000000000124e+00 1.011681000000000052e+00
2.899000000000000021e+00 1.011827999999999950e+00
2.907999999999999918e+00 1.011967000000000061e+00
2.916999999999999815e+00 1.012099000000000082e+00
2.926000000000000156e+00 1.012224000000000013e+00
2.935000000000000053e+00 1.012342000000000075e+00
2.943999999999999950e+00 1.012453000000000047e+00
2.952999999999999847e+00 1.012556000000000012e+00
2.962000000000000188e+00 1.012652000000000108e+00
2.971000000000000085e+00 1.012742000000000031e+00
2.979999999999999982e+00 1.012823999999999947e+00
2.988999999999999879e+00 1.012898999999999994e+00
2.998000000000000220e+00 1.012968000000000091e+00
3.007000000000000117e+00 1.013030000000000097e+00
3.016000000000000014e+00 1.013085000000000013e+00
3.024999999999999911e+00 1.013133999999999979e+00
3.033999999999999808e+00 1.013176000000000077e+00
3.043000000000000149e+00 1.013212999999999919e+00
3.052000000000000046e+00 1.013241999999999976e+00
3.060999999999999943e+00 1.013266000000000000e+00
3.069999999999999840e+00 1.013284000000000074e+00
3.079000000000000181e+00 1.013296999999999892e+00
3.088000000000000078e+00 1.013303000000000065e+00
3.096999999999999975e+00 1.013303999999999983e+00
3.105999999999999872e+00 1.013300000000000090e+00
3.115000000000000213e+00 1.013290000000000024e+00
3.124000000000000110e+00 1.013276000000000066e+00
3.133000000000000007e+00 1.013255999999999935e+00
3.141999999999999904e+00 1.013230999999999993e+00
3.150999999999999801e+00 1.013201999999999936e+00
3.160000000000000142e+00 1.013168000000000069e+00
3.169000000000000039e+00 1.013130000000000086e+00
3.177999999999999936e+00 1.013087999999999989e+00
3.186999999999999833e+00 1.013041000000000080e+00
3.196000000000000174e+00 1.012990000000000057e+00
3.205000000000000071e+00 1.012934999999999919e+00
3.213999999999999968e+00 1.012876000000000110e+00
3.222999999999999865e+00 1.012814000000000103e+00
3.232000000000000206e+00 1.012747999999999982e+00
3.241000000000000103e+00 1.012677999999999967e+00
3.250000000000000000e+00 1.012605999999999895e+00
3.258999999999999897e+00 1.012529000000000012e+00
3.267999999999999794e+00 1.012450000000000072e+00
3.277000000000000135e+00 1.012367000000000017e+00
3.286000000000000032e+00 1.012281999999999904e+00
3.294999999999999929e+00 1.012194000000000038e+00
3.303999999999999826e+00 1.012102000000000057e+00
3.313000000000000167e+00 1.012008000000000019e+00
3.322000000000000064e+00 1.011911999999999923e+00
3.330999999999999961e+00 1.011811999999999934e+00
3.339999999999999858e+00 1.011711000000000027e+00
3.349000000000000199e+00 1.011606000000000005e+00
3.358000000000000096e+00 1.011500000000000066e+00
3.366999999999999993e+00 1.011390999999999929e+00
3.375999999999999890e+00 1.011279999999999957e+00
3.384999999999999787e+00 1.011166000000000009e+00
3.394000000000000128e+00 1.011050999999999922e+00
3.403000000000000025e+00 1.010933000000000082e+00
3.411999999999999922e+00 1.010812999999999962e+00
3.420999999999999819e+00 1.010691000000000006e+00
3.430000000000000160e+00 1.010566999999999993e+00
3.439000000000000057e+00 1.010440999999999923e+00
3.447999999999999954e+00 1.010313000000000017e+00
3.456999999999999851e+00 1.010183000000000053e+00
3.466000000000000192e+00 1.010049999999999892e+00
3.475000000000000089e+00 1.009916000000000036e+00
3.483999999999999986e+00 1.009778000000000064e+00
3.492999999999999883e+00 1.009638000000000035e+00
3.501999999999999780e+00 1.009492999999999974e+00
3.511000000000000121e+00 1.009333000000000036e+00
3.520000000000000018e+00 1.008620000000000072e+00
3.528999999999999915e+00 1.008280000000000065e+00
3.537999999999999812e+00 1.008010000000000073e+00
3.547000000000000153e+00 1.007746000000000031e+00
3.556000000000000050e+00 1.007484000000000046e+00
3.564999999999999947e+00 1.007233000000000045e+00
3.573999999999999844e+00 1.006998000000000060e+00
3.583000000000000185e+00 1.006782000000000066e+00
3.592000000000000082e+00 1.006583000000000006e+00
3.600999999999999979e+00 1.006397999999999904e+00
3.609999999999999876e+00 1.006221999999999950e+00
3.619000000000000217e+00 1.006053000000000086e+00
3.628000000000000114e+00 1.005886999999999976e+00
3.637000000000000011e+00 1.005722000000000005e+00
3.645999999999999908e+00 1.005555999999999894e+00
3.654999999999999805e+00 1.005387999999999948e+00
3.664000000000000146e+00 1.005219000000000085e+00
3.673000000000000043e+00 1.005047999999999941e+00
3.681999999999999940e+00 1.004874999999999963e+00
3.690999999999999837e+00 1.004699999999999926e+00
3.700000000000000178e+00 1.004523999999999972e+00
3.709000000000000075e+00 1.004347000000000101e+00
3.717999999999999972e+00 1.004167999999999950e+00
3.726999999999999869e+00 1.003989000000000020e+00
3.736000000000000210e+00 1.003810000000000091e+00
3.745000000000000107e+00 1.003630000000000022e+00
3.754000000000000004e+00 1.003449999999999953e+00
3.762999999999999901e+00 1.003271000000000024e+00
3.771999999999999797e+00 1.003092000000000095e+00
3.781000000000000139e+00 1.002914000000000083e+00
3.790000000000000036e+00 1.002737999999999907e+00
3.798999999999999932e+00 1.002561999999999953e+00
3.807999999999999829e+00 1.002388999999999974e+00
3.817000000000000171e+00 1.002218000000000053e+00
3.826000000000000068e+00 1.002048000000000050e+00
3.834999999999999964e+00 1.001881000000000022e+00
3.843999999999999861e+00 1.001716000000000051e+00
3.853000000000000203e+00 1.001552999999999916e+00
3.862000000000000099e+00 1.001392000000000060e+00
3.870999999999999996e+00 1.001233999999999957e+00
3.879999999999999893e+00 1.001077999999999912e+00
3.888999999999999790e+00 1.000923999999999925e+00
3.898000000000000131e+00 1.000771000000000077e+00
3.907000000000000028e+00 1.000620999999999983e+00
3.915999999999999925e+00 1.000472999999999946e+00
3.924999999999999822e+00 1.000326999999999966e+00
3.934000000000000163e+00 1.000181999999999904e+00
3.943000000000000060e+00 1.000040000000000040e+00
3.951999999999999957e+00 9.999000000000000110e-01
3.960999999999999854e+00 9.997610000000000108e-01
3.970000000000000195e+00 9.996249999999999858e-01
3.979000000000000092e+00 9.994910000000000183e-01
3.987999999999999989e+00 9.993589999999999973e-01
3.996999999999999886e+00 9.992299999999999516e-01
4.006000000000000227e+00 9.991029999999999633e-01
4.014999999999999680e+00 9.989789999999999504e-01
4.024000000000000021e+00 9.988580000000000236e-01
4.033000000000000362e+00 9.987390000000000434e-01
4.041999999999999815e+00 9.986239999999999561e-01
4.051000000000000156e+00 9.985129999999999839e-01
4.059999999999999609e+00 9.984039999999999582e-01
4.068999999999999950e+00 9.982999999999999652e-01
4.078000000000000291e+00 9.981989999999999474e-01
4.086999999999999744e+00 9.981029999999999625e-01
4.096000000000000085e+00 9.980099999999999527e-01
4.105000000000000426e+00 9.979219999999999757e-01
4.113999999999999879e+00 9.978390000000000315e-01
4.123000000000000220e+00 9.977610000000000090e-01
4.131999999999999673e+00 9.976869999999999905e-01
4.141000000000000014e+00 9.976190000000000335e-01
4.150000000000000355e+00 9.975549999999999695e-01
4.158999999999999808e+00 9.974979999999999958e-01
4.168000000000000149e+00 9.974460000000000548e-01
4.176999999999999602e+00 9.973999999999999533e-01
4.185999999999999943e+00 9.973600000000000243e-01
4.195000000000000284e+00 9.973269999999999635e-01
4.203999999999999737e+00 9.972999999999999643e-01
4.213000000000000078e+00 9.972800000000000553e-01
4.222000000000000419e+00 9.972670000000000146e-01
4.230999999999999872e+00 9.972609999999999530e-01
4.240000000000000213e+00 9.972619999999999818e-01
4.248999999999999666e+00 9.972720000000000473e-01
4.258000000000000007e+00 9.972879999999999523e-01
4.267000000000000348e+00 9.973140000000000338e-01
4.275999999999999801e+00 9.973469999999999835e-01
4.285000000000000142e+00 9.973889999999999700e-01
4.293999999999999595e+00 9.974399999999999933e-01
4.302999999999999936e+00 9.975000000000000533e-01
4.312000000000000277e+00 9.975690000000000390e-01
4.320999999999999730e+00 9.976469999999999505e-01
4.330000000000000071e+00 9.977359999999999562e-01
4.339000000000000412e+00 9.978339999999999987e-01
4.347999999999999865e+00 9.979430000000000245e-01
4.357000000000000206e+00 9.980630000000000335e-01
4.365999999999999659e+00 9.981929999999999970e-01
4.375000000000000000e+00 9.983340000000000547e-01
4.384000000000000341e+00 9.984870000000000134e-01
4.392999999999999794e+00 9.986509999999999554e-01
4.402000000000000135e+00 9.988270000000000204e-01
4.410999999999999588e+00 9.990149999999999864e-01
4.419999999999999929e+00 9.992159999999999931e-01
4.429000000000000270e+00 9.994279999999999831e-01
4.437999999999999723e+00 9.996540000000000425e-01
4.447000000000000064e+00 9.998930000000000318e-01
4.456000000000000405e+00 1.000143999999999922e+00
4.464999999999999858e+00 1.000409000000000104e+00
4.474000000000000199e+00 1.000688000000000022e+00
4.482999999999999652e+00 1.000980999999999899e+00
4.491999999999999993e+00 1.001287000000000038e+00
4.501000000000000334e+00 1.001608000000000054e+00
4.509999999999999787e+00 1.001943000000000028e+00
4.519000000000000128e+00 1.002291999999999961e+00
4.527999999999999581e+00 1.002655999999999992e+00
4.536999999999999922e+00 1.003033999999999981e+00
4.546000000000000263e+00 1.003427999999999987e+00
4.554999999999999716e+00 1.003835999999999951e+00
4.564000000000000057e+00 1.004259000000000013e+00
4.573000000000000398e+00 1.004698000000000091e+00
4.581999999999999851e+00 1.005150999999999906e+00
4.591000000000000192e+00 1.005619000000000041e+00
4.599999999999999645e+00 1.006102999999999970e+00
4.608999999999999986e+00 1.006601000000000079e+00
4.618000000000000327e+00 1.007114999999999982e+00
4.626999999999999780e+00 1.007643000000000066e+00
4.636000000000000121e+00 1.008186999999999944e+00
4.644999999999999574e+00 1.008745000000000003e+00
4.653999999999999915e+00 1.009317999999999937e+00
4.663000000000000256e+00 1.009905999999999970e+00
4.671999999999999709e+00 1.010507999999999962e+00
4.681000000000000050e+00 1.011125000000000052e+00
4.690000000000000391e+00 1.011754999999999960e+00
4.698999999999999844e+00 1.012399999999999967e+00
4.708000000000000185e+00 1.013058000000000014e+00
4.716999999999999638e+00 1.013730000000000020e+00
4.725999999999999979e+00 1.014415000000000067e+00
4.735000000000000320e+00 1.015112999999999932e+00
4.743999999999999773e+00 1.015822999999999920e+00
4.753000000000000114e+00 1.016545999999999950e+00
4.761999999999999567e+00 1.017281000000000102e+00
4.770999999999999908e+00 1.018027999999999933e+00
4.780000000000000249e+00 1.018785999999999969e+00
4.788999999999999702e+00 1.019554999999999989e+00
4.798000000000000043e+00 1.020334000000000074e+00
4.807000000000000384e+00 1.021123999999999921e+00
4.815999999999999837e+00 1.021922999999999915e+00
4.825000000000000178e+00 1.022731999999999974e+00
4.833999999999999631e+00 1.023549999999999960e+00
4.842999999999999972e+00 1.024377000000000093e+00
4.852000000000000313e+00 1.025211000000000094e+00
4.860999999999999766e+00 1.026053000000000104e+00
4.870000000000000107e+00 1.026901999999999981e+00
4.878999999999999559e+00 1.027757999999999949e+00
4.887999999999999901e+00 1.028620000000000090e+00
4.897000000000000242e+00 1.029487999999999959e+00
4.905999999999999694e+00 1.030361000000000082e+00
4.915000000000000036e+00 1.031239000000000017e+00
4.924000000000000377e+00 1.032121000000000066e+00
4.932999999999999829e+00 1.033007000000000009e+00
4.942000000000000171e+00 1.033895999999999926e+00
4.950999999999999623e+00 1.034788000000000041e+00
4.959999999999999964e+00 1.035681999999999992e+00
4.969000000000000306e+00 1.036577999999999999e+00
4.977999999999999758e+00 1.037474999999999925e+00
4.987000000000000099e+00 1.038372999999999990e+00
4.996000000000000441e+00 1.039271000000000056e+00
5.004999999999999893e+00 1.040167999999999981e+00
5.014000000000000234e+00 1.041064999999999907e+00
5.022999999999999687e+00 1.041960999999999915e+00
5.032000000000000028e+00 1.042855000000000087e+00
5.041000000000000369e+00 1.043746999999999980e+00
5.049999999999999822e+00 1.044635999999999898e+00
5.059000000000000163e+00 1.045522000000000062e+00
5.067999999999999616e+00 1.046403999999999890e+00
5.076999999999999957e+00 1.047282000000000046e+00
5.086000000000000298e+00 1.048156000000000088e+00
5.094999999999999751e+00 1.049025000000000096e+00
5.104000000000000092e+00 1.049887999999999932e+00
5.113000000000000433e+00 1.050745999999999958e+00
5.121999999999999886e+00 1.051596999999999893e+00
5.131000000000000227e+00 1.052442000000000100e+00
5.139999999999999680e+00 1.053279999999999994e+00
5.149000000000000021e+00 1.054110000000000102e+00
5.158000000000000362e+00 1.054932999999999899e+00
5.166999999999999815e+00 1.055746999999999991e+00
5.176000000000000156e+00 1.056553000000000075e+00
5.184999999999999609e+00 1.057350000000000012e+00
5.193999999999999950e+00 1.058138000000000023e+00
5.203000000000000291e+00 1.058915999999999968e+00
5.211999999999999744e+00 1.059684999999999988e+00
5.221000000000000085e+00 1.060443000000000024e+00
5.230000000000000426e+00 1.061190999999999995e+00
5.238999999999999879e+00 1.061927999999999983e+00
5.248000000000000220e+00 1.062653999999999987e+00
5.256999999999999673e+00 1.063369000000000009e+00
5.266000000000000014e+00 1.064073000000000047e+00
5.275000000000000355e+00 1.064764999999999961e+00
5.283999999999999808e+00 1.065444999999999975e+00
5.293000000000000149e+00 1.066111999999999949e+00
5.301999999999999602e+00 1.066767999999999939e+00
5.310999999999999943e+00 1.067411000000000110e+00
5.320000000000000284e+00 1.068041000000000018e+00
5.328999999999999737e+00 1.068658000000000108e+00
5.338000000000000078e+00 1.069261999999999935e+00
5.347000000000000419e+00 1.069852000000000025e+00
5.355999999999999872e+00 1.070429999999999993e+00
5.365000000000000213e+00 1.070994000000000002e+00
5.373999999999999666e+00 1.071544000000000052e+00
5.383000000000000007e+00 1.072079999999999922e+00
5.392000000000000348e+00 1.072602999999999973e+00
5.400999999999999801e+00 1.073110999999999926e+00
5.410000000000000142e+00 1.073606000000000060e+00
5.418999999999999595e+00 1.074086000000000096e+00
5.427999999999999936e+00 1.074551999999999952e+00
5.437000000000000277e+00 1.075004000000000071e+00
5.445999999999999730e+00 1.075441000000000091e+00
5.455000000000000071e+00 1.075863999999999931e+00
5.464000000000000412e+00 1.076273000000000035e+00
5.472999999999999865e+00 1.076667000000000041e+00
5.482000000000000206e+00 1.077047000000000088e+00
5.490999999999999659e+00 1.077412000000000036e+00
5.500000000000000000e+00 1.077762000000000109e+00
5.509000000000000341e+00 1.078098000000000001e+00
5.517999999999999794e+00 1.078419999999999934e+00
5.527000000000000135e+00 1.078726999999999991e+00
5.535999999999999588e+00 1.079018999999999950e+00
5.544999999999999929e+00 1.079296999999999951e+00
5.554000000000000270e+00 1.079560999999999993e+00
5.562999999999999723e+00 1.079809999999999937e+00
5.572000000000000064e+00 1.080044999999999922e+00
5.581000000000000405e+00 1.080265000000000031e+00
5.589999999999999858e+00 1.080470999999999959e+00
5.599000000000000199e+00 1.080662999999999929e+00
5.607999999999999652e+00 1.080840000000000023e+00
5.616999999999999993e+00 1.081004000000000076e+00
5.626000000000000334e+00 1.081153000000000031e+00
5.634999999999999787e+00 1.081288999999999945e+00
5.644000000000000128e+00 1.081409999999999982e+00
5.652999999999999581e+00 1.081517999999999979e+00
5.661999999999999922e+00 1.081611000000000100e+00
5.671000000000000263e+00 1.081692000000000098e+00
5.679999999999999716e+00 1.081757999999999997e+00
5.689000000000000057e+00 1.081811000000000078e+00
5.698000000000000398e+00 1.081850999999999896e+00
5.706999999999999851e+00 1.081876999999999978e+00
5.716000000000000192e+00 1.081890000000000018e+00
5.724999999999999645e+00 1.081890000000000018e+00
5.733999999999999986e+00 1.081876999999999978e+00
5.743000000000000327e+00 1.081852000000000036e+00
5.751999999999999780e+00 1.081812999999999914e+00
5.761000000000000121e+00 1.081761999999999890e+00
5.769999999999999574e+00 1.081698000000000048e+00
5.778999999999999915e+00 1.081622000000000083e+00
5.788000000000000256e+00 1.081533999999999995e+00
5.796999999999999709e+00 1.081433000000000089e+00
5.806000000000000050e+00 1.081320999999999977e+00
5.815000000000000391e+00 1.081196000000000046e+00
5.823999999999999844e+00 1.081059999999999910e+00
5.833000000000000185e+00 1.080912000000000095e+00
5.841999999999999638e+00 1.080753000000000075e+00
5.850999999999999979e+00 1.080581999999999931e+00
5.860000000000000320e+00 1.080400000000000027e+00
5.868999999999999773e+00 1.080206999999999917e+00
5.878000000000000114e+00 1.080003000000000046e+00
5.886999999999999567e+00 1.079787999999999970e+00
5.895999999999999908e+00 1.079561999999999911e+00
5.905000000000000249e+00 1.079326000000000008e+00
5.913999999999999702e+00 1.079080000000000039e+00
5.923000000000000043e+00 1.078823000000000087e+00
5.932000000000000384e+00 1.078556000000000070e+00
5.940999999999999837e+00 1.078278999999999987e+00
5.950000000000000178e+00 1.077992999999999979e+00
5.958999999999999631e+00 1.077695999999999987e+00
5.967999999999999972e+00 1.077390000000000070e+00
5.977000000000000313e+00 1.077075000000000005e+00
5.985999999999999766e+00 1.076751000000000014e+00
5.995000000000000107e+00 1.076416999999999957e+00
6.003999999999999559e+00 1.076074999999999893e+00
6.012999999999999901e+00 1.075723999999999902e+00
6.022000000000000242e+00 1.075363999999999987e+00
6.030999999999999694e+00 1.074994999999999923e+00
6.040000000000000036e+00 1.074618999999999991e+00
6.049000000000000377e+00 1.074233999999999911e+00
6.057999999999999829e+00 1.073841000000000045e+00
6.067000000000000171e+00 1.073439999999999950e+00
6.075999999999999623e+00 1.073031000000000068e+00
6.084999999999999964e+00 1.072615000000000096e+00
6.094000000000000306e+00 1.072192000000000034e+00
6.102999999999999758e+00 1.071760999999999964e+00
6.112000000000000099e+00 1.071323000000000025e+00
6.121000000000000441e+00 1.070877999999999997e+00
6.129999999999999893e+00 1.070426000000000100e+00
6.139000000000000234e+00 1.069966999999999890e+00
6.147999999999999687e+00 1.069501999999999953e+00
6.157000000000000028e+00 1.069029999999999925e+00
6.166000000000000369e+00 1.068551999999999946e+00
6.174999999999999822e+00 1.068068000000000017e+00
6.184000000000000163e+00 1.067577999999999916e+00
6.192999999999999616e+00 1.067083000000000004e+00
6.201999999999999957e+00 1.066581000000000001e+00
6.211000000000000298e+00 1.066073999999999966e+00
6.219999999999999751e+00 1.065561999999999898e+00
6.229000000000000092e+00 1.065044000000000102e+00
6.238000000000000433e+00 1.064521999999999968e+00
6.246999999999999886e+00 1.063994000000000106e+00
6.256000000000000227e+00 1.063461999999999907e+00
6.264999999999999680e+00 1.062924999999999898e+00
6.274000000000000021e+00 1.062383000000000077e+00
6.283000000000000362e+00 1.061836999999999920e+00
6.291999999999999815e+00 1.061287000000000091e+00
6.301000000000000156e+00 1.060732000000000008e+00
6.309999999999999609e+00 1.060173999999999950e+00
6.318999999999999950e+00 1.059611999999999998e+00
6.328000000000000291e+00 1.059045999999999932e+00
6.336999999999999744e+00 1.058476999999999890e+00
6.346000000000000085e+00 1.057903999999999956e+00
6.355000000000000426e+00 1.057328000000000046e+00
6.363999999999999879e+00 1.056748999999999938e+00
6.373000000000000220e+00 1.056167000000000078e+00
6.381999999999999673e+00 1.055582000000000020e+00
6.391000000000000014e+00 1.054993999999999987e+00
6.400000000000000355e+00 1.054403999999999897e+00
6.408999999999999808e+00 1.053811000000000053e+00
6.418000000000000149e+00 1.053215999999999930e+00
6.426999999999999602e+00 1.052618999999999971e+00
6.435999999999999943e+00 1.052019999999999955e+00
6.445000000000000284e+00 1.051419000000000104e+00
6.453999999999999737e+00 1.050815999999999972e+00
6.463000000000000078e+00 1.050211000000000006e+00
6.472000000000000419e+00 1.049604999999999899e+00
6.480999999999999872e+00 1.048998000000000097e+00
6.490000000000000213e+00 1.048389000000000015e+00
6.498999999999999666e+00 1.047779000000000016e+00
6.508000000000000007e+00 1.047168000000000099e+00
6.517000000000000348e+00 1.046556000000000042e+00
6.525999999999999801e+00 1.045943999999999985e+00
6.535000000000000142e+00 1.045330000000000092e+00
6.543999999999999595e+00 1.044716999999999896e+00
6.552999999999999936e+00 1.044103000000000003e+00
6.562000000000000277e+00 1.043487999999999971e+00
6.570999999999999730e+00 1.042874000000000079e+00
6.580000000000000071e+00 1.042259000000000047e+00
6.589000000000000412e+00 1.041644999999999932e+00
6.597999999999999865e+00 1.041031000000000040e+00
6.607000000000000206e+00 1.040416999999999925e+00
6.615999999999999659e+00 1.039803000000000033e+00
6.625000000000000000e+00 1.039190999999999976e+00
6.634000000000000341e+00 1.038578000000000001e+00
6.642999999999999794e+00 1.037967000000000084e+00
6.652000000000000135e+00 1.037357000000000085e+00
6.660999999999999588e+00 1.036747000000000085e+00
6.669999999999999929e+00 1.036138999999999921e+00
6.679000000000000270e+00 1.035531999999999897e+00
6.687999999999999723e+00 1.034926999999999930e+00
6.697000000000000064e+00 1.034323000000000103e+00
6.706000000000000405e+00 1.033719999999999972e+00
6.714999999999999858e+00 1.033120000000000038e+00
6.724000000000000199e+00 1.032521000000000022e+00
6.732999999999999652e+00 1.031924000000000063e+00
6.741999999999999993e+00 1.031328999999999940e+00
6.751000000000000334e+00 1.030736000000000097e+00
6.759999999999999787e+00 1.030146000000000006e+00
6.769000000000000128e+00 1.029557999999999973e+00
6.777999999999999581e+00 1.028971999999999998e+00
6.786999999999999922e+00 1.028389999999999915e+00
6.796000000000000263e+00 1.027808999999999973e+00
6.804999999999999716e+00 1.027231999999999923e+00
6.814000000000000057e+00 1.026656999999999931e+00
6.823000000000000398e+00 1.026086000000000054e+00
6.831999999999999851e+00 1.025517000000000012e+00
6.841000000000000192e+00 1.024952000000000085e+00
6.849999999999999645e+00 1.024389999999999912e+00
6.858999999999999986e+00 1.023832000000000075e+00
6.868000000000000327e+00 1.023276999999999992e+00
6.876999999999999780e+00 1.022726000000000024e+00
6.886000000000000121e+00 1.022178000000000031e+00
6.894999999999999574e+00 1.021635000000000071e+00
6.903999999999999915e+00 1.021095000000000086e+00
6.913000000000000256e+00 1.020558999999999994e+00
6.921999999999999709e+00 1.020027000000000017e+00
6.931000000000000050e+00 1.019500000000000073e+00
6.940000000000000391e+00 1.018977000000000022e+00
6.948999999999999844e+00 1.018458000000000085e+00
6.958000000000000185e+00 1.017943999999999960e+00
6.966999999999999638e+00 1.017435000000000089e+00
6.975999999999999979e+00 1.016929999999999890e+00
6.985000000000000320e+00 1.016429999999999945e+00
6.993999999999999773e+00 1.015935000000000032e+00
7.003000000000000114e+00 1.015444999999999931e+00
7.011999999999999567e+00 1.014960000000000084e+00
7.020999999999999908e+00 1.014480000000000048e+00
7.030000000000000249e+00 1.014005000000000045e+00
7.038999999999999702e+00 1.013535999999999992e+00
7.048000000000000043e+00 1.013072999999999890e+00
7.057000000000000384e+00 1.012615000000000043e+00
7.065999999999999837e+00 1.012162000000000006e+00
7.075000000000000178e+00 1.011716000000000060e+00
7.083999999999999631e+00 1.011274999999999924e+00
7.092999999999999972e+00 1.010839999999999961e+00
7.102000000000000313e+00 1.010410999999999948e+00
7.110999999999999766e+00 1.009989000000000026e+00
7.120000000000000107e+00 1.009571999999999914e+00
7.128999999999999559e+00 1.009161999999999892e+00
7.137999999999999901e+00 1.008758000000000044e+00
7.147000000000000242e+00 1.008361000000000063e+00
7.155999999999999694e+00 1.007970999999999950e+00
7.165000000000000036e+00 1.007587000000000010e+00
7.174000000000000377e+00 1.007209999999999939e+00
7.182999999999999829e+00 1.006839999999999957e+00
7.192000000000000171e+00 1.006477000000000066e+00
7.200999999999999623e+00 1.006121000000000043e+00
7.209999999999999964e+00 1.005772000000000110e+00
7.219000000000000306e+00 1.005430000000000046e+00
7.227999999999999758e+00 1.005095999999999989e+00
7.237000000000000099e+00 1.004769000000000023e+00
7.246000000000000441e+00 1.004448999999999925e+00
7.254999999999999893e+00 1.004137999999999975e+00
7.264000000000000234e+00 1.003833999999999893e+00
7.272999999999999687e+00 1.003538000000000041e+00
7.282000000000000028e+00 1.003249000000000057e+00
7.291000000000000369e+00 1.002968999999999999e+00
7.299999999999999822e+00 1.002696999999999949e+00
7.309000000000000163e+00 1.002432999999999907e+00
7.317999999999999616e+00 1.002178000000000013e+00
7.326999999999999957e+00 1.001929999999999987e+00
7.336000000000000298e+00 1.001691000000000109e+00
7.344999999999999751e+00 1.001460999999999935e+00
7.354000000000000092e+00 1.001239999999999908e+00
7.363000000000000433e+00 1.001026999999999889e+00
7.371999999999999886e+00 1.000823000000000018e+00
7.381000000000000227e+00 1.000628000000000073e+00
7.389999999999999680e+00 1.000442000000000053e+00
7.399000000000000021e+00 1.000264999999999960e+00
7.408000000000000362e+00 1.000097000000000014e+00
7.416999999999999815e+00 9.999379999999999935e-01
7.426000000000000156e+00 9.997890000000000388e-01
7.434999999999999609e+00 9.996500000000000385e-01
7.443999999999999950e+00 9.995199999999999640e-01
7.453000000000000291e+00 9.993990000000000373e-01
7.461999999999999744e+00 9.992879999999999541e-01
7.471000000000000085e+00 9.991870000000000474e-01
7.480000000000000426e+00 9.990959999999999841e-01
7.488999999999999879e+00 9.990149999999999864e-01
7.498000000000000220e+00 9.989440000000000541e-01
7.506999999999999673e+00 9.988839999999999941e-01
7.516000000000000014e+00 9.988329999999999709e-01
7.525000000000000355e+00 9.987930000000000419e-01
7.533999999999999808e+00 9.987629999999999564e-01
7.543000000000000149e+00 9.987430000000000474e-01
7.551999999999999602e+00 9.987350000000000394e-01
7.560999999999999943e+00 9.987359999999999571e-01
7.570000000000000284e+00 9.987489999999999979e-01
7.578999999999999737e+00 9.987719999999999931e-01
7.588000000000000078e+00 9.988059999999999716e-01
7.597000000000000419e+00 9.988510000000000444e-01
7.605999999999999872e+00 9.989059999999999606e-01
7.615000000000000213e+00 9.989729999999999999e-01
7.623999999999999666e+00 9.990510000000000224e-01
7.633000000000000007e+00 9.991400000000000281e-01
7.642000000000000348e+00 9.992400000000000171e-01
7.650999999999999801e+00 9.993520000000000181e-01
7.660000000000000142e+00 9.994750000000000023e-01
7.668999999999999595e+00 9.996089999999999698e-01
7.677999999999999936e+00 9.997540000000000315e-01
7.687000000000000277e+00 9.999109999999999943e-01
7.695999999999999730e+00 1.000078999999999940e+00
7.705000000000000071e+00 1.000259000000000009e+00
7.714000000000000412e+00 1.000450000000000061e+00
7.722999999999999865e+00 1.000653000000000015e+00
7.732000000000000206e+00 1.000868000000000091e+00
7.740999999999999659e+00 1.001093999999999928e+00
7.750000000000000000e+00 1.001330999999999971e+00
7.759000000000000341e+00 1.001579999999999915e+00
7.767999999999999794e+00 1.001840999999999982e+00
7.777000000000000135e+00 1.002113000000000032e+00
7.785999999999999588e+00 1.002396999999999982e+00
7.794999999999999929e+00 1.002691999999999917e+00
7.804000000000000270e+00 1.002998999999999974e+00
7.812999999999999723e+00 1.003317999999999932e+00
7.822000000000000064e+00 1.003648000000000096e+00
7.831000000000000405e+00 1.003989000000000020e+00
7.839999999999999858e+00 1.004342000000000068e+00
7.849000000000000199e+00 1.004706000000000099e+00
7.857999999999999652e+00 1.005080999999999891e+00
7.866999999999999993e+00 1.005467000000000111e+00
7.876000000000000334e+00 1.005865000000000009e+00
7.884999999999999787e+00 1.006273999999999891e+00
7.894000000000000128e+00 1.006693000000000060e+00
7.902999999999999581e+00 1.007122999999999990e+00
7.911999999999999922e+00 1.007563999999999904e+00
7.921000000000000263e+00 1.008016000000000023e+00
7.929999999999999716e+00 1.008477999999999986e+00
7.939000000000000057e+00 1.008950000000000014e+00
7.948000000000000398e+00 1.009432000000000107e+00
7.956999999999999851e+00 1.009924999999999962e+00
7.966000000000000192e+00 1.010426999999999964e+00
7.974999999999999645e+00 1.010937999999999892e+00
7.983999999999999986e+00 1.011459000000000108e+00
7.993000000000000327e+00 1.011989000000000027e+00
8.002000000000000668e+00 1.012529000000000012e+00
8.010999999999999233e+00 1.013076000000000088e+00
8.019999999999999574e+00 1.013633000000000006e+00
8.028999999999999915e+00 1.014197000000000015e+00
8.038000000000000256e+00 1.014769000000000032e+00
8.047000000000000597e+00 1.015349000000000057e+00
8.055999999999999162e+00 1.015935999999999950e+00
8.064999999999999503e+00 1.016529999999999934e+00
8.073999999999999844e+00 1.017131000000000007e+00
8.083000000000000185e+00 1.017738000000000032e+00
8.092000000000000526e+00 1.018350000000000088e+00
