3.520000000000000018e+00 9.995739999999999625e-01
3.528999999999999915e+00 9.994290000000000118e-01
3.537999999999999812e+00 9.993389999999999773e-01
3.547000000000000153e+00 9.992510000000000003e-01
3.556000000000000050e+00 9.991609999999999658e-01
3.564999999999999947e+00 9.990799999999999681e-01
3.573999999999999844e+00 9.990149999999999864e-01
3.583000000000000185e+00 9.989660000000000206e-01
3.592000000000000082e+00 9.989339999999999886e-01
3.600999999999999979e+00 9.989149999999999974e-01
3.609999999999999876e+00 9.989050000000000429e-01
3.619000000000000217e+00 9.989019999999999566e-01
3.628000000000000114e+00 9.989010000000000389e-01
3.637000000000000011e+00 9.989010000000000389e-01
3.645999999999999908e+00 9.989000000000000101e-01
3.654999999999999805e+00 9.988989999999999814e-01
3.664000000000000146e+00 9.988960000000000061e-01
3.673000000000000043e+00 9.988909999999999734e-01
3.681999999999999940e+00 9.988860000000000516e-01
3.690999999999999837e+00 9.988780000000000436e-01
3.700000000000000178e+00 9.988700000000000356e-01
3.709000000000000075e+00 9.988609999999999989e-01
3.717999999999999972e+00 9.988510000000000444e-01
3.726999999999999869e+00 9.988409999999999789e-01
3.736000000000000210e+00 9.988310000000000244e-01
3.745000000000000107e+00 9.988209999999999589e-01
3.754000000000000004e+00 9.988110000000000044e-01
3.762999999999999901e+00 9.988019999999999676e-01
3.771999999999999797e+00 9.987930000000000419e-01
3.781000000000000139e+00 9.987859999999999516e-01
3.790000000000000036e+00 9.987789999999999724e-01
3.798999999999999932e+00 9.987740000000000506e-01
3.807999999999999829e+00 9.987709999999999644e-01
3.817000000000000171e+00 9.987679999999999891e-01
3.826000000000000068e+00 9.987679999999999891e-01
3.834999999999999964e+00 9.987679999999999891e-01
3.843999999999999861e+00 9.987700000000000466e-01
3.853000000000000203e+00 9.987730000000000219e-01
3.862000000000000099e+00 9.987770000000000259e-01
3.870999999999999996e+00 9.987819999999999476e-01
3.879999999999999893e+00 9.987869999999999804e-01
3.888999999999999790e+00 9.987930000000000419e-01
3.898000000000000131e+00 9.987989999999999924e-01
3.907000000000000028e+00 9.988040000000000251e-01
3.915999999999999925e+00 9.988099999999999756e-01
3.924999999999999822e+00 9.988150000000000084e-01
3.934000000000000163e+00 9.988190000000000124e-01
3.943000000000000060e+00 9.988240000000000451e-01
3.951999999999999957e+00 9.988270000000000204e-01
3.960999999999999854e+00 9.988310000000000244e-01
3.970000000000000195e+00 9.988329999999999709e-01
3.979000000000000092e+00 9.988359999999999461e-01
3.987999999999999989e+00 9.988369999999999749e-01
3.996999999999999886e+00 9.988390000000000324e-01
4.006000000000000227e+00 9.988399999999999501e-01
4.014999999999999680e+00 9.988399999999999501e-01
4.024000000000000021e+00 9.988399999999999501e-01
4.033000000000000362e+00 9.988399999999999501e-01
4.041999999999999815e+00 9.988390000000000324e-01
4.051000000000000156e+00 9.988380000000000036e-01
4.059999999999999609e+00 9.988359999999999461e-01
4.068999999999999950e+00 9.988329999999999709e-01
4.078000000000000291e+00 9.988299999999999956e-01
4.086999999999999744e+00 9.988249999999999629e-01
4.096000000000000085e+00 9.988200000000000411e-01
4.105000000000000426e+00 9.988139999999999796e-01
4.113999999999999879e+00 9.988070000000000004e-01
4.123000000000000220e+00 9.987989999999999924e-01
4.131999999999999673e+00 9.987899999999999556e-01
4.141000000000000014e+00 9.987800000000000011e-01
4.150000000000000355e+00 9.987679999999999891e-01
4.158999999999999808e+00 9.987549999999999484e-01
4.168000000000000149e+00 9.987409999999999899e-01
4.176999999999999602e+00 9.987249999999999739e-01
4.185999999999999943e+00 9.987080000000000402e-01
4.195000000000000284e+00 9.986899999999999666e-01
4.203999999999999737e+00 9.986699999999999466e-01
4.213000000000000078e+00 9.986490000000000089e-01
4.222000000000000419e+00 9.986260000000000137e-01
4.230999999999999872e+00 9.986019999999999897e-01
4.240000000000000213e+00 9.985760000000000192e-01
4.248999999999999666e+00 9.985490000000000199e-01
4.258000000000000007e+00 9.985199999999999632e-01
4.267000000000000348e+00 9.984899999999999887e-01
4.275999999999999801e+00 9.984579999999999567e-01
4.285000000000000142e+00 9.984239999999999782e-01
4.293999999999999595e+00 9.983899999999999997e-01
4.302999999999999936e+00 9.983530000000000459e-01
4.312000000000000277e+00 9.983159999999999812e-01
4.320999999999999730e+00 9.982769999999999699e-01
4.330000000000000071e+00 9.982360000000000122e-01
4.339000000000000412e+00 9.981940000000000257e-01
4.347999999999999865e+00 9.981510000000000105e-01
4.357000000000000206e+00 9.981060000000000487e-01
4.365999999999999659e+00 9.980609999999999760e-01
4.375000000000000000e+00 9.980139999999999567e-01
4.384000000000000341e+00 9.979649999999999910e-01
4.392999999999999794e+00 9.979160000000000252e-01
4.402000000000000135e+00 9.978660000000000307e-01
4.410999999999999588e+00 9.978139999999999787e-01
4.419999999999999929e+00 9.977620000000000378e-01
4.429000000000000270e+00 9.977089999999999570e-01
4.437999999999999723e+00 9.976549999999999585e-01
4.447000000000000064e+00 9.976000000000000423e-01
4.456000000000000405e+00 9.975439999999999863e-01
4.464999999999999858e+00 9.974880000000000413e-01
4.474000000000000199e+00 9.974309999999999565e-01
4.482999999999999652e+00 9.973729999999999540e-01
4.491999999999999993e+00 9.973149999999999515e-01
4.501000000000000334e+00 9.972560000000000313e-01
4.509999999999999787e+00 9.971970000000000001e-01
4.519000000000000128e+00 9.971379999999999688e-01
4.527999999999999581e+00 9.970780000000000198e-01
4.536999999999999922e+00 9.970179999999999598e-01
4.546000000000000263e+00 9.969580000000000108e-01
4.554999999999999716e+00 9.968970000000000331e-01
4.564000000000000057e+00 9.968369999999999731e-01
4.573000000000000398e+00 9.967759999999999954e-01
4.581999999999999851e+00 9.967150000000000176e-01
4.591000000000000192e+00 9.966530000000000111e-01
4.599999999999999645e+00 9.965920000000000334e-01
4.608999999999999986e+00 9.965309999999999446e-01
4.618000000000000327e+00 9.964699999999999669e-01
4.626999999999999780e+00 9.964089999999999892e-01
4.636000000000000121e+00 9.963469999999999827e-01
4.644999999999999574e+00 9.962860000000000049e-01
4.653999999999999915e+00 9.962250000000000272e-01
4.663000000000000256e+00 9.961640000000000494e-01
4.671999999999999709e+00 9.961029999999999607e-01
4.681000000000000050e+00 9.960419999999999829e-01
4.690000000000000391e+00 9.959810000000000052e-01
4.698999999999999844e+00 9.959209999999999452e-01
4.708000000000000185e+00 9.958599999999999675e-01
4.716999999999999638e+00 9.958000000000000185e-01
4.725999999999999979e+00 9.957399999999999585e-01
4.735000000000000320e+00 9.956800000000000095e-01
4.743999999999999773e+00 9.956199999999999495e-01
4.753000000000000114e+00 9.955600000000000005e-01
4.761999999999999567e+00 9.955009999999999692e-01
4.770999999999999908e+00 9.954420000000000490e-01
4.780000000000000249e+00 9.953830000000000178e-01
4.788999999999999702e+00 9.953239999999999865e-01
4.798000000000000043e+00 9.952659999999999840e-01
4.807000000000000384e+00 9.952079999999999815e-01
4.815999999999999837e+00 9.951499999999999790e-01
4.825000000000000178e+00 9.950930000000000053e-01
4.833999999999999631e+00 9.950360000000000316e-01
4.842999999999999972e+00 9.949789999999999468e-01
4.852000000000000313e+00 9.949230000000000018e-01
4.860999999999999766e+00 9.948669999999999458e-01
4.870000000000000107e+00 9.948120000000000296e-01
4.878999999999999559e+00 9.947570000000000023e-01
4.887999999999999901e+00 9.947030000000000038e-01
4.897000000000000242e+00 9.946490000000000054e-01
4.905999999999999694e+00 9.945960000000000356e-01
4.915000000000000036e+00 9.945429999999999549e-01
4.924000000000000377e+00 9.944910000000000139e-01
4.932999999999999829e+00 9.944399999999999906e-01
4.942000000000000171e+00 9.943889999999999674e-01
4.950999999999999623e+00 9.943380000000000551e-01
4.959999999999999964e+00 9.942889999999999784e-01
4.969000000000000306e+00 9.942400000000000126e-01
4.977999999999999758e+00 9.941919999999999646e-01
4.987000000000000099e+00 9.941449999999999454e-01
4.996000000000000441e+00 9.940980000000000372e-01
5.004999999999999893e+00 9.940520000000000467e-01
5.014000000000000234e+00 9.940069999999999739e-01
5.022999999999999687e+00 9.939630000000000409e-01
5.032000000000000028e+00 9.939200000000000257e-01
5.041000000000000369e+00 9.938770000000000104e-01
5.049999999999999822e+00 9.938360000000000527e-01
5.059000000000000163e+00 9.937949999999999839e-01
5.067999999999999616e+00 9.937550000000000550e-01
5.076999999999999957e+00 9.937160000000000437e-01
5.086000000000000298e+00 9.936779999999999502e-01
5.094999999999999751e+00 9.936409999999999965e-01
5.104000000000000092e+00 9.936040000000000427e-01
5.113000000000000433e+00 9.935690000000000355e-01
5.121999999999999886e+00 9.935349999999999460e-01
5.131000000000000227e+00 9.935009999999999675e-01
5.139999999999999680e+00 9.934690000000000465e-01
5.149000000000000021e+00 9.934370000000000145e-01
5.158000000000000362e+00 9.934060000000000112e-01
5.166999999999999815e+00 9.933769999999999545e-01
5.176000000000000156e+00 9.933480000000000087e-01
5.184999999999999609e+00 9.933199999999999807e-01
5.193999999999999950e+00 9.932929999999999815e-01
5.203000000000000291e+00 9.932670000000000110e-01
5.211999999999999744e+00 9.932419999999999582e-01
5.221000000000000085e+00 9.932180000000000453e-01
5.230000000000000426e+00 9.931940000000000213e-01
5.238999999999999879e+00 9.931720000000000548e-01
5.248000000000000220e+00 9.931499999999999773e-01
5.256999999999999673e+00 9.931299999999999573e-01
5.266000000000000014e+00 9.931100000000000483e-01
5.275000000000000355e+00 9.930909999999999460e-01
5.283999999999999808e+00 9.930729999999999835e-01
5.293000000000000149e+00 9.930550000000000210e-01
5.301999999999999602e+00 9.930379999999999763e-01
5.310999999999999943e+00 9.930229999999999890e-01
5.320000000000000284e+00 9.930069999999999730e-01
5.328999999999999737e+00 9.929930000000000145e-01
5.338000000000000078e+00 9.929789999999999450e-01
5.347000000000000419e+00 9.929660000000000153e-01
5.355999999999999872e+00 9.929540000000000033e-01
5.365000000000000213e+00 9.929419999999999913e-01
5.373999999999999666e+00 9.929299999999999793e-01
5.383000000000000007e+00 9.929200000000000248e-01
5.392000000000000348e+00 9.929099999999999593e-01
5.400999999999999801e+00 9.929000000000000048e-01
5.410000000000000142e+00 9.928909999999999680e-01
5.418999999999999595e+00 9.928829999999999600e-01
5.427999999999999936e+00 9.928749999999999520e-01
5.437000000000000277e+00 9.928670000000000551e-01
5.445999999999999730e+00 9.928599999999999648e-01
5.455000000000000071e+00 9.928529999999999855e-01
5.464000000000000412e+00 9.928460000000000063e-01
5.472999999999999865e+00 9.928399999999999448e-01
5.482000000000000206e+00 9.928339999999999943e-01
5.490999999999999659e+00 9.928289999999999615e-01
5.500000000000000000e+00 9.928240000000000398e-01
5.509000000000000341e+00 9.928190000000000071e-01
5.517999999999999794e+00 9.928139999999999743e-01
5.527000000000000135e+00 9.928090000000000526e-01
5.535999999999999588e+00 9.928050000000000486e-01
5.544999999999999929e+00 9.928010000000000446e-01
5.554000000000000270e+00 9.927970000000000406e-01
5.562999999999999723e+00 9.927930000000000366e-01
5.572000000000000064e+00 9.927890000000000326e-01
5.581000000000000405e+00 9.927850000000000286e-01
5.589999999999999858e+00 9.927810000000000246e-01
5.599000000000000199e+00 9.927780000000000493e-01
5.607999999999999652e+00 9.927740000000000453e-01
5.616999999999999993e+00 9.927700000000000413e-01
5.626000000000000334e+00 9.927660000000000373e-01
5.634999999999999787e+00 9.927629999999999511e-01
5.644000000000000128e+00 9.927589999999999471e-01
5.652999999999999581e+00 9.927550000000000541e-01
5.661999999999999922e+00 9.927510000000000501e-01
5.671000000000000263e+00 9.927470000000000461e-01
5.679999999999999716e+00 9.927430000000000421e-01
5.689000000000000057e+00 9.927390000000000381e-01
5.698000000000000398e+00 9.927350000000000341e-01
5.706999999999999851e+00 9.927300000000000013e-01
5.716000000000000192e+00 9.927259999999999973e-01
5.724999999999999645e+00 9.927209999999999646e-01
5.733999999999999986e+00 9.927160000000000428e-01
5.743000000000000327e+00 9.927110000000000101e-01
5.751999999999999780e+00 9.927059999999999773e-01
5.761000000000000121e+00 9.927000000000000268e-01
5.769999999999999574e+00 9.926949999999999941e-01
5.778999999999999915e+00 9.926890000000000436e-01
5.788000000000000256e+00 9.926829999999999821e-01
5.796999999999999709e+00 9.926770000000000316e-01
5.806000000000000050e+00 9.926709999999999701e-01
5.815000000000000391e+00 9.926639999999999908e-01
5.823999999999999844e+00 9.926580000000000403e-01
5.833000000000000185e+00 9.926509999999999501e-01
5.841999999999999638e+00 9.926439999999999708e-01
5.850999999999999979e+00 9.926369999999999916e-01
5.860000000000000320e+00 9.926289999999999836e-01
5.868999999999999773e+00 9.926220000000000043e-01
5.878000000000000114e+00 9.926139999999999963e-01
5.886999999999999567e+00 9.926059999999999883e-01
5.895999999999999908e+00 9.925979999999999803e-01
5.905000000000000249e+00 9.925899999999999723e-01
5.913999999999999702e+00 9.925810000000000466e-01
5.923000000000000043e+00 9.925730000000000386e-01
5.932000000000000384e+00 9.925640000000000018e-01
5.940999999999999837e+00 9.925549999999999651e-01
5.950000000000000178e+00 9.925460000000000393e-01
5.958999999999999631e+00 9.925370000000000026e-01
5.967999999999999972e+00 9.925279999999999658e-01
5.977000000000000313e+00 9.925190000000000401e-01
5.985999999999999766e+00 9.925100000000000033e-01
5.995000000000000107e+00 9.925009999999999666e-01
6.003999999999999559e+00 9.924910000000000121e-01
6.012999999999999901e+00 9.924819999999999753e-01
6.022000000000000242e+00 9.924720000000000208e-01
6.030999999999999694e+00 9.924629999999999841e-01
6.040000000000000036e+00 9.924539999999999473e-01
6.049000000000000377e+00 9.924439999999999928e-01
6.057999999999999829e+00 9.924349999999999561e-01
6.067000000000000171e+00 9.924260000000000304e-01
6.075999999999999623e+00 9.924159999999999648e-01
6.084999999999999964e+00 9.924070000000000391e-01
6.094000000000000306e+00 9.923980000000000024e-01
6.102999999999999758e+00 9.923899999999999944e-01
6.112000000000000099e+00 9.923809999999999576e-01
6.121000000000000441e+00 9.923720000000000319e-01
6.129999999999999893e+00 9.923640000000000239e-01
6.139000000000000234e+00 9.923560000000000159e-01
6.147999999999999687e+00 9.923480000000000079e-01
6.157000000000000028e+00 9.923399999999999999e-01
6.166000000000000369e+00 9.923330000000000206e-01
6.174999999999999822e+00 9.923260000000000414e-01
6.184000000000000163e+00 9.923189999999999511e-01
6.192999999999999616e+00 9.923119999999999719e-01
6.201999999999999957e+00 9.923060000000000214e-01
6.211000000000000298e+00 9.923009999999999886e-01
6.219999999999999751e+00 9.922950000000000381e-01
6.229000000000000092e+00 9.922900000000000054e-01
6.238000000000000433e+00 9.922860000000000014e-01
6.246999999999999886e+00 9.922819999999999974e-01
6.256000000000000227e+00 9.922779999999999934e-01
6.264999999999999680e+00 9.922750000000000181e-01
6.274000000000000021e+00 9.922729999999999606e-01
6.283000000000000362e+00 9.922710000000000141e-01
6.291999999999999815e+00 9.922699999999999854e-01
6.301000000000000156e+00 9.922689999999999566e-01
6.309999999999999609e+00 9.922689999999999566e-01
6.318999999999999950e+00 9.922689999999999566e-01
6.328000000000000291e+00 9.922710000000000141e-01
6.336999999999999744e+00 9.922729999999999606e-01
6.346000000000000085e+00 9.922750000000000181e-01
6.355000000000000426e+00 9.922790000000000221e-01
6.363999999999999879e+00 9.922830000000000261e-01
6.373000000000000220e+00 9.922879999999999479e-01
6.381999999999999673e+00 9.922940000000000094e-01
6.391000000000000014e+00 9.923009999999999886e-01
6.400000000000000355e+00 9.923079999999999679e-01
6.408999999999999808e+00 9.923170000000000046e-01
6.418000000000000149e+00 9.923260000000000414e-01
6.426999999999999602e+00 9.923359999999999959e-01
6.435999999999999943e+00 9.923480000000000079e-01
6.445000000000000284e+00 9.923600000000000199e-01
6.453999999999999737e+00 9.923729999999999496e-01
6.463000000000000078e+00 9.923880000000000479e-01
6.472000000000000419e+00 9.924030000000000351e-01
6.480999999999999872e+00 9.924190000000000511e-01
6.490000000000000213e+00 9.924370000000000136e-01
6.498999999999999666e+00 9.924560000000000048e-01
6.508000000000000007e+00 9.924749999999999961e-01
6.517000000000000348e+00 9.924960000000000448e-01
6.525999999999999801e+00 9.925190000000000401e-01
6.535000000000000142e+00 9.925420000000000353e-01
6.543999999999999595e+00 9.925659999999999483e-01
6.552999999999999936e+00 9.925920000000000298e-01
6.562000000000000277e+00 9.926190000000000291e-01
6.570999999999999730e+00 9.926479999999999748e-01
6.580000000000000071e+00 9.926770000000000316e-01
6.589000000000000412e+00 9.927080000000000348e-01
6.597999999999999865e+00 9.927409999999999846e-01
6.607000000000000206e+00 9.927740000000000453e-01
6.615999999999999659e+00 9.928090000000000526e-01
6.625000000000000000e+00 9.928460000000000063e-01
6.634000000000000341e+00 9.928839999999999888e-01
6.642999999999999794e+00 9.929230000000000000e-01
6.652000000000000135e+00 9.929639999999999578e-01
6.660999999999999588e+00 9.930060000000000553e-01
6.669999999999999929e+00 9.930489999999999595e-01
6.679000000000000270e+00 9.930940000000000323e-01
6.687999999999999723e+00 9.931410000000000515e-01
6.697000000000000064e+00 9.931889999999999885e-01
6.706000000000000405e+00 9.932379999999999542e-01
6.714999999999999858e+00 9.932889999999999775e-01
6.724000000000000199e+00 9.933410000000000295e-01
6.732999999999999652e+00 9.933950000000000280e-01
6.741999999999999993e+00 9.934509999999999730e-01
6.751000000000000334e+00 9.935079999999999467e-01
6.759999999999999787e+00 9.935659999999999492e-01
6.769000000000000128e+00 9.936270000000000380e-01
6.777999999999999581e+00 9.936880000000000157e-01
6.786999999999999922e+00 9.937510000000000510e-01
6.796000000000000263e+00 9.938160000000000327e-01
6.804999999999999716e+00 9.938829999999999609e-01
6.814000000000000057e+00 9.939510000000000289e-01
6.823000000000000398e+00 9.940200000000000147e-01
6.831999999999999851e+00 9.940909999999999469e-01
6.841000000000000192e+00 9.941640000000000477e-01
6.849999999999999645e+00 9.942379999999999551e-01
6.858999999999999986e+00 9.943140000000000311e-01
6.868000000000000327e+00 9.943910000000000249e-01
6.876999999999999780e+00 9.944699999999999651e-01
6.886000000000000121e+00 9.945509999999999629e-01
6.894999999999999574e+00 9.946329999999999893e-01
6.903999999999999915e+00 9.947160000000000446e-01
6.913000000000000256e+00 9.948010000000000463e-01
6.921999999999999709e+00 9.948879999999999946e-01
6.931000000000000050e+00 9.949759999999999716e-01
6.940000000000000391e+00 9.950660000000000061e-01
6.948999999999999844e+00 9.951579999999999870e-01
6.958000000000000185e+00 9.952499999999999680e-01
6.966999999999999638e+00 9.953450000000000353e-01
6.975999999999999979e+00 9.954410000000000203e-01
6.985000000000000320e+00 9.955380000000000340e-01
6.993999999999999773e+00 9.956369999999999942e-01
7.003000000000000114e+00 9.957369999999999832e-01
7.011999999999999567e+00 9.958390000000000297e-01
7.020999999999999908e+00 9.959419999999999940e-01
7.030000000000000249e+00 9.960470000000000157e-01
7.038999999999999702e+00 9.961529999999999552e-01
7.048000000000000043e+00 9.962609999999999522e-01
7.057000000000000384e+00 9.963689999999999491e-01
7.065999999999999837e+00 9.964800000000000324e-01
7.075000000000000178e+00 9.965910000000000046e-01
7.083999999999999631e+00 9.967040000000000344e-01
7.092999999999999972e+00 9.968190000000000106e-01
7.102000000000000313e+00 9.969350000000000156e-01
7.110999999999999766e+00 9.970520000000000493e-01
7.120000000000000107e+00 9.971700000000000008e-01
7.128999999999999559e+00 9.972889999999999810e-01
7.137999999999999901e+00 9.974100000000000188e-01
7.147000000000000242e+00 9.975319999999999743e-01
7.155999999999999694e+00 9.976559999999999873e-01
7.165000000000000036e+00 9.977800000000000002e-01
7.174000000000000377e+00 9.979059999999999597e-01
7.182999999999999829e+00 9.980320000000000302e-01
7.192000000000000171e+00 9.981600000000000472e-01
7.200999999999999623e+00 9.982889999999999819e-01
7.209999999999999964e+00 9.984199999999999742e-01
7.219000000000000306e+00 9.985509999999999664e-01
7.227999999999999758e+00 9.986829999999999874e-01
7.237000000000000099e+00 9.988160000000000371e-01
7.246000000000000441e+00 9.989510000000000334e-01
7.254999999999999893e+00 9.990860000000000296e-01
7.264000000000000234e+00 9.992220000000000546e-01
7.272999999999999687e+00 9.993589999999999973e-01
7.282000000000000028e+00 9.994969999999999688e-01
7.291000000000000369e+00 9.996359999999999690e-01
7.299999999999999822e+00 9.997759999999999980e-01
7.309000000000000163e+00 9.999160000000000270e-01
7.317999999999999616e+00 1.000057999999999891e+00
7.326999999999999957e+00 1.000199999999999978e+00
7.336000000000000298e+00 1.000342999999999982e+00
7.344999999999999751e+00 1.000485999999999986e+00
7.354000000000000092e+00 1.000629999999999908e+00
7.363000000000000433e+00 1.000774999999999970e+00
7.371999999999999886e+00 1.000920999999999950e+00
7.381000000000000227e+00 1.001066999999999929e+00
7.389999999999999680e+00 1.001212999999999909e+00
7.399000000000000021e+00 1.001360000000000028e+00
7.408000000000000362e+00 1.001508000000000065e+00
7.416999999999999815e+00 1.001656000000000102e+00
7.426000000000000156e+00 1.001803999999999917e+00
7.434999999999999609e+00 1.001953000000000094e+00
7.443999999999999950e+00 1.002102000000000048e+00
7.453000000000000291e+00 1.002251000000000003e+00
7.461999999999999744e+00 1.002401000000000098e+00
7.471000000000000085e+00 1.002550999999999970e+00
7.480000000000000426e+00 1.002701000000000064e+00
7.488999999999999879e+00 1.002850999999999937e+00
7.498000000000000220e+00 1.003001000000000031e+00
7.506999999999999673e+00 1.003150999999999904e+00
7.516000000000000014e+00 1.003300999999999998e+00
7.525000000000000355e+00 1.003451000000000093e+00
7.533999999999999808e+00 1.003600999999999965e+00
7.543000000000000149e+00 1.003751000000000060e+00
7.551999999999999602e+00 1.003900999999999932e+00
7.560999999999999943e+00 1.004050000000000109e+00
7.570000000000000284e+00 1.004199000000000064e+00
7.578999999999999737e+00 1.004347000000000101e+00
7.588000000000000078e+00 1.004494999999999916e+00
7.597000000000000419e+00 1.004642999999999953e+00
7.605999999999999872e+00 1.004790000000000072e+00
7.615000000000000213e+00 1.004936999999999969e+00
7.623999999999999666e+00 1.005082000000000031e+00
7.633000000000000007e+00 1.005227000000000093e+00
7.642000000000000348e+00 1.005371000000000015e+00
7.650999999999999801e+00 1.005514000000000019e+00
7.660000000000000142e+00 1.005657000000000023e+00
7.668999999999999595e+00 1.005797999999999970e+00
7.677999999999999936e+00 1.005937999999999999e+00
7.687000000000000277e+00 1.006077000000000110e+00
7.695999999999999730e+00 1.006213999999999942e+00
7.705000000000000071e+00 1.006350000000000078e+00
7.714000000000000412e+00 1.006485000000000074e+00
7.722999999999999865e+00 1.006618000000000013e+00
7.732000000000000206e+00 1.006748999999999894e+00
7.740999999999999659e+00 1.006879000000000079e+00
7.750000000000000000e+00 1.007006000000000068e+00
7.759000000000000341e+00 1.007131999999999916e+00
7.767999999999999794e+00 1.007255999999999929e+00
7.777000000000000135e+00 1.007376999999999967e+00
7.785999999999999588e+00 1.007495999999999947e+00
7.794999999999999929e+00 1.007613000000000092e+00
7.804000000000000270e+00 1.007727000000000039e+00
7.812999999999999723e+00 1.007838000000000012e+00
7.822000000000000064e+00 1.007946999999999926e+00
7.831000000000000405e+00 1.008051999999999948e+00
7.839999999999999858e+00 1.008154999999999912e+00
7.849000000000000199e+00 1.008253999999999984e+00
7.857999999999999652e+00 1.008350000000000080e+00
7.866999999999999993e+00 1.008442000000000061e+00
7.876000000000000334e+00 1.008531000000000066e+00
7.884999999999999787e+00 1.008615999999999957e+00
7.894000000000000128e+00 1.008696999999999955e+00
7.902999999999999581e+00 1.008772999999999920e+00
7.911999999999999922e+00 1.008844999999999992e+00
7.921000000000000263e+00 1.008912999999999949e+00
7.929999999999999716e+00 1.008976000000000095e+00
7.939000000000000057e+00 1.009033000000000069e+00
7.948000000000000398e+00 1.009085999999999927e+00
7.956999999999999851e+00 1.009133000000000058e+00
7.966000000000000192e+00 1.009174999999999933e+00
7.974999999999999645e+00 1.009211000000000080e+00
7.983999999999999986e+00 1.009241000000000055e+00
7.993000000000000327e+00 1.009263999999999939e+00
8.002000000000000668e+00 1.009281000000000095e+00
8.010999999999999233e+00 1.009290999999999938e+00
8.019999999999999574e+00 1.009293999999999913e+00
8.028999999999999915e+00 1.009290000000000020e+00
8.038000000000000256e+00 1.009277999999999897e+00
8.047000000000000597e+00 1.009258999999999906e+00
8.055999999999999162e+00 1.009230999999999989e+00
8.064999999999999503e+00 1.009193999999999924e+00
8.073999999999999844e+00 1.009149000000000074e+00
8.083000000000000185e+00 1.009095000000000075e+00
8.092000000000000526e+00 1.009031000000000011e+00
