# Energy/B2 CrossSection/a^2
2.000000000000000042e-03 1.477576543927901366e+04
2.000000000000000042e-02 1.475135897106463062e+03
3.799999999999999906e-02 7.770178075720599509e+02
5.600000000000000117e-02 5.269480402710128146e+02
7.399999999999999634e-02 3.986088411018109241e+02
9.199999999999999845e-02 3.207157066279420405e+02
1.100000000000000006e-01 2.682784039391594320e+02
1.280000000000000027e-01 2.305185627946582940e+02
1.459999999999999909e-01 2.020584588570746689e+02
1.640000000000000069e-01 1.798618854421882531e+02
1.819999999999999951e-01 1.620733473215322817e+02
2.000000000000000111e-01 1.474958903277185982e+02
2.179999999999999993e-01 1.353254494371064141e+02
2.359999999999999876e-01 1.250070167663299259e+02
2.540000000000000036e-01 1.161466258572522889e+02
2.720000000000000195e-01 1.084565478272572960e+02
2.899999999999999800e-01 1.017206933699633709e+02
3.079999999999999960e-01 9.577272127882160646e+01
3.260000000000000120e-01 9.048266629607016398e+01
3.439999999999999725e-01 8.574725070213372646e+01
3.619999999999999885e-01 8.148341228595032248e+01
3.800000000000000044e-01 7.762413744671307825e+01
3.980000000000000204e-01 7.411394274502229962e+01
4.159999999999999809e-01 7.090751489379260875e+01
4.339999999999999969e-01 6.796692208520414624e+01
4.520000000000000129e-01 6.526027474552788021e+01
4.699999999999999734e-01 6.276094507442255832e+01
4.879999999999999893e-01 6.044575040126583332e+01
5.060000000000000053e-01 5.829527313615184880e+01
5.240000000000000213e-01 5.629253858435861702e+01
5.420000000000000373e-01 5.442282699216045216e+01
5.600000000000000533e-01 5.267341649216606214e+01
5.779999999999999583e-01 5.103296581580277547e+01
5.959999999999999742e-01 4.949170174754027585e+01
6.139999999999999902e-01 4.804070887217266517e+01
6.320000000000000062e-01 4.667246083467407658e+01
6.500000000000000222e-01 4.537999268848309953e+01
6.680000000000000382e-01 4.415717851424253126e+01
6.860000000000000542e-01 4.299853534623034079e+01
7.039999999999999591e-01 4.189914097658240877e+01
7.219999999999999751e-01 4.085456405472855579e+01
7.399999999999999911e-01 3.986080438853245056e+01
7.580000000000000071e-01 3.891424175133774810e+01
7.760000000000000231e-01 3.801159181380671725e+01
7.940000000000000391e-01 3.714986806991689150e+01
8.120000000000000551e-01 3.632634882698769729e+01
8.299999999999999600e-01 3.553854849098074453e+01
8.479999999999999760e-01 3.478426207728066544e+01
8.659999999999999920e-01 3.406126355835335318e+01
8.840000000000000080e-01 3.336770841802489684e+01
9.020000000000000240e-01 3.270189937429378091e+01
9.200000000000000400e-01 3.206207960392716672e+01
9.379999999999999449e-01 3.144681581621854249e+01
9.559999999999999609e-01 3.085478266710352813e+01
9.739999999999999769e-01 3.028457107777306945e+01
9.919999999999999929e-01 2.973505265095863592e+01
1.010000000000000009e+00 2.920512101955541695e+01
1.028000000000000025e+00 2.869374730520522121e+01
1.046000000000000041e+00 2.819991705125524817e+01
1.064000000000000057e+00 2.772285078535055547e+01
1.082000000000000073e+00 2.726165733420794268e+01
1.100000000000000089e+00 2.681550385594000119e+01
1.118000000000000105e+00 2.638376944681037628e+01
1.135999999999999899e+00 2.596571676191373612e+01
1.153999999999999915e+00 2.556065446058406820e+01
1.171999999999999931e+00 2.516808468217919526e+01
1.189999999999999947e+00 2.478739096429749367e+01
1.207999999999999963e+00 2.441804242343875586e+01
1.225999999999999979e+00 2.405958747270310738e+01
1.243999999999999995e+00 2.371145839351608231e+01
1.262000000000000011e+00 2.337330684279952209e+01
1.280000000000000027e+00 2.304466580449294355e+01
1.298000000000000043e+00 2.272518506795370641e+01
1.316000000000000059e+00 2.241444392621036030e+01
1.334000000000000075e+00 2.211204437880493501e+01
1.352000000000000091e+00 2.181774052542060716e+01
1.370000000000000107e+00 2.153121326596747664e+01
1.387999999999999901e+00 2.125207504611546838e+01
1.405999999999999917e+00 2.098012599495018193e+01
1.423999999999999932e+00 2.071501063140640042e+01
1.441999999999999948e+00 2.045655487163614339e+01
1.459999999999999964e+00 2.020443158610411771e+01
1.477999999999999980e+00 1.995848924382510958e+01
1.495999999999999996e+00 1.971842586482363657e+01
1.514000000000000012e+00 1.948407073012865354e+01
1.532000000000000028e+00 1.925522263530638156e+01
1.550000000000000044e+00 1.903168972219350508e+01
1.568000000000000060e+00 1.881325131731104605e+01
1.586000000000000076e+00 1.859977116125251229e+01
1.604000000000000092e+00 1.839108233042907870e+01
1.622000000000000108e+00 1.818702531093033770e+01
1.639999999999999902e+00 1.798741161849330084e+01
1.657999999999999918e+00 1.779213211961942775e+01
1.675999999999999934e+00 1.760101196778535027e+01
1.693999999999999950e+00 1.741398822786791101e+01
1.711999999999999966e+00 1.723086276971173092e+01
1.729999999999999982e+00 1.705151391294794294e+01
1.747999999999999998e+00 1.687589249045489836e+01
1.766000000000000014e+00 1.670381771309319063e+01
1.784000000000000030e+00 1.653521529684190838e+01
1.802000000000000046e+00 1.636998118648465095e+01
1.820000000000000062e+00 1.620801544327510157e+01
1.838000000000000078e+00 1.604922204336888569e+01
1.856000000000000094e+00 1.589347690171414129e+01
1.874000000000000110e+00 1.574075514360870187e+01
1.891999999999999904e+00 1.559090811515700636e+01
1.909999999999999920e+00 1.544391631623469685e+01
1.927999999999999936e+00 1.529966917758062372e+01
1.945999999999999952e+00 1.515806022115553375e+01
1.963999999999999968e+00 1.501907698641842437e+01
1.981999999999999984e+00 1.488264793486016124e+01
2.000000000000000000e+00 1.474864510910195747e+01
2.017999999999999794e+00 1.461703281949998612e+01
2.036000000000000032e+00 1.448777663831679341e+01
2.053999999999999826e+00 1.436078590142843581e+01
2.072000000000000064e+00 1.423603003935038736e+01
2.089999999999999858e+00 1.411339485526986515e+01
2.108000000000000096e+00 1.399288199597438975e+01
2.125999999999999890e+00 1.387440980598025142e+01
2.144000000000000128e+00 1.375795440370055900e+01
2.161999999999999922e+00 1.364343812933071121e+01
2.180000000000000160e+00 1.353081294942704993e+01
2.197999999999999954e+00 1.342003240397995611e+01
2.216000000000000192e+00 1.331107816449407721e+01
2.233999999999999986e+00 1.320387967830160214e+01
2.251999999999999780e+00 1.309839484474630211e+01
2.270000000000000018e+00 1.299460888739006137e+01
2.287999999999999812e+00 1.289243014161200840e+01
2.306000000000000050e+00 1.279187213742409135e+01
2.323999999999999844e+00 1.269287183060352220e+01
2.342000000000000082e+00 1.259539330498555287e+01
2.359999999999999876e+00 1.249942673829386131e+01
2.378000000000000114e+00 1.240488817895961304e+01
2.395999999999999908e+00 1.231179468836192115e+01
2.414000000000000146e+00 1.222006506286101235e+01
2.431999999999999940e+00 1.212971753583368084e+01
2.450000000000000178e+00 1.204067348441538954e+01
2.467999999999999972e+00 1.195292829295739701e+01
2.486000000000000210e+00 1.186647747979872314e+01
2.504000000000000004e+00 1.178124600887366036e+01
2.521999999999999797e+00 1.169723116502403393e+01
2.540000000000000036e+00 1.161440708294981583e+01
2.557999999999999829e+00 1.153274862538131096e+01
2.576000000000000068e+00 1.145223135764332234e+01
2.593999999999999861e+00 1.137280877921872424e+01
2.612000000000000099e+00 1.129450343328563555e+01
2.629999999999999893e+00 1.121724751495672834e+01
2.648000000000000131e+00 1.114104190376369807e+01
2.665999999999999925e+00 1.106584319567510200e+01
2.684000000000000163e+00 1.099167509569816126e+01
2.701999999999999957e+00 1.091847333661524466e+01
2.720000000000000195e+00 1.084624042436540314e+01
2.737999999999999989e+00 1.077493570280273794e+01
2.755999999999999783e+00 1.070458380009884003e+01
2.774000000000000021e+00 1.063512363124455540e+01
2.791999999999999815e+00 1.056655908061332383e+01
2.810000000000000053e+00 1.049887293703643998e+01
2.827999999999999847e+00 1.043202756516050123e+01
2.846000000000000085e+00 1.036602774263330673e+01
2.863999999999999879e+00 1.030085752683445044e+01
2.882000000000000117e+00 1.023650137343245703e+01
2.899999999999999911e+00 1.017294412402407744e+01
2.918000000000000149e+00 1.011015077543582663e+01
2.935999999999999943e+00 1.004814746741695863e+01
2.954000000000000181e+00 9.986879813047419674e+00
2.971999999999999975e+00 9.926354297235512547e+00
2.990000000000000213e+00 9.866537785046553211e+00
3.008000000000000007e+00 9.807456775771605351e+00
3.025999999999999801e+00 9.749078647055114288e+00
3.044000000000000039e+00 9.691371548335380837e+00
3.061999999999999833e+00 9.634362180989748836e+00
3.080000000000000071e+00 9.578000002019367187e+00
3.097999999999999865e+00 9.522292774299426554e+00
3.116000000000000103e+00 9.467248081123639025e+00
3.133999999999999897e+00 9.412816857123848635e+00
3.152000000000000135e+00 9.359007309708749389e+00
3.169999999999999929e+00 9.305808848804025146e+00
3.188000000000000167e+00 9.253229629237216258e+00
3.205999999999999961e+00 9.201222417155314304e+00
3.224000000000000199e+00 9.149795930931318821e+00
3.241999999999999993e+00 9.098940497771796032e+00
3.259999999999999787e+00 9.048664755329300036e+00
3.278000000000000025e+00 8.998923159155586049e+00
3.295999999999999819e+00 8.949742756340812733e+00
3.314000000000000057e+00 8.901096600580139295e+00
3.331999999999999851e+00 8.852958328001188093e+00
3.350000000000000089e+00 8.805354972809901426e+00
3.367999999999999883e+00 8.758260442150342939e+00
3.386000000000000121e+00 8.711666621278059353e+00
3.403999999999999915e+00 8.665565567088329146e+00
3.422000000000000153e+00 8.619966743371632489e+00
3.439999999999999947e+00 8.574827967120009831e+00
3.458000000000000185e+00 8.530176174817489354e+00
3.475999999999999979e+00 8.485986829172587065e+00
3.494000000000000217e+00 8.442252783041768183e+00
3.512000000000000011e+00 8.398967035806084169e+00
3.529999999999999805e+00 8.356122729635409030e+00
3.548000000000000043e+00 8.313713145866405085e+00
3.565999999999999837e+00 8.271748244961862895e+00
3.584000000000000075e+00 8.230188406114400834e+00
3.601999999999999869e+00 8.189060313024436155e+00
3.620000000000000107e+00 8.148341228595031183e+00
3.637999999999999901e+00 8.108025081779553389e+00
3.656000000000000139e+00 8.068122057312363538e+00
3.673999999999999932e+00 8.028593968844312201e+00
3.692000000000000171e+00 7.989467290252706633e+00
3.709999999999999964e+00 7.950704376176009447e+00
3.728000000000000203e+00 7.912331606692855956e+00
3.745999999999999996e+00 7.874327609169232467e+00
3.763999999999999790e+00 7.836687093040361596e+00
3.782000000000000028e+00 7.799404868460834805e+00
3.799999999999999822e+00 7.762491368769942390e+00
3.818000000000000060e+00 7.725910475593956050e+00
3.835999999999999854e+00 7.689688265114337895e+00
3.854000000000000092e+00 7.653789096950574411e+00
3.871999999999999886e+00 7.618238938316725495e+00
3.890000000000000124e+00 7.583017778640918749e+00
3.907999999999999918e+00 7.548121071878187038e+00
3.926000000000000156e+00 7.513544355354738080e+00
3.943999999999999950e+00 7.479283247865478046e+00
3.962000000000000188e+00 7.445333447823361261e+00
3.979999999999999982e+00 7.411690731459009029e+00
3.998000000000000220e+00 7.378350951068912700e+00
4.016000000000000014e+00 7.345324723497501651e+00
4.033999999999999808e+00 7.312578602211842416e+00
4.051999999999999602e+00 7.280123413947475086e+00
4.070000000000000284e+00 7.247969794040905356e+00
4.088000000000000078e+00 7.216084895873044580e+00
4.105999999999999872e+00 7.184493921978871711e+00
4.123999999999999666e+00 7.153164412419426021e+00
4.142000000000000348e+00 7.122107201889458672e+00
4.160000000000000142e+00 7.091332937687802485e+00
4.177999999999999936e+00 7.060809721105702152e+00
4.195999999999999730e+00 7.030562441901727411e+00
4.214000000000000412e+00 7.000559563551961517e+00
4.232000000000000206e+00 6.970811908230685638e+00
4.250000000000000000e+00 6.941316233104125821e+00
4.267999999999999794e+00 6.912083173318976925e+00
4.285999999999999588e+00 6.883081889728323688e+00
4.304000000000000270e+00 6.854323181984613989e+00
4.322000000000000064e+00 6.825804019292906588e+00
4.339999999999999858e+00 6.797521421138728925e+00
4.357999999999999652e+00 6.769472456249700620e+00
4.376000000000000334e+00 6.741654241582786256e+00
4.394000000000000128e+00 6.714063941336446462e+00
4.411999999999999922e+00 6.686698765986943016e+00
4.429999999999999716e+00 6.659542653334965756e+00
4.448000000000000398e+00 6.632619593509421208e+00
4.466000000000000192e+00 6.605900347256246086e+00
4.483999999999999986e+00 6.579408775391695663e+00
4.501999999999999780e+00 6.553115936905784089e+00
4.519999999999999574e+00 6.527032510420867517e+00
4.538000000000000256e+00 6.501156004035648195e+00
4.556000000000000050e+00 6.475496915038122303e+00
4.573999999999999844e+00 6.450026878946681919e+00
4.591999999999999638e+00 6.424743672539661610e+00
4.610000000000000320e+00 6.399670703633308477e+00
4.628000000000000114e+00 6.374792770798616282e+00
4.645999999999999908e+00 6.350094908148083306e+00
4.663999999999999702e+00 6.325600330793616166e+00
4.682000000000000384e+00 6.301281491418500025e+00
4.700000000000000178e+00 6.277161477116137256e+00
4.717999999999999972e+00 6.253213001790133063e+00
4.735999999999999766e+00 6.229446567239410371e+00
4.753999999999999559e+00 6.205860105689072093e+00
4.772000000000000242e+00 6.182451580562834614e+00
4.790000000000000036e+00 6.159218985896838028e+00
4.807999999999999829e+00 6.136148074630080274e+00
4.825999999999999623e+00 6.113261488359184703e+00
4.844000000000000306e+00 6.090544992324818274e+00
4.862000000000000099e+00 6.067984562578362606e+00
4.879999999999999893e+00 6.045590562243761568e+00
4.897999999999999687e+00 6.023373202072184185e+00
4.916000000000000369e+00 6.001306538710764471e+00
4.934000000000000163e+00 5.979400880606745794e+00
4.951999999999999957e+00 5.957654472048510286e+00
4.969999999999999751e+00 5.936065582759311177e+00
4.988000000000000433e+00 5.914632507438315479e+00
5.006000000000000227e+00 5.893341779635710154e+00
5.024000000000000021e+00 5.872215356254354646e+00
5.041999999999999815e+00 5.851239776050455532e+00
5.059999999999999609e+00 5.830401769381897914e+00
5.078000000000000291e+00 5.809723110333575136e+00
5.096000000000000085e+00 5.789178955426582007e+00
5.113999999999999879e+00 5.768790957808437092e+00
5.131999999999999673e+00 5.748534481910810179e+00
5.150000000000000355e+00 5.728419604725473846e+00
5.168000000000000149e+00 5.708456262772761747e+00
5.185999999999999943e+00 5.688620125247496162e+00
5.203999999999999737e+00 5.668921209318480869e+00
5.222000000000000419e+00 5.649358095995633100e+00
5.240000000000000213e+00 5.629929385786448748e+00
5.258000000000000007e+00 5.610633698362261335e+00
5.275999999999999801e+00 5.591469672231337285e+00
5.293999999999999595e+00 5.572435964418636978e+00
5.312000000000000277e+00 5.553531250152102139e+00
5.330000000000000071e+00 5.534754222555281267e+00
5.347999999999999865e+00 5.516103592346168760e+00
5.365999999999999659e+00 5.497578087542108527e+00
5.384000000000000341e+00 5.479176453170608418e+00
5.402000000000000135e+00 5.460897450985957136e+00
5.419999999999999929e+00 5.442739859191459750e+00
5.437999999999999723e+00 5.424691623234187965e+00
5.456000000000000405e+00 5.406773287083762369e+00
5.474000000000000199e+00 5.388972791696471809e+00
5.491999999999999993e+00 5.371288978404940906e+00
5.509999999999999787e+00 5.353720703682282256e+00
5.527999999999999581e+00 5.336266838895583398e+00
5.546000000000000263e+00 5.318926270064219253e+00
5.564000000000000057e+00 5.301697897622845268e+00
5.581999999999999851e+00 5.284580636188974445e+00
5.599999999999999645e+00 5.267573414335029902e+00
5.618000000000000327e+00 5.250685675489376258e+00
5.636000000000000121e+00 5.233895339659791368e+00
5.653999999999999915e+00 5.217211910856354606e+00
5.671999999999999709e+00 5.200634371275927315e+00
5.690000000000000391e+00 5.184172084167516736e+00
5.708000000000000185e+00 5.167803288220454760e+00
5.725999999999999979e+00 5.151547707714887459e+00
5.743999999999999773e+00 5.135383736939171939e+00
5.761999999999999567e+00 5.119330994510355559e+00
5.780000000000000249e+00 5.103378234570540073e+00
5.798000000000000043e+00 5.087514350964614351e+00
5.815999999999999837e+00 5.071758805453726815e+00
5.833999999999999631e+00 5.056100483065463891e+00
5.852000000000000313e+00 5.040538486662327067e+00
5.870000000000000107e+00 5.025071930110898144e+00
5.887999999999999901e+00 5.009709957498465371e+00
5.905999999999999694e+00 4.994431634881983939e+00
5.924000000000000377e+00 4.979246158260298039e+00
5.942000000000000171e+00 4.964162612173343092e+00
5.959999999999999964e+00 4.949170174754027762e+00
5.977999999999999758e+00 4.934258154485449133e+00
5.996000000000000441e+00 4.919445504922283163e+00
6.014000000000000234e+00 4.904721524362156693e+00
6.032000000000000028e+00 4.890085419017575319e+00
6.049999999999999822e+00 4.875536404547770708e+00
6.067999999999999616e+00 4.861083428070864798e+00
6.086000000000000298e+00 4.846706250662833781e+00
6.104000000000000092e+00 4.832423531391381921e+00
6.121999999999999886e+00 4.818215164262167782e+00
6.139999999999999680e+00 4.804099711685825724e+00
6.158000000000000362e+00 4.790066778815838866e+00
6.176000000000000156e+00 4.776115644139235172e+00
6.193999999999999950e+00 4.762245594530009285e+00
6.211999999999999744e+00 4.748465421977750012e+00
6.230000000000000426e+00 4.734755408638478436e+00
6.248000000000000220e+00 4.721133832422951038e+00
6.266000000000000014e+00 4.707581101124722167e+00
6.283999999999999808e+00 4.694115399293818491e+00
6.301999999999999602e+00 4.680726619948138989e+00
6.320000000000000284e+00 4.667414105838600058e+00
6.338000000000000078e+00 4.654186515355409171e+00
6.355999999999999872e+00 4.641024563388816304e+00
6.373999999999999666e+00 4.627946205084225717e+00
6.392000000000000348e+00 4.614932275089723035e+00
6.410000000000000142e+00 4.602000637997809562e+00
6.427999999999999936e+00 4.589141424593867313e+00
6.445999999999999730e+00 4.576354028163780008e+00
6.464000000000000412e+00 4.563637848751393555e+00
6.482000000000000206e+00 4.550992293064678229e+00
6.500000000000000000e+00 4.538425850804021167e+00
6.517999999999999794e+00 4.525919763851067756e+00
6.535999999999999588e+00 4.513491586446448878e+00
6.554000000000000270e+00 4.501131675036711854e+00
6.572000000000000064e+00 4.488839468702245483e+00
6.589999999999999858e+00 4.476614412651835018e+00
6.607999999999999652e+00 4.464455958139216918e+00
6.626000000000000334e+00 4.452363562380952544e+00
6.644000000000000128e+00 4.440345568460846160e+00
6.661999999999999922e+00 4.428383661352432554e+00
6.679999999999999716e+00 4.416495051961424778e+00
6.698000000000000398e+00 4.404670340959921937e+00
6.716000000000000192e+00 4.392909014572910387e+00
6.733999999999999986e+00 4.381210564518654316e+00
6.751999999999999780e+00 4.369574487935490303e+00
6.769999999999999574e+00 4.358000287309761411e+00
6.788000000000000256e+00 4.346496162358555182e+00
6.806000000000000050e+00 4.335044219200881344e+00
6.823999999999999844e+00 4.323661337159670381e+00
6.841999999999999638e+00 4.312338347821946805e+00
6.860000000000000320e+00 4.301074779729114894e+00
6.878000000000000114e+00 4.289870166357874659e+00
6.895999999999999908e+00 4.278732602190552292e+00
6.913999999999999702e+00 4.267653029808121445e+00
6.932000000000000384e+00 4.256630997456918308e+00
6.950000000000000178e+00 4.245666058063317649e+00
6.967999999999999972e+00 4.234766237143422707e+00
6.985999999999999766e+00 4.223931031550693049e+00
7.003999999999999559e+00 4.213168367950022919e+00
7.022000000000000242e+00 4.202519704804019263e+00
7.040000000000000036e+00 4.166692339373486043e+00
7.057999999999999829e+00 4.145720084972432495e+00
7.075999999999999623e+00 4.128002871830353193e+00
7.094000000000000306e+00 4.112035595583504843e+00
7.112000000000000099e+00 4.097232769089062643e+00
7.129999999999999893e+00 4.083271469476934534e+00
7.147999999999999687e+00 4.069972200317700128e+00
7.166000000000000369e+00 4.057214892211895574e+00
7.184000000000000163e+00 4.044905371287115692e+00
7.201999999999999957e+00 4.032983077252065840e+00
7.219999999999999751e+00 4.021396255551911381e+00
7.238000000000000433e+00 4.010093735316424102e+00
7.256000000000000227e+00 3.999049098855139039e+00
7.274000000000000021e+00 3.988244262788480210e+00
7.291999999999999815e+00 3.977637275769899450e+00
7.309999999999999609e+00 3.967218632768951814e+00
7.328000000000000291e+00 3.956978931918521347e+00
7.346000000000000085e+00 3.946884985973021731e+00
7.363999999999999879e+00 3.936943653906058493e+00
7.381999999999999673e+00 3.927122117239827404e+00
7.400000000000000355e+00 3.917427398970391828e+00
7.418000000000000149e+00 3.907850687652590249e+00
7.435999999999999943e+00 3.898375394658937232e+00
7.453999999999999737e+00 3.888992939034874752e+00
7.472000000000000419e+00 3.879710477497154031e+00
7.490000000000000213e+00 3.870503865728607718e+00
7.508000000000000007e+00 3.861380349434364589e+00
7.525999999999999801e+00 3.852339334745516375e+00
7.543999999999999595e+00 3.843356974818319838e+00
7.562000000000000277e+00 3.834448321752666811e+00
7.580000000000000071e+00 3.825605136602809431e+00
7.597999999999999865e+00 3.816819257704739066e+00
7.615999999999999659e+00 3.808090280411021045e+00
7.634000000000000341e+00 3.799417803983375919e+00
7.652000000000000135e+00 3.790801431546710898e+00
7.669999999999999929e+00 3.782225514582421955e+00
7.687999999999999723e+00 3.773704989322124170e+00
7.706000000000000405e+00 3.765224284088005025e+00
7.724000000000000199e+00 3.756790695898532206e+00
7.741999999999999993e+00 3.748396338997827648e+00
7.759999999999999787e+00 3.740048481340906505e+00
7.777999999999999581e+00 3.731731753431055676e+00
7.796000000000000263e+00 3.723460952260114087e+00
7.814000000000000057e+00 3.715220781722747834e+00
7.831999999999999851e+00 3.707018502605476495e+00
7.849999999999999645e+00 3.698853854253944196e+00
7.868000000000000327e+00 3.690719138921681353e+00
7.886000000000000121e+00 3.682614150652530061e+00
7.903999999999999915e+00 3.674546091616373911e+00
7.921999999999999709e+00 3.666507320366899414e+00
7.940000000000000391e+00 3.658505010053239470e+00
7.958000000000000185e+00 3.650524199461179009e+00
7.975999999999999979e+00 3.642579422416221124e+00
7.993999999999999773e+00 3.634663111158963122e+00
8.012000000000000455e+00 3.626775072971626823e+00
8.029999999999999361e+00 3.618915116886454175e+00
8.048000000000000043e+00 3.611083053666139797e+00
8.066000000000000725e+00 3.603271435753365282e+00
8.083999999999999631e+00 3.595494613293573671e+00
8.102000000000000313e+00 3.587745126114175509e+00
8.119999999999999218e+00 3.580015579247409541e+00
8.137999999999999901e+00 3.572320232476541957e+00
8.156000000000000583e+00 3.564644497237472454e+00
8.173999999999999488e+00 3.557002573606252938e+00
8.192000000000000171e+00 3.549379938882957664e+00
8.210000000000000853e+00 3.541783599444294772e+00
8.227999999999999758e+00 3.534213382156222938e+00
8.246000000000000441e+00 3.526669115417882416e+00
8.263999999999999346e+00 3.519150629144901732e+00
8.282000000000000028e+00 3.511650681696133702e+00
8.300000000000000711e+00 3.504183267274413538e+00
8.317999999999999616e+00 3.496741131941480063e+00
8.336000000000000298e+00 3.489317083861037450e+00
8.353999999999999204e+00 3.481925030614799965e+00
8.371999999999999886e+00 3.474550770474930772e+00
8.390000000000000568e+00 3.467208153775764412e+00
8.407999999999999474e+00 3.459883041431925044e+00
8.426000000000000156e+00 3.452589226928958421e+00
8.444000000000000838e+00 3.445312633308654782e+00
8.461999999999999744e+00 3.438066997602021058e+00
8.480000000000000426e+00 3.430845213567242258e+00
8.497999999999999332e+00 3.423647129411302004e+00
8.516000000000000014e+00 3.416472594645319827e+00
8.534000000000000696e+00 3.409328325643351754e+00
8.551999999999999602e+00 3.402200428936467347e+00
8.570000000000000284e+00 3.395102474723415309e+00
8.587999999999999190e+00 3.388027452183331345e+00
8.605999999999999872e+00 3.380975217303636260e+00
8.624000000000000554e+00 3.373952421423304759e+00
8.641999999999999460e+00 3.366952100579503782e+00
8.660000000000000142e+00 3.359974114545914325e+00
8.678000000000000824e+00 3.353025076199368293e+00
8.695999999999999730e+00 3.346098067818163990e+00
8.714000000000000412e+00 3.339199676895956426e+00
8.731999999999999318e+00 3.332323016253110559e+00
8.750000000000000000e+00 3.325474648163651459e+00
8.768000000000000682e+00 3.318647715719885039e+00
8.785999999999999588e+00 3.311848756138396688e+00
8.804000000000000270e+00 3.305070942517283061e+00
8.821999999999999176e+00 3.298320787176531876e+00
8.839999999999999858e+00 3.291598121162846891e+00
8.858000000000000540e+00 3.284896162166734968e+00
8.875999999999999446e+00 3.278221385545549538e+00
8.894000000000000128e+00 3.271573626261256695e+00
8.912000000000000810e+00 3.264952720609170633e+00
8.929999999999999716e+00 3.258351944867115435e+00
8.948000000000000398e+00 3.251777725725156554e+00
8.965999999999999304e+00 3.245236438192494521e+00
8.983999999999999986e+00 3.238714840588175825e+00
9.002000000000000668e+00 3.232212814857858607e+00
9.019999999999999574e+00 3.225743235432326994e+00
9.038000000000000256e+00 3.219299425578631357e+00
9.055999999999999162e+00 3.212881231635458246e+00
9.073999999999999844e+00 3.206488501160754456e+00
9.092000000000000526e+00 3.200121082919666904e+00
9.109999999999999432e+00 3.193778826872610832e+00
9.128000000000000114e+00 3.187461584163485906e+00
9.146000000000000796e+00 3.181175613254881629e+00
9.163999999999999702e+00 3.174907942726852728e+00
9.182000000000000384e+00 3.168671227001051971e+00
9.199999999999999289e+00 3.162458915840699269e+00
9.217999999999999972e+00 3.156270866281315701e+00
9.236000000000000654e+00 3.150113280131336069e+00
9.253999999999999559e+00 3.143979648288727891e+00
9.272000000000000242e+00 3.137869831243931262e+00
9.289999999999999147e+00 3.131783690568630707e+00
9.307999999999999829e+00 3.125727383474707022e+00
9.326000000000000512e+00 3.119694454791182903e+00
9.343999999999999417e+00 3.113691039736059096e+00
9.362000000000000099e+00 3.107710709812421257e+00
9.380000000000000782e+00 3.101753332120791296e+00
9.397999999999999687e+00 3.095831243427796142e+00
9.416000000000000369e+00 3.089925574163515432e+00
9.433999999999999275e+00 3.084048651436291255e+00
9.451999999999999957e+00 3.078200311071127349e+00
9.470000000000000639e+00 3.072374203144934590e+00
9.487999999999999545e+00 3.066570201124016570e+00
9.506000000000000227e+00 3.060800506707099800e+00
9.523999999999999133e+00 3.055052621521891609e+00
9.541999999999999815e+00 3.049326422145786086e+00
9.560000000000000497e+00 3.043627915027546038e+00
9.577999999999999403e+00 3.037956944169776463e+00
9.596000000000000085e+00 3.032313354763993551e+00
9.614000000000000767e+00 3.026690898497084170e+00
9.631999999999999673e+00 3.021089456890071467e+00
9.650000000000000355e+00 3.015521056465707339e+00
9.667999999999999261e+00 3.009973391410970311e+00
9.685999999999999943e+00 3.004452395758948846e+00
9.704000000000000625e+00 2.998957921320858144e+00
9.721999999999999531e+00 2.993483793627240264e+00
9.740000000000000213e+00 2.988041932551115387e+00
9.757999999999999119e+00 2.982614144052800675e+00
9.775999999999999801e+00 2.977218333232046543e+00
9.794000000000000483e+00 2.971848340895867135e+00
9.811999999999999389e+00 2.966498052674382269e+00
9.830000000000000071e+00 2.961173322076086745e+00
9.848000000000000753e+00 2.955874009283152137e+00
9.865999999999999659e+00 2.950594035285817540e+00
9.884000000000000341e+00 2.945345153486425005e+00
9.901999999999999247e+00 2.940115357302174548e+00
9.919999999999999929e+00 2.934910451108557972e+00
9.938000000000000611e+00 2.929730300052899583e+00
9.955999999999999517e+00 2.924568883091840377e+00
9.974000000000000199e+00 2.919437852193822902e+00
9.992000000000000881e+00 2.914325311486316128e+00
1.000999999999999979e+01 2.909237017088707855e+00
1.002800000000000047e+01 2.904172838895374475e+00
1.004599999999999937e+01 2.899126812545717247e+00
1.006400000000000006e+01 2.894110490502496358e+00
1.008200000000000074e+01 2.889112085262240281e+00
1.009999999999999964e+01 2.884137305547243901e+00
1.011800000000000033e+01 2.879180231422712399e+00
1.013599999999999923e+01 2.874252337075646313e+00
1.015399999999999991e+01 2.869341920038639415e+00
1.017200000000000060e+01 2.864454651695883758e+00
1.018999999999999950e+01 2.859590409948355116e+00
1.020800000000000018e+01 2.854743329339145319e+00
1.022600000000000087e+01 2.849919053567615546e+00
1.024399999999999977e+01 2.845117463025522042e+00
1.026200000000000045e+01 2.840338438961057310e+00
1.027999999999999936e+01 2.835576158634831145e+00
1.029800000000000004e+01 2.830836229324022124e+00
1.031600000000000072e+01 2.826118534682224848e+00
1.033399999999999963e+01 2.821417283502491546e+00
1.035200000000000031e+01 2.816738056051107275e+00
1.036999999999999922e+01 2.812080738325945628e+00
1.038799999999999990e+01 2.807439570254905092e+00
1.040600000000000058e+01 2.802820105374162374e+00
1.042399999999999949e+01 2.798216604115935979e+00
1.044200000000000017e+01 2.793634602312218274e+00
1.046000000000000085e+01 2.789073989699115685e+00
1.047799999999999976e+01 2.784529057203063651e+00
1.049600000000000044e+01 2.780005314381334802e+00
1.051399999999999935e+01 2.775497072244828001e+00
1.053200000000000003e+01 2.771009822948016676e+00
1.055000000000000071e+01 2.766537897424283354e+00
1.056799999999999962e+01 2.762086770542158565e+00
1.058600000000000030e+01 2.757650792997411227e+00
1.060399999999999920e+01 2.753235422488513606e+00
1.062199999999999989e+01 2.748835029315378709e+00
1.064000000000000057e+01 2.744449537465212252e+00
1.065799999999999947e+01 2.740084379043615126e+00
1.067600000000000016e+01 2.735733953419672737e+00
1.069400000000000084e+01 2.731403675809604081e+00
1.071199999999999974e+01 2.727087964805113174e+00
1.073000000000000043e+01 2.722786747098024485e+00
1.074799999999999933e+01 2.718505412729592230e+00
1.076600000000000001e+01 2.714238408797776891e+00
1.078400000000000070e+01 2.709985663544088652e+00
1.080199999999999960e+01 2.705752542078497136e+00
1.082000000000000028e+01 2.701528092048978369e+00
1.083799999999999919e+01 2.697323107198211556e+00
1.085599999999999987e+01 2.693132081353928342e+00
1.087400000000000055e+01 2.688954945196065704e+00
1.089199999999999946e+01 2.684797022740589068e+00
1.091000000000000014e+01 2.680647451208200582e+00
1.092800000000000082e+01 2.676516939843657905e+00
1.094599999999999973e+01 2.672400028344203538e+00
1.096400000000000041e+01 2.668296649727647019e+00
1.098199999999999932e+01 2.664206737450948381e+00
1.100000000000000000e+01 2.660130225406620141e+00
1.101800000000000068e+01 2.656067047919174140e+00
1.103599999999999959e+01 2.652017139741591922e+00
1.105400000000000027e+01 2.647980436051843078e+00
1.107199999999999918e+01 2.643956872449428008e+00
1.108999999999999986e+01 2.639946384951954439e+00
1.110800000000000054e+01 2.635948909991753464e+00
1.112599999999999945e+01 2.631964384412524005e+00
1.114400000000000013e+01 2.627992745466008362e+00
1.116200000000000081e+01 2.624033930808707282e+00
1.117999999999999972e+01 2.620087878498612799e+00
1.119800000000000040e+01 2.616149276740201035e+00
1.121599999999999930e+01 2.612228573035488388e+00
1.123399999999999999e+01 2.608315214224274925e+00
1.125200000000000067e+01 2.604414390112400390e+00
1.126999999999999957e+01 2.600526040640080527e+00
1.128800000000000026e+01 2.596650106130618862e+00
1.130599999999999916e+01 2.592781325560342687e+00
1.132399999999999984e+01 2.588924857736790930e+00
1.134200000000000053e+01 2.585080644038173503e+00
1.135999999999999943e+01 2.581248626214249775e+00
1.137800000000000011e+01 2.577428746383386038e+00
1.139600000000000080e+01 2.573615785068418038e+00
1.141399999999999970e+01 2.569814862836357960e+00
1.143200000000000038e+01 2.566020776602791820e+00
1.144999999999999929e+01 2.562243770123830533e+00
1.146799999999999997e+01 2.558468372033020799e+00
1.148600000000000065e+01 2.554709941591270184e+00
1.150399999999999956e+01 2.550958169884403492e+00
1.152200000000000024e+01 2.547218132225756548e+00
1.153999999999999915e+01 2.543489773707307222e+00
1.155799999999999983e+01 2.539767947922747737e+00
1.157600000000000051e+01 2.536057707836699926e+00
1.159399999999999942e+01 2.532353922984727390e+00
1.161200000000000010e+01 2.528661631509086405e+00
1.163000000000000078e+01 2.524975718793461610e+00
1.164799999999999969e+01 2.521306261891774092e+00
1.166600000000000037e+01 2.517638047053434747e+00
1.168399999999999928e+01 2.513981144261187239e+00
1.170199999999999996e+01 2.510335501314512996e+00
1.172000000000000064e+01 2.506701066333575589e+00
1.173799999999999955e+01 2.503067755732690802e+00
1.175600000000000023e+01 2.499450588687827324e+00
1.177399999999999913e+01 2.495839489602808214e+00
1.179199999999999982e+01 2.492234430059799166e+00
1.181000000000000050e+01 2.488640368087700505e+00
1.182799999999999940e+01 2.485057253477785277e+00
1.184600000000000009e+01 2.481480064812873643e+00
1.186400000000000077e+01 2.477908774523824409e+00
1.188199999999999967e+01 2.474348312056713795e+00
1.190000000000000036e+01 2.470793678748009370e+00
1.191799999999999926e+01 2.467249789858372733e+00
1.193599999999999994e+01 2.463716596778666723e+00
1.195400000000000063e+01 2.460189123464582295e+00
1.197199999999999953e+01 2.456667343570005713e+00
1.199000000000000021e+01 2.453156144203571198e+00
1.200799999999999912e+01 2.449655477784621560e+00
1.202599999999999980e+01 2.446155499168274350e+00
1.204400000000000048e+01 2.442670879558082930e+00
1.206199999999999939e+01 2.439191781425749994e+00
1.208000000000000007e+01 2.435718179591042531e+00
1.209800000000000075e+01 2.432254919458311626e+00
1.211599999999999966e+01 2.428797091590366719e+00
1.213400000000000034e+01 2.425349527626582180e+00
1.215199999999999925e+01 2.421907332713721495e+00
1.216999999999999993e+01 2.418475324794294945e+00
1.218800000000000061e+01 2.415048623518613713e+00
1.220599999999999952e+01 2.411627204974814198e+00
1.222400000000000020e+01 2.408220687912322688e+00
1.224200000000000088e+01 2.404814564100623997e+00
1.225999999999999979e+01 2.401418445730075568e+00
1.227800000000000047e+01 2.398032288795643119e+00
1.229599999999999937e+01 2.394651255988374139e+00
1.231400000000000006e+01 2.391280111128780916e+00
1.233200000000000074e+01 2.387914031097402745e+00
1.234999999999999964e+01 2.384552993375840035e+00
1.236800000000000033e+01 2.381201741733611765e+00
1.238599999999999923e+01 2.377860233505752596e+00
1.240399999999999991e+01 2.374523673727347184e+00
1.242200000000000060e+01 2.371196786315110661e+00
1.243999999999999950e+01 2.367874790265757312e+00
1.245800000000000018e+01 2.364562396324735083e+00
1.247600000000000087e+01 2.361254837375844406e+00
1.249399999999999977e+01 2.357952092210251482e+00
1.251200000000000045e+01 2.354663564064153114e+00
1.252999999999999936e+01 2.351375075504518186e+00
1.254800000000000004e+01 2.348100722274028662e+00
1.256600000000000072e+01 2.344831059523357464e+00
1.258399999999999963e+01 2.341566066843610461e+00
1.260200000000000031e+01 2.338310402923845288e+00
1.261999999999999922e+01 2.335064027847023826e+00
1.263799999999999990e+01 2.331822236107107038e+00
1.265600000000000058e+01 2.328585007896426529e+00
1.267399999999999949e+01 2.325361628972350658e+00
1.269200000000000017e+01 2.322138102041921393e+00
1.271000000000000085e+01 2.318928346363446913e+00
1.272799999999999976e+01 2.315723037315268407e+00
1.274600000000000044e+01 2.312526782576535656e+00
1.276399999999999935e+01 2.309334923552387675e+00
1.278200000000000003e+01 2.306152055312038041e+00
1.280000000000000071e+01 2.302973532497265108e+00
1.281799999999999962e+01 2.299803937626334172e+00
1.283600000000000030e+01 2.296643233140115203e+00
1.285399999999999920e+01 2.293486793429270421e+00
1.287199999999999989e+01 2.290339182323114731e+00
1.289000000000000057e+01 2.287195787275399628e+00
1.290799999999999947e+01 2.284065728949198348e+00
1.292600000000000016e+01 2.280939825939286347e+00
1.294400000000000084e+01 2.277818060746368278e+00
1.296199999999999974e+01 2.274704966336140721e+00
1.298000000000000043e+01 2.271600506636007655e+00
1.299799999999999933e+01 2.268504645773194994e+00
1.301600000000000001e+01 2.265412816447896382e+00
1.303400000000000070e+01 2.262329527229633097e+00
1.305199999999999960e+01 2.259250223573225025e+00
1.307000000000000028e+01 2.256183914943520996e+00
1.308799999999999919e+01 2.253117027257537597e+00
1.310599999999999987e+01 2.250063064798480283e+00
1.312400000000000055e+01 2.247017479924536598e+00
1.314199999999999946e+01 2.243975749751575766e+00
1.316000000000000014e+01 2.240937858354846046e+00
1.317800000000000082e+01 2.237912742429400748e+00
1.319599999999999973e+01 2.234891409415245889e+00
1.321400000000000041e+01 2.231878307888847335e+00
1.323199999999999932e+01 2.228873404257375235e+00
1.325000000000000000e+01 2.225872213047789927e+00
1.326800000000000068e+01 2.222883611165362261e+00
1.328599999999999959e+01 2.219894227363679917e+00
1.330400000000000027e+01 2.216917366872733108e+00
1.332199999999999918e+01 2.213948550902237855e+00
1.333999999999999986e+01 2.210983324733577060e+00
1.335800000000000054e+01 2.208026090002027875e+00
1.337599999999999945e+01 2.205076814445506628e+00
1.339400000000000013e+01 2.202131061587710548e+00
1.341200000000000081e+01 2.199193215682403668e+00
1.342999999999999972e+01 2.196267637553464436e+00
1.344800000000000040e+01 2.193341117728831335e+00
1.346599999999999930e+01 2.190426802604755974e+00
1.348399999999999999e+01 2.187520268279284252e+00
1.350200000000000067e+01 2.184617114375571045e+00
1.351999999999999957e+01 2.181721690802589819e+00
1.353800000000000026e+01 2.178833966725809201e+00
1.355599999999999916e+01 2.175949559586232596e+00
1.357399999999999984e+01 2.173077148410113235e+00
1.359200000000000053e+01 2.170208004806193358e+00
1.360999999999999943e+01 2.167346450431202776e+00
1.362800000000000011e+01 2.164492455213348432e+00
1.364600000000000080e+01 2.161645989239510346e+00
1.366399999999999970e+01 2.158802705211378292e+00
1.368200000000000038e+01 2.155971214287169868e+00
1.369999999999999929e+01 2.153142857583938419e+00
1.371799999999999997e+01 2.150321923311111938e+00
1.373600000000000065e+01 2.147508382289073481e+00
1.375399999999999956e+01 2.144697916178763375e+00
1.377200000000000024e+01 2.141899080331294059e+00
1.378999999999999915e+01 2.139103272974806735e+00
1.380799999999999983e+01 2.136314754803199989e+00
1.382600000000000051e+01 2.133533497347213981e+00
1.384399999999999942e+01 2.130759472285653100e+00
1.386200000000000010e+01 2.127992651444422290e+00
1.388000000000000078e+01 2.125228756420943999e+00
1.389799999999999969e+01 2.122476265586610289e+00
1.391600000000000037e+01 2.119726655934308202e+00
1.393399999999999928e+01 2.116984150200944104e+00
1.395199999999999996e+01 2.114248720891417577e+00
1.397000000000000064e+01 2.111516117681336180e+00
1.398799999999999955e+01 2.108794764738515681e+00
1.400600000000000023e+01 2.106076194462909612e+00
1.402399999999999913e+01 2.103364602850019693e+00
1.404199999999999982e+01 2.100659963062653457e+00
1.406000000000000050e+01 2.097962248401058272e+00
1.407799999999999940e+01 2.095271432302027392e+00
1.409600000000000009e+01 2.092583303173524811e+00
1.411400000000000077e+01 2.089902030583180803e+00
1.413199999999999967e+01 2.087227588331372896e+00
1.415000000000000036e+01 2.084559950351792423e+00
1.416799999999999926e+01 2.081899090710594535e+00
1.418599999999999994e+01 2.079244983605561536e+00
1.420400000000000063e+01 2.076593450101530181e+00
1.422199999999999953e+01 2.073948628462921384e+00
1.424000000000000021e+01 2.071310493237437989e+00
1.425799999999999912e+01 2.068679019101308914e+00
1.427599999999999980e+01 2.066050048611691725e+00
1.429400000000000048e+01 2.063431826413154813e+00
1.431199999999999939e+01 2.060816068267077306e+00
1.433000000000000007e+01 2.058206881563297230e+00
1.434800000000000075e+01 2.055604241569592983e+00
1.436599999999999966e+01 2.053004017421237393e+00
1.438400000000000034e+01 2.050414402305106076e+00
1.440199999999999925e+01 2.047827164482933782e+00
1.441999999999999993e+01 2.045246385931593913e+00
1.443800000000000061e+01 2.042667956811416108e+00
1.445599999999999952e+01 2.040100029558323147e+00
1.447400000000000020e+01 2.037534413981844761e+00
1.449200000000000088e+01 2.034975171925340387e+00
1.450999999999999979e+01 2.032418214375526055e+00
1.452800000000000047e+01 2.029871653383263919e+00
1.454599999999999937e+01 2.027327339920128590e+00
1.456400000000000006e+01 2.024789315873381401e+00
1.458200000000000074e+01 2.022253512860541669e+00
1.459999999999999964e+01 2.019723962839961917e+00
1.461800000000000033e+01 2.017200642712611902e+00
1.463599999999999923e+01 2.014683529493099368e+00
1.465399999999999991e+01 2.012168575241263913e+00
1.467200000000000060e+01 2.009659792217103558e+00
1.468999999999999950e+01 2.007157157735372177e+00
1.470800000000000018e+01 2.004656639056433320e+00
1.472600000000000087e+01 2.002162233769503086e+00
1.474399999999999977e+01 1.999669919202336610e+00
1.476200000000000045e+01 1.997183683203084037e+00
1.477999999999999936e+01 1.994703503563175717e+00
1.479800000000000004e+01 1.992229358182098231e+00
1.481600000000000072e+01 1.989757244419754212e+00
1.483399999999999963e+01 1.987287155035571073e+00
1.485200000000000031e+01 1.984823053719032337e+00
1.486999999999999922e+01 1.982364918724633718e+00
1.488799999999999990e+01 1.979908767241759682e+00
1.490600000000000058e+01 1.977458548586406240e+00
1.492399999999999949e+01 1.975010289799118857e+00
1.494200000000000017e+01 1.972567930651692558e+00
1.496000000000000085e+01 1.970127507995198535e+00
1.497799999999999976e+01 1.967689015048903700e+00
1.499600000000000044e+01 1.965260309570184383e+00
1.501399999999999935e+01 1.962829573753380519e+00
1.503200000000000003e+01 1.960404660700429291e+00
1.505000000000000071e+01 1.957981631602677908e+00
1.506799999999999962e+01 1.955564393097248832e+00
1.508600000000000030e+01 1.953149016050228948e+00
1.510399999999999920e+01 1.950739397715473222e+00
1.512199999999999989e+01 1.948331618594506320e+00
1.514000000000000057e+01 1.945925672384558158e+00
1.515799999999999947e+01 1.943521552824471366e+00
1.517600000000000016e+01 1.941123138475553844e+00
1.519400000000000084e+01 1.938726528975592167e+00
1.521199999999999974e+01 1.936331718208540220e+00
1.523000000000000043e+01 1.933938700098885244e+00
1.524799999999999933e+01 1.931551334642599871e+00
1.526600000000000001e+01 1.929161879111678024e+00
1.528400000000000070e+01 1.926778054960830655e+00
1.530199999999999960e+01 1.924395990264453848e+00
1.532000000000000028e+01 1.922015679167384583e+00
1.533799999999999919e+01 1.919637115853485287e+00
1.535599999999999987e+01 1.917260294545414467e+00
1.537400000000000055e+01 1.914885209504397556e+00
1.539199999999999946e+01 1.912511855030003760e+00
1.541000000000000014e+01 1.910140225459921126e+00
1.542800000000000082e+01 1.907770315169733610e+00
1.544599999999999973e+01 1.905398303489849621e+00
1.546400000000000041e+01 1.903031819626205490e+00
1.548199999999999932e+01 1.900663232480654496e+00
1.550000000000000000e+01 1.898296351640500701e+00
1.551800000000000068e+01 1.895931171647100122e+00
1.553599999999999959e+01 1.893567687078497430e+00
1.555400000000000027e+01 1.891202104923761729e+00
1.557199999999999918e+01 1.888838216567851003e+00
1.558999999999999986e+01 1.886472238161513326e+00
1.560800000000000054e+01 1.884107952012610721e+00
1.562599999999999945e+01 1.881741583413715446e+00
1.564400000000000013e+01 1.879376905614521753e+00
1.566200000000000081e+01 1.877013913384334654e+00
1.567999999999999972e+01 1.874645089869609649e+00
1.569800000000000040e+01 1.872277959651432289e+00
1.571599999999999930e+01 1.869912517564807475e+00
1.573399999999999999e+01 1.867541273944221203e+00
1.575200000000000067e+01 1.865171726263790131e+00
1.576999999999999957e+01 1.862796402938829754e+00
1.578800000000000026e+01 1.860422783399644953e+00
1.580599999999999916e+01 1.858047138345732208e+00
1.582399999999999984e+01 1.855669476232683524e+00
1.584200000000000053e+01 1.853289805522350564e+00
1.585999999999999943e+01 1.850904423951504008e+00
1.587800000000000011e+01 1.848520765949742684e+00
1.589600000000000080e+01 1.846131423025818563e+00
1.591399999999999970e+01 1.843736417139105965e+00
1.593200000000000038e+01 1.841339463004322496e+00
1.594999999999999929e+01 1.838940569103746814e+00
1.596799999999999997e+01 1.836536060146719995e+00
1.598600000000000065e+01 1.834129637377780009e+00
1.600400000000000134e+01 1.831717634485939383e+00
1.602199999999999847e+01 1.829300073426416651e+00
1.603999999999999915e+01 1.826876976155179966e+00
1.605799999999999983e+01 1.824448364628947772e+00
1.607600000000000051e+01 1.822017917645442298e+00
1.609400000000000119e+01 1.819578338989209731e+00
1.611199999999999832e+01 1.817133311951633523e+00
1.612999999999999901e+01 1.814679215134350709e+00
1.614799999999999969e+01 1.812223361709783376e+00
1.616600000000000037e+01 1.809754857066580680e+00
1.618400000000000105e+01 1.807284639744631605e+00
