1.000000000000000021e-03 1.000000000000000000e+00
2.000000000000000042e-03 1.000000000000000000e+00
3.000000000000000062e-03 1.000000000000000000e+00
4.000000000000000083e-03 1.000000000000000000e+00
5.000000000000000104e-03 1.000000000000000000e+00
6.000000000000000125e-03 1.000000000000000000e+00
7.000000000000000146e-03 1.000000000000000000e+00
8.000000000000000167e-03 1.000000000000000000e+00
8.999999999999999320e-03 1.000000000000000000e+00
1.000000000000000021e-02 1.000000000000000000e+00
1.099999999999999936e-02 1.000000000000000000e+00
1.200000000000000025e-02 1.000000000000000000e+00
1.299999999999999940e-02 1.000000000000000000e+00
1.400000000000000029e-02 1.000000000000000000e+00
1.499999999999999944e-02 1.000000000000000000e+00
1.600000000000000033e-02 1.000000000000000000e+00
1.700000000000000122e-02 1.000000000000000000e+00
1.799999999999999864e-02 1.000000000000000000e+00
1.899999999999999953e-02 1.000000000000000000e+00
2.000000000000000042e-02 1.000000000000000000e+00
2.100000000000000130e-02 1.000000000000000000e+00
2.199999999999999872e-02 1.000000000000000000e+00
2.299999999999999961e-02 1.000000000000000000e+00
2.400000000000000050e-02 1.000000000000000000e+00
2.500000000000000139e-02 1.000000000000000000e+00
2.599999999999999881e-02 1.000000000000000000e+00
2.699999999999999969e-02 1.000000000000000000e+00
2.800000000000000058e-02 1.000000000000000000e+00
2.900000000000000147e-02 1.000000000000000000e+00
2.999999999999999889e-02 1.000000000000000000e+00
3.099999999999999978e-02 1.000000000000000000e+00
3.200000000000000067e-02 1.000000000000000000e+00
3.300000000000000155e-02 1.000000000000000000e+00
3.400000000000000244e-02 1.000000000000000000e+00
3.500000000000000333e-02 1.000000000000000000e+00
3.599999999999999728e-02 1.000000000000000000e+00
3.699999999999999817e-02 1.000000000000000000e+00
3.799999999999999906e-02 6.969239999999999879e-01
3.899999999999999994e-02 5.558650000000000535e-01
4.000000000000000083e-02 4.744220000000000104e-01
4.100000000000000172e-02 4.175880000000000147e-01
4.200000000000000261e-02 3.747539999999999760e-01
4.299999999999999656e-02 3.410889999999999755e-01
4.399999999999999745e-02 3.139469999999999761e-01
4.499999999999999833e-02 2.917060000000000208e-01
4.599999999999999922e-02 2.732930000000000081e-01
4.700000000000000011e-02 2.579560000000000186e-01
4.800000000000000100e-02 2.451440000000000008e-01
4.900000000000000189e-02 2.344370000000000065e-01
5.000000000000000278e-02 2.255050000000000110e-01
5.099999999999999672e-02 2.180840000000000001e-01
5.199999999999999761e-02 2.119550000000000045e-01
5.299999999999999850e-02 2.069360000000000088e-01
5.399999999999999939e-02 2.028729999999999978e-01
5.500000000000000028e-02 1.996350000000000069e-01
5.600000000000000117e-02 1.971080000000000054e-01
5.700000000000000205e-02 1.951930000000000054e-01
5.800000000000000294e-02 1.938080000000000080e-01
5.899999999999999689e-02 1.928769999999999929e-01
5.999999999999999778e-02 1.923380000000000090e-01
6.099999999999999867e-02 1.921350000000000002e-01
6.199999999999999956e-02 1.922210000000000030e-01
6.300000000000000044e-02 1.925540000000000029e-01
6.400000000000000133e-02 1.930979999999999919e-01
6.500000000000000222e-02 1.938219999999999943e-01
6.600000000000000311e-02 1.947000000000000119e-01
6.700000000000000400e-02 1.957079999999999931e-01
6.800000000000000488e-02 1.968270000000000020e-01
6.900000000000000577e-02 1.980389999999999928e-01
7.000000000000000666e-02 1.993290000000000062e-01
7.099999999999999367e-02 2.006840000000000013e-01
7.199999999999999456e-02 2.020929999999999949e-01
7.299999999999999545e-02 2.035480000000000067e-01
7.399999999999999634e-02 2.050379999999999980e-01
7.499999999999999722e-02 2.065579999999999916e-01
7.599999999999999811e-02 2.081010000000000082e-01
7.699999999999999900e-02 2.096609999999999863e-01
7.799999999999999989e-02 2.112350000000000061e-01
7.900000000000000078e-02 2.128170000000000062e-01
8.000000000000000167e-02 2.144060000000000132e-01
8.100000000000000255e-02 2.159969999999999946e-01
8.200000000000000344e-02 2.175880000000000036e-01
8.300000000000000433e-02 2.191770000000000107e-01
8.400000000000000522e-02 2.207620000000000138e-01
8.500000000000000611e-02 2.223420000000000119e-01
8.599999999999999312e-02 2.239150000000000029e-01
8.699999999999999400e-02 2.254800000000000137e-01
8.799999999999999489e-02 2.270359999999999878e-01
8.899999999999999578e-02 2.285820000000000074e-01
8.999999999999999667e-02 2.301169999999999882e-01
9.099999999999999756e-02 2.316419999999999868e-01
9.199999999999999845e-02 2.331540000000000001e-01
9.299999999999999933e-02 2.346550000000000025e-01
9.400000000000000022e-02 2.361439999999999928e-01
9.500000000000000111e-02 2.376199999999999979e-01
9.600000000000000200e-02 2.390829999999999900e-01
9.700000000000000289e-02 2.405339999999999978e-01
9.800000000000000377e-02 2.419719999999999926e-01
9.900000000000000466e-02 2.433970000000000022e-01
1.000000000000000056e-01 2.448089999999999988e-01
1.010000000000000064e-01 2.462080000000000102e-01
1.019999999999999934e-01 2.475940000000000085e-01
1.029999999999999943e-01 2.489679999999999949e-01
1.039999999999999952e-01 2.503290000000000237e-01
1.049999999999999961e-01 2.516769999999999841e-01
1.059999999999999970e-01 2.530129999999999879e-01
1.069999999999999979e-01 2.543369999999999798e-01
1.079999999999999988e-01 2.556479999999999864e-01
1.089999999999999997e-01 2.569480000000000097e-01
1.100000000000000006e-01 2.582349999999999923e-01
1.110000000000000014e-01 2.595109999999999917e-01
1.120000000000000023e-01 2.607749999999999790e-01
1.130000000000000032e-01 2.620279999999999831e-01
1.140000000000000041e-01 2.632700000000000040e-01
1.150000000000000050e-01 2.645009999999999861e-01
1.160000000000000059e-01 2.657209999999999850e-01
1.170000000000000068e-01 2.669300000000000006e-01
1.179999999999999938e-01 2.681279999999999775e-01
1.189999999999999947e-01 2.693159999999999998e-01
1.199999999999999956e-01 2.704940000000000122e-01
1.209999999999999964e-01 2.716620000000000146e-01
1.219999999999999973e-01 2.728200000000000069e-01
1.229999999999999982e-01 2.739679999999999893e-01
1.239999999999999991e-01 2.751069999999999904e-01
1.250000000000000000e-01 2.762359999999999816e-01
1.260000000000000009e-01 2.773559999999999914e-01
1.270000000000000018e-01 2.784659999999999913e-01
1.280000000000000027e-01 2.795679999999999832e-01
1.290000000000000036e-01 2.806609999999999938e-01
1.300000000000000044e-01 2.817450000000000232e-01
1.310000000000000053e-01 2.828209999999999891e-01
1.320000000000000062e-01 2.838879999999999737e-01
1.330000000000000071e-01 2.849459999999999771e-01
1.340000000000000080e-01 2.859970000000000012e-01
1.350000000000000089e-01 2.870400000000000174e-01
1.360000000000000098e-01 2.880739999999999967e-01
1.370000000000000107e-01 2.891009999999999969e-01
1.380000000000000115e-01 2.901210000000000178e-01
1.390000000000000124e-01 2.911320000000000019e-01
1.400000000000000133e-01 2.921360000000000068e-01
1.409999999999999865e-01 2.931329999999999769e-01
1.419999999999999873e-01 2.941230000000000233e-01
1.429999999999999882e-01 2.951059999999999794e-01
1.439999999999999891e-01 2.960809999999999831e-01
1.449999999999999900e-01 2.970499999999999807e-01
1.459999999999999909e-01 2.980119999999999991e-01
1.469999999999999918e-01 2.989669999999999828e-01
1.479999999999999927e-01 2.999160000000000159e-01
1.489999999999999936e-01 3.008580000000000143e-01
1.499999999999999944e-01 3.017940000000000067e-01
1.509999999999999953e-01 3.027239999999999931e-01
1.519999999999999962e-01 3.036470000000000002e-01
1.529999999999999971e-01 3.045640000000000014e-01
1.539999999999999980e-01 3.054749999999999965e-01
1.549999999999999989e-01 3.063810000000000144e-01
1.559999999999999998e-01 3.072799999999999976e-01
1.570000000000000007e-01 3.081740000000000035e-01
1.580000000000000016e-01 3.090620000000000034e-01
1.590000000000000024e-01 3.099439999999999973e-01
1.600000000000000033e-01 3.108210000000000139e-01
1.610000000000000042e-01 3.116920000000000246e-01
1.620000000000000051e-01 3.125580000000000025e-01
1.630000000000000060e-01 3.134190000000000031e-01
1.640000000000000069e-01 3.142739999999999978e-01
1.650000000000000078e-01 3.151240000000000152e-01
1.660000000000000087e-01 3.159699999999999731e-01
1.670000000000000095e-01 3.168099999999999805e-01
1.680000000000000104e-01 3.176450000000000107e-01
1.690000000000000113e-01 3.184750000000000081e-01
1.700000000000000122e-01 3.192999999999999727e-01
1.710000000000000131e-01 3.201209999999999889e-01
1.719999999999999862e-01 3.209369999999999723e-01
1.729999999999999871e-01 3.217479999999999785e-01
1.739999999999999880e-01 3.225549999999999806e-01
1.749999999999999889e-01 3.233570000000000055e-01
1.759999999999999898e-01 3.241539999999999977e-01
1.769999999999999907e-01 3.249480000000000146e-01
1.779999999999999916e-01 3.257360000000000255e-01
1.789999999999999925e-01 3.265210000000000057e-01
1.799999999999999933e-01 3.273010000000000086e-01
1.809999999999999942e-01 3.280770000000000075e-01
1.819999999999999951e-01 3.288490000000000024e-01
1.829999999999999960e-01 3.296160000000000201e-01
1.839999999999999969e-01 3.303800000000000070e-01
1.849999999999999978e-01 3.311390000000000167e-01
1.859999999999999987e-01 3.318949999999999956e-01
1.869999999999999996e-01 3.326459999999999972e-01
1.880000000000000004e-01 3.333940000000000237e-01
1.890000000000000013e-01 3.341379999999999906e-01
1.900000000000000022e-01 3.348780000000000090e-01
1.910000000000000031e-01 3.356140000000000234e-01
1.920000000000000040e-01 3.363459999999999783e-01
1.930000000000000049e-01 3.370750000000000135e-01
1.940000000000000058e-01 3.377999999999999892e-01
1.950000000000000067e-01 3.385210000000000163e-01
1.960000000000000075e-01 3.392390000000000128e-01
1.970000000000000084e-01 3.399539999999999784e-01
1.980000000000000093e-01 3.406649999999999956e-01
1.990000000000000102e-01 3.413720000000000088e-01
2.000000000000000111e-01 3.420759999999999912e-01
