3.799999999999999906e-02 7.002249999999999863e-01
3.899999999999999994e-02 8.148999999999999577e-01
4.000000000000000083e-02 8.649350000000000094e-01
4.100000000000000172e-02 8.942430000000000101e-01
4.200000000000000261e-02 9.135959999999999637e-01
4.299999999999999656e-02 9.272599999999999731e-01
4.399999999999999745e-02 9.373289999999999678e-01
4.499999999999999833e-02 9.449729999999999519e-01
4.599999999999999922e-02 9.509020000000000250e-01
4.700000000000000011e-02 9.555770000000000097e-01
4.800000000000000100e-02 9.593080000000000496e-01
4.900000000000000189e-02 9.623150000000000315e-01
5.000000000000000278e-02 9.647559999999999469e-01
5.099999999999999672e-02 9.667459999999999942e-01
5.199999999999999761e-02 9.683739999999999570e-01
5.299999999999999850e-02 9.697069999999999856e-01
5.399999999999999939e-02 9.707970000000000210e-01
5.500000000000000028e-02 9.716869999999999674e-01
5.600000000000000117e-02 9.724070000000000213e-01
5.700000000000000205e-02 9.729860000000000175e-01
5.800000000000000294e-02 9.734439999999999760e-01
5.899999999999999689e-02 9.737989999999999702e-01
5.999999999999999778e-02 9.740670000000000162e-01
6.099999999999999867e-02 9.742579999999999574e-01
6.199999999999999956e-02 9.743840000000000279e-01
6.300000000000000044e-02 9.744540000000000424e-01
6.400000000000000133e-02 9.744749999999999801e-01
6.500000000000000222e-02 9.744519999999999849e-01
6.600000000000000311e-02 9.743929999999999536e-01
6.700000000000000400e-02 9.743009999999999726e-01
6.800000000000000488e-02 9.741800000000000459e-01
6.900000000000000577e-02 9.740339999999999554e-01
7.000000000000000666e-02 9.738660000000000094e-01
7.099999999999999367e-02 9.736799999999999899e-01
7.199999999999999456e-02 9.734760000000000080e-01
7.299999999999999545e-02 9.732570000000000388e-01
7.399999999999999634e-02 9.730250000000000288e-01
7.499999999999999722e-02 9.727820000000000356e-01
7.599999999999999811e-02 9.725289999999999768e-01
7.699999999999999900e-02 9.722659999999999636e-01
7.799999999999999989e-02 9.719959999999999711e-01
7.900000000000000078e-02 9.717189999999999994e-01
8.000000000000000167e-02 9.714350000000000485e-01
8.100000000000000255e-02 9.711469999999999825e-01
8.200000000000000344e-02 9.708529999999999660e-01
8.300000000000000433e-02 9.705549999999999455e-01
8.400000000000000522e-02 9.702539999999999498e-01
8.500000000000000611e-02 9.699499999999999789e-01
8.599999999999999312e-02 9.696420000000000039e-01
8.699999999999999400e-02 9.693330000000000002e-01
8.799999999999999489e-02 9.690210000000000212e-01
8.899999999999999578e-02 9.687069999999999848e-01
8.999999999999999667e-02 9.683920000000000305e-01
9.099999999999999756e-02 9.680760000000000476e-01
9.199999999999999845e-02 9.677580000000000071e-01
9.299999999999999933e-02 9.674399999999999666e-01
9.400000000000000022e-02 9.671210000000000084e-01
9.500000000000000111e-02 9.668020000000000502e-01
9.600000000000000200e-02 9.664819999999999522e-01
9.700000000000000289e-02 9.661619999999999653e-01
9.800000000000000377e-02 9.658419999999999783e-01
9.900000000000000466e-02 9.655219999999999914e-01
1.000000000000000056e-01 9.652020000000000044e-01
1.010000000000000064e-01 9.648820000000000174e-01
1.019999999999999934e-01 9.645629999999999482e-01
1.029999999999999943e-01 9.642439999999999900e-01
1.039999999999999952e-01 9.639250000000000318e-01
1.049999999999999961e-01 9.636069999999999913e-01
1.059999999999999970e-01 9.632899999999999796e-01
1.069999999999999979e-01 9.629729999999999679e-01
1.079999999999999988e-01 9.626559999999999562e-01
1.089999999999999997e-01 9.623410000000000020e-01
1.100000000000000006e-01 9.620260000000000478e-01
1.110000000000000014e-01 9.617120000000000113e-01
1.120000000000000023e-01 9.613990000000000036e-01
1.130000000000000032e-01 9.610859999999999959e-01
1.140000000000000041e-01 9.607750000000000457e-01
1.150000000000000050e-01 9.604639999999999844e-01
1.160000000000000059e-01 9.601539999999999520e-01
1.170000000000000068e-01 9.598449999999999482e-01
1.179999999999999938e-01 9.595369999999999733e-01
1.189999999999999947e-01 9.592300000000000271e-01
1.199999999999999956e-01 9.589239999999999986e-01
1.209999999999999964e-01 9.586179999999999701e-01
1.219999999999999973e-01 9.583139999999999992e-01
1.229999999999999982e-01 9.580100000000000282e-01
1.239999999999999991e-01 9.577080000000000037e-01
1.250000000000000000e-01 9.574059999999999793e-01
1.260000000000000009e-01 9.571060000000000123e-01
1.270000000000000018e-01 9.568060000000000453e-01
1.280000000000000027e-01 9.565069999999999961e-01
1.290000000000000036e-01 9.562089999999999756e-01
1.300000000000000044e-01 9.559119999999999839e-01
1.310000000000000053e-01 9.556160000000000210e-01
1.320000000000000062e-01 9.553209999999999757e-01
1.330000000000000071e-01 9.550269999999999593e-01
1.340000000000000080e-01 9.547339999999999716e-01
1.350000000000000089e-01 9.544409999999999838e-01
1.360000000000000098e-01 9.541500000000000536e-01
1.370000000000000107e-01 9.538600000000000412e-01
1.380000000000000115e-01 9.535700000000000287e-01
1.390000000000000124e-01 9.532810000000000450e-01
1.400000000000000133e-01 9.529929999999999790e-01
1.409999999999999865e-01 9.527060000000000528e-01
1.419999999999999873e-01 9.524200000000000443e-01
1.429999999999999882e-01 9.521349999999999536e-01
1.439999999999999891e-01 9.518510000000000026e-01
1.449999999999999900e-01 9.515670000000000517e-01
1.459999999999999909e-01 9.512850000000000472e-01
1.469999999999999918e-01 9.510030000000000427e-01
1.479999999999999927e-01 9.507219999999999560e-01
1.489999999999999936e-01 9.504420000000000091e-01
1.499999999999999944e-01 9.501629999999999798e-01
1.509999999999999953e-01 9.498849999999999794e-01
1.519999999999999962e-01 9.496069999999999789e-01
1.529999999999999971e-01 9.493300000000000072e-01
1.539999999999999980e-01 9.490539999999999532e-01
1.549999999999999989e-01 9.487790000000000390e-01
1.559999999999999998e-01 9.485050000000000425e-01
1.570000000000000007e-01 9.482319999999999638e-01
1.580000000000000016e-01 9.479589999999999961e-01
1.590000000000000024e-01 9.476869999999999461e-01
1.600000000000000033e-01 9.474160000000000359e-01
1.610000000000000042e-01 9.471460000000000434e-01
1.620000000000000051e-01 9.468760000000000510e-01
1.630000000000000060e-01 9.466069999999999762e-01
1.640000000000000069e-01 9.463399999999999590e-01
1.650000000000000078e-01 9.460720000000000240e-01
1.660000000000000087e-01 9.458060000000000356e-01
1.670000000000000095e-01 9.455400000000000471e-01
1.680000000000000104e-01 9.452749999999999764e-01
1.690000000000000113e-01 9.450110000000000454e-01
1.700000000000000122e-01 9.447480000000000322e-01
1.710000000000000131e-01 9.444850000000000190e-01
1.719999999999999862e-01 9.442230000000000345e-01
1.729999999999999871e-01 9.439619999999999678e-01
1.739999999999999880e-01 9.437010000000000121e-01
1.749999999999999889e-01 9.434409999999999741e-01
1.759999999999999898e-01 9.431819999999999649e-01
1.769999999999999907e-01 9.429239999999999844e-01
1.779999999999999916e-01 9.426660000000000039e-01
1.789999999999999925e-01 9.424090000000000522e-01
1.799999999999999933e-01 9.421530000000000182e-01
1.809999999999999942e-01 9.418980000000000130e-01
1.819999999999999951e-01 9.416430000000000078e-01
1.829999999999999960e-01 9.413890000000000313e-01
1.839999999999999969e-01 9.411350000000000549e-01
1.849999999999999978e-01 9.408819999999999961e-01
1.859999999999999987e-01 9.406299999999999661e-01
1.869999999999999996e-01 9.403789999999999649e-01
1.880000000000000004e-01 9.401279999999999637e-01
1.890000000000000013e-01 9.398779999999999912e-01
1.900000000000000022e-01 9.396280000000000188e-01
1.910000000000000031e-01 9.393789999999999640e-01
1.920000000000000040e-01 9.391310000000000491e-01
1.930000000000000049e-01 9.388840000000000519e-01
1.940000000000000058e-01 9.386370000000000546e-01
1.950000000000000067e-01 9.383899999999999464e-01
1.960000000000000075e-01 9.381450000000000067e-01
1.970000000000000084e-01 9.378999999999999559e-01
1.980000000000000093e-01 9.376550000000000162e-01
1.990000000000000102e-01 9.374120000000000230e-01
2.000000000000000111e-01 9.371680000000000010e-01
