3.799999999999999906e-02 -3.007110000000000127e+01
3.860000000000000236e-02 -3.109240000000000137e+01
4.059999999999999720e-02 -3.197050000000000125e+01
4.259999999999999898e-02 -3.277459999999999951e+01
4.460000000000000075e-02 -3.352890000000000015e+01
4.660000000000000253e-02 -3.424549999999999983e+01
4.859999999999999737e-02 -3.493180000000000263e+01
5.059999999999999915e-02 -3.559239999999999782e+01
5.260000000000000092e-02 -3.623100000000000165e+01
5.459999999999999576e-02 -3.685000000000000142e+01
5.659999999999999754e-02 -3.745139999999999958e+01
5.859999999999999931e-02 -3.803699999999999903e+01
6.060000000000000109e-02 -3.860810000000000031e+01
6.260000000000000286e-02 -3.916590000000000060e+01
6.459999999999999076e-02 -3.971130000000000138e+01
6.659999999999999254e-02 -4.024519999999999698e+01
6.859999999999999432e-02 -4.076839999999999975e+01
7.059999999999999609e-02 -4.128150000000000119e+01
7.259999999999999787e-02 -4.178509999999999991e+01
7.459999999999999964e-02 -4.227969999999999828e+01
7.660000000000000142e-02 -4.276579999999999870e+01
7.860000000000000320e-02 -4.324380000000000024e+01
8.060000000000000497e-02 -4.371410000000000196e+01
8.259999999999999287e-02 -4.417699999999999960e+01
8.459999999999999465e-02 -4.463280000000000314e+01
8.659999999999999643e-02 -4.508180000000000121e+01
8.859999999999999820e-02 -4.552439999999999998e+01
9.059999999999999998e-02 -4.596070000000000277e+01
9.260000000000000175e-02 -4.639090000000000202e+01
9.460000000000000353e-02 -4.681539999999999679e+01
9.660000000000000531e-02 -4.723420000000000130e+01
9.860000000000000708e-02 -4.764759999999999707e+01
1.006000000000000089e-01 -4.805579999999999785e+01
1.025999999999999968e-01 -4.845889999999999986e+01
1.045999999999999985e-01 -4.885710000000000264e+01
1.066000000000000003e-01 -4.925050000000000239e+01
1.086000000000000021e-01 -4.963929999999999865e+01
1.106000000000000039e-01 -5.002360000000000184e+01
1.126000000000000056e-01 -5.040350000000000108e+01
1.146000000000000074e-01 -5.077909999999999968e+01
1.166000000000000092e-01 -5.115070000000000050e+01
1.185999999999999971e-01 -5.151820000000000022e+01
1.205999999999999989e-01 -5.188179999999999836e+01
1.226000000000000006e-01 -5.224150000000000205e+01
1.246000000000000024e-01 -5.259759999999999991e+01
1.265999999999999903e-01 -5.295000000000000284e+01
1.285999999999999921e-01 -5.329879999999999995e+01
1.305999999999999939e-01 -5.364419999999999789e+01
1.325999999999999956e-01 -5.398619999999999663e+01
1.345999999999999974e-01 -5.432489999999999952e+01
1.365999999999999992e-01 -5.466029999999999944e+01
1.386000000000000010e-01 -5.499260000000000304e+01
1.406000000000000028e-01 -5.532180000000000319e+01
1.426000000000000045e-01 -5.564789999999999992e+01
1.446000000000000063e-01 -5.597109999999999985e+01
1.466000000000000081e-01 -5.629129999999999967e+01
1.486000000000000099e-01 -5.660869999999999891e+01
1.506000000000000116e-01 -5.692329999999999757e+01
1.526000000000000134e-01 -5.723519999999999897e+01
1.546000000000000152e-01 -5.754429999999999978e+01
1.566000000000000170e-01 -5.785090000000000288e+01
1.586000000000000187e-01 -5.815480000000000160e+01
1.606000000000000205e-01 -5.845620000000000260e+01
1.626000000000000223e-01 -5.875509999999999877e+01
1.646000000000000241e-01 -5.905160000000000053e+01
1.665999999999999981e-01 -5.934559999999999746e+01
1.685999999999999999e-01 -5.963730000000000331e+01
1.706000000000000016e-01 -5.992660000000000053e+01
1.725999999999999757e-01 -6.021370000000000289e+01
1.745999999999999774e-01 -6.049849999999999994e+01
1.765999999999999792e-01 -6.078110000000000213e+01
1.785999999999999810e-01 -6.106159999999999854e+01
1.805999999999999828e-01 -6.133990000000000009e+01
1.825999999999999845e-01 -6.161610000000000298e+01
1.845999999999999863e-01 -6.189030000000000342e+01
1.865999999999999881e-01 -6.216239999999999810e+01
1.885999999999999899e-01 -6.243249999999999744e+01
1.905999999999999917e-01 -6.270060000000000144e+01
1.925999999999999934e-01 -6.296679999999999922e+01
1.945999999999999952e-01 -6.323109999999999786e+01
1.965999999999999970e-01 -6.349349999999999739e+01
1.985999999999999988e-01 -6.375399999999999778e+01
2.006000000000000005e-01 -6.401269999999999527e+01
2.026000000000000023e-01 -6.426959999999999695e+01
2.046000000000000041e-01 -6.452479999999999905e+01
2.066000000000000059e-01 -6.477809999999999491e+01
2.086000000000000076e-01 -6.502979999999999450e+01
2.106000000000000094e-01 -6.527979999999999450e+01
2.126000000000000112e-01 -6.552809999999999491e+01
2.146000000000000130e-01 -6.577469999999999573e+01
2.166000000000000147e-01 -6.601970000000000027e+01
2.186000000000000165e-01 -6.626309999999999434e+01
2.206000000000000183e-01 -6.650490000000000634e+01
2.226000000000000201e-01 -6.674509999999999366e+01
2.246000000000000218e-01 -6.698380000000000223e+01
2.266000000000000236e-01 -6.722100000000000364e+01
2.286000000000000254e-01 -6.745669999999999789e+01
2.306000000000000272e-01 -6.769089999999999918e+01
2.326000000000000290e-01 -6.792359999999999332e+01
2.346000000000000030e-01 -6.815489999999999782e+01
2.366000000000000048e-01 -6.838469999999999516e+01
2.386000000000000065e-01 -6.861320000000000618e+01
2.406000000000000083e-01 -6.884019999999999584e+01
2.426000000000000101e-01 -6.906589999999999918e+01
2.445999999999999841e-01 -6.929019999999999868e+01
2.465999999999999859e-01 -6.951319999999999766e+01
2.485999999999999877e-01 -6.973480000000000700e+01
2.505999999999999894e-01 -6.995520000000000493e+01
2.525999999999999912e-01 -7.017419999999999902e+01
2.545999999999999930e-01 -7.039199999999999591e+01
2.565999999999999948e-01 -7.060850000000000648e+01
2.585999999999999965e-01 -7.082370000000000232e+01
2.605999999999999983e-01 -7.103780000000000427e+01
2.626000000000000001e-01 -7.125060000000000571e+01
2.646000000000000019e-01 -7.146219999999999573e+01
2.666000000000000036e-01 -7.167260000000000275e+01
2.686000000000000054e-01 -7.188179999999999836e+01
2.706000000000000072e-01 -7.208990000000000009e+01
2.726000000000000090e-01 -7.229680000000000462e+01
2.746000000000000107e-01 -7.250260000000000105e+01
2.766000000000000125e-01 -7.270730000000000359e+01
2.786000000000000143e-01 -7.291079999999999472e+01
2.806000000000000161e-01 -7.311329999999999529e+01
2.826000000000000179e-01 -7.331459999999999866e+01
2.846000000000000196e-01 -7.351489999999999725e+01
2.866000000000000214e-01 -7.371410000000000196e+01
2.885999999999999677e-01 -7.391230000000000189e+01
2.905999999999999694e-01 -7.410939999999999372e+01
2.925999999999999712e-01 -7.430549999999999500e+01
2.945999999999999730e-01 -7.450060000000000571e+01
2.965999999999999748e-01 -7.469469999999999743e+01
2.985999999999999766e-01 -7.488769999999999527e+01
3.005999999999999783e-01 -7.507980000000000587e+01
3.025999999999999801e-01 -7.527089999999999748e+01
3.045999999999999819e-01 -7.546110000000000184e+01
3.065999999999999837e-01 -7.565019999999999811e+01
3.085999999999999854e-01 -7.583849999999999625e+01
3.105999999999999872e-01 -7.602580000000000382e+01
3.125999999999999890e-01 -7.621210000000000662e+01
3.145999999999999908e-01 -7.639759999999999707e+01
3.165999999999999925e-01 -7.658209999999999695e+01
3.185999999999999943e-01 -7.676579999999999870e+01
3.205999999999999961e-01 -7.694849999999999568e+01
3.225999999999999979e-01 -7.713039999999999452e+01
3.245999999999999996e-01 -7.731140000000000612e+01
3.266000000000000014e-01 -7.749150000000000205e+01
3.286000000000000032e-01 -7.767079999999999984e+01
3.306000000000000050e-01 -7.784919999999999618e+01
3.326000000000000068e-01 -7.802679999999999438e+01
3.346000000000000085e-01 -7.820350000000000534e+01
3.366000000000000103e-01 -7.837940000000000396e+01
3.386000000000000121e-01 -7.855450000000000443e+01
3.406000000000000139e-01 -7.872880000000000678e+01
3.426000000000000156e-01 -7.890229999999999677e+01
3.446000000000000174e-01 -7.907500000000000284e+01
3.466000000000000192e-01 -7.924699999999999989e+01
3.486000000000000210e-01 -7.941809999999999548e+01
3.506000000000000227e-01 -7.958849999999999625e+01
3.526000000000000245e-01 -7.975809999999999889e+01
3.546000000000000263e-01 -7.992690000000000339e+01
3.566000000000000281e-01 -8.009499999999999886e+01
3.586000000000000298e-01 -8.026239999999999952e+01
3.606000000000000316e-01 -8.042900000000000205e+01
