 10  8  9  3 00  0  0  0
nn_pot
  8
  8 24
                                                19.040124   19.040124   
                                                19.040124   5.741449    
                                                19.040124   1.549913    
                                                19.040124   0.412217    
                                                19.040124   0.112748    
                                                19.040124   0.029776    
                                                19.040124   0.008026    
                                                5.741449    5.741449    
   46.175063   12.799825    4.728076    3.548139    1.984856    0.983552
    0.833247    0.349799    0.272643    0.146846    0.075577    0.061646
    0.025879    0.020950    0.010864    0.005807    0.004561    0.001915
    0.001610    0.000804    0.000446    0.000337    0.000124    0.000034
  1  1
          1.

  1  1
                      1.

  1  1
                                  1.

  1  1
                                              1.

  1  1
                                                          1.

  1  1
                                                                      1.

  1  1

          1.
  1  1

                      1.
  8
  8 24
                                                5.741449    1.549913    
                                                5.741449    0.412217    
                                                5.741449    0.112748    
                                                5.741449    0.029776    
                                                5.741449    0.008026    
                                                1.549913    1.549913    
                                                1.549913    0.412217    
                                                1.549913    0.112748    
   46.175063   12.799825    4.728076    3.548139    1.984856    0.983552
    0.833247    0.349799    0.272643    0.146846    0.075577    0.061646
    0.025879    0.020950    0.010864    0.005807    0.004561    0.001915
    0.001610    0.000804    0.000446    0.000337    0.000124    0.000034
  1  1
          1.

  1  1
                      1.

  1  1
                                  1.

  1  1
                                              1.

  1  1
                                                          1.

  1  1
                                                                      1.

  1  1

          1.
  1  1

                      1.
  8
  8 24
                                                1.549913    0.029776    
                                                1.549913    0.008026    
                                                0.412217    0.412217    
                                                0.412217    0.112748    
                                                0.412217    0.029776    
                                                0.412217    0.008026    
                                                0.112748    0.112748    
                                                0.112748    0.029776    
   46.175063   12.799825    4.728076    3.548139    1.984856    0.983552
    0.833247    0.349799    0.272643    0.146846    0.075577    0.061646
    0.025879    0.020950    0.010864    0.005807    0.004561    0.001915
    0.001610    0.000804    0.000446    0.000337    0.000124    0.000034
  1  1
          1.

  1  1
                      1.

  1  1
                                  1.

  1  1
                                              1.

  1  1
                                                          1.

  1  1
                                                                      1.

  1  1

          1.
  1  1

                      1.
  4
  4 24
                                                0.112748    0.008026    
                                                0.029776    0.029776    
                                                0.029776    0.008026    
                                                0.008026    0.008026    
   46.175063   12.799825    4.728076    3.548139    1.984856    0.983552
    0.833247    0.349799    0.272643    0.146846    0.075577    0.061646
    0.025879    0.020950    0.010864    0.005807    0.004561    0.001915
    0.001610    0.000804    0.000446    0.000337    0.000124    0.000034
  1  1
          1.
  1  1
                      1.
  1  1
                                  1.
  1  1
                                              1.
  8
  8 24
                                                34.684126   16.743052   
                                                34.684126   0.193032    
                                                34.684126   0.032403    
                                                21.484390   16.743052   
                                                21.484390   0.193032    
                                                21.484390   0.032403    
                                                8.321617    16.743052   
                                                8.321617    0.193032    
   46.175063   12.799825    4.728076    3.548139    1.984856    0.983552
    0.833247    0.349799    0.272643    0.146846    0.075577    0.061646
    0.025879    0.020950    0.010864    0.005807    0.004561    0.001915
    0.001610    0.000804    0.000446    0.000337    0.000124    0.000034
  1  1
          1.

  1  1
                      1.

  1  1
                                  1.

  1  1
                                              1.

  1  1
                                                          1.

  1  1
                                                                      1.

  1  1

          1.
  1  1

                      1.
  8
  8 24
                                                8.321617    0.032403    
                                                2.660547    16.743052   
                                                2.660547    0.193032    
                                                2.660547    0.032403    
                                                1.982557    16.743052   
                                                1.982557    0.193032    
                                                1.982557    0.032403    
                                                0.429405    16.743052   
   46.175063   12.799825    4.728076    3.548139    1.984856    0.983552
    0.833247    0.349799    0.272643    0.146846    0.075577    0.061646
    0.025879    0.020950    0.010864    0.005807    0.004561    0.001915
    0.001610    0.000804    0.000446    0.000337    0.000124    0.000034
  1  1
          1.

  1  1
                      1.

  1  1
                                  1.

  1  1
                                              1.

  1  1
                                                          1.

  1  1
                                                                      1.

  1  1

          1.
  1  1

                      1.
  8
  8 24
                                                0.429405    0.193032    
                                                0.429405    0.032403    
                                                0.095485    16.743052   
                                                0.095485    0.193032    
                                                0.095485    0.032403    
                                                35.405544   4.974002    
                                                35.405544   0.121504    
                                                35.405544   0.007000    
   46.175063   12.799825    4.728076    3.548139    1.984856    0.983552
    0.833247    0.349799    0.272643    0.146846    0.075577    0.061646
    0.025879    0.020950    0.010864    0.005807    0.004561    0.001915
    0.001610    0.000804    0.000446    0.000337    0.000124    0.000034
  1  1
          1.

  1  1
                      1.

  1  1
                                  1.

  1  1
                                              1.

  1  1
                                                          1.

  1  1
                                                                      1.

  1  1

          1.
  1  1

                      1.
  8
  8 24
                                                7.480044    4.974002    
                                                7.480044    0.121504    
                                                7.480044    0.007000    
                                                1.311843    4.974002    
                                                1.311843    0.121504    
                                                1.311843    0.007000    
                                                0.750260    4.974002    
                                                0.750260    0.121504    
   46.175063   12.799825    4.728076    3.548139    1.984856    0.983552
    0.833247    0.349799    0.272643    0.146846    0.075577    0.061646
    0.025879    0.020950    0.010864    0.005807    0.004561    0.001915
    0.001610    0.000804    0.000446    0.000337    0.000124    0.000034
  1  1
          1.

  1  1
                      1.

  1  1
                                  1.

  1  1
                                              1.

  1  1
                                                          1.

  1  1
                                                                      1.

  1  1

          1.
  1  1

                      1.
  8
  8 24
                                                0.750260    0.007000    
                                                0.024985    4.974002    
                                                0.024985    0.121504    
                                                0.024985    0.007000    
                                                0.011272    4.974002    
                                                0.011272    0.121504    
                                                0.011272    0.007000    
                                                0.004870    4.974002    
   46.175063   12.799825    4.728076    3.548139    1.984856    0.983552
    0.833247    0.349799    0.272643    0.146846    0.075577    0.061646
    0.025879    0.020950    0.010864    0.005807    0.004561    0.001915
    0.001610    0.000804    0.000446    0.000337    0.000124    0.000034
  1  1
          1.

  1  1
                      1.

  1  1
                                  1.

  1  1
                                              1.

  1  1
                                                          1.

  1  1
                                                                      1.

  1  1

          1.
  1  1

                      1.
  2
  2 24
                                                0.004870    0.121504    
                                                0.004870    0.007000    
   46.175063   12.799825    4.728076    3.548139    1.984856    0.983552
    0.833247    0.349799    0.272643    0.146846    0.075577    0.061646
    0.025879    0.020950    0.010864    0.005807    0.004561    0.001915
    0.001610    0.000804    0.000446    0.000337    0.000124    0.000034
  1  1
          1.
  1  1
                      1.
  8                                                            Z1  BVs 1 - 8
  8 12
                                                33.699123   7.972207    
                                                27.878614   0.577444    
                                                16.619528   0.497893    
                                                15.752597   0.458481    
                                                13.078070   0.333397    
                                                10.902594   0.147611    
                                                10.002838   0.147609    
                                                8.448563    0.016490    
   66.328064   32.955040   26.494991   16.617929    2.172470    1.544665
    0.412521    0.201826    0.152288    0.048500    0.001506    0.001011
  1  1
          1.

  1  1
                      1.

  1  1
                                  1.

  1  1
                                              1.

  1  1
                                                          1.

  1  1
                                                                      1.

  1  1

          1.
  1  1

                      1.
  8                                                            Z2  BVs 9 - 16
  8 12
                                                3.800689    0.038546    
                                                1.393951    0.026060    
                                                1.058640    0.023252    
                                                0.363574    0.019793    
                                                0.285631    0.012316    
                                                0.137625    0.010813    
                                                0.124002    0.008049    
                                                0.061999    0.008012    
   26.767355   23.203096   20.974287   20.719083   11.918810    5.933302
    4.271320    2.823021    0.217990    0.104000    0.090124    0.001506
  1  1
          1.

  1  1
                      1.

  1  1
                                  1.

  1  1
                                              1.

  1  1
                                                          1.

  1  1
                                                                      1.

  1  1

          1.
  1  1

                      1.
  2                                                            Z3  BVs 17 - 18
  2 12
                                                31.334469   1.733554    
                                                6.263355    0.024969    
   38.523823   20.221584   12.623869   11.846828   11.846435   11.750225
    1.519394    0.874994    0.222151    0.026627    0.006447    0.001695
  1  1
          1.
  1  1
                      1.
  8                                                            Z4  BVs 19 - 26
  8 12
                                                31.567444   9.207265    
                                                29.587158   7.992880    
                                                25.390594   6.354472    
                                                25.311121   0.334903    
                                                24.241954   0.231246    
                                                22.432247   0.229950    
                                                21.558670   0.082151    
                                                11.091195   0.037563    
   25.828602   24.834787   22.947817    3.903538    3.894393    1.915038
    0.587596    0.228859    0.016566    0.009039    0.009036    0.002998
  1  1
          1.

  1  1
                      1.

  1  1
                                  1.

  1  1
                                              1.

  1  1
                                                          1.

  1  1
                                                                      1.

  1  1

          1.
  1  1

                      1.
  8                                                            Z5  BVs 27 - 34
  8 12
                                                2.473830    0.039726    
                                                0.610014    0.022377    
                                                0.374098    0.016306    
                                                0.263546    0.014946    
                                                0.183195    0.014499    
                                                0.052205    0.008165    
                                                0.043468    0.007383    
                                                0.043381    0.005582    
   34.861240   26.333078   19.321274    4.877554    1.657463    1.163770
    0.444676    0.415077    0.170887    0.166181    0.039013    0.003005
  1  1
          1.

  1  1
                      1.

  1  1
                                  1.

  1  1
                                              1.

  1  1
                                                          1.

  1  1
                                                                      1.

  1  1

          1.
  1  1

                      1.
  2                                                            Z6  BVs 35 - 36
  2 12
                                                2.193922    0.002467    
                                                0.012939    0.002314    
   35.880009   11.468829   10.136051    1.795410    1.148062    0.785009
    0.457832    0.075204    0.036984    0.029028    0.006189    0.003467
  1  1
          1.
  1  1
                      1.
