1.000000000000000021e-03 1.002658999999999967e+00
8.000000000000000167e-03 1.002077000000000107e+00
1.499999999999999944e-02 1.004062999999999928e+00
2.199999999999999872e-02 1.001182000000000016e+00
2.900000000000000147e-02 1.000672999999999924e+00
3.599999999999999728e-02 1.003235000000000099e+00
4.299999999999999656e-02 1.002043000000000017e+00
5.000000000000000278e-02 1.000383999999999940e+00
5.700000000000000205e-02 1.000110000000000054e+00
6.400000000000000133e-02 1.001236999999999933e+00
7.099999999999999367e-02 1.002059000000000033e+00
7.799999999999999989e-02 1.001832000000000056e+00
8.500000000000000611e-02 1.001106999999999969e+00
9.199999999999999845e-02 1.000413999999999914e+00
9.900000000000000466e-02 1.000035000000000007e+00
1.059999999999999970e-01 1.000070999999999932e+00
1.130000000000000032e-01 1.000428000000000095e+00
1.199999999999999956e-01 1.000844000000000067e+00
1.270000000000000018e-01 1.001082999999999945e+00
1.340000000000000080e-01 1.001077999999999912e+00
1.409999999999999865e-01 1.000896000000000008e+00
1.479999999999999927e-01 1.000634000000000023e+00
1.549999999999999989e-01 1.000372999999999957e+00
1.620000000000000051e-01 1.000164000000000053e+00
1.690000000000000113e-01 1.000035999999999925e+00
1.759999999999999898e-01 1.000000999999999918e+00
1.829999999999999960e-01 1.000048000000000048e+00
1.900000000000000022e-01 1.000153000000000070e+00
1.970000000000000084e-01 1.000277000000000083e+00
2.039999999999999869e-01 1.000385999999999997e+00
2.109999999999999931e-01 1.000456000000000012e+00
2.179999999999999993e-01 1.000477000000000061e+00
2.250000000000000056e-01 1.000456000000000012e+00
2.320000000000000118e-01 1.000402999999999931e+00
2.389999999999999902e-01 1.000331000000000081e+00
2.459999999999999964e-01 1.000253000000000059e+00
2.530000000000000027e-01 1.000178000000000011e+00
2.600000000000000089e-01 1.000113000000000030e+00
2.670000000000000151e-01 1.000061000000000089e+00
2.740000000000000213e-01 1.000024999999999942e+00
2.810000000000000275e-01 1.000005000000000033e+00
2.879999999999999782e-01 1.000000000000000000e+00
2.949999999999999845e-01 1.000008999999999926e+00
3.019999999999999907e-01 1.000026000000000082e+00
3.089999999999999969e-01 1.000048999999999966e+00
3.160000000000000031e-01 1.000072999999999990e+00
3.230000000000000093e-01 1.000094999999999956e+00
3.300000000000000155e-01 1.000113000000000030e+00
3.370000000000000218e-01 1.000124000000000013e+00
3.439999999999999725e-01 1.000129000000000046e+00
3.509999999999999787e-01 1.000126999999999988e+00
3.579999999999999849e-01 1.000119999999999898e+00
3.649999999999999911e-01 1.000110000000000054e+00
3.719999999999999973e-01 1.000097000000000014e+00
3.790000000000000036e-01 1.000081999999999915e+00
3.860000000000000098e-01 1.000067999999999957e+00
3.930000000000000160e-01 1.000053999999999998e+00
4.000000000000000222e-01 1.000040999999999958e+00
4.069999999999999729e-01 1.000029999999999974e+00
4.139999999999999791e-01 1.000019999999999909e+00
4.209999999999999853e-01 1.000013000000000041e+00
4.279999999999999916e-01 1.000007000000000090e+00
4.349999999999999978e-01 1.000002999999999975e+00
4.420000000000000040e-01 1.000000999999999918e+00
4.490000000000000102e-01 1.000000000000000000e+00
4.560000000000000164e-01 1.000000000000000000e+00
4.630000000000000226e-01 1.000000999999999918e+00
4.699999999999999734e-01 1.000002000000000058e+00
4.769999999999999796e-01 1.000002999999999975e+00
4.839999999999999858e-01 1.000003999999999893e+00
4.909999999999999920e-01 1.000005000000000033e+00
4.979999999999999982e-01 1.000005999999999950e+00
5.050000000000000044e-01 1.000005999999999950e+00
5.120000000000000107e-01 1.000005999999999950e+00
5.190000000000000169e-01 1.000005999999999950e+00
5.260000000000000231e-01 1.000005999999999950e+00
5.330000000000000293e-01 1.000005000000000033e+00
5.400000000000000355e-01 1.000003999999999893e+00
5.470000000000000417e-01 1.000002999999999975e+00
5.540000000000000480e-01 1.000002000000000058e+00
5.610000000000000542e-01 1.000002000000000058e+00
5.679999999999999494e-01 1.000000999999999918e+00
5.749999999999999556e-01 1.000000999999999918e+00
5.819999999999999618e-01 1.000000000000000000e+00
5.889999999999999680e-01 1.000000000000000000e+00
5.959999999999999742e-01 1.000000000000000000e+00
6.029999999999999805e-01 1.000000000000000000e+00
6.099999999999999867e-01 1.000000000000000000e+00
6.169999999999999929e-01 1.000000000000000000e+00
6.239999999999999991e-01 1.000000999999999918e+00
6.310000000000000053e-01 1.000000999999999918e+00
6.380000000000000115e-01 1.000000999999999918e+00
6.450000000000000178e-01 1.000000999999999918e+00
6.520000000000000240e-01 1.000000999999999918e+00
6.590000000000000302e-01 1.000000999999999918e+00
6.660000000000000364e-01 1.000000999999999918e+00
6.730000000000000426e-01 1.000000999999999918e+00
6.800000000000000488e-01 1.000000000000000000e+00
6.870000000000000551e-01 1.000000000000000000e+00
6.939999999999999503e-01 1.000000000000000000e+00
7.009999999999999565e-01 1.000000000000000000e+00
7.079999999999999627e-01 1.000000000000000000e+00
7.149999999999999689e-01 1.000000999999999918e+00
7.219999999999999751e-01 1.000000999999999918e+00
7.289999999999999813e-01 1.000002000000000058e+00
7.359999999999999876e-01 1.000003999999999893e+00
7.429999999999999938e-01 1.000005000000000033e+00
7.500000000000000000e-01 1.000007000000000090e+00
7.570000000000000062e-01 1.000008999999999926e+00
7.640000000000000124e-01 1.000011999999999901e+00
7.710000000000000187e-01 1.000015000000000098e+00
7.780000000000000249e-01 1.000018000000000074e+00
7.850000000000000311e-01 1.000021000000000049e+00
7.920000000000000373e-01 1.000024999999999942e+00
7.990000000000000435e-01 1.000027999999999917e+00
8.060000000000000497e-01 1.000032000000000032e+00
8.129999999999999449e-01 1.000035000000000007e+00
8.199999999999999512e-01 1.000038999999999900e+00
8.269999999999999574e-01 1.000042000000000098e+00
8.339999999999999636e-01 1.000045999999999990e+00
8.409999999999999698e-01 1.000048999999999966e+00
8.479999999999999760e-01 1.000051000000000023e+00
8.549999999999999822e-01 1.000053000000000081e+00
8.619999999999999885e-01 1.000054999999999916e+00
8.689999999999999947e-01 1.000056999999999974e+00
8.760000000000000009e-01 1.000057999999999891e+00
8.830000000000000071e-01 1.000057999999999891e+00
8.900000000000000133e-01 1.000059000000000031e+00
8.970000000000000195e-01 1.000057999999999891e+00
9.040000000000000258e-01 1.000056999999999974e+00
9.110000000000000320e-01 1.000056000000000056e+00
9.180000000000000382e-01 1.000054999999999916e+00
9.250000000000000444e-01 1.000053000000000081e+00
9.320000000000000506e-01 1.000050000000000106e+00
9.389999999999999458e-01 1.000046999999999908e+00
9.459999999999999520e-01 1.000045000000000073e+00
9.529999999999999583e-01 1.000040999999999958e+00
9.599999999999999645e-01 1.000037999999999982e+00
9.669999999999999707e-01 1.000034000000000090e+00
9.739999999999999769e-01 1.000030999999999892e+00
9.809999999999999831e-01 1.000026999999999999e+00
9.879999999999999893e-01 1.000024000000000024e+00
9.949999999999999956e-01 1.000019999999999909e+00
1.002000000000000002e+00 1.000016999999999934e+00
1.008999999999999897e+00 1.000013999999999958e+00
1.016000000000000014e+00 1.000010999999999983e+00
1.022999999999999909e+00 1.000008000000000008e+00
1.030000000000000027e+00 1.000005999999999950e+00
1.036999999999999922e+00 1.000003999999999893e+00
1.044000000000000039e+00 1.000002000000000058e+00
1.050999999999999934e+00 1.000000999999999918e+00
1.058000000000000052e+00 1.000000000000000000e+00
1.064999999999999947e+00 1.000000000000000000e+00
1.072000000000000064e+00 1.000000000000000000e+00
1.078999999999999959e+00 1.000000999999999918e+00
1.086000000000000076e+00 1.000002000000000058e+00
1.092999999999999972e+00 1.000003999999999893e+00
1.100000000000000089e+00 1.000007000000000090e+00
1.106999999999999984e+00 1.000008999999999926e+00
1.114000000000000101e+00 1.000013000000000041e+00
1.120999999999999996e+00 1.000016000000000016e+00
1.127999999999999892e+00 1.000019999999999909e+00
1.135000000000000009e+00 1.000024999999999942e+00
1.141999999999999904e+00 1.000029000000000057e+00
1.149000000000000021e+00 1.000035000000000007e+00
1.155999999999999917e+00 1.000040000000000040e+00
1.163000000000000034e+00 1.000045000000000073e+00
1.169999999999999929e+00 1.000051000000000023e+00
1.177000000000000046e+00 1.000056999999999974e+00
1.183999999999999941e+00 1.000062999999999924e+00
1.191000000000000059e+00 1.000069000000000097e+00
1.197999999999999954e+00 1.000075000000000047e+00
1.205000000000000071e+00 1.000080999999999998e+00
1.211999999999999966e+00 1.000086000000000030e+00
1.219000000000000083e+00 1.000091999999999981e+00
1.225999999999999979e+00 1.000097000000000014e+00
1.233000000000000096e+00 1.000102000000000046e+00
1.239999999999999991e+00 1.000107000000000079e+00
1.247000000000000108e+00 1.000110999999999972e+00
1.254000000000000004e+00 1.000115000000000087e+00
1.260999999999999899e+00 1.000118999999999980e+00
1.268000000000000016e+00 1.000121999999999955e+00
1.274999999999999911e+00 1.000124999999999931e+00
1.282000000000000028e+00 1.000127999999999906e+00
1.288999999999999924e+00 1.000129999999999963e+00
1.296000000000000041e+00 1.000132000000000021e+00
1.302999999999999936e+00 1.000132999999999939e+00
1.310000000000000053e+00 1.000134000000000079e+00
1.316999999999999948e+00 1.000134000000000079e+00
1.324000000000000066e+00 1.000134000000000079e+00
1.330999999999999961e+00 1.000132999999999939e+00
1.338000000000000078e+00 1.000132000000000021e+00
1.344999999999999973e+00 1.000129999999999963e+00
1.352000000000000091e+00 1.000129000000000046e+00
1.358999999999999986e+00 1.000126000000000071e+00
1.366000000000000103e+00 1.000124000000000013e+00
1.372999999999999998e+00 1.000119999999999898e+00
1.379999999999999893e+00 1.000116999999999923e+00
1.387000000000000011e+00 1.000113000000000030e+00
1.393999999999999906e+00 1.000108999999999915e+00
1.401000000000000023e+00 1.000105000000000022e+00
1.407999999999999918e+00 1.000100999999999907e+00
1.415000000000000036e+00 1.000096000000000096e+00
1.421999999999999931e+00 1.000091000000000063e+00
1.429000000000000048e+00 1.000086000000000030e+00
1.435999999999999943e+00 1.000080999999999998e+00
1.443000000000000060e+00 1.000075000000000047e+00
1.449999999999999956e+00 1.000070000000000014e+00
1.457000000000000073e+00 1.000064999999999982e+00
1.463999999999999968e+00 1.000059000000000031e+00
1.471000000000000085e+00 1.000053999999999998e+00
1.477999999999999980e+00 1.000048999999999966e+00
1.485000000000000098e+00 1.000043000000000015e+00
1.491999999999999993e+00 1.000037999999999982e+00
1.499000000000000110e+00 1.000034000000000090e+00
1.506000000000000005e+00 1.000029000000000057e+00
1.512999999999999901e+00 1.000024000000000024e+00
1.520000000000000018e+00 1.000019999999999909e+00
1.526999999999999913e+00 1.000016000000000016e+00
1.534000000000000030e+00 1.000013000000000041e+00
1.540999999999999925e+00 1.000010000000000066e+00
1.548000000000000043e+00 1.000007000000000090e+00
1.554999999999999938e+00 1.000005000000000033e+00
1.562000000000000055e+00 1.000002999999999975e+00
1.568999999999999950e+00 1.000000999999999918e+00
1.576000000000000068e+00 1.000000999999999918e+00
1.582999999999999963e+00 1.000000000000000000e+00
1.590000000000000080e+00 1.000000000000000000e+00
1.596999999999999975e+00 1.000000999999999918e+00
1.604000000000000092e+00 1.000002000000000058e+00
1.610999999999999988e+00 1.000003999999999893e+00
1.618000000000000105e+00 1.000007000000000090e+00
1.625000000000000000e+00 1.000010000000000066e+00
1.631999999999999895e+00 1.000013000000000041e+00
1.639000000000000012e+00 1.000018000000000074e+00
1.645999999999999908e+00 1.000021999999999966e+00
1.653000000000000025e+00 1.000027999999999917e+00
1.659999999999999920e+00 1.000034000000000090e+00
1.667000000000000037e+00 1.000040999999999958e+00
1.673999999999999932e+00 1.000048000000000048e+00
1.681000000000000050e+00 1.000054999999999916e+00
1.687999999999999945e+00 1.000064000000000064e+00
1.695000000000000062e+00 1.000072000000000072e+00
1.701999999999999957e+00 1.000081999999999915e+00
1.709000000000000075e+00 1.000091000000000063e+00
1.715999999999999970e+00 1.000102000000000046e+00
1.723000000000000087e+00 1.000111999999999890e+00
1.729999999999999982e+00 1.000123000000000095e+00
1.737000000000000099e+00 1.000134000000000079e+00
1.743999999999999995e+00 1.000145999999999979e+00
1.750999999999999890e+00 1.000156999999999963e+00
1.758000000000000007e+00 1.000169000000000086e+00
1.764999999999999902e+00 1.000180999999999987e+00
1.772000000000000020e+00 1.000193000000000110e+00
1.778999999999999915e+00 1.000205000000000011e+00
1.786000000000000032e+00 1.000218000000000051e+00
1.792999999999999927e+00 1.000229999999999952e+00
1.800000000000000044e+00 1.000242000000000075e+00
1.806999999999999940e+00 1.000253999999999976e+00
1.814000000000000057e+00 1.000266000000000099e+00
1.820999999999999952e+00 1.000277000000000083e+00
1.828000000000000069e+00 1.000288000000000066e+00
1.834999999999999964e+00 1.000299000000000049e+00
1.842000000000000082e+00 1.000310000000000032e+00
1.848999999999999977e+00 1.000320000000000098e+00
1.856000000000000094e+00 1.000329999999999941e+00
1.862999999999999989e+00 1.000340000000000007e+00
1.870000000000000107e+00 1.000348000000000015e+00
1.877000000000000002e+00 1.000356999999999941e+00
1.883999999999999897e+00 1.000364999999999949e+00
1.891000000000000014e+00 1.000372000000000039e+00
1.897999999999999909e+00 1.000377999999999989e+00
1.905000000000000027e+00 1.000383999999999940e+00
1.911999999999999922e+00 1.000389999999999890e+00
1.919000000000000039e+00 1.000394000000000005e+00
1.925999999999999934e+00 1.000397999999999898e+00
1.933000000000000052e+00 1.000402000000000013e+00
1.939999999999999947e+00 1.000404000000000071e+00
1.947000000000000064e+00 1.000405999999999906e+00
1.953999999999999959e+00 1.000407000000000046e+00
1.961000000000000076e+00 1.000407000000000046e+00
1.967999999999999972e+00 1.000407000000000046e+00
1.975000000000000089e+00 1.000405999999999906e+00
1.981999999999999984e+00 1.000404000000000071e+00
1.989000000000000101e+00 1.000402000000000013e+00
1.995999999999999996e+00 1.000397999999999898e+00
2.003000000000000114e+00 1.000394000000000005e+00
2.009999999999999787e+00 1.000388999999999973e+00
2.016999999999999904e+00 1.000382000000000104e+00
2.024000000000000021e+00 9.944560000000000066e-01
2.031000000000000139e+00 9.889000000000000012e-01
2.037999999999999812e+00 9.853100000000000191e-01
2.044999999999999929e+00 9.824570000000000247e-01
2.052000000000000046e+00 9.800280000000000102e-01
2.059000000000000163e+00 9.778839999999999755e-01
2.065999999999999837e+00 9.759480000000000377e-01
2.072999999999999954e+00 9.741739999999999844e-01
2.080000000000000071e+00 9.725310000000000343e-01
2.087000000000000188e+00 9.709959999999999702e-01
2.093999999999999861e+00 9.695529999999999982e-01
2.100999999999999979e+00 9.681870000000000198e-01
2.108000000000000096e+00 9.668909999999999449e-01
2.115000000000000213e+00 9.656550000000000411e-01
2.121999999999999886e+00 9.644730000000000247e-01
2.129000000000000004e+00 9.633399999999999741e-01
2.136000000000000121e+00 9.622509999999999675e-01
2.142999999999999794e+00 9.612020000000000008e-01
2.149999999999999911e+00 9.601889999999999592e-01
2.157000000000000028e+00 9.592110000000000358e-01
2.164000000000000146e+00 9.582640000000000047e-01
2.170999999999999819e+00 9.573469999999999480e-01
2.177999999999999936e+00 9.564570000000000016e-01
2.185000000000000053e+00 9.555930000000000257e-01
2.192000000000000171e+00 9.547529999999999628e-01
2.198999999999999844e+00 9.539370000000000349e-01
2.205999999999999961e+00 9.531420000000000448e-01
2.213000000000000078e+00 9.523679999999999923e-01
2.220000000000000195e+00 9.516139999999999599e-01
2.226999999999999869e+00 9.508790000000000298e-01
2.233999999999999986e+00 9.501619999999999511e-01
2.241000000000000103e+00 9.494629999999999459e-01
2.248000000000000220e+00 9.487809999999999855e-01
2.254999999999999893e+00 9.481140000000000123e-01
2.262000000000000011e+00 9.474639999999999729e-01
2.269000000000000128e+00 9.468280000000000030e-01
2.275999999999999801e+00 9.462070000000000203e-01
2.282999999999999918e+00 9.455999999999999961e-01
2.290000000000000036e+00 9.450070000000000414e-01
2.297000000000000153e+00 9.444270000000000165e-01
2.303999999999999826e+00 9.438590000000000035e-01
2.310999999999999943e+00 9.433040000000000314e-01
2.318000000000000060e+00 9.427609999999999602e-01
2.325000000000000178e+00 9.422300000000000120e-01
2.331999999999999851e+00 9.417090000000000183e-01
2.338999999999999968e+00 9.412000000000000366e-01
2.346000000000000085e+00 9.407010000000000094e-01
2.353000000000000203e+00 9.402120000000000477e-01
2.359999999999999876e+00 9.397339999999999582e-01
2.366999999999999993e+00 9.392639999999999878e-01
2.374000000000000110e+00 9.388039999999999718e-01
2.380999999999999783e+00 9.383529999999999927e-01
2.387999999999999901e+00 9.379110000000000502e-01
2.395000000000000018e+00 9.374770000000000048e-01
2.402000000000000135e+00 9.370509999999999673e-01
2.408999999999999808e+00 9.366330000000000489e-01
2.415999999999999925e+00 9.362219999999999986e-01
2.423000000000000043e+00 9.358189999999999564e-01
2.430000000000000160e+00 9.354230000000000045e-01
2.436999999999999833e+00 9.350340000000000318e-01
2.443999999999999950e+00 9.346510000000000096e-01
2.451000000000000068e+00 9.342749999999999666e-01
2.458000000000000185e+00 9.339049999999999851e-01
2.464999999999999858e+00 9.335409999999999542e-01
2.471999999999999975e+00 9.331829999999999847e-01
2.479000000000000092e+00 9.328309999999999658e-01
2.486000000000000210e+00 9.324839999999999796e-01
2.492999999999999883e+00 9.321420000000000261e-01
2.500000000000000000e+00 9.318060000000000231e-01
2.507000000000000117e+00 9.314740000000000242e-01
2.513999999999999790e+00 9.311479999999999757e-01
2.520999999999999908e+00 9.308260000000000423e-01
2.528000000000000025e+00 9.305090000000000305e-01
2.535000000000000142e+00 9.301960000000000228e-01
2.541999999999999815e+00 9.298880000000000479e-01
2.548999999999999932e+00 9.295830000000000481e-01
2.556000000000000050e+00 9.292839999999999989e-01
2.563000000000000167e+00 9.289880000000000360e-01
2.569999999999999840e+00 9.286959999999999660e-01
2.576999999999999957e+00 9.284090000000000398e-01
2.584000000000000075e+00 9.281249999999999778e-01
2.591000000000000192e+00 9.278450000000000308e-01
2.597999999999999865e+00 9.275689999999999769e-01
2.604999999999999982e+00 9.272970000000000379e-01
2.612000000000000099e+00 9.270279999999999632e-01
2.619000000000000217e+00 9.267630000000000035e-01
2.625999999999999890e+00 9.265020000000000477e-01
2.633000000000000007e+00 9.262449999999999850e-01
2.640000000000000124e+00 9.259910000000000085e-01
2.646999999999999797e+00 9.257400000000000073e-01
2.653999999999999915e+00 9.254930000000000101e-01
2.661000000000000032e+00 9.252500000000000169e-01
2.668000000000000149e+00 9.250099999999999989e-01
2.674999999999999822e+00 9.247739999999999849e-01
2.681999999999999940e+00 9.245409999999999462e-01
2.689000000000000057e+00 9.243120000000000225e-01
2.696000000000000174e+00 9.240859999999999630e-01
2.702999999999999847e+00 9.238640000000000185e-01
2.709999999999999964e+00 9.236459999999999670e-01
2.717000000000000082e+00 9.234299999999999731e-01
2.724000000000000199e+00 9.232179999999999831e-01
2.730999999999999872e+00 9.230099999999999971e-01
2.737999999999999989e+00 9.228049999999999864e-01
2.745000000000000107e+00 9.226039999999999797e-01
2.751999999999999780e+00 9.224050000000000304e-01
2.758999999999999897e+00 9.222110000000000030e-01
2.766000000000000014e+00 9.220190000000000330e-01
2.773000000000000131e+00 9.218319999999999848e-01
2.779999999999999805e+00 9.216469999999999940e-01
2.786999999999999922e+00 9.214660000000000073e-01
2.794000000000000039e+00 9.212879999999999958e-01
2.801000000000000156e+00 9.211129999999999596e-01
2.807999999999999829e+00 9.209420000000000384e-01
2.814999999999999947e+00 9.207739999999999814e-01
2.822000000000000064e+00 9.206090000000000106e-01
2.829000000000000181e+00 9.204480000000000439e-01
2.835999999999999854e+00 9.202900000000000524e-01
2.842999999999999972e+00 9.201340000000000074e-01
2.850000000000000089e+00 9.199819999999999665e-01
2.857000000000000206e+00 9.198330000000000117e-01
2.863999999999999879e+00 9.196870000000000323e-01
2.870999999999999996e+00 9.195440000000000280e-01
2.878000000000000114e+00 9.194039999999999990e-01
2.884999999999999787e+00 9.192669999999999453e-01
2.891999999999999904e+00 9.191319999999999490e-01
2.899000000000000021e+00 9.190009999999999568e-01
2.906000000000000139e+00 9.188720000000000221e-01
2.912999999999999812e+00 9.187459999999999516e-01
2.919999999999999929e+00 9.186229999999999674e-01
2.927000000000000046e+00 9.185020000000000406e-01
2.934000000000000163e+00 9.183839999999999781e-01
2.940999999999999837e+00 9.182679999999999731e-01
2.947999999999999954e+00 9.181550000000000544e-01
2.955000000000000071e+00 9.180449999999999999e-01
2.962000000000000188e+00 9.179359999999999742e-01
2.968999999999999861e+00 9.178300000000000347e-01
2.975999999999999979e+00 9.177269999999999595e-01
2.983000000000000096e+00 9.176250000000000240e-01
2.990000000000000213e+00 9.175259999999999527e-01
2.996999999999999886e+00 9.174290000000000500e-01
3.004000000000000004e+00 9.173339999999999828e-01
3.011000000000000121e+00 9.172420000000000018e-01
3.017999999999999794e+00 9.171510000000000495e-01
3.024999999999999911e+00 9.170620000000000438e-01
3.032000000000000028e+00 9.169749999999999845e-01
3.039000000000000146e+00 9.168910000000000116e-01
3.045999999999999819e+00 9.168079999999999563e-01
3.052999999999999936e+00 9.167269999999999586e-01
3.060000000000000053e+00 9.166469999999999896e-01
3.067000000000000171e+00 9.165699999999999958e-01
3.073999999999999844e+00 9.164940000000000309e-01
3.080999999999999961e+00 9.164210000000000411e-01
3.088000000000000078e+00 9.163480000000000514e-01
3.095000000000000195e+00 9.162780000000000369e-01
3.101999999999999869e+00 9.162090000000000511e-01
3.108999999999999986e+00 9.161420000000000119e-01
3.116000000000000103e+00 9.160770000000000302e-01
3.123000000000000220e+00 9.160129999999999661e-01
3.129999999999999893e+00 9.159519999999999884e-01
3.137000000000000011e+00 9.158910000000000107e-01
3.144000000000000128e+00 9.158330000000000082e-01
3.150999999999999801e+00 9.157760000000000344e-01
3.157999999999999918e+00 9.157210000000000072e-01
3.165000000000000036e+00 9.156670000000000087e-01
3.172000000000000153e+00 9.156159999999999854e-01
3.178999999999999826e+00 9.155659999999999910e-01
3.185999999999999943e+00 9.155180000000000540e-01
3.193000000000000060e+00 9.154710000000000347e-01
3.200000000000000178e+00 9.154269999999999907e-01
3.206999999999999851e+00 9.153839999999999755e-01
3.213999999999999968e+00 9.153430000000000177e-01
3.221000000000000085e+00 9.153040000000000065e-01
3.228000000000000203e+00 9.152670000000000528e-01
3.234999999999999876e+00 9.152320000000000455e-01
3.241999999999999993e+00 9.151979999999999560e-01
3.249000000000000110e+00 9.151669999999999527e-01
3.255999999999999783e+00 9.151380000000000070e-01
3.262999999999999901e+00 9.151110000000000078e-01
3.270000000000000018e+00 9.150869999999999838e-01
3.277000000000000135e+00 9.150639999999999885e-01
3.283999999999999808e+00 9.150430000000000508e-01
3.290999999999999925e+00 9.150249999999999773e-01
3.298000000000000043e+00 9.150089999999999613e-01
3.305000000000000160e+00 9.149960000000000315e-01
3.311999999999999833e+00 9.149850000000000483e-01
3.318999999999999950e+00 9.149760000000000115e-01
3.326000000000000068e+00 9.149699999999999500e-01
3.333000000000000185e+00 9.149669999999999748e-01
3.339999999999999858e+00 9.149659999999999460e-01
3.346999999999999975e+00 9.149669999999999748e-01
3.354000000000000092e+00 9.149720000000000075e-01
3.361000000000000210e+00 9.149789999999999868e-01
3.367999999999999883e+00 9.149890000000000523e-01
3.375000000000000000e+00 9.150019999999999820e-01
3.382000000000000117e+00 9.150179999999999980e-01
3.388999999999999790e+00 9.150369999999999893e-01
3.395999999999999908e+00 9.150580000000000380e-01
3.403000000000000025e+00 9.150829999999999798e-01
3.410000000000000142e+00 9.151099999999999790e-01
3.416999999999999815e+00 9.151409999999999823e-01
3.423999999999999932e+00 9.151759999999999895e-01
3.431000000000000050e+00 9.152130000000000543e-01
3.438000000000000167e+00 9.152540000000000120e-01
3.444999999999999840e+00 9.152970000000000272e-01
3.451999999999999957e+00 9.153440000000000465e-01
3.459000000000000075e+00 9.153949999999999587e-01
3.466000000000000192e+00 9.154489999999999572e-01
3.472999999999999865e+00 9.155060000000000420e-01
3.479999999999999982e+00 9.155670000000000197e-01
3.487000000000000099e+00 9.156309999999999727e-01
3.494000000000000217e+00 9.156980000000000119e-01
3.500999999999999890e+00 9.157690000000000552e-01
3.508000000000000007e+00 9.158439999999999914e-01
3.515000000000000124e+00 9.159220000000000139e-01
3.521999999999999797e+00 9.160040000000000404e-01
3.528999999999999915e+00 9.160890000000000422e-01
3.536000000000000032e+00 9.161780000000000479e-01
3.543000000000000149e+00 9.162709999999999466e-01
3.549999999999999822e+00 9.163670000000000426e-01
3.556999999999999940e+00 9.164670000000000316e-01
3.564000000000000057e+00 9.165699999999999958e-01
3.571000000000000174e+00 9.166769999999999641e-01
3.577999999999999847e+00 9.167880000000000473e-01
3.584999999999999964e+00 9.169019999999999948e-01
3.592000000000000082e+00 9.170199999999999463e-01
3.599000000000000199e+00 9.171420000000000128e-01
3.605999999999999872e+00 9.172670000000000545e-01
3.612999999999999989e+00 9.173959999999999892e-01
3.620000000000000107e+00 9.175280000000000102e-01
3.626999999999999780e+00 9.176640000000000352e-01
3.633999999999999897e+00 9.178039999999999532e-01
3.641000000000000014e+00 9.179469999999999574e-01
3.648000000000000131e+00 9.180939999999999657e-01
3.654999999999999805e+00 9.182439999999999491e-01
3.661999999999999922e+00 9.183980000000000476e-01
3.669000000000000039e+00 9.185550000000000104e-01
3.676000000000000156e+00 9.187159999999999771e-01
3.682999999999999829e+00 9.188800000000000301e-01
3.689999999999999947e+00 9.190469999999999473e-01
3.697000000000000064e+00 9.192190000000000083e-01
3.704000000000000181e+00 9.193930000000000158e-01
3.710999999999999854e+00 9.195710000000000273e-01
3.717999999999999972e+00 9.197520000000000140e-01
3.725000000000000089e+00 9.199370000000000047e-01
3.732000000000000206e+00 9.201249999999999707e-01
3.738999999999999879e+00 9.203160000000000229e-01
3.745999999999999996e+00 9.205100000000000504e-01
3.753000000000000114e+00 9.207079999999999709e-01
3.759999999999999787e+00 9.209089999999999776e-01
3.766999999999999904e+00 9.211129999999999596e-01
3.774000000000000021e+00 9.213200000000000278e-01
3.781000000000000139e+00 9.215309999999999890e-01
3.787999999999999812e+00 9.217440000000000078e-01
3.794999999999999929e+00 9.219610000000000305e-01
3.802000000000000046e+00 9.221810000000000285e-01
3.809000000000000163e+00 9.224040000000000017e-01
3.815999999999999837e+00 9.226299999999999502e-01
3.822999999999999954e+00 9.228589999999999849e-01
3.830000000000000071e+00 9.230909999999999949e-01
3.837000000000000188e+00 9.233259999999999801e-01
3.843999999999999861e+00 9.235640000000000516e-01
3.850999999999999979e+00 9.238049999999999873e-01
3.858000000000000096e+00 9.240500000000000380e-01
3.865000000000000213e+00 9.242970000000000352e-01
3.871999999999999886e+00 9.245470000000000077e-01
3.879000000000000004e+00 9.248009999999999842e-01
3.886000000000000121e+00 9.250570000000000181e-01
3.892999999999999794e+00 9.253160000000000274e-01
3.899999999999999911e+00 9.255790000000000406e-01
3.907000000000000028e+00 9.258440000000000003e-01
3.914000000000000146e+00 9.261120000000000463e-01
3.920999999999999819e+00 9.263839999999999852e-01
3.927999999999999936e+00 9.266590000000000105e-01
3.935000000000000053e+00 9.269370000000000109e-01
3.942000000000000171e+00 9.272179999999999866e-01
3.948999999999999844e+00 9.275020000000000486e-01
3.955999999999999961e+00 9.277889999999999748e-01
3.963000000000000078e+00 9.280800000000000161e-01
3.970000000000000195e+00 9.283749999999999503e-01
3.976999999999999869e+00 9.286720000000000530e-01
3.983999999999999986e+00 9.289730000000000487e-01
3.991000000000000103e+00 9.292780000000000484e-01
3.998000000000000220e+00 9.295860000000000234e-01
4.004999999999999893e+00 9.298980000000000024e-01
4.011999999999999567e+00 9.302129999999999566e-01
4.019000000000000128e+00 9.305330000000000545e-01
4.025999999999999801e+00 9.308560000000000167e-01
4.033000000000000362e+00 9.311829999999999830e-01
4.040000000000000036e+00 9.315139999999999532e-01
4.046999999999999709e+00 9.318499999999999561e-01
4.054000000000000270e+00 9.321899999999999631e-01
4.060999999999999943e+00 9.325339999999999741e-01
4.067999999999999616e+00 9.328830000000000178e-01
4.075000000000000178e+00 9.332369999999999832e-01
4.081999999999999851e+00 9.335949999999999527e-01
4.089000000000000412e+00 9.339589999999999836e-01
4.096000000000000085e+00 9.343270000000000186e-01
4.102999999999999758e+00 9.347010000000000041e-01
4.110000000000000320e+00 9.350810000000000510e-01
4.116999999999999993e+00 9.354660000000000197e-01
4.123999999999999666e+00 9.358570000000000499e-01
4.131000000000000227e+00 9.362540000000000306e-01
4.137999999999999901e+00 9.366569999999999618e-01
4.144999999999999574e+00 9.370669999999999833e-01
4.152000000000000135e+00 9.374839999999999840e-01
4.158999999999999808e+00 9.379079999999999639e-01
4.166000000000000369e+00 9.383390000000000342e-01
4.173000000000000043e+00 9.387769999999999726e-01
4.179999999999999716e+00 9.392239999999999478e-01
4.187000000000000277e+00 9.396790000000000420e-01
4.193999999999999950e+00 9.401420000000000332e-01
4.200999999999999623e+00 9.406139999999999501e-01
4.208000000000000185e+00 9.410960000000000436e-01
4.214999999999999858e+00 9.415869999999999518e-01
4.222000000000000419e+00 9.420880000000000365e-01
4.229000000000000092e+00 9.425999999999999934e-01
4.235999999999999766e+00 9.431230000000000446e-01
4.243000000000000327e+00 9.436569999999999681e-01
4.250000000000000000e+00 9.442040000000000433e-01
4.256999999999999673e+00 9.447630000000000194e-01
4.264000000000000234e+00 9.453340000000000076e-01
4.270999999999999908e+00 9.459199999999999831e-01
4.277999999999999581e+00 9.465200000000000280e-01
4.285000000000000142e+00 9.471349999999999492e-01
4.291999999999999815e+00 9.477670000000000261e-01
4.299000000000000377e+00 9.484150000000000080e-01
4.306000000000000050e+00 9.490809999999999524e-01
4.312999999999999723e+00 9.497649999999999704e-01
4.320000000000000284e+00 9.504679999999999795e-01
4.326999999999999957e+00 9.511920000000000375e-01
4.333999999999999631e+00 9.519379999999999509e-01
4.341000000000000192e+00 9.527069999999999705e-01
4.347999999999999865e+00 9.535000000000000142e-01
4.355000000000000426e+00 9.543179999999999996e-01
4.362000000000000099e+00 9.551650000000000418e-01
4.368999999999999773e+00 9.560389999999999722e-01
4.376000000000000334e+00 9.569450000000000456e-01
4.383000000000000007e+00 9.578830000000000400e-01
4.389999999999999680e+00 9.588560000000000416e-01
4.397000000000000242e+00 9.598649999999999682e-01
4.403999999999999915e+00 9.609149999999999636e-01
4.410999999999999588e+00 9.620049999999999990e-01
4.418000000000000149e+00 9.631420000000000536e-01
4.424999999999999822e+00 9.643260000000000165e-01
4.432000000000000384e+00 9.655620000000000314e-01
4.439000000000000057e+00 9.668539999999999912e-01
4.445999999999999730e+00 9.682039999999999536e-01
4.453000000000000291e+00 9.696190000000000087e-01
4.459999999999999964e+00 9.711009999999999920e-01
4.466999999999999638e+00 9.726559999999999651e-01
4.474000000000000199e+00 9.742899999999999894e-01
4.480999999999999872e+00 9.760060000000000402e-01
4.488000000000000433e+00 9.778099999999999570e-01
4.495000000000000107e+00 9.797080000000000233e-01
4.501999999999999780e+00 9.817019999999999635e-01
4.509000000000000341e+00 9.837930000000000286e-01
4.516000000000000014e+00 9.859830000000000538e-01
4.522999999999999687e+00 9.882619999999999738e-01
4.530000000000000249e+00 9.906179999999999986e-01
4.536999999999999922e+00 9.930179999999999563e-01
4.543999999999999595e+00 9.954100000000000170e-01
4.551000000000000156e+00 9.977000000000000313e-01
4.557999999999999829e+00 9.997230000000000283e-01
4.565000000000000391e+00 1.001195999999999975e+00
4.572000000000000064e+00 1.001619000000000037e+00
4.578999999999999737e+00 1.000102999999999964e+00
4.586000000000000298e+00 9.950210000000000443e-01
4.592999999999999972e+00 9.833319999999999839e-01
4.599999999999999645e+00 9.592469999999999608e-01
4.607000000000000206e+00 9.118340000000000334e-01
4.613999999999999879e+00 8.220370000000000177e-01
4.621000000000000441e+00 6.650920000000000165e-01
4.628000000000000114e+00 4.366820000000000146e-01
4.634999999999999787e+00 2.188370000000000037e-01
4.642000000000000348e+00 2.433339999999999947e-01
4.649000000000000021e+00 3.935069999999999957e-01
4.655999999999999694e+00 5.155020000000000158e-01
4.663000000000000256e+00 6.029560000000000475e-01
4.669999999999999929e+00 6.655170000000000252e-01
4.676999999999999602e+00 7.112789999999999946e-01
4.684000000000000163e+00 7.456730000000000302e-01
4.690999999999999837e+00 7.722139999999999560e-01
4.698000000000000398e+00 7.931920000000000082e-01
4.705000000000000071e+00 8.101270000000000415e-01
4.711999999999999744e+00 8.240560000000000107e-01
4.719000000000000306e+00 8.356999999999999984e-01
4.725999999999999979e+00 8.455780000000000518e-01
4.732999999999999652e+00 8.540630000000000166e-01
4.740000000000000213e+00 8.614349999999999508e-01
4.746999999999999886e+00 8.679050000000000376e-01
4.753999999999999559e+00 8.736359999999999681e-01
4.761000000000000121e+00 8.787549999999999528e-01
4.767999999999999794e+00 8.833609999999999518e-01
4.775000000000000355e+00 8.875349999999999628e-01
4.782000000000000028e+00 8.913389999999999924e-01
4.788999999999999702e+00 8.948270000000000390e-01
4.796000000000000263e+00 8.980430000000000357e-01
4.802999999999999936e+00 9.010219999999999896e-01
4.809999999999999609e+00 9.037929999999999575e-01
4.817000000000000171e+00 9.063839999999999675e-01
4.823999999999999844e+00 9.088129999999999820e-01
4.831000000000000405e+00 9.111019999999999675e-01
4.838000000000000078e+00 9.132630000000000470e-01
4.844999999999999751e+00 9.153120000000000145e-01
4.852000000000000313e+00 9.172609999999999930e-01
4.858999999999999986e+00 9.191179999999999906e-01
4.865999999999999659e+00 9.208929999999999616e-01
4.873000000000000220e+00 9.225940000000000252e-01
4.879999999999999893e+00 9.242280000000000495e-01
4.886999999999999567e+00 9.258009999999999851e-01
4.894000000000000128e+00 9.273179999999999756e-01
4.900999999999999801e+00 9.287849999999999717e-01
4.908000000000000362e+00 9.302040000000000308e-01
4.915000000000000036e+00 9.315799999999999637e-01
4.921999999999999709e+00 9.329180000000000250e-01
4.929000000000000270e+00 9.342200000000000504e-01
4.935999999999999943e+00 9.354879999999999862e-01
4.942999999999999616e+00 9.367250000000000298e-01
4.950000000000000178e+00 9.379340000000000455e-01
4.956999999999999851e+00 9.391169999999999796e-01
4.964000000000000412e+00 9.402749999999999719e-01
4.971000000000000085e+00 9.414099999999999691e-01
4.977999999999999758e+00 9.425240000000000284e-01
4.985000000000000320e+00 9.436179999999999568e-01
4.991999999999999993e+00 9.446949999999999514e-01
4.998999999999999666e+00 9.457539999999999836e-01
5.006000000000000227e+00 9.467959999999999710e-01
5.012999999999999901e+00 9.478239999999999998e-01
5.019999999999999574e+00 9.488379999999999592e-01
5.027000000000000135e+00 9.498379999999999601e-01
5.033999999999999808e+00 9.508259999999999490e-01
5.041000000000000369e+00 9.518039999999999834e-01
5.048000000000000043e+00 9.527679999999999483e-01
5.054999999999999716e+00 9.537240000000000162e-01
5.062000000000000277e+00 9.546700000000000186e-01
5.068999999999999950e+00 9.556059999999999555e-01
5.075999999999999623e+00 9.565339999999999954e-01
5.083000000000000185e+00 9.574540000000000273e-01
5.089999999999999858e+00 9.583660000000000512e-01
5.097000000000000419e+00 9.592709999999999848e-01
5.104000000000000092e+00 9.601680000000000215e-01
5.110999999999999766e+00 9.610600000000000254e-01
5.118000000000000327e+00 9.619429999999999925e-01
5.125000000000000000e+00 9.628229999999999844e-01
5.131999999999999673e+00 9.636959999999999971e-01
5.139000000000000234e+00 9.645629999999999482e-01
5.145999999999999908e+00 9.654249999999999776e-01
5.152999999999999581e+00 9.662819999999999743e-01
5.160000000000000142e+00 9.671340000000000492e-01
5.166999999999999815e+00 9.679809999999999803e-01
5.174000000000000377e+00 9.688240000000000185e-01
5.181000000000000050e+00 9.696620000000000239e-01
5.187999999999999723e+00 9.704949999999999966e-01
5.195000000000000284e+00 9.713249999999999940e-01
5.201999999999999957e+00 9.721499999999999586e-01
5.208999999999999631e+00 9.729700000000000015e-01
5.216000000000000192e+00 9.737879999999999869e-01
5.222999999999999865e+00 9.745989999999999931e-01
5.230000000000000426e+00 9.754080000000000528e-01
5.237000000000000099e+00 9.762119999999999687e-01
5.243999999999999773e+00 9.770100000000000451e-01
5.251000000000000334e+00 9.778069999999999817e-01
5.258000000000000007e+00 9.785970000000000502e-01
5.264999999999999680e+00 9.793819999999999748e-01
5.272000000000000242e+00 9.801630000000000065e-01
5.278999999999999915e+00 9.809400000000000341e-01
5.285999999999999588e+00 9.817120000000000291e-01
5.293000000000000149e+00 9.824760000000000160e-01
5.299999999999999822e+00 9.832370000000000276e-01
5.307000000000000384e+00 9.839900000000000313e-01
5.314000000000000057e+00 9.847380000000000022e-01
5.320999999999999730e+00 9.854789999999999939e-01
5.328000000000000291e+00 9.862119999999999775e-01
5.334999999999999964e+00 9.869390000000000107e-01
5.341999999999999638e+00 9.876559999999999784e-01
5.349000000000000199e+00 9.883659999999999668e-01
5.355999999999999872e+00 9.890670000000000295e-01
5.363000000000000433e+00 9.897580000000000267e-01
5.370000000000000107e+00 9.904380000000000406e-01
5.376999999999999780e+00 9.911060000000000425e-01
5.384000000000000341e+00 9.917629999999999502e-01
5.391000000000000014e+00 9.924070000000000391e-01
5.397999999999999687e+00 9.930379999999999763e-01
5.405000000000000249e+00 9.936519999999999797e-01
5.411999999999999922e+00 9.942499999999999671e-01
5.418999999999999595e+00 9.948310000000000208e-01
5.426000000000000156e+00 9.953929999999999723e-01
5.432999999999999829e+00 9.959350000000000147e-01
5.440000000000000391e+00 9.964560000000000084e-01
5.447000000000000064e+00 9.969510000000000316e-01
5.453999999999999737e+00 9.974220000000000308e-01
5.461000000000000298e+00 9.978650000000000020e-01
5.467999999999999972e+00 9.982799999999999452e-01
5.474999999999999645e+00 9.986620000000000497e-01
5.482000000000000206e+00 9.990090000000000359e-01
5.488999999999999879e+00 9.993199999999999861e-01
5.496000000000000441e+00 9.995899999999999785e-01
5.503000000000000114e+00 9.998179999999999845e-01
5.509999999999999787e+00 9.999980000000000535e-01
5.517000000000000348e+00 1.000129000000000046e+00
5.524000000000000021e+00 1.000204000000000093e+00
5.530999999999999694e+00 1.000221999999999944e+00
5.538000000000000256e+00 1.000177000000000094e+00
5.544999999999999929e+00 1.000062999999999924e+00
5.551999999999999602e+00 9.998770000000000158e-01
5.559000000000000163e+00 9.996099999999999985e-01
5.565999999999999837e+00 9.992590000000000083e-01
5.573000000000000398e+00 9.988160000000000371e-01
5.580000000000000071e+00 9.982739999999999947e-01
5.586999999999999744e+00 9.976239999999999553e-01
5.594000000000000306e+00 9.968590000000000506e-01
