2.025999999999999801e+00 1.283430000000000126e-01
2.032999999999999918e+00 1.623660000000000103e-01
2.040000000000000036e+00 1.829590000000000105e-01
2.047000000000000153e+00 1.985500000000000043e-01
2.053999999999999826e+00 2.114699999999999913e-01
2.060999999999999943e+00 2.226660000000000028e-01
2.068000000000000060e+00 2.326010000000000022e-01
2.075000000000000178e+00 2.415519999999999889e-01
2.081999999999999851e+00 2.497080000000000133e-01
2.088999999999999968e+00 2.572119999999999962e-01
2.096000000000000085e+00 2.641809999999999992e-01
2.103000000000000203e+00 2.707069999999999754e-01
2.109999999999999876e+00 2.768680000000000030e-01
2.116999999999999993e+00 2.827279999999999793e-01
2.124000000000000110e+00 2.883330000000000060e-01
2.130999999999999783e+00 2.937219999999999831e-01
2.137999999999999901e+00 2.989220000000000210e-01
2.145000000000000018e+00 3.039479999999999960e-01
2.152000000000000135e+00 3.088139999999999774e-01
2.158999999999999808e+00 3.135240000000000249e-01
2.165999999999999925e+00 3.180810000000000026e-01
2.173000000000000043e+00 3.224830000000000196e-01
2.180000000000000160e+00 3.267289999999999917e-01
2.186999999999999833e+00 3.308159999999999989e-01
2.193999999999999950e+00 3.347399999999999820e-01
2.201000000000000068e+00 3.384989999999999943e-01
2.208000000000000185e+00 3.420900000000000052e-01
2.214999999999999858e+00 3.455119999999999858e-01
2.221999999999999975e+00 3.487660000000000204e-01
2.229000000000000092e+00 3.518510000000000248e-01
2.236000000000000210e+00 3.547710000000000030e-01
2.242999999999999883e+00 3.575269999999999837e-01
2.250000000000000000e+00 3.601249999999999729e-01
2.257000000000000117e+00 3.625680000000000014e-01
2.263999999999999790e+00 3.648600000000000176e-01
2.270999999999999908e+00 3.670070000000000277e-01
2.278000000000000025e+00 3.690149999999999819e-01
2.285000000000000142e+00 3.708879999999999955e-01
2.291999999999999815e+00 3.726309999999999900e-01
2.298999999999999932e+00 3.742489999999999983e-01
2.306000000000000050e+00 3.757480000000000264e-01
2.313000000000000167e+00 3.771309999999999940e-01
2.319999999999999840e+00 3.784020000000000161e-01
2.326999999999999957e+00 3.795669999999999877e-01
2.334000000000000075e+00 3.806269999999999931e-01
2.341000000000000192e+00 3.815879999999999828e-01
2.347999999999999865e+00 3.824520000000000142e-01
2.354999999999999982e+00 3.832229999999999803e-01
2.362000000000000099e+00 3.839020000000000210e-01
2.369000000000000217e+00 3.844940000000000024e-01
2.375999999999999890e+00 3.850009999999999821e-01
2.383000000000000007e+00 3.854250000000000176e-01
2.390000000000000124e+00 3.857700000000000018e-01
2.396999999999999797e+00 3.860359999999999903e-01
2.403999999999999915e+00 3.862280000000000157e-01
2.411000000000000032e+00 3.863460000000000227e-01
2.418000000000000149e+00 3.863949999999999885e-01
2.424999999999999822e+00 3.863750000000000240e-01
2.431999999999999940e+00 3.862900000000000222e-01
2.439000000000000057e+00 3.861430000000000140e-01
2.446000000000000174e+00 3.859349999999999725e-01
2.452999999999999847e+00 3.856700000000000128e-01
2.459999999999999964e+00 3.853500000000000258e-01
2.467000000000000082e+00 3.849790000000000156e-01
2.474000000000000199e+00 3.845580000000000109e-01
2.480999999999999872e+00 3.840919999999999890e-01
2.487999999999999989e+00 3.835839999999999805e-01
2.495000000000000107e+00 3.830370000000000164e-01
2.501999999999999780e+00 3.824529999999999874e-01
2.508999999999999897e+00 3.818369999999999820e-01
2.516000000000000014e+00 3.811930000000000041e-01
2.523000000000000131e+00 3.805220000000000269e-01
2.529999999999999805e+00 3.798300000000000010e-01
2.536999999999999922e+00 3.791189999999999838e-01
2.544000000000000039e+00 3.783940000000000081e-01
2.551000000000000156e+00 3.776570000000000205e-01
2.557999999999999829e+00 3.769109999999999960e-01
2.564999999999999947e+00 3.761619999999999964e-01
2.572000000000000064e+00 3.754109999999999947e-01
2.579000000000000181e+00 3.746619999999999950e-01
2.585999999999999854e+00 3.739190000000000014e-01
2.592999999999999972e+00 3.731829999999999870e-01
2.600000000000000089e+00 3.724589999999999845e-01
2.607000000000000206e+00 3.717489999999999961e-01
2.613999999999999879e+00 3.710559999999999969e-01
2.620999999999999996e+00 3.703819999999999890e-01
2.628000000000000114e+00 3.697300000000000031e-01
2.634999999999999787e+00 3.691019999999999857e-01
2.641999999999999904e+00 3.684999999999999942e-01
2.649000000000000021e+00 3.679270000000000040e-01
2.656000000000000139e+00 3.673830000000000151e-01
2.662999999999999812e+00 3.668719999999999759e-01
2.669999999999999929e+00 3.663939999999999975e-01
2.677000000000000046e+00 3.659499999999999975e-01
2.684000000000000163e+00 3.655439999999999801e-01
2.690999999999999837e+00 3.651739999999999986e-01
2.697999999999999954e+00 3.648429999999999729e-01
2.705000000000000071e+00 3.645519999999999872e-01
2.712000000000000188e+00 3.643009999999999859e-01
2.718999999999999861e+00 3.640920000000000267e-01
2.725999999999999979e+00 3.639240000000000252e-01
2.733000000000000096e+00 3.637989999999999835e-01
2.740000000000000213e+00 3.637170000000000125e-01
2.746999999999999886e+00 3.636780000000000013e-01
2.754000000000000004e+00 3.636829999999999785e-01
2.761000000000000121e+00 3.637319999999999998e-01
2.767999999999999794e+00 3.638250000000000095e-01
2.774999999999999911e+00 3.639629999999999810e-01
2.782000000000000028e+00 3.641449999999999965e-01
2.789000000000000146e+00 3.643719999999999737e-01
2.795999999999999819e+00 3.646429999999999949e-01
2.802999999999999936e+00 3.649580000000000046e-01
2.810000000000000053e+00 3.653179999999999761e-01
2.817000000000000171e+00 3.657219999999999915e-01
2.823999999999999844e+00 3.661699999999999955e-01
2.830999999999999961e+00 3.666610000000000147e-01
2.838000000000000078e+00 3.671960000000000224e-01
2.845000000000000195e+00 3.677750000000000186e-01
2.851999999999999869e+00 3.683960000000000012e-01
2.858999999999999986e+00 3.690599999999999992e-01
2.866000000000000103e+00 3.697659999999999836e-01
2.873000000000000220e+00 3.705140000000000100e-01
2.879999999999999893e+00 3.713029999999999942e-01
2.887000000000000011e+00 3.721340000000000203e-01
2.894000000000000128e+00 3.730049999999999755e-01
2.900999999999999801e+00 3.739149999999999974e-01
2.907999999999999918e+00 3.748659999999999770e-01
2.915000000000000036e+00 3.758560000000000234e-01
2.922000000000000153e+00 3.768839999999999968e-01
2.928999999999999826e+00 3.779489999999999794e-01
2.935999999999999943e+00 3.790529999999999733e-01
2.943000000000000060e+00 3.801919999999999744e-01
2.950000000000000178e+00 3.813679999999999848e-01
2.956999999999999851e+00 3.825799999999999756e-01
2.963999999999999968e+00 3.838260000000000005e-01
2.971000000000000085e+00 3.851049999999999751e-01
2.978000000000000203e+00 3.864179999999999837e-01
2.984999999999999876e+00 3.877639999999999976e-01
2.991999999999999993e+00 3.891410000000000147e-01
2.999000000000000110e+00 3.905480000000000063e-01
3.005999999999999783e+00 3.919860000000000011e-01
3.012999999999999901e+00 3.934520000000000239e-01
3.020000000000000018e+00 3.949460000000000193e-01
3.027000000000000135e+00 3.964670000000000138e-01
3.033999999999999808e+00 3.980139999999999789e-01
3.040999999999999925e+00 3.995850000000000235e-01
3.048000000000000043e+00 4.011799999999999811e-01
3.055000000000000160e+00 4.027970000000000161e-01
3.061999999999999833e+00 4.044360000000000177e-01
3.068999999999999950e+00 4.060940000000000105e-01
3.076000000000000068e+00 4.077700000000000213e-01
3.083000000000000185e+00 4.094639999999999946e-01
3.089999999999999858e+00 4.111719999999999819e-01
3.096999999999999975e+00 4.128950000000000120e-01
3.104000000000000092e+00 4.146299999999999986e-01
3.111000000000000210e+00 4.163760000000000239e-01
3.117999999999999883e+00 4.181309999999999749e-01
3.125000000000000000e+00 4.198919999999999875e-01
3.132000000000000117e+00 4.216590000000000060e-01
3.138999999999999790e+00 4.234289999999999998e-01
3.145999999999999908e+00 4.252009999999999956e-01
3.153000000000000025e+00 4.269720000000000182e-01
3.160000000000000142e+00 4.287389999999999812e-01
3.166999999999999815e+00 4.305019999999999958e-01
3.173999999999999932e+00 4.322570000000000023e-01
3.181000000000000050e+00 4.340030000000000276e-01
3.188000000000000167e+00 4.357360000000000122e-01
3.194999999999999840e+00 4.374549999999999828e-01
3.201999999999999957e+00 4.391570000000000196e-01
3.209000000000000075e+00 4.408389999999999809e-01
3.216000000000000192e+00 4.424989999999999757e-01
3.222999999999999865e+00 4.441350000000000020e-01
3.229999999999999982e+00 4.457430000000000003e-01
3.237000000000000099e+00 4.473210000000000242e-01
3.244000000000000217e+00 4.488670000000000160e-01
3.250999999999999890e+00 4.503759999999999986e-01
3.258000000000000007e+00 4.518480000000000274e-01
3.265000000000000124e+00 4.532789999999999875e-01
3.271999999999999797e+00 4.546669999999999878e-01
3.278999999999999915e+00 4.560089999999999977e-01
3.286000000000000032e+00 4.573019999999999863e-01
3.293000000000000149e+00 4.585440000000000071e-01
3.299999999999999822e+00 4.597330000000000028e-01
3.306999999999999940e+00 4.608659999999999979e-01
3.314000000000000057e+00 4.619400000000000173e-01
3.321000000000000174e+00 4.629539999999999766e-01
3.327999999999999847e+00 4.639050000000000118e-01
3.334999999999999964e+00 4.647919999999999829e-01
3.342000000000000082e+00 4.656109999999999971e-01
3.349000000000000199e+00 4.663630000000000275e-01
3.355999999999999872e+00 4.670449999999999879e-01
3.362999999999999989e+00 4.676560000000000161e-01
3.370000000000000107e+00 4.681939999999999991e-01
3.376999999999999780e+00 4.686580000000000190e-01
3.383999999999999897e+00 4.690480000000000205e-01
3.391000000000000014e+00 4.693620000000000014e-01
3.398000000000000131e+00 4.696000000000000174e-01
3.404999999999999805e+00 4.697620000000000129e-01
3.411999999999999922e+00 4.698470000000000146e-01
3.419000000000000039e+00 4.698550000000000226e-01
3.426000000000000156e+00 4.697859999999999814e-01
3.432999999999999829e+00 4.696420000000000039e-01
3.439999999999999947e+00 4.694209999999999772e-01
3.447000000000000064e+00 4.691259999999999875e-01
3.454000000000000181e+00 4.687560000000000060e-01
3.460999999999999854e+00 4.683129999999999793e-01
3.467999999999999972e+00 4.677970000000000184e-01
3.475000000000000089e+00 4.672109999999999874e-01
3.482000000000000206e+00 4.665560000000000263e-01
3.488999999999999879e+00 4.658320000000000238e-01
3.495999999999999996e+00 4.650429999999999842e-01
3.503000000000000114e+00 4.641899999999999915e-01
3.509999999999999787e+00 4.632740000000000191e-01
3.516999999999999904e+00 4.622979999999999867e-01
3.524000000000000021e+00 4.612640000000000073e-01
3.531000000000000139e+00 4.601740000000000275e-01
3.537999999999999812e+00 4.590299999999999936e-01
3.544999999999999929e+00 4.578340000000000187e-01
3.552000000000000046e+00 4.565899999999999959e-01
3.559000000000000163e+00 4.552990000000000093e-01
3.565999999999999837e+00 4.539630000000000054e-01
3.572999999999999954e+00 4.525859999999999883e-01
3.580000000000000071e+00 4.511689999999999867e-01
3.587000000000000188e+00 4.497140000000000026e-01
3.593999999999999861e+00 4.482240000000000113e-01
3.600999999999999979e+00 4.467030000000000167e-01
3.608000000000000096e+00 4.451510000000000189e-01
3.615000000000000213e+00 4.435700000000000198e-01
3.621999999999999886e+00 4.419649999999999967e-01
3.629000000000000004e+00 4.403349999999999764e-01
3.636000000000000121e+00 4.386849999999999916e-01
3.642999999999999794e+00 4.370149999999999868e-01
3.649999999999999911e+00 4.353279999999999927e-01
3.657000000000000028e+00 4.336249999999999827e-01
3.664000000000000146e+00 4.319089999999999874e-01
3.670999999999999819e+00 4.301820000000000088e-01
3.677999999999999936e+00 4.284439999999999915e-01
3.685000000000000053e+00 4.266989999999999950e-01
3.692000000000000171e+00 4.249470000000000192e-01
3.698999999999999844e+00 4.231909999999999838e-01
3.705999999999999961e+00 4.214310000000000000e-01
3.713000000000000078e+00 4.196679999999999855e-01
3.720000000000000195e+00 4.179059999999999997e-01
3.726999999999999869e+00 4.161440000000000139e-01
3.733999999999999986e+00 4.143830000000000013e-01
3.741000000000000103e+00 4.126259999999999928e-01
3.748000000000000220e+00 4.108729999999999882e-01
3.754999999999999893e+00 4.091250000000000164e-01
3.762000000000000011e+00 4.073829999999999951e-01
3.769000000000000128e+00 4.056480000000000086e-01
3.775999999999999801e+00 4.039209999999999745e-01
3.782999999999999918e+00 4.022029999999999772e-01
3.790000000000000036e+00 4.004940000000000166e-01
3.797000000000000153e+00 3.987950000000000106e-01
3.803999999999999826e+00 3.971060000000000145e-01
3.810999999999999943e+00 3.954280000000000017e-01
3.818000000000000060e+00 3.937629999999999741e-01
3.825000000000000178e+00 3.921089999999999853e-01
3.831999999999999851e+00 3.904690000000000105e-01
3.838999999999999968e+00 3.888409999999999922e-01
3.846000000000000085e+00 3.872269999999999879e-01
3.853000000000000203e+00 3.856260000000000243e-01
3.859999999999999876e+00 3.840390000000000192e-01
3.866999999999999993e+00 3.824670000000000014e-01
3.874000000000000110e+00 3.809100000000000263e-01
3.880999999999999783e+00 3.793670000000000098e-01
3.887999999999999901e+00 3.778380000000000072e-01
3.895000000000000018e+00 3.763250000000000206e-01
3.902000000000000135e+00 3.748270000000000213e-01
3.908999999999999808e+00 3.733440000000000092e-01
3.915999999999999925e+00 3.718759999999999843e-01
3.923000000000000043e+00 3.704230000000000023e-01
3.930000000000000160e+00 3.689859999999999807e-01
3.936999999999999833e+00 3.675629999999999731e-01
3.943999999999999950e+00 3.661559999999999815e-01
3.951000000000000068e+00 3.647639999999999771e-01
3.958000000000000185e+00 3.633879999999999888e-01
3.964999999999999858e+00 3.620260000000000145e-01
3.971999999999999975e+00 3.606779999999999986e-01
3.979000000000000092e+00 3.593459999999999988e-01
3.986000000000000210e+00 3.580280000000000129e-01
3.992999999999999883e+00 3.567250000000000143e-01
4.000000000000000000e+00 3.554370000000000029e-01
4.006999999999999673e+00 3.541610000000000036e-01
4.014000000000000234e+00 3.529010000000000202e-01
4.020999999999999908e+00 3.516540000000000221e-01
4.027999999999999581e+00 3.504200000000000093e-01
4.035000000000000142e+00 3.492000000000000104e-01
4.041999999999999815e+00 3.479920000000000235e-01
4.049000000000000377e+00 3.467970000000000219e-01
4.056000000000000050e+00 3.456150000000000055e-01
4.062999999999999723e+00 3.444450000000000012e-01
4.070000000000000284e+00 3.432870000000000088e-01
4.076999999999999957e+00 3.421409999999999729e-01
4.083999999999999631e+00 3.410050000000000026e-01
4.091000000000000192e+00 3.398809999999999887e-01
4.097999999999999865e+00 3.387669999999999848e-01
4.105000000000000426e+00 3.376629999999999909e-01
4.112000000000000099e+00 3.365699999999999803e-01
4.118999999999999773e+00 3.354849999999999777e-01
4.126000000000000334e+00 3.344099999999999850e-01
4.133000000000000007e+00 3.333430000000000004e-01
4.139999999999999680e+00 3.322840000000000238e-01
4.147000000000000242e+00 3.312329999999999997e-01
4.153999999999999915e+00 3.301890000000000103e-01
4.160999999999999588e+00 3.291520000000000001e-01
4.168000000000000149e+00 3.281209999999999960e-01
4.174999999999999822e+00 3.270950000000000246e-01
4.182000000000000384e+00 3.260739999999999750e-01
4.189000000000000057e+00 3.250569999999999848e-01
4.195999999999999730e+00 3.240439999999999987e-01
4.203000000000000291e+00 3.230350000000000166e-01
4.209999999999999964e+00 3.220270000000000077e-01
4.216999999999999638e+00 3.210210000000000008e-01
4.224000000000000199e+00 3.200160000000000227e-01
4.230999999999999872e+00 3.190100000000000158e-01
4.238000000000000433e+00 3.180040000000000089e-01
4.245000000000000107e+00 3.169960000000000000e-01
4.251999999999999780e+00 3.159850000000000159e-01
4.259000000000000341e+00 3.149700000000000277e-01
4.266000000000000014e+00 3.139500000000000068e-01
4.272999999999999687e+00 3.129239999999999799e-01
4.280000000000000249e+00 3.118909999999999738e-01
4.286999999999999922e+00 3.108480000000000132e-01
4.293999999999999595e+00 3.097960000000000158e-01
4.301000000000000156e+00 3.087329999999999797e-01
4.307999999999999829e+00 3.076550000000000118e-01
4.315000000000000391e+00 3.065640000000000032e-01
4.322000000000000064e+00 3.054560000000000053e-01
4.328999999999999737e+00 3.043290000000000162e-01
4.336000000000000298e+00 3.031809999999999783e-01
4.342999999999999972e+00 3.020109999999999739e-01
4.349999999999999645e+00 3.008149999999999991e-01
4.357000000000000206e+00 2.995909999999999962e-01
4.363999999999999879e+00 2.983359999999999901e-01
4.371000000000000441e+00 2.970470000000000055e-01
4.378000000000000114e+00 2.957210000000000116e-01
4.384999999999999787e+00 2.943540000000000045e-01
4.392000000000000348e+00 2.929410000000000069e-01
4.399000000000000021e+00 2.914800000000000169e-01
4.405999999999999694e+00 2.899639999999999995e-01
4.413000000000000256e+00 2.883890000000000065e-01
4.419999999999999929e+00 2.867489999999999761e-01
4.426999999999999602e+00 2.850380000000000136e-01
4.434000000000000163e+00 2.832470000000000265e-01
4.440999999999999837e+00 2.813709999999999822e-01
4.448000000000000398e+00 2.793990000000000085e-01
4.455000000000000071e+00 2.773220000000000129e-01
4.461999999999999744e+00 2.751299999999999857e-01
4.469000000000000306e+00 2.728099999999999969e-01
4.475999999999999979e+00 2.703479999999999772e-01
4.482999999999999652e+00 2.677269999999999928e-01
4.490000000000000213e+00 2.649320000000000008e-01
4.496999999999999886e+00 2.619400000000000062e-01
4.503999999999999559e+00 2.587300000000000155e-01
4.511000000000000121e+00 2.552719999999999989e-01
4.517999999999999794e+00 2.515379999999999838e-01
4.525000000000000355e+00 2.474880000000000135e-01
4.532000000000000028e+00 2.430809999999999915e-01
4.538999999999999702e+00 2.382660000000000056e-01
4.546000000000000263e+00 2.329829999999999957e-01
4.552999999999999936e+00 2.271579999999999988e-01
4.559999999999999609e+00 2.207040000000000113e-01
4.567000000000000171e+00 2.135130000000000083e-01
4.573999999999999844e+00 2.054519999999999957e-01
4.581000000000000405e+00 1.963570000000000038e-01
4.588000000000000078e+00 1.860159999999999869e-01
4.594999999999999751e+00 1.741620000000000112e-01
4.602000000000000313e+00 1.604440000000000033e-01
4.608999999999999986e+00 1.443979999999999986e-01
4.615999999999999659e+00 1.253950000000000065e-01
4.623000000000000220e+00 1.025660000000000044e-01
4.629999999999999893e+00 7.467600000000000626e-02
4.636999999999999567e+00 3.992300000000000015e-02
4.644000000000000128e+00 4.413000000000000256e-03
4.650999999999999801e+00 6.257300000000000362e-02
4.658000000000000362e+00 1.413989999999999969e-01
4.665000000000000036e+00 2.521189999999999820e-01
4.671999999999999709e+00 4.123649999999999816e-01
4.679000000000000270e+00 6.420240000000000391e-01
4.685999999999999943e+00 9.225940000000000252e-01
4.692999999999999616e+00 1.114608999999999961e+00
4.700000000000000178e+00 1.106486000000000081e+00
4.706999999999999851e+00 1.000812000000000035e+00
4.714000000000000412e+00 8.935490000000000377e-01
4.721000000000000085e+00 8.078640000000000265e-01
4.727999999999999758e+00 7.423450000000000326e-01
4.735000000000000320e+00 6.919830000000000148e-01
4.741999999999999993e+00 6.525739999999999874e-01
4.748999999999999666e+00 6.211200000000000054e-01
4.756000000000000227e+00 5.955399999999999583e-01
4.762999999999999901e+00 5.743869999999999809e-01
4.769999999999999574e+00 5.566349999999999909e-01
4.777000000000000135e+00 5.415450000000000541e-01
4.783999999999999808e+00 5.285689999999999555e-01
4.791000000000000369e+00 5.172989999999999533e-01
4.798000000000000043e+00 5.074210000000000109e-01
4.804999999999999716e+00 4.986940000000000262e-01
4.812000000000000277e+00 4.909270000000000023e-01
4.818999999999999950e+00 4.839669999999999805e-01
4.825999999999999623e+00 4.776920000000000055e-01
4.833000000000000185e+00 4.720019999999999771e-01
4.839999999999999858e+00 4.668149999999999800e-01
4.847000000000000419e+00 4.620609999999999995e-01
4.854000000000000092e+00 4.576830000000000065e-01
4.860999999999999766e+00 4.536330000000000084e-01
4.868000000000000327e+00 4.498679999999999901e-01
4.875000000000000000e+00 4.463539999999999730e-01
4.881999999999999673e+00 4.430589999999999806e-01
4.889000000000000234e+00 4.399560000000000137e-01
4.895999999999999908e+00 4.370220000000000216e-01
4.902999999999999581e+00 4.342360000000000109e-01
4.910000000000000142e+00 4.315800000000000192e-01
4.916999999999999815e+00 4.290359999999999729e-01
4.924000000000000377e+00 4.265909999999999980e-01
4.931000000000000050e+00 4.242319999999999980e-01
4.937999999999999723e+00 4.219450000000000145e-01
4.945000000000000284e+00 4.197199999999999820e-01
4.951999999999999957e+00 4.175470000000000015e-01
4.958999999999999631e+00 4.154169999999999807e-01
4.966000000000000192e+00 4.133200000000000207e-01
4.972999999999999865e+00 4.112500000000000044e-01
4.980000000000000426e+00 4.091989999999999794e-01
4.987000000000000099e+00 4.071600000000000219e-01
4.993999999999999773e+00 4.051250000000000129e-01
5.001000000000000334e+00 4.030900000000000039e-01
5.008000000000000007e+00 4.010489999999999888e-01
5.014999999999999680e+00 3.989949999999999886e-01
5.022000000000000242e+00 3.969239999999999990e-01
5.028999999999999915e+00 3.948300000000000143e-01
5.035999999999999588e+00 3.927089999999999748e-01
5.043000000000000149e+00 3.905569999999999875e-01
5.049999999999999822e+00 3.883679999999999910e-01
5.057000000000000384e+00 3.861390000000000100e-01
5.064000000000000057e+00 3.838659999999999850e-01
5.070999999999999730e+00 3.815439999999999943e-01
5.078000000000000291e+00 3.791700000000000070e-01
5.084999999999999964e+00 3.767409999999999926e-01
5.091999999999999638e+00 3.742519999999999736e-01
5.099000000000000199e+00 3.717010000000000036e-01
5.105999999999999872e+00 3.690840000000000232e-01
5.113000000000000433e+00 3.663989999999999747e-01
5.120000000000000107e+00 3.636409999999999920e-01
5.126999999999999780e+00 3.608089999999999908e-01
5.134000000000000341e+00 3.578999999999999959e-01
5.141000000000000014e+00 3.549100000000000033e-01
5.147999999999999687e+00 3.518390000000000128e-01
5.155000000000000249e+00 3.486819999999999919e-01
5.161999999999999922e+00 3.454389999999999961e-01
5.168999999999999595e+00 3.421069999999999944e-01
5.176000000000000156e+00 3.386839999999999851e-01
5.182999999999999829e+00 3.351689999999999947e-01
5.190000000000000391e+00 3.315589999999999926e-01
5.197000000000000064e+00 3.278530000000000055e-01
5.203999999999999737e+00 3.240500000000000047e-01
5.211000000000000298e+00 3.201490000000000169e-01
5.217999999999999972e+00 3.161479999999999846e-01
5.224999999999999645e+00 3.120470000000000188e-01
5.232000000000000206e+00 3.078449999999999798e-01
5.238999999999999879e+00 3.035410000000000053e-01
5.246000000000000441e+00 2.991340000000000110e-01
5.253000000000000114e+00 2.946259999999999990e-01
5.259999999999999787e+00 2.900139999999999940e-01
5.267000000000000348e+00 2.852990000000000248e-01
5.274000000000000021e+00 2.804809999999999803e-01
5.280999999999999694e+00 2.755600000000000271e-01
5.288000000000000256e+00 2.705380000000000007e-01
5.294999999999999929e+00 2.654119999999999813e-01
5.301999999999999602e+00 2.601849999999999996e-01
5.309000000000000163e+00 2.548570000000000002e-01
5.315999999999999837e+00 2.494290000000000118e-01
5.323000000000000398e+00 2.439010000000000067e-01
5.330000000000000071e+00 2.382749999999999868e-01
5.336999999999999744e+00 2.325510000000000077e-01
5.344000000000000306e+00 2.267309999999999881e-01
5.350999999999999979e+00 2.208150000000000113e-01
5.357999999999999652e+00 2.148039999999999949e-01
5.365000000000000213e+00 2.086999999999999966e-01
5.371999999999999886e+00 2.025049999999999906e-01
5.378999999999999559e+00 1.962180000000000035e-01
5.386000000000000121e+00 1.898420000000000107e-01
5.392999999999999794e+00 1.833770000000000122e-01
5.400000000000000355e+00 1.768260000000000109e-01
5.407000000000000028e+00 1.701890000000000069e-01
5.413999999999999702e+00 1.634670000000000012e-01
5.421000000000000263e+00 1.566629999999999967e-01
5.427999999999999936e+00 1.497759999999999925e-01
5.434999999999999609e+00 1.428089999999999915e-01
5.442000000000000171e+00 1.357619999999999938e-01
5.448999999999999844e+00 1.286370000000000013e-01
5.456000000000000405e+00 1.214360000000000023e-01
5.463000000000000078e+00 1.141609999999999986e-01
5.469999999999999751e+00 1.068110000000000032e-01
5.477000000000000313e+00 9.939099999999999324e-02
5.483999999999999986e+00 9.190199999999999758e-02
5.490999999999999659e+00 8.434899999999999343e-02
5.498000000000000220e+00 7.673399999999999666e-02
5.504999999999999893e+00 6.906800000000000439e-02
5.511999999999999567e+00 6.135700000000000182e-02
5.519000000000000128e+00 5.361899999999999999e-02
5.525999999999999801e+00 4.588199999999999917e-02
5.533000000000000362e+00 3.819800000000000278e-02
