2.025999999999999801e+00 9.923870000000000191e-01
2.032999999999999918e+00 9.877740000000000409e-01
2.040000000000000036e+00 9.844410000000000105e-01
2.047000000000000153e+00 9.816310000000000313e-01
2.053999999999999826e+00 9.791269999999999696e-01
2.060999999999999943e+00 9.768200000000000216e-01
2.068000000000000060e+00 9.746580000000000243e-01
2.075000000000000178e+00 9.726179999999999826e-01
2.081999999999999851e+00 9.706839999999999913e-01
2.088999999999999968e+00 9.688390000000000057e-01
2.096000000000000085e+00 9.670659999999999812e-01
2.103000000000000203e+00 9.653530000000000166e-01
2.109999999999999876e+00 9.636890000000000178e-01
2.116999999999999993e+00 9.620670000000000055e-01
2.124000000000000110e+00 9.604789999999999717e-01
2.130999999999999783e+00 9.589189999999999658e-01
2.137999999999999901e+00 9.573819999999999553e-01
2.145000000000000018e+00 9.558659999999999934e-01
2.152000000000000135e+00 9.543679999999999941e-01
2.158999999999999808e+00 9.528889999999999860e-01
2.165999999999999925e+00 9.514299999999999979e-01
2.173000000000000043e+00 9.499929999999999763e-01
2.180000000000000160e+00 9.485820000000000363e-01
2.186999999999999833e+00 9.472000000000000419e-01
2.193999999999999950e+00 9.458509999999999973e-01
2.201000000000000068e+00 9.445369999999999600e-01
2.208000000000000185e+00 9.432629999999999626e-01
2.214999999999999858e+00 9.420300000000000340e-01
2.221999999999999975e+00 9.408400000000000096e-01
2.229000000000000092e+00 9.396959999999999757e-01
2.236000000000000210e+00 9.385980000000000434e-01
2.242999999999999883e+00 9.375470000000000192e-01
2.250000000000000000e+00 9.365440000000000431e-01
2.257000000000000117e+00 9.355890000000000040e-01
2.263999999999999790e+00 9.346809999999999841e-01
2.270999999999999908e+00 9.338210000000000122e-01
2.278000000000000025e+00 9.330079999999999485e-01
2.285000000000000142e+00 9.322420000000000151e-01
2.291999999999999815e+00 9.315210000000000434e-01
2.298999999999999932e+00 9.308450000000000335e-01
2.306000000000000050e+00 9.302129999999999566e-01
2.313000000000000167e+00 9.296229999999999771e-01
2.319999999999999840e+00 9.290749999999999842e-01
2.326999999999999957e+00 9.285679999999999490e-01
2.334000000000000075e+00 9.281009999999999538e-01
2.341000000000000192e+00 9.276729999999999698e-01
2.347999999999999865e+00 9.272820000000000507e-01
2.354999999999999982e+00 9.269279999999999742e-01
2.362000000000000099e+00 9.266109999999999625e-01
2.369000000000000217e+00 9.263280000000000403e-01
2.375999999999999890e+00 9.260800000000000143e-01
2.383000000000000007e+00 9.258650000000000491e-01
2.390000000000000124e+00 9.256820000000000048e-01
2.396999999999999797e+00 9.255320000000000213e-01
2.403999999999999915e+00 9.254120000000000124e-01
2.411000000000000032e+00 9.253230000000000066e-01
2.418000000000000149e+00 9.252629999999999466e-01
2.424999999999999822e+00 9.252310000000000256e-01
2.431999999999999940e+00 9.252270000000000216e-01
2.439000000000000057e+00 9.252489999999999881e-01
2.446000000000000174e+00 9.252970000000000361e-01
2.452999999999999847e+00 9.253689999999999971e-01
2.459999999999999964e+00 9.254649999999999821e-01
2.467000000000000082e+00 9.255820000000000158e-01
2.474000000000000199e+00 9.257210000000000161e-01
2.480999999999999872e+00 9.258790000000000076e-01
2.487999999999999989e+00 9.260549999999999615e-01
2.495000000000000107e+00 9.262479999999999603e-01
2.501999999999999780e+00 9.264559999999999462e-01
2.508999999999999897e+00 9.266780000000000017e-01
2.516000000000000014e+00 9.269129999999999869e-01
2.523000000000000131e+00 9.271589999999999554e-01
2.529999999999999805e+00 9.274149999999999894e-01
2.536999999999999922e+00 9.276780000000000026e-01
2.544000000000000039e+00 9.279479999999999951e-01
2.551000000000000156e+00 9.282240000000000490e-01
2.557999999999999829e+00 9.285029999999999673e-01
2.564999999999999947e+00 9.287840000000000540e-01
2.572000000000000064e+00 9.290659999999999474e-01
2.579000000000000181e+00 9.293479999999999519e-01
2.585999999999999854e+00 9.296280000000000099e-01
2.592999999999999972e+00 9.299060000000000104e-01
2.600000000000000089e+00 9.301789999999999781e-01
2.607000000000000206e+00 9.304480000000000528e-01
2.613999999999999879e+00 9.307100000000000373e-01
2.620999999999999996e+00 9.309650000000000425e-01
2.628000000000000114e+00 9.312120000000000397e-01
2.634999999999999787e+00 9.314510000000000289e-01
2.641999999999999904e+00 9.316790000000000349e-01
2.649000000000000021e+00 9.318969999999999754e-01
2.656000000000000139e+00 9.321040000000000436e-01
2.662999999999999812e+00 9.322989999999999888e-01
2.669999999999999929e+00 9.324820000000000331e-01
2.677000000000000046e+00 9.326520000000000366e-01
2.684000000000000163e+00 9.328089999999999993e-01
2.690999999999999837e+00 9.329520000000000035e-01
2.697999999999999954e+00 9.330800000000000205e-01
2.705000000000000071e+00 9.331949999999999967e-01
2.712000000000000188e+00 9.332939999999999570e-01
2.718999999999999861e+00 9.333789999999999587e-01
2.725999999999999979e+00 9.334480000000000555e-01
2.733000000000000096e+00 9.335010000000000252e-01
2.740000000000000213e+00 9.335390000000000077e-01
2.746999999999999886e+00 9.335609999999999742e-01
2.754000000000000004e+00 9.335670000000000357e-01
2.761000000000000121e+00 9.335569999999999702e-01
2.767999999999999794e+00 9.335309999999999997e-01
2.774999999999999911e+00 9.334890000000000132e-01
2.782000000000000028e+00 9.334310000000000107e-01
2.789000000000000146e+00 9.333559999999999635e-01
2.795999999999999819e+00 9.332650000000000112e-01
2.802999999999999936e+00 9.331570000000000142e-01
2.810000000000000053e+00 9.330340000000000300e-01
2.817000000000000171e+00 9.328940000000000010e-01
2.823999999999999844e+00 9.327379999999999560e-01
2.830999999999999961e+00 9.325649999999999773e-01
2.838000000000000078e+00 9.323770000000000113e-01
2.845000000000000195e+00 9.321720000000000006e-01
2.851999999999999869e+00 9.319520000000000026e-01
2.858999999999999986e+00 9.317149999999999599e-01
2.866000000000000103e+00 9.314630000000000409e-01
2.873000000000000220e+00 9.311939999999999662e-01
2.879999999999999893e+00 9.309100000000000152e-01
2.887000000000000011e+00 9.306109999999999660e-01
2.894000000000000128e+00 9.302960000000000118e-01
2.900999999999999801e+00 9.299650000000000416e-01
2.907999999999999918e+00 9.296200000000000019e-01
2.915000000000000036e+00 9.292589999999999462e-01
2.922000000000000153e+00 9.288830000000000142e-01
2.928999999999999826e+00 9.284919999999999840e-01
2.935999999999999943e+00 9.280859999999999665e-01
2.943000000000000060e+00 9.276659999999999906e-01
2.950000000000000178e+00 9.272310000000000274e-01
2.956999999999999851e+00 9.267819999999999947e-01
2.963999999999999968e+00 9.263190000000000035e-01
2.971000000000000085e+00 9.258420000000000538e-01
2.978000000000000203e+00 9.253519999999999524e-01
2.984999999999999876e+00 9.248480000000000034e-01
2.991999999999999993e+00 9.243310000000000137e-01
2.999000000000000110e+00 9.238009999999999833e-01
3.005999999999999783e+00 9.232580000000000231e-01
3.012999999999999901e+00 9.227039999999999687e-01
3.020000000000000018e+00 9.221369999999999845e-01
3.027000000000000135e+00 9.215579999999999883e-01
3.033999999999999808e+00 9.209690000000000376e-01
3.040999999999999925e+00 9.203679999999999639e-01
3.048000000000000043e+00 9.197570000000000467e-01
3.055000000000000160e+00 9.191359999999999530e-01
3.061999999999999833e+00 9.185060000000000446e-01
3.068999999999999950e+00 9.178659999999999597e-01
3.076000000000000068e+00 9.172179999999999778e-01
3.083000000000000185e+00 9.165630000000000166e-01
3.089999999999999858e+00 9.158990000000000187e-01
3.096999999999999975e+00 9.152299999999999880e-01
3.104000000000000092e+00 9.145539999999999781e-01
3.111000000000000210e+00 9.138739999999999641e-01
3.117999999999999883e+00 9.131890000000000285e-01
3.125000000000000000e+00 9.124999999999999778e-01
3.132000000000000117e+00 9.118079999999999519e-01
3.138999999999999790e+00 9.111150000000000082e-01
3.145999999999999908e+00 9.104210000000000358e-01
3.153000000000000025e+00 9.097269999999999524e-01
3.160000000000000142e+00 9.090340000000000087e-01
3.166999999999999815e+00 9.083430000000000115e-01
3.173999999999999932e+00 9.076560000000000183e-01
3.181000000000000050e+00 9.069730000000000292e-01
3.188000000000000167e+00 9.062959999999999905e-01
3.194999999999999840e+00 9.056260000000000421e-01
3.201999999999999957e+00 9.049639999999999906e-01
3.209000000000000075e+00 9.043109999999999760e-01
3.216000000000000192e+00 9.036689999999999445e-01
3.222999999999999865e+00 9.030399999999999539e-01
3.229999999999999982e+00 9.024240000000000039e-01
3.237000000000000099e+00 9.018230000000000413e-01
3.244000000000000217e+00 9.012390000000000123e-01
3.250999999999999890e+00 9.006720000000000281e-01
3.258000000000000007e+00 9.001249999999999529e-01
3.265000000000000124e+00 8.995990000000000375e-01
3.271999999999999797e+00 8.990949999999999775e-01
3.278999999999999915e+00 8.986140000000000239e-01
3.286000000000000032e+00 8.981590000000000407e-01
3.293000000000000149e+00 8.977289999999999992e-01
3.299999999999999822e+00 8.973280000000000145e-01
3.306999999999999940e+00 8.969559999999999755e-01
3.314000000000000057e+00 8.966140000000000221e-01
3.321000000000000174e+00 8.963029999999999609e-01
3.327999999999999847e+00 8.960240000000000427e-01
3.334999999999999964e+00 8.957800000000000207e-01
3.342000000000000082e+00 8.955699999999999772e-01
3.349000000000000199e+00 8.953950000000000520e-01
3.355999999999999872e+00 8.952560000000000517e-01
3.362999999999999989e+00 8.951550000000000340e-01
3.370000000000000107e+00 8.950900000000000523e-01
3.376999999999999780e+00 8.950639999999999707e-01
3.383999999999999897e+00 8.950749999999999540e-01
3.391000000000000014e+00 8.951259999999999772e-01
3.398000000000000131e+00 8.952139999999999542e-01
3.404999999999999805e+00 8.953410000000000535e-01
3.411999999999999922e+00 8.955070000000000530e-01
3.419000000000000039e+00 8.957110000000000349e-01
3.426000000000000156e+00 8.959529999999999994e-01
3.432999999999999829e+00 8.962320000000000286e-01
3.439999999999999947e+00 8.965480000000000116e-01
3.447000000000000064e+00 8.969009999999999483e-01
3.454000000000000181e+00 8.972879999999999745e-01
3.460999999999999854e+00 8.977110000000000367e-01
3.467999999999999972e+00 8.981670000000000487e-01
3.475000000000000089e+00 8.986549999999999816e-01
3.482000000000000206e+00 8.991749999999999465e-01
3.488999999999999879e+00 8.997249999999999970e-01
3.495999999999999996e+00 9.003039999999999932e-01
3.503000000000000114e+00 9.009110000000000174e-01
3.509999999999999787e+00 9.015440000000000120e-01
3.516999999999999904e+00 9.022019999999999484e-01
3.524000000000000021e+00 9.028829999999999911e-01
3.531000000000000139e+00 9.035870000000000291e-01
3.537999999999999812e+00 9.043109999999999760e-01
3.544999999999999929e+00 9.050550000000000539e-01
3.552000000000000046e+00 9.058159999999999545e-01
3.559000000000000163e+00 9.065929999999999822e-01
3.565999999999999837e+00 9.073860000000000259e-01
3.572999999999999954e+00 9.081909999999999705e-01
3.580000000000000071e+00 9.090089999999999559e-01
3.587000000000000188e+00 9.098370000000000068e-01
3.593999999999999861e+00 9.106739999999999835e-01
3.600999999999999979e+00 9.115199999999999969e-01
3.608000000000000096e+00 9.123719999999999608e-01
3.615000000000000213e+00 9.132289999999999575e-01
3.621999999999999886e+00 9.140909999999999869e-01
3.629000000000000004e+00 9.149549999999999628e-01
3.636000000000000121e+00 9.158220000000000249e-01
3.642999999999999794e+00 9.166889999999999761e-01
3.649999999999999911e+00 9.175569999999999560e-01
3.657000000000000028e+00 9.184229999999999894e-01
3.664000000000000146e+00 9.192879999999999940e-01
3.670999999999999819e+00 9.201500000000000234e-01
3.677999999999999936e+00 9.210080000000000489e-01
3.685000000000000053e+00 9.218619999999999592e-01
3.692000000000000171e+00 9.227109999999999479e-01
3.698999999999999844e+00 9.235539999999999861e-01
3.705999999999999961e+00 9.243909999999999627e-01
3.713000000000000078e+00 9.252209999999999601e-01
3.720000000000000195e+00 9.260439999999999783e-01
3.726999999999999869e+00 9.268589999999999884e-01
3.733999999999999986e+00 9.276659999999999906e-01
3.741000000000000103e+00 9.284649999999999848e-01
3.748000000000000220e+00 9.292540000000000244e-01
3.754999999999999893e+00 9.300340000000000273e-01
3.762000000000000011e+00 9.308039999999999647e-01
3.769000000000000128e+00 9.315649999999999764e-01
3.775999999999999801e+00 9.323160000000000336e-01
3.782999999999999918e+00 9.330559999999999965e-01
3.790000000000000036e+00 9.337860000000000049e-01
3.797000000000000153e+00 9.345050000000000301e-01
3.803999999999999826e+00 9.352139999999999898e-01
3.810999999999999943e+00 9.359129999999999949e-01
3.818000000000000060e+00 9.365999999999999881e-01
3.825000000000000178e+00 9.372759999999999980e-01
3.831999999999999851e+00 9.379420000000000535e-01
3.838999999999999968e+00 9.385970000000000146e-01
3.846000000000000085e+00 9.392409999999999926e-01
3.853000000000000203e+00 9.398739999999999872e-01
3.859999999999999876e+00 9.404959999999999987e-01
3.866999999999999993e+00 9.411079999999999446e-01
3.874000000000000110e+00 9.417079999999999895e-01
3.880999999999999783e+00 9.422989999999999977e-01
3.887999999999999901e+00 9.428779999999999939e-01
3.895000000000000018e+00 9.434479999999999533e-01
3.902000000000000135e+00 9.440070000000000405e-01
3.908999999999999808e+00 9.445550000000000335e-01
3.915999999999999925e+00 9.450939999999999896e-01
3.923000000000000043e+00 9.456219999999999626e-01
3.930000000000000160e+00 9.461410000000000098e-01
3.936999999999999833e+00 9.466499999999999915e-01
3.943999999999999950e+00 9.471490000000000187e-01
3.951000000000000068e+00 9.476390000000000091e-01
3.958000000000000185e+00 9.481199999999999628e-01
3.964999999999999858e+00 9.485909999999999620e-01
3.971999999999999975e+00 9.490539999999999532e-01
3.979000000000000092e+00 9.495069999999999899e-01
3.986000000000000210e+00 9.499520000000000186e-01
3.992999999999999883e+00 9.503890000000000393e-01
4.000000000000000000e+00 9.508159999999999945e-01
4.006999999999999673e+00 9.512369999999999992e-01
4.014000000000000234e+00 9.516480000000000494e-01
4.020999999999999908e+00 9.520520000000000094e-01
4.027999999999999581e+00 9.524479999999999613e-01
4.035000000000000142e+00 9.528370000000000450e-01
4.041999999999999815e+00 9.532180000000000097e-01
4.049000000000000377e+00 9.535919999999999952e-01
4.056000000000000050e+00 9.539590000000000014e-01
4.062999999999999723e+00 9.543190000000000284e-01
4.070000000000000284e+00 9.546729999999999938e-01
4.076999999999999957e+00 9.550199999999999800e-01
4.083999999999999631e+00 9.553599999999999870e-01
4.091000000000000192e+00 9.556949999999999612e-01
4.097999999999999865e+00 9.560229999999999562e-01
4.105000000000000426e+00 9.563460000000000294e-01
4.112000000000000099e+00 9.566630000000000411e-01
4.118999999999999773e+00 9.569739999999999913e-01
4.126000000000000334e+00 9.572810000000000485e-01
4.133000000000000007e+00 9.575820000000000443e-01
4.139999999999999680e+00 9.578790000000000360e-01
4.147000000000000242e+00 9.581699999999999662e-01
4.153999999999999915e+00 9.584580000000000322e-01
4.160999999999999588e+00 9.587409999999999544e-01
4.168000000000000149e+00 9.590189999999999548e-01
4.174999999999999822e+00 9.592939999999999801e-01
4.182000000000000384e+00 9.595650000000000013e-01
4.189000000000000057e+00 9.598330000000000473e-01
4.195999999999999730e+00 9.600980000000000070e-01
4.203000000000000291e+00 9.603589999999999627e-01
4.209999999999999964e+00 9.606179999999999719e-01
4.216999999999999638e+00 9.608740000000000059e-01
4.224000000000000199e+00 9.611269999999999536e-01
4.230999999999999872e+00 9.613789999999999836e-01
4.238000000000000433e+00 9.616289999999999560e-01
4.245000000000000107e+00 9.618759999999999533e-01
4.251999999999999780e+00 9.621229999999999505e-01
4.259000000000000341e+00 9.623690000000000300e-01
4.266000000000000014e+00 9.626130000000000519e-01
4.272999999999999687e+00 9.628579999999999917e-01
4.280000000000000249e+00 9.631020000000000136e-01
4.286999999999999922e+00 9.633460000000000356e-01
4.293999999999999595e+00 9.635909999999999753e-01
4.301000000000000156e+00 9.638370000000000548e-01
4.307999999999999829e+00 9.640830000000000233e-01
4.315000000000000391e+00 9.643319999999999670e-01
4.322000000000000064e+00 9.645829999999999682e-01
4.328999999999999737e+00 9.648360000000000269e-01
4.336000000000000298e+00 9.650919999999999499e-01
4.342999999999999972e+00 9.653509999999999591e-01
4.349999999999999645e+00 9.656150000000000011e-01
4.357000000000000206e+00 9.658830000000000471e-01
4.363999999999999879e+00 9.661560000000000148e-01
4.371000000000000441e+00 9.664359999999999618e-01
4.378000000000000114e+00 9.667210000000000525e-01
4.384999999999999787e+00 9.670140000000000402e-01
4.392000000000000348e+00 9.673150000000000359e-01
4.399000000000000021e+00 9.676249999999999574e-01
4.405999999999999694e+00 9.679450000000000554e-01
4.413000000000000256e+00 9.682760000000000256e-01
4.419999999999999929e+00 9.686179999999999790e-01
4.426999999999999602e+00 9.689740000000000020e-01
4.434000000000000163e+00 9.693439999999999834e-01
4.440999999999999837e+00 9.697299999999999809e-01
4.448000000000000398e+00 9.701340000000000519e-01
4.455000000000000071e+00 9.705559999999999743e-01
4.461999999999999744e+00 9.709999999999999742e-01
4.469000000000000306e+00 9.714660000000000517e-01
4.475999999999999979e+00 9.719569999999999599e-01
4.482999999999999652e+00 9.724760000000000071e-01
4.490000000000000213e+00 9.730259999999999465e-01
4.496999999999999886e+00 9.736089999999999467e-01
4.503999999999999559e+00 9.742290000000000116e-01
4.511000000000000121e+00 9.748890000000000056e-01
4.517999999999999794e+00 9.755939999999999612e-01
4.525000000000000355e+00 9.763479999999999936e-01
4.532000000000000028e+00 9.771570000000000533e-01
4.538999999999999702e+00 9.780259999999999510e-01
4.546000000000000263e+00 9.789619999999999989e-01
4.552999999999999936e+00 9.799710000000000365e-01
4.559999999999999609e+00 9.810619999999999896e-01
4.567000000000000171e+00 9.822440000000000060e-01
4.573999999999999844e+00 9.835249999999999826e-01
4.581000000000000405e+00 9.849139999999999562e-01
4.588000000000000078e+00 9.864199999999999635e-01
4.594999999999999751e+00 9.880510000000000126e-01
4.602000000000000313e+00 9.898090000000000499e-01
4.608999999999999986e+00 9.916899999999999604e-01
4.615999999999999659e+00 9.936709999999999710e-01
4.623000000000000220e+00 9.956979999999999720e-01
4.629999999999999893e+00 9.976519999999999833e-01
4.636999999999999567e+00 9.992820000000000036e-01
4.644000000000000128e+00 1.000064999999999982e+00
4.650999999999999801e+00 9.988869999999999694e-01
4.658000000000000362e+00 9.932609999999999495e-01
4.665000000000000036e+00 9.773450000000000193e-01
4.671999999999999709e+00 9.366839999999999611e-01
4.679000000000000270e+00 8.358579999999999899e-01
4.685999999999999943e+00 6.098810000000000064e-01
4.692999999999999616e+00 2.776699999999999724e-01
4.700000000000000178e+00 2.927660000000000262e-01
4.706999999999999851e+00 4.988150000000000084e-01
4.714000000000000412e+00 6.317160000000000553e-01
4.721000000000000085e+00 7.122340000000000337e-01
4.727999999999999758e+00 7.634339999999999460e-01
4.735000000000000320e+00 7.978939999999999921e-01
4.741999999999999993e+00 8.222730000000000317e-01
4.748999999999999666e+00 8.402420000000000444e-01
4.756000000000000227e+00 8.539409999999999501e-01
4.762999999999999901e+00 8.646760000000000002e-01
4.769999999999999574e+00 8.732839999999999492e-01
4.777000000000000135e+00 8.803210000000000202e-01
4.783999999999999808e+00 8.861689999999999845e-01
4.791000000000000369e+00 8.910979999999999457e-01
4.798000000000000043e+00 8.953029999999999600e-01
4.804999999999999716e+00 8.989310000000000356e-01
4.812000000000000277e+00 9.020890000000000297e-01
4.818999999999999950e+00 9.048620000000000552e-01
4.825999999999999623e+00 9.073179999999999579e-01
4.833000000000000185e+00 9.095069999999999544e-01
4.839999999999999858e+00 9.114710000000000312e-01
4.847000000000000419e+00 9.132449999999999735e-01
4.854000000000000092e+00 9.148560000000000025e-01
4.860999999999999766e+00 9.163270000000000026e-01
4.868000000000000327e+00 9.176779999999999937e-01
4.875000000000000000e+00 9.189239999999999631e-01
4.881999999999999673e+00 9.200800000000000090e-01
4.889000000000000234e+00 9.211580000000000323e-01
4.895999999999999908e+00 9.221669999999999590e-01
4.902999999999999581e+00 9.231160000000000476e-01
4.910000000000000142e+00 9.240129999999999733e-01
4.916999999999999815e+00 9.248659999999999659e-01
4.924000000000000377e+00 9.256790000000000296e-01
4.931000000000000050e+00 9.264580000000000037e-01
4.937999999999999723e+00 9.272089999999999499e-01
4.945000000000000284e+00 9.279340000000000366e-01
4.951999999999999957e+00 9.286389999999999922e-01
4.958999999999999631e+00 9.293270000000000142e-01
4.966000000000000192e+00 9.300000000000000488e-01
4.972999999999999865e+00 9.306619999999999893e-01
4.980000000000000426e+00 9.313150000000000039e-01
4.987000000000000099e+00 9.319619999999999571e-01
4.993999999999999773e+00 9.326060000000000461e-01
5.001000000000000334e+00 9.332479999999999665e-01
5.008000000000000007e+00 9.338899999999999979e-01
5.014999999999999680e+00 9.345329999999999471e-01
5.022000000000000242e+00 9.351810000000000400e-01
5.028999999999999915e+00 9.358340000000000547e-01
5.035999999999999588e+00 9.364940000000000486e-01
5.043000000000000149e+00 9.371620000000000505e-01
5.049999999999999822e+00 9.378389999999999782e-01
5.057000000000000384e+00 9.385259999999999714e-01
5.064000000000000057e+00 9.392249999999999766e-01
5.070999999999999730e+00 9.399370000000000225e-01
5.078000000000000291e+00 9.406619999999999981e-01
5.084999999999999964e+00 9.414019999999999611e-01
5.091999999999999638e+00 9.421559999999999935e-01
5.099000000000000199e+00 9.429260000000000419e-01
5.105999999999999872e+00 9.437130000000000241e-01
5.113000000000000433e+00 9.445160000000000222e-01
5.120000000000000107e+00 9.453369999999999829e-01
5.126999999999999780e+00 9.461739999999999595e-01
5.134000000000000341e+00 9.470300000000000384e-01
5.141000000000000014e+00 9.479030000000000511e-01
5.147999999999999687e+00 9.487950000000000550e-01
5.155000000000000249e+00 9.497050000000000214e-01
5.161999999999999922e+00 9.506320000000000325e-01
5.168999999999999595e+00 9.515780000000000349e-01
5.176000000000000156e+00 9.525409999999999711e-01
5.182999999999999829e+00 9.535209999999999519e-01
5.190000000000000391e+00 9.545169999999999488e-01
5.197000000000000064e+00 9.555299999999999905e-01
5.203999999999999737e+00 9.565590000000000481e-01
5.211000000000000298e+00 9.576029999999999820e-01
5.217999999999999972e+00 9.586609999999999854e-01
5.224999999999999645e+00 9.597329999999999472e-01
5.232000000000000206e+00 9.608179999999999499e-01
5.238999999999999879e+00 9.619130000000000180e-01
5.246000000000000441e+00 9.630199999999999871e-01
5.253000000000000114e+00 9.641359999999999930e-01
5.259999999999999787e+00 9.652600000000000069e-01
5.267000000000000348e+00 9.663920000000000288e-01
5.274000000000000021e+00 9.675289999999999724e-01
5.280999999999999694e+00 9.686709999999999487e-01
5.288000000000000256e+00 9.698160000000000114e-01
5.294999999999999929e+00 9.709630000000000205e-01
5.301999999999999602e+00 9.721100000000000296e-01
5.309000000000000163e+00 9.732560000000000100e-01
5.315999999999999837e+00 9.743990000000000151e-01
5.323000000000000398e+00 9.755380000000000162e-01
5.330000000000000071e+00 9.766709999999999559e-01
5.336999999999999744e+00 9.777959999999999985e-01
5.344000000000000306e+00 9.789130000000000331e-01
5.350999999999999979e+00 9.800189999999999735e-01
5.357999999999999652e+00 9.811130000000000129e-01
5.365000000000000213e+00 9.821929999999999827e-01
5.371999999999999886e+00 9.832570000000000476e-01
5.378999999999999559e+00 9.843049999999999855e-01
5.386000000000000121e+00 9.853340000000000432e-01
5.392999999999999794e+00 9.863420000000000520e-01
5.400000000000000355e+00 9.873290000000000122e-01
5.407000000000000028e+00 9.882929999999999771e-01
5.413999999999999702e+00 9.892309999999999715e-01
5.421000000000000263e+00 9.901440000000000241e-01
5.427999999999999936e+00 9.910280000000000200e-01
5.434999999999999609e+00 9.918829999999999592e-01
5.442000000000000171e+00 9.927070000000000061e-01
5.448999999999999844e+00 9.934990000000000210e-01
5.456000000000000405e+00 9.942569999999999464e-01
5.463000000000000078e+00 9.949799999999999756e-01
5.469999999999999751e+00 9.956660000000000510e-01
5.477000000000000313e+00 9.963140000000000329e-01
5.483999999999999986e+00 9.969230000000000036e-01
5.490999999999999659e+00 9.974910000000000165e-01
5.498000000000000220e+00 9.980160000000000142e-01
5.504999999999999893e+00 9.984979999999999967e-01
5.511999999999999567e+00 9.989339999999999886e-01
5.519000000000000128e+00 9.993239999999999901e-01
5.525999999999999801e+00 9.996660000000000545e-01
5.533000000000000362e+00 9.999580000000000135e-01
