2.024000000000000021e+00 3.640500000000000114e+01
2.026510000000000034e+00 3.431250000000000000e+01
2.040510000000000268e+00 3.293189999999999884e+01
2.054509999999999614e+00 3.181660000000000110e+01
2.068509999999999849e+00 3.085389999999999944e+01
2.082510000000000083e+00 2.999299999999999855e+01
2.096510000000000318e+00 2.920639999999999858e+01
2.110509999999999664e+00 2.847749999999999915e+01
2.124509999999999899e+00 2.779520000000000124e+01
2.138510000000000133e+00 2.715119999999999933e+01
2.152510000000000367e+00 2.653969999999999985e+01
2.166509999999999714e+00 2.595599999999999952e+01
2.180509999999999948e+00 2.539669999999999916e+01
2.194510000000000183e+00 2.485889999999999844e+01
2.208510000000000417e+00 2.434039999999999893e+01
2.222509999999999764e+00 2.383930000000000149e+01
2.236509999999999998e+00 2.335379999999999967e+01
2.250510000000000232e+00 2.288250000000000028e+01
2.264509999999999579e+00 2.242439999999999856e+01
2.278509999999999813e+00 2.197830000000000084e+01
2.292510000000000048e+00 2.154329999999999856e+01
2.306510000000000282e+00 2.111880000000000024e+01
2.320509999999999629e+00 2.070390000000000086e+01
2.334509999999999863e+00 2.029810000000000159e+01
2.348510000000000097e+00 1.990090000000000003e+01
2.362510000000000332e+00 1.951160000000000139e+01
2.376509999999999678e+00 1.912999999999999901e+01
2.390509999999999913e+00 1.875550000000000139e+01
2.404510000000000147e+00 1.838769999999999882e+01
2.418510000000000382e+00 1.802639999999999887e+01
2.432509999999999728e+00 1.767119999999999891e+01
2.446509999999999962e+00 1.732189999999999941e+01
2.460510000000000197e+00 1.697810000000000130e+01
2.474510000000000431e+00 1.663960000000000150e+01
2.488509999999999778e+00 1.630630000000000024e+01
2.502510000000000012e+00 1.597780000000000022e+01
2.516510000000000247e+00 1.565409999999999968e+01
2.530509999999999593e+00 1.533489999999999931e+01
2.544509999999999827e+00 1.502009999999999934e+01
2.558510000000000062e+00 1.470940000000000047e+01
2.572510000000000296e+00 1.440290000000000070e+01
2.586509999999999643e+00 1.410019999999999918e+01
2.600509999999999877e+00 1.380129999999999946e+01
2.614510000000000112e+00 1.350609999999999999e+01
2.628510000000000346e+00 1.321439999999999948e+01
2.642509999999999692e+00 1.292619999999999969e+01
2.656509999999999927e+00 1.264129999999999932e+01
2.670510000000000161e+00 1.235960000000000036e+01
2.684510000000000396e+00 1.208099999999999952e+01
2.698509999999999742e+00 1.180550000000000033e+01
2.712509999999999977e+00 1.153299999999999947e+01
2.726510000000000211e+00 1.126329999999999920e+01
2.740509999999999557e+00 1.099639999999999951e+01
2.754509999999999792e+00 1.073230000000000040e+01
2.768510000000000026e+00 1.047080000000000055e+01
2.782510000000000261e+00 1.021189999999999998e+01
2.796509999999999607e+00 9.955600000000000449e+00
2.810509999999999842e+00 9.701700000000000657e+00
2.824510000000000076e+00 9.450300000000000367e+00
2.838510000000000311e+00 9.201100000000000279e+00
2.852509999999999657e+00 8.954299999999999926e+00
2.866509999999999891e+00 8.709799999999999542e+00
2.880510000000000126e+00 8.467399999999999594e+00
2.894510000000000360e+00 8.227199999999999847e+00
2.908509999999999707e+00 7.988999999999999879e+00
2.922509999999999941e+00 7.753000000000000114e+00
2.936510000000000176e+00 7.518900000000000361e+00
2.950510000000000410e+00 7.286800000000000388e+00
2.964509999999999756e+00 7.056600000000000428e+00
2.978509999999999991e+00 6.828299999999999592e+00
2.992510000000000225e+00 6.601799999999999891e+00
3.006509999999999572e+00 6.377200000000000202e+00
3.020509999999999806e+00 6.154300000000000104e+00
3.034510000000000041e+00 5.933200000000000252e+00
3.048510000000000275e+00 5.713799999999999990e+00
3.062509999999999621e+00 5.496000000000000441e+00
3.076509999999999856e+00 5.279899999999999594e+00
3.090510000000000090e+00 5.065400000000000347e+00
3.104510000000000325e+00 4.852500000000000036e+00
3.118509999999999671e+00 4.641200000000000436e+00
3.132509999999999906e+00 4.431400000000000006e+00
3.146510000000000140e+00 4.222999999999999865e+00
3.160510000000000375e+00 4.016200000000000436e+00
3.174509999999999721e+00 3.810799999999999965e+00
3.188509999999999955e+00 3.606899999999999995e+00
3.202510000000000190e+00 3.404300000000000104e+00
3.216510000000000424e+00 3.203199999999999825e+00
3.230509999999999771e+00 3.003400000000000070e+00
3.244510000000000005e+00 2.804899999999999949e+00
3.258510000000000240e+00 2.607800000000000118e+00
3.272509999999999586e+00 2.411999999999999922e+00
3.286509999999999820e+00 2.217400000000000038e+00
3.300510000000000055e+00 2.024199999999999999e+00
3.314510000000000289e+00 1.832200000000000051e+00
3.328509999999999636e+00 1.641399999999999970e+00
3.342509999999999870e+00 1.451799999999999979e+00
3.356510000000000105e+00 1.263500000000000068e+00
3.370510000000000339e+00 1.076300000000000034e+00
3.384509999999999685e+00 8.902999999999999803e-01
3.398509999999999920e+00 7.055000000000000160e-01
3.412510000000000154e+00 5.218000000000000416e-01
3.426510000000000389e+00 3.392999999999999905e-01
3.440509999999999735e+00 1.579000000000000126e-01
3.454509999999999970e+00 -2.239999999999999977e-02
3.468510000000000204e+00 -2.016999999999999904e-01
3.482509999999999550e+00 -3.798000000000000265e-01
3.496509999999999785e+00 -5.567999999999999616e-01
3.510510000000000019e+00 -7.328000000000000069e-01
3.524510000000000254e+00 -9.078000000000000513e-01
3.538509999999999600e+00 -1.081599999999999895e+00
3.552509999999999835e+00 -1.254499999999999948e+00
3.566510000000000069e+00 -1.426299999999999901e+00
3.580510000000000304e+00 -1.597099999999999964e+00
3.594509999999999650e+00 -1.766999999999999904e+00
3.608509999999999884e+00 -1.935799999999999965e+00
3.622510000000000119e+00 -2.103600000000000136e+00
3.636510000000000353e+00 -2.270399999999999974e+00
3.650509999999999700e+00 -2.436300000000000132e+00
3.664509999999999934e+00 -2.601199999999999957e+00
3.678510000000000169e+00 -2.765200000000000102e+00
3.692510000000000403e+00 -2.928199999999999914e+00
3.706509999999999749e+00 -3.090300000000000047e+00
3.720509999999999984e+00 -3.251399999999999846e+00
3.734510000000000218e+00 -3.411599999999999966e+00
3.748509999999999565e+00 -3.570899999999999963e+00
3.762509999999999799e+00 -3.729299999999999837e+00
3.776510000000000034e+00 -3.886800000000000033e+00
3.790510000000000268e+00 -4.043400000000000105e+00
3.804509999999999614e+00 -4.199099999999999611e+00
3.818509999999999849e+00 -4.353900000000000325e+00
3.832510000000000083e+00 -4.507900000000000240e+00
3.846510000000000318e+00 -4.660999999999999588e+00
3.860509999999999664e+00 -4.813200000000000145e+00
3.874509999999999899e+00 -4.964599999999999902e+00
3.888510000000000133e+00 -5.115199999999999747e+00
3.902510000000000367e+00 -5.264899999999999913e+00
3.916509999999999714e+00 -5.413800000000000168e+00
3.930509999999999948e+00 -5.561899999999999622e+00
3.944510000000000183e+00 -5.709100000000000286e+00
3.958510000000000417e+00 -5.855500000000000149e+00
3.972509999999999764e+00 -6.001199999999999868e+00
3.986509999999999998e+00 -6.145999999999999908e+00
4.000510000000000232e+00 -6.290099999999999802e+00
4.014509999999999579e+00 -6.433399999999999785e+00
4.028509999999999813e+00 -6.575899999999999856e+00
4.042510000000000048e+00 -6.717600000000000016e+00
4.056510000000000282e+00 -6.858600000000000030e+00
4.070509999999999629e+00 -6.998800000000000132e+00
4.084509999999999863e+00 -7.138300000000000090e+00
4.098510000000000097e+00 -7.277000000000000135e+00
4.112510000000000332e+00 -7.415000000000000036e+00
4.126509999999999678e+00 -7.552299999999999791e+00
4.140509999999999913e+00 -7.688900000000000290e+00
4.154510000000000147e+00 -7.824699999999999989e+00
4.168510000000000382e+00 -7.959800000000000431e+00
4.182509999999999728e+00 -8.094300000000000495e+00
4.196509999999999962e+00 -8.227999999999999758e+00
4.210510000000000197e+00 -8.361100000000000421e+00
4.224510000000000431e+00 -8.493399999999999395e+00
4.238509999999999778e+00 -8.625099999999999767e+00
4.252510000000000012e+00 -8.756099999999999994e+00
4.266510000000000247e+00 -8.886400000000000077e+00
4.280509999999999593e+00 -9.016099999999999781e+00
4.294509999999999827e+00 -9.145099999999999341e+00
4.308510000000000062e+00 -9.273500000000000298e+00
4.322510000000000296e+00 -9.401199999999999335e+00
4.336509999999999643e+00 -9.528299999999999770e+00
4.350509999999999877e+00 -9.654700000000000060e+00
4.364510000000000112e+00 -9.780499999999999972e+00
4.378510000000000346e+00 -9.905699999999999505e+00
4.392509999999999692e+00 -1.003030000000000044e+01
4.406509999999999927e+00 -1.015419999999999945e+01
4.420510000000000161e+00 -1.027749999999999986e+01
4.434510000000000396e+00 -1.040019999999999989e+01
4.448509999999999742e+00 -1.052229999999999954e+01
4.462509999999999977e+00 -1.064380000000000059e+01
4.476510000000000211e+00 -1.076469999999999949e+01
4.490509999999999557e+00 -1.088499999999999979e+01
4.504509999999999792e+00 -1.100469999999999970e+01
4.518510000000000026e+00 -1.112390000000000079e+01
4.532510000000000261e+00 -1.124239999999999995e+01
4.546509999999999607e+00 -1.136030000000000051e+01
4.560509999999999842e+00 -1.147770000000000046e+01
4.574510000000000076e+00 -1.159450000000000003e+01
4.588510000000000311e+00 -1.171069999999999922e+01
4.602509999999999657e+00 -1.182639999999999958e+01
4.616509999999999891e+00 -1.194139999999999979e+01
4.630510000000000126e+00 -1.205589999999999939e+01
4.644510000000000360e+00 -1.216980000000000040e+01
4.658509999999999707e+00 -1.228320000000000078e+01
4.672509999999999941e+00 -1.239600000000000080e+01
4.686510000000000176e+00 -1.250820000000000043e+01
4.700510000000000410e+00 -1.261989999999999945e+01
4.714509999999999756e+00 -1.273099999999999987e+01
4.728509999999999991e+00 -1.284149999999999991e+01
4.742510000000000225e+00 -1.295149999999999935e+01
4.756509999999999572e+00 -1.306090000000000018e+01
4.770509999999999806e+00 -1.316970000000000063e+01
4.784510000000000041e+00 -1.327800000000000047e+01
4.798510000000000275e+00 -1.338579999999999970e+01
4.812509999999999621e+00 -1.349290000000000056e+01
4.826509999999999856e+00 -1.359950000000000081e+01
4.840510000000000090e+00 -1.370560000000000045e+01
4.854510000000000325e+00 -1.381109999999999971e+01
4.868509999999999671e+00 -1.391600000000000037e+01
4.882509999999999906e+00 -1.402040000000000042e+01
4.896510000000000140e+00 -1.412420000000000009e+01
4.910510000000000375e+00 -1.422749999999999915e+01
4.924509999999999721e+00 -1.433009999999999984e+01
4.938509999999999955e+00 -1.443229999999999968e+01
4.952510000000000190e+00 -1.453379999999999939e+01
4.966510000000000424e+00 -1.463480000000000025e+01
4.980509999999999771e+00 -1.473530000000000051e+01
4.994510000000000005e+00 -1.483510000000000062e+01
5.008510000000000240e+00 -1.493440000000000012e+01
5.022509999999999586e+00 -1.503309999999999924e+01
5.036509999999999820e+00 -1.513129999999999953e+01
5.050510000000000055e+00 -1.522889999999999944e+01
5.064510000000000289e+00 -1.532590000000000074e+01
5.078509999999999636e+00 -1.542239999999999966e+01
5.092509999999999870e+00 -1.551820000000000022e+01
5.106510000000000105e+00 -1.561350000000000016e+01
5.120510000000000339e+00 -1.570819999999999972e+01
5.134509999999999685e+00 -1.580240000000000045e+01
5.148509999999999920e+00 -1.589589999999999925e+01
5.162510000000000154e+00 -1.598889999999999922e+01
5.176510000000000389e+00 -1.608129999999999882e+01
5.190509999999999735e+00 -1.617310000000000159e+01
5.204509999999999970e+00 -1.626429999999999865e+01
5.218510000000000204e+00 -1.635490000000000066e+01
5.232509999999999550e+00 -1.644490000000000052e+01
5.246509999999999785e+00 -1.653440000000000154e+01
5.260510000000000019e+00 -1.662320000000000064e+01
5.274510000000000254e+00 -1.671150000000000091e+01
5.288509999999999600e+00 -1.679919999999999902e+01
5.302509999999999835e+00 -1.688619999999999877e+01
5.316510000000000069e+00 -1.697269999999999968e+01
5.330510000000000304e+00 -1.705859999999999843e+01
5.344509999999999650e+00 -1.714389999999999858e+01
5.358509999999999884e+00 -1.722860000000000014e+01
5.372510000000000119e+00 -1.731259999999999977e+01
5.386510000000000353e+00 -1.739610000000000056e+01
5.400509999999999700e+00 -1.747899999999999920e+01
5.414509999999999934e+00 -1.756119999999999948e+01
5.428510000000000169e+00 -1.764290000000000092e+01
5.442510000000000403e+00 -1.772390000000000043e+01
5.456509999999999749e+00 -1.780440000000000111e+01
5.470509999999999984e+00 -1.788419999999999987e+01
5.484510000000000218e+00 -1.796349999999999980e+01
5.498509999999999565e+00 -1.804210000000000136e+01
5.512509999999999799e+00 -1.812010000000000076e+01
5.526510000000000034e+00 -1.819750000000000156e+01
5.540510000000000268e+00 -1.827420000000000044e+01
5.554509999999999614e+00 -1.835040000000000049e+01
5.568509999999999849e+00 -1.842599999999999838e+01
5.582510000000000083e+00 -1.850090000000000146e+01
5.596510000000000318e+00 -1.857519999999999882e+01
5.610509999999999664e+00 -1.864890000000000114e+01
5.624509999999999899e+00 -1.872200000000000131e+01
5.638510000000000133e+00 -1.879439999999999955e+01
5.652510000000000367e+00 -1.886629999999999896e+01
5.666509999999999714e+00 -1.893750000000000000e+01
5.680509999999999948e+00 -1.900809999999999889e+01
5.694510000000000183e+00 -1.907809999999999917e+01
5.708510000000000417e+00 -1.914740000000000109e+01
5.722509999999999764e+00 -1.921610000000000085e+01
5.736509999999999998e+00 -1.928419999999999845e+01
5.750510000000000232e+00 -1.935170000000000101e+01
5.764509999999999579e+00 -1.941850000000000165e+01
5.778509999999999813e+00 -1.948470000000000013e+01
5.792510000000000048e+00 -1.955030000000000001e+01
5.806510000000000282e+00 -1.961520000000000152e+01
5.820509999999999629e+00 -1.967950000000000088e+01
5.834509999999999863e+00 -1.974320000000000164e+01
5.848510000000000097e+00 -1.980620000000000047e+01
5.862510000000000332e+00 -1.986860000000000070e+01
5.876509999999999678e+00 -1.993029999999999902e+01
5.890509999999999913e+00 -1.999139999999999873e+01
5.904510000000000147e+00 -2.005189999999999984e+01
5.918510000000000382e+00 -2.011169999999999902e+01
5.932509999999999728e+00 -2.017079999999999984e+01
5.946509999999999962e+00 -2.022929999999999851e+01
5.960510000000000197e+00 -2.028699999999999903e+01
5.974510000000000431e+00 -2.034420000000000073e+01
5.988509999999999778e+00 -2.040060000000000073e+01
6.002509999999999124e+00 -2.045639999999999858e+01
6.016510000000000247e+00 -2.051150000000000162e+01
6.030509999999999593e+00 -2.056589999999999918e+01
6.044510000000000716e+00 -2.061959999999999837e+01
6.058510000000000062e+00 -2.067259999999999920e+01
6.072509999999999408e+00 -2.072490000000000165e+01
6.086510000000000531e+00 -2.077649999999999864e+01
6.100509999999999877e+00 -2.082730000000000103e+01
6.114509999999999224e+00 -2.087740000000000151e+01
6.128510000000000346e+00 -2.092670000000000030e+01
6.142509999999999692e+00 -2.097540000000000049e+01
6.156510000000000815e+00 -2.102319999999999922e+01
6.170510000000000161e+00 -2.107019999999999982e+01
6.184509999999999508e+00 -2.111649999999999849e+01
6.198510000000000630e+00 -2.116189999999999927e+01
6.212509999999999977e+00 -2.120649999999999835e+01
6.226509999999999323e+00 -2.125029999999999930e+01
6.240510000000000446e+00 -2.129319999999999879e+01
6.254509999999999792e+00 -2.133530000000000015e+01
6.268509999999999138e+00 -2.137640000000000029e+01
6.282510000000000261e+00 -2.141659999999999897e+01
6.296509999999999607e+00 -2.145589999999999975e+01
6.310510000000000730e+00 -2.149419999999999931e+01
6.324510000000000076e+00 -2.153150000000000119e+01
6.338509999999999422e+00 -2.156779999999999831e+01
6.352510000000000545e+00 -2.160310000000000130e+01
6.366509999999999891e+00 -2.163719999999999999e+01
6.380509999999999238e+00 -2.167030000000000101e+01
6.394510000000000360e+00 -2.170210000000000150e+01
6.408509999999999707e+00 -2.173280000000000101e+01
6.422510000000000829e+00 -2.176219999999999999e+01
6.436510000000000176e+00 -2.179029999999999845e+01
6.450509999999999522e+00 -2.181709999999999994e+01
6.464510000000000645e+00 -2.184250000000000114e+01
6.478509999999999991e+00 -2.186639999999999873e+01
6.492509999999999337e+00 -2.188879999999999981e+01
6.506510000000000460e+00 -2.190960000000000107e+01
6.520509999999999806e+00 -2.192869999999999919e+01
6.534509999999999152e+00 -2.194600000000000151e+01
6.548510000000000275e+00 -2.196160000000000068e+01
6.562509999999999621e+00 -2.197520000000000095e+01
6.576510000000000744e+00 -2.198669999999999902e+01
6.590510000000000090e+00 -2.199609999999999843e+01
6.604509999999999437e+00 -2.200309999999999988e+01
6.618510000000000559e+00 -2.200779999999999959e+01
6.632509999999999906e+00 -2.200989999999999824e+01
6.646509999999999252e+00 -2.200919999999999987e+01
6.660510000000000375e+00 -2.200560000000000116e+01
6.674509999999999721e+00 -2.199889999999999901e+01
6.688510000000000844e+00 -2.198880000000000123e+01
6.702510000000000190e+00 -2.197520000000000095e+01
6.716509999999999536e+00 -2.195759999999999934e+01
6.730510000000000659e+00 -2.193599999999999994e+01
6.744510000000000005e+00 -2.190980000000000061e+01
6.758509999999999351e+00 -2.187869999999999848e+01
6.772510000000000474e+00 -2.184230000000000160e+01
6.786509999999999820e+00 -2.180010000000000048e+01
6.800509999999999167e+00 -2.175159999999999982e+01
6.814510000000000289e+00 -2.169620000000000104e+01
6.828509999999999636e+00 -2.163309999999999889e+01
6.842510000000000758e+00 -2.156159999999999854e+01
6.856510000000000105e+00 -2.148069999999999879e+01
6.870509999999999451e+00 -2.138950000000000173e+01
6.884510000000000574e+00 -2.128650000000000020e+01
6.898509999999999920e+00 -2.117050000000000054e+01
6.912509999999999266e+00 -2.103969999999999985e+01
6.926510000000000389e+00 -2.089219999999999899e+01
6.940509999999999735e+00 -2.072560000000000002e+01
6.954510000000000858e+00 -2.053689999999999927e+01
6.968510000000000204e+00 -2.032280000000000086e+01
6.982509999999999550e+00 -2.007920000000000016e+01
6.996510000000000673e+00 -1.980069999999999908e+01
7.010510000000000019e+00 -1.948110000000000142e+01
7.024509999999999366e+00 -1.911210000000000164e+01
7.038510000000000488e+00 -1.868370000000000175e+01
7.052509999999999835e+00 -1.818260000000000076e+01
7.066509999999999181e+00 -1.759159999999999968e+01
7.080510000000000304e+00 -1.688970000000000127e+01
7.094509999999999650e+00 -1.605959999999999965e+01
7.108510000000000773e+00 7.528149999999999409e+01
7.122510000000000119e+00 7.639039999999999964e+01
7.136509999999999465e+00 7.803870000000000573e+01
7.150510000000000588e+00 8.019199999999999307e+01
7.164509999999999934e+00 8.305240000000000578e+01
7.178509999999999280e+00 8.692029999999999745e+01
7.192510000000000403e+00 -8.782319999999999993e+01
7.206509999999999749e+00 -8.088609999999999900e+01
7.220510000000000872e+00 -7.253539999999999566e+01
7.234510000000000218e+00 -6.395199999999999818e+01
7.248509999999999565e+00 -5.650650000000000261e+01
7.262510000000000687e+00 -5.074589999999999890e+01
7.276510000000000034e+00 -4.648780000000000001e+01
7.290509999999999380e+00 -4.334759999999999991e+01
7.304510000000000502e+00 -4.099329999999999785e+01
7.318509999999999849e+00 -3.918889999999999674e+01
7.332509999999999195e+00 -3.777530000000000143e+01
7.346510000000000318e+00 -3.664529999999999887e+01
7.360509999999999664e+00 -3.572579999999999956e+01
7.374510000000000787e+00 -3.496609999999999729e+01
7.388510000000000133e+00 -3.432990000000000208e+01
7.402509999999999479e+00 -3.379090000000000060e+01
7.416510000000000602e+00 -3.332950000000000301e+01
7.430509999999999948e+00 -3.293130000000000024e+01
7.444509999999999295e+00 -3.258469999999999800e+01
7.458510000000000417e+00 -3.228090000000000259e+01
7.472509999999999764e+00 -3.201310000000000144e+01
7.486509999999999110e+00 -3.177570000000000050e+01
7.500510000000000232e+00 -3.156419999999999959e+01
7.514509999999999579e+00 -3.137480000000000047e+01
7.528510000000000701e+00 -3.120459999999999923e+01
7.542510000000000048e+00 -3.105110000000000170e+01
7.556509999999999394e+00 -3.091209999999999880e+01
7.570510000000000517e+00 -3.078579999999999828e+01
7.584509999999999863e+00 -3.067079999999999984e+01
7.598509999999999209e+00 -3.056569999999999965e+01
7.612510000000000332e+00 -3.046940000000000026e+01
7.626509999999999678e+00 -3.038090000000000046e+01
7.640510000000000801e+00 -3.029949999999999832e+01
7.654510000000000147e+00 -3.022429999999999950e+01
7.668509999999999494e+00 -3.015480000000000160e+01
7.682510000000000616e+00 -3.009029999999999916e+01
7.696509999999999962e+00 -3.003030000000000044e+01
7.710509999999999309e+00 -2.997439999999999927e+01
7.724510000000000431e+00 -2.992220000000000013e+01
7.738509999999999778e+00 -2.987330000000000041e+01
7.752509999999999124e+00 -2.982750000000000057e+01
7.766510000000000247e+00 -2.978430000000000177e+01
7.780509999999999593e+00 -2.974350000000000094e+01
7.794510000000000716e+00 -2.970499999999999829e+01
7.808510000000000062e+00 -2.966850000000000165e+01
7.822509999999999408e+00 -2.963380000000000081e+01
7.836510000000000531e+00 -2.960069999999999979e+01
7.850509999999999877e+00 -2.956889999999999930e+01
7.864509999999999224e+00 -2.953849999999999909e+01
7.878510000000000346e+00 -2.950919999999999987e+01
7.892509999999999692e+00 -2.948100000000000165e+01
7.906510000000000815e+00 -2.945339999999999847e+01
7.920510000000000161e+00 -2.942680000000000007e+01
7.934509999999999508e+00 -2.940080000000000027e+01
7.948510000000000630e+00 -2.937529999999999930e+01
7.962509999999999977e+00 -2.935010000000000119e+01
7.976509999999999323e+00 -2.932550000000000168e+01
7.990510000000000446e+00 -2.930120000000000147e+01
8.004509999999999792e+00 -2.927700000000000102e+01
8.018509999999999138e+00 -2.925290000000000035e+01
8.032510000000000261e+00 -2.922889999999999944e+01
8.046509999999999607e+00 -2.920479999999999876e+01
8.060510000000000730e+00 -2.918080000000000140e+01
8.074510000000000076e+00 -2.915650000000000119e+01
8.088509999999999422e+00 -2.913200000000000145e+01
8.102510000000000545e+00 -2.910729999999999862e+01
8.116509999999999891e+00 -2.908210000000000051e+01
8.130509999999999238e+00 -2.905659999999999954e+01
8.144510000000000360e+00 -2.903079999999999927e+01
8.158509999999999707e+00 -2.900440000000000040e+01
8.172510000000000829e+00 -2.897739999999999938e+01
8.186510000000000176e+00 -2.894989999999999952e+01
8.200509999999999522e+00 -2.892160000000000153e+01
8.214510000000000645e+00 -2.889290000000000092e+01
8.228509999999999991e+00 -2.886309999999999931e+01
8.242509999999999337e+00 -2.883259999999999934e+01
8.256510000000000460e+00 -2.880140000000000100e+01
8.270509999999999806e+00 -2.876920000000000144e+01
8.284509999999999152e+00 -2.873610000000000042e+01
8.298510000000000275e+00 -2.870200000000000173e+01
8.312509999999999621e+00 -2.866679999999999851e+01
8.326510000000000744e+00 -2.863060000000000116e+01
8.340510000000000090e+00 -2.859309999999999974e+01
8.354509999999999437e+00 -2.855460000000000065e+01
8.368510000000000559e+00 -2.851470000000000127e+01
8.382509999999999906e+00 -2.847380000000000067e+01
8.396509999999999252e+00 -2.843120000000000047e+01
8.410510000000000375e+00 -2.838739999999999952e+01
8.424509999999999721e+00 -2.834219999999999828e+01
8.438510000000000844e+00 -2.829530000000000101e+01
8.452510000000000190e+00 -2.824719999999999942e+01
8.466509999999999536e+00 -2.819709999999999894e+01
8.480510000000000659e+00 -2.814549999999999841e+01
8.494510000000000005e+00 -2.809199999999999875e+01
8.508509999999999351e+00 -2.803699999999999903e+01
8.522510000000000474e+00 -2.797990000000000066e+01
8.536509999999999820e+00 -2.792109999999999914e+01
8.550509999999999167e+00 -2.786009999999999920e+01
8.564510000000000289e+00 -2.779720000000000013e+01
8.578509999999999636e+00 -2.773209999999999908e+01
8.592510000000000758e+00 -2.766479999999999961e+01
8.606510000000000105e+00 -2.759519999999999840e+01
8.620509999999999451e+00 -2.752299999999999969e+01
8.634510000000000574e+00 -2.744859999999999900e+01
8.648509999999999920e+00 -2.737190000000000012e+01
8.662509999999999266e+00 -2.729250000000000043e+01
8.676510000000000389e+00 -2.721010000000000062e+01
8.690509999999999735e+00 -2.712529999999999930e+01
8.704510000000000858e+00 -2.703709999999999880e+01
8.718510000000000204e+00 -2.694630000000000081e+01
8.732509999999999550e+00 -2.685229999999999961e+01
8.746510000000000673e+00 -2.675479999999999947e+01
8.760510000000000019e+00 -2.665439999999999898e+01
8.774509999999999366e+00 -2.655010000000000048e+01
8.788510000000000488e+00 -2.644229999999999947e+01
8.802509999999999835e+00 -2.633099999999999952e+01
8.816509999999999181e+00 -2.621499999999999986e+01
8.830510000000000304e+00 -2.609550000000000125e+01
8.844509999999999650e+00 -2.597210000000000107e+01
8.858510000000000773e+00 -2.584329999999999927e+01
8.872510000000000119e+00 -2.570970000000000155e+01
8.886509999999999465e+00 -2.557120000000000104e+01
8.900510000000000588e+00 -2.542640000000000100e+01
8.914509999999999934e+00 -2.527619999999999933e+01
8.928509999999999280e+00 -2.511809999999999832e+01
8.942510000000000403e+00 -2.495129999999999981e+01
8.956509999999999749e+00 -2.477499999999999858e+01
8.970510000000000872e+00 -2.458200000000000074e+01
8.984510000000000218e+00 -2.436139999999999972e+01
8.998509999999999565e+00 -2.407069999999999865e+01
9.012510000000000687e+00 -2.346539999999999893e+01
9.026510000000000034e+00 6.428830000000000666e+01
9.040509999999999380e+00 6.579370000000000118e+01
9.054510000000000502e+00 6.616389999999999816e+01
9.068509999999999849e+00 6.643829999999999814e+01
9.082509999999999195e+00 6.668899999999999295e+01
9.096510000000000318e+00 6.693250000000000455e+01
9.110509999999999664e+00 6.717829999999999302e+01
9.124510000000000787e+00 6.742780000000000484e+01
9.138510000000000133e+00 6.768149999999999977e+01
9.152509999999999479e+00 6.794320000000000448e+01
