1.000000000000000021e-03 3.656000000000000139e+00
8.000000000000000167e-03 9.685399999999999565e+00
1.499999999999999944e-02 1.289750000000000085e+01
2.199999999999999872e-02 1.496189999999999998e+01
2.900000000000000147e-02 1.665749999999999886e+01
3.599999999999999728e-02 1.785800000000000054e+01
4.299999999999999656e-02 1.877169999999999916e+01
5.000000000000000278e-02 1.955140000000000100e+01
5.700000000000000205e-02 2.020540000000000092e+01
6.400000000000000133e-02 2.071000000000000085e+01
7.099999999999999367e-02 2.107100000000000151e+01
7.799999999999999989e-02 2.134329999999999927e+01
8.500000000000000611e-02 2.156299999999999883e+01
9.199999999999999845e-02 2.174149999999999849e+01
9.900000000000000466e-02 2.188179999999999836e+01
1.059999999999999970e-01 2.198310000000000031e+01
1.130000000000000032e-01 2.204329999999999856e+01
1.199999999999999956e-01 2.206370000000000076e+01
1.270000000000000018e-01 2.205130000000000123e+01
1.340000000000000080e-01 2.201569999999999894e+01
1.409999999999999865e-01 2.196359999999999957e+01
1.479999999999999927e-01 2.189920000000000044e+01
1.549999999999999989e-01 2.182430000000000092e+01
1.620000000000000051e-01 2.173989999999999867e+01
1.690000000000000113e-01 2.164620000000000033e+01
1.759999999999999898e-01 2.154329999999999856e+01
1.829999999999999960e-01 2.143100000000000094e+01
1.900000000000000022e-01 2.130930000000000035e+01
1.970000000000000084e-01 2.117869999999999919e+01
2.039999999999999869e-01 2.104009999999999891e+01
2.109999999999999931e-01 2.089470000000000027e+01
2.179999999999999993e-01 2.074380000000000024e+01
2.250000000000000056e-01 2.058859999999999957e+01
2.320000000000000118e-01 2.042989999999999995e+01
2.389999999999999902e-01 2.026820000000000022e+01
2.459999999999999964e-01 2.010399999999999920e+01
2.530000000000000027e-01 1.993730000000000047e+01
2.600000000000000089e-01 1.976839999999999975e+01
2.670000000000000151e-01 1.959720000000000084e+01
2.740000000000000213e-01 1.942389999999999972e+01
2.810000000000000275e-01 1.924840000000000018e+01
2.879999999999999782e-01 1.907079999999999842e+01
2.949999999999999845e-01 1.889120000000000132e+01
3.019999999999999907e-01 1.870949999999999847e+01
3.089999999999999969e-01 1.852599999999999980e+01
3.160000000000000031e-01 1.834069999999999823e+01
3.230000000000000093e-01 1.815390000000000015e+01
3.300000000000000155e-01 1.796569999999999823e+01
3.370000000000000218e-01 1.777629999999999910e+01
3.439999999999999725e-01 1.758589999999999876e+01
3.509999999999999787e-01 1.739470000000000027e+01
3.579999999999999849e-01 1.720289999999999964e+01
3.649999999999999911e-01 1.701050000000000040e+01
3.719999999999999973e-01 1.681769999999999854e+01
3.790000000000000036e-01 1.662450000000000117e+01
3.860000000000000098e-01 1.643110000000000070e+01
3.930000000000000160e-01 1.623760000000000048e+01
4.000000000000000222e-01 1.604380000000000095e+01
4.069999999999999729e-01 1.585009999999999941e+01
4.139999999999999791e-01 1.565629999999999988e+01
4.209999999999999853e-01 1.546250000000000036e+01
4.279999999999999916e-01 1.526880000000000059e+01
4.349999999999999978e-01 1.507530000000000037e+01
4.420000000000000040e-01 1.488189999999999991e+01
4.490000000000000102e-01 1.468880000000000052e+01
4.560000000000000164e-01 1.449590000000000067e+01
4.630000000000000226e-01 1.430330000000000013e+01
4.699999999999999734e-01 1.411110000000000042e+01
4.769999999999999796e-01 1.391929999999999978e+01
4.839999999999999858e-01 1.372799999999999976e+01
4.909999999999999920e-01 1.353720000000000034e+01
4.979999999999999982e-01 1.334689999999999976e+01
5.050000000000000044e-01 1.315709999999999980e+01
5.120000000000000107e-01 1.296799999999999997e+01
5.190000000000000169e-01 1.277950000000000053e+01
5.260000000000000231e-01 1.259169999999999945e+01
5.330000000000000293e-01 1.240460000000000029e+01
5.400000000000000355e-01 1.221819999999999951e+01
5.470000000000000417e-01 1.203250000000000064e+01
5.540000000000000480e-01 1.184759999999999991e+01
5.610000000000000542e-01 1.166350000000000087e+01
5.679999999999999494e-01 1.148010000000000019e+01
5.749999999999999556e-01 1.129759999999999920e+01
5.819999999999999618e-01 1.111580000000000013e+01
5.889999999999999680e-01 1.093490000000000073e+01
5.959999999999999742e-01 1.075479999999999947e+01
6.029999999999999805e-01 1.057549999999999990e+01
6.099999999999999867e-01 1.039710000000000001e+01
6.169999999999999929e-01 1.021950000000000003e+01
6.239999999999999991e-01 1.004269999999999996e+01
6.310000000000000053e-01 9.866799999999999571e+00
6.380000000000000115e-01 9.691700000000000870e+00
6.450000000000000178e-01 9.517400000000000304e+00
6.520000000000000240e-01 9.343999999999999417e+00
6.590000000000000302e-01 9.171499999999999986e+00
6.660000000000000364e-01 8.999800000000000466e+00
6.730000000000000426e-01 8.828900000000000858e+00
6.800000000000000488e-01 8.658799999999999386e+00
6.870000000000000551e-01 8.489599999999999369e+00
6.939999999999999503e-01 8.321199999999999264e+00
7.009999999999999565e-01 8.153600000000000847e+00
7.079999999999999627e-01 7.986900000000000333e+00
7.149999999999999689e-01 7.820899999999999963e+00
7.219999999999999751e-01 7.655700000000000394e+00
7.289999999999999813e-01 7.491299999999999848e+00
7.359999999999999876e-01 7.327700000000000102e+00
7.429999999999999938e-01 7.164799999999999613e+00
7.500000000000000000e-01 7.002600000000000158e+00
7.570000000000000062e-01 6.841199999999999726e+00
7.640000000000000124e-01 6.680600000000000094e+00
7.710000000000000187e-01 6.520599999999999952e+00
7.780000000000000249e-01 6.361399999999999721e+00
7.850000000000000311e-01 6.202799999999999869e+00
7.920000000000000373e-01 6.044900000000000162e+00
7.990000000000000435e-01 5.887699999999999712e+00
8.060000000000000497e-01 5.731099999999999639e+00
8.129999999999999449e-01 5.575199999999999712e+00
8.199999999999999512e-01 5.419900000000000162e+00
8.269999999999999574e-01 5.265200000000000102e+00
8.339999999999999636e-01 5.111100000000000421e+00
8.409999999999999698e-01 4.957600000000000229e+00
8.479999999999999760e-01 4.804700000000000415e+00
8.549999999999999822e-01 4.652400000000000091e+00
8.619999999999999885e-01 4.500600000000000378e+00
8.689999999999999947e-01 4.349499999999999922e+00
8.760000000000000009e-01 4.198800000000000310e+00
8.830000000000000071e-01 4.048700000000000188e+00
8.900000000000000133e-01 3.899099999999999788e+00
8.970000000000000195e-01 3.750100000000000211e+00
9.040000000000000258e-01 3.601500000000000146e+00
9.110000000000000320e-01 3.453500000000000014e+00
9.180000000000000382e-01 3.305899999999999839e+00
9.250000000000000444e-01 3.158900000000000041e+00
9.320000000000000506e-01 3.012300000000000200e+00
9.389999999999999458e-01 2.866200000000000081e+00
9.459999999999999520e-01 2.720499999999999918e+00
9.529999999999999583e-01 2.575400000000000134e+00
9.599999999999999645e-01 2.430600000000000094e+00
9.669999999999999707e-01 2.286300000000000221e+00
9.739999999999999769e-01 2.142500000000000071e+00
9.809999999999999831e-01 1.999100000000000099e+00
9.879999999999999893e-01 1.856100000000000083e+00
9.949999999999999956e-01 1.713500000000000023e+00
1.002000000000000002e+00 1.571299999999999919e+00
1.008999999999999897e+00 1.429599999999999982e+00
1.016000000000000014e+00 1.288200000000000012e+00
1.022999999999999909e+00 1.147199999999999998e+00
1.030000000000000027e+00 1.006699999999999928e+00
1.036999999999999922e+00 8.665000000000000480e-01
1.044000000000000039e+00 7.267000000000000126e-01
1.050999999999999934e+00 5.873000000000000442e-01
1.058000000000000052e+00 4.481999999999999873e-01
1.064999999999999947e+00 3.095999999999999863e-01
1.072000000000000064e+00 1.711999999999999911e-01
1.078999999999999959e+00 3.330000000000000321e-02
1.086000000000000076e+00 -1.043000000000000038e-01
1.092999999999999972e+00 -2.414999999999999925e-01
1.100000000000000089e+00 -3.784000000000000141e-01
1.106999999999999984e+00 -5.149000000000000243e-01
1.114000000000000101e+00 -6.510000000000000231e-01
1.120999999999999996e+00 -7.868000000000000549e-01
1.127999999999999892e+00 -9.223000000000000087e-01
1.135000000000000009e+00 -1.057399999999999896e+00
1.141999999999999904e+00 -1.192199999999999926e+00
1.149000000000000021e+00 -1.326500000000000012e+00
1.155999999999999917e+00 -1.460599999999999898e+00
1.163000000000000034e+00 -1.594300000000000050e+00
1.169999999999999929e+00 -1.727600000000000025e+00
1.177000000000000046e+00 -1.860600000000000032e+00
1.183999999999999941e+00 -1.993200000000000083e+00
1.191000000000000059e+00 -2.125399999999999956e+00
1.197999999999999954e+00 -2.257299999999999862e+00
1.205000000000000071e+00 -2.388799999999999812e+00
1.211999999999999966e+00 -2.519899999999999807e+00
1.219000000000000083e+00 -2.650599999999999845e+00
1.225999999999999979e+00 -2.781000000000000139e+00
1.233000000000000096e+00 -2.910899999999999821e+00
1.239999999999999991e+00 -3.040399999999999991e+00
1.247000000000000108e+00 -3.169599999999999973e+00
1.254000000000000004e+00 -3.298299999999999788e+00
1.260999999999999899e+00 -3.426600000000000090e+00
1.268000000000000016e+00 -3.554399999999999782e+00
1.274999999999999911e+00 -3.681799999999999962e+00
1.282000000000000028e+00 -3.808800000000000185e+00
1.288999999999999924e+00 -3.935299999999999798e+00
1.296000000000000041e+00 -4.061399999999999899e+00
1.302999999999999936e+00 -4.187000000000000277e+00
1.310000000000000053e+00 -4.312100000000000044e+00
1.316999999999999948e+00 -4.436700000000000088e+00
1.324000000000000066e+00 -4.560900000000000176e+00
1.330999999999999961e+00 -4.684499999999999886e+00
1.338000000000000078e+00 -4.807599999999999874e+00
1.344999999999999973e+00 -4.930299999999999905e+00
1.352000000000000091e+00 -5.052399999999999558e+00
1.358999999999999986e+00 -5.173899999999999721e+00
1.366000000000000103e+00 -5.294900000000000162e+00
1.372999999999999998e+00 -5.415399999999999991e+00
1.379999999999999893e+00 -5.535300000000000331e+00
1.387000000000000011e+00 -5.654700000000000060e+00
1.393999999999999906e+00 -5.773500000000000298e+00
1.401000000000000023e+00 -5.891700000000000159e+00
1.407999999999999918e+00 -6.009400000000000297e+00
1.415000000000000036e+00 -6.126400000000000290e+00
1.421999999999999931e+00 -6.242899999999999672e+00
1.429000000000000048e+00 -6.358699999999999797e+00
1.435999999999999943e+00 -6.474000000000000199e+00
1.443000000000000060e+00 -6.588599999999999568e+00
1.449999999999999956e+00 -6.702600000000000335e+00
1.457000000000000073e+00 -6.815999999999999837e+00
1.463999999999999968e+00 -6.928799999999999848e+00
1.471000000000000085e+00 -7.040899999999999714e+00
1.477999999999999980e+00 -7.152400000000000091e+00
1.485000000000000098e+00 -7.263300000000000090e+00
1.491999999999999993e+00 -7.373499999999999943e+00
1.499000000000000110e+00 -7.483100000000000307e+00
1.506000000000000005e+00 -7.591999999999999638e+00
1.512999999999999901e+00 -7.700199999999999712e+00
1.520000000000000018e+00 -7.807800000000000296e+00
1.526999999999999913e+00 -7.914799999999999613e+00
1.534000000000000030e+00 -8.021000000000000796e+00
1.540999999999999925e+00 -8.126599999999999824e+00
1.548000000000000043e+00 -8.231600000000000250e+00
1.554999999999999938e+00 -8.335800000000000765e+00
1.562000000000000055e+00 -8.439399999999999125e+00
1.568999999999999950e+00 -8.542299999999999116e+00
1.576000000000000068e+00 -8.644600000000000506e+00
1.582999999999999963e+00 -8.746100000000000207e+00
1.590000000000000080e+00 -8.846999999999999531e+00
1.596999999999999975e+00 -8.947200000000000486e+00
1.604000000000000092e+00 -9.046699999999999520e+00
1.610999999999999988e+00 -9.145500000000000185e+00
1.618000000000000105e+00 -9.243700000000000472e+00
1.625000000000000000e+00 -9.341100000000000847e+00
1.631999999999999895e+00 -9.437900000000000844e+00
1.639000000000000012e+00 -9.534000000000000696e+00
1.645999999999999908e+00 -9.629400000000000404e+00
1.653000000000000025e+00 -9.724099999999999966e+00
1.659999999999999920e+00 -9.818199999999999150e+00
1.667000000000000037e+00 -9.911500000000000199e+00
1.673999999999999932e+00 -1.000420000000000087e+01
1.681000000000000050e+00 -1.009609999999999985e+01
1.687999999999999945e+00 -1.018740000000000023e+01
1.695000000000000062e+00 -1.027800000000000047e+01
1.701999999999999957e+00 -1.036790000000000056e+01
1.709000000000000075e+00 -1.045710000000000051e+01
1.715999999999999970e+00 -1.054570000000000007e+01
1.723000000000000087e+00 -1.063349999999999973e+01
1.729999999999999982e+00 -1.072059999999999924e+01
1.737000000000000099e+00 -1.080700000000000038e+01
1.743999999999999995e+00 -1.089269999999999960e+01
1.750999999999999890e+00 -1.097770000000000046e+01
1.758000000000000007e+00 -1.106199999999999939e+01
1.764999999999999902e+00 -1.114550000000000018e+01
1.772000000000000020e+00 -1.122840000000000060e+01
1.778999999999999915e+00 -1.131049999999999933e+01
1.786000000000000032e+00 -1.139179999999999993e+01
1.792999999999999927e+00 -1.147240000000000038e+01
1.800000000000000044e+00 -1.155230000000000068e+01
1.806999999999999940e+00 -1.163139999999999930e+01
1.814000000000000057e+00 -1.170969999999999978e+01
1.820999999999999952e+00 -1.178710000000000058e+01
1.828000000000000069e+00 -1.186379999999999946e+01
1.834999999999999964e+00 -1.193970000000000020e+01
1.842000000000000082e+00 -1.201459999999999972e+01
1.848999999999999977e+00 -1.208869999999999933e+01
1.856000000000000094e+00 -1.216189999999999927e+01
1.862999999999999989e+00 -1.223419999999999952e+01
1.870000000000000107e+00 -1.230550000000000033e+01
1.877000000000000002e+00 -1.237579999999999991e+01
1.883999999999999897e+00 -1.244500000000000028e+01
1.891000000000000014e+00 -1.251319999999999943e+01
1.897999999999999909e+00 -1.258009999999999984e+01
1.905000000000000027e+00 -1.264589999999999925e+01
1.911999999999999922e+00 -1.271030000000000015e+01
1.919000000000000039e+00 -1.277330000000000076e+01
1.925999999999999934e+00 -1.283489999999999931e+01
1.933000000000000052e+00 -1.289470000000000027e+01
1.939999999999999947e+00 -1.295279999999999987e+01
1.947000000000000064e+00 -1.300880000000000081e+01
1.953999999999999959e+00 -1.306250000000000000e+01
1.961000000000000076e+00 -1.311369999999999969e+01
1.967999999999999972e+00 -1.316189999999999927e+01
1.975000000000000089e+00 -1.320650000000000013e+01
1.981999999999999984e+00 -1.324680000000000035e+01
1.989000000000000101e+00 -1.328149999999999942e+01
1.995999999999999996e+00 -1.330889999999999951e+01
2.003000000000000114e+00 -1.332559999999999967e+01
2.009999999999999787e+00 -1.332479999999999976e+01
2.016999999999999904e+00 -1.328490000000000038e+01
2.024000000000000021e+00 -1.315649999999999942e+01
2.031000000000000139e+00 -1.325600000000000023e+01
2.037999999999999812e+00 -1.335479999999999912e+01
2.044999999999999929e+00 -1.345299999999999940e+01
2.052000000000000046e+00 -1.355070000000000086e+01
2.059000000000000163e+00 -1.364789999999999992e+01
2.065999999999999837e+00 -1.374460000000000015e+01
2.072999999999999954e+00 -1.384089999999999954e+01
2.080000000000000071e+00 -1.393679999999999986e+01
2.087000000000000188e+00 -1.403250000000000064e+01
2.093999999999999861e+00 -1.412780000000000058e+01
2.100999999999999979e+00 -1.422289999999999921e+01
2.108000000000000096e+00 -1.431780000000000008e+01
2.115000000000000213e+00 -1.441239999999999988e+01
2.121999999999999886e+00 -1.450680000000000014e+01
2.129000000000000004e+00 -1.460100000000000087e+01
2.136000000000000121e+00 -1.469510000000000005e+01
2.142999999999999794e+00 -1.478899999999999970e+01
2.149999999999999911e+00 -1.488279999999999959e+01
2.157000000000000028e+00 -1.497639999999999993e+01
2.164000000000000146e+00 -1.506990000000000052e+01
2.170999999999999819e+00 -1.516319999999999979e+01
2.177999999999999936e+00 -1.525639999999999930e+01
2.185000000000000053e+00 -1.534950000000000081e+01
2.192000000000000171e+00 -1.544239999999999924e+01
2.198999999999999844e+00 -1.553509999999999991e+01
2.205999999999999961e+00 -1.562780000000000058e+01
2.213000000000000078e+00 -1.572020000000000017e+01
2.220000000000000195e+00 -1.581250000000000000e+01
2.226999999999999869e+00 -1.590470000000000006e+01
2.233999999999999986e+00 -1.599670000000000059e+01
2.241000000000000103e+00 -1.608849999999999980e+01
2.248000000000000220e+00 -1.618009999999999948e+01
2.254999999999999893e+00 -1.627159999999999940e+01
2.262000000000000011e+00 -1.636280000000000001e+01
2.269000000000000128e+00 -1.645390000000000086e+01
2.275999999999999801e+00 -1.654469999999999885e+01
2.282999999999999918e+00 -1.663530000000000086e+01
2.290000000000000036e+00 -1.672569999999999979e+01
2.297000000000000153e+00 -1.681589999999999918e+01
2.303999999999999826e+00 -1.690589999999999904e+01
2.310999999999999943e+00 -1.699559999999999960e+01
2.318000000000000060e+00 -1.708510000000000062e+01
2.325000000000000178e+00 -1.717439999999999856e+01
2.331999999999999851e+00 -1.726340000000000074e+01
2.338999999999999968e+00 -1.735219999999999985e+01
2.346000000000000085e+00 -1.744069999999999965e+01
2.353000000000000203e+00 -1.752899999999999991e+01
2.359999999999999876e+00 -1.761710000000000065e+01
2.366999999999999993e+00 -1.770489999999999853e+01
2.374000000000000110e+00 -1.779250000000000043e+01
2.380999999999999783e+00 -1.787979999999999947e+01
2.387999999999999901e+00 -1.796689999999999898e+01
2.395000000000000018e+00 -1.805379999999999896e+01
2.402000000000000135e+00 -1.814039999999999964e+01
2.408999999999999808e+00 -1.822680000000000078e+01
2.415999999999999925e+00 -1.831299999999999883e+01
2.423000000000000043e+00 -1.839900000000000091e+01
2.430000000000000160e+00 -1.848470000000000013e+01
2.436999999999999833e+00 -1.857029999999999959e+01
2.443999999999999950e+00 -1.865559999999999974e+01
2.451000000000000068e+00 -1.874080000000000013e+01
2.458000000000000185e+00 -1.882570000000000121e+01
2.464999999999999858e+00 -1.891049999999999898e+01
2.471999999999999975e+00 -1.899510000000000076e+01
2.479000000000000092e+00 -1.907949999999999946e+01
2.486000000000000210e+00 -1.916379999999999839e+01
2.492999999999999883e+00 -1.924790000000000134e+01
2.500000000000000000e+00 -1.933190000000000097e+01
2.507000000000000117e+00 -1.941570000000000107e+01
2.513999999999999790e+00 -1.949940000000000140e+01
2.520999999999999908e+00 -1.958299999999999841e+01
2.528000000000000025e+00 -1.966649999999999920e+01
2.535000000000000142e+00 -1.974980000000000047e+01
2.541999999999999815e+00 -1.983299999999999841e+01
2.548999999999999932e+00 -1.991619999999999990e+01
2.556000000000000050e+00 -1.999919999999999831e+01
2.563000000000000167e+00 -2.008220000000000027e+01
2.569999999999999840e+00 -2.016509999999999891e+01
2.576999999999999957e+00 -2.024790000000000134e+01
2.584000000000000075e+00 -2.033060000000000045e+01
2.591000000000000192e+00 -2.041319999999999979e+01
2.597999999999999865e+00 -2.049579999999999913e+01
2.604999999999999982e+00 -2.057839999999999847e+01
2.612000000000000099e+00 -2.066079999999999828e+01
2.619000000000000217e+00 -2.074320000000000164e+01
2.625999999999999890e+00 -2.082560000000000144e+01
2.633000000000000007e+00 -2.090790000000000148e+01
2.640000000000000124e+00 -2.099020000000000152e+01
2.646999999999999797e+00 -2.107239999999999824e+01
2.653999999999999915e+00 -2.115449999999999875e+01
2.661000000000000032e+00 -2.123659999999999926e+01
2.668000000000000149e+00 -2.131859999999999999e+01
2.674999999999999822e+00 -2.140060000000000073e+01
2.681999999999999940e+00 -2.148250000000000171e+01
2.689000000000000057e+00 -2.156429999999999936e+01
2.696000000000000174e+00 -2.164610000000000056e+01
2.702999999999999847e+00 -2.172779999999999845e+01
2.709999999999999964e+00 -2.180940000000000012e+01
2.717000000000000082e+00 -2.189089999999999847e+01
2.724000000000000199e+00 -2.197230000000000061e+01
2.730999999999999872e+00 -2.205369999999999919e+01
2.737999999999999989e+00 -2.213489999999999824e+01
2.745000000000000107e+00 -2.221600000000000108e+01
2.751999999999999780e+00 -2.229700000000000060e+01
2.758999999999999897e+00 -2.237780000000000058e+01
2.766000000000000014e+00 -2.245850000000000080e+01
2.773000000000000131e+00 -2.253910000000000124e+01
2.779999999999999805e+00 -2.261949999999999861e+01
2.786999999999999922e+00 -2.269969999999999999e+01
2.794000000000000039e+00 -2.277980000000000160e+01
2.801000000000000156e+00 -2.285960000000000036e+01
2.807999999999999829e+00 -2.293929999999999936e+01
2.814999999999999947e+00 -2.301869999999999905e+01
2.822000000000000064e+00 -2.309789999999999921e+01
2.829000000000000181e+00 -2.317689999999999984e+01
2.835999999999999854e+00 -2.325560000000000116e+01
2.842999999999999972e+00 -2.333409999999999940e+01
2.850000000000000089e+00 -2.341229999999999833e+01
2.857000000000000206e+00 -2.349030000000000129e+01
2.863999999999999879e+00 -2.356790000000000163e+01
2.870999999999999996e+00 -2.364519999999999911e+01
2.878000000000000114e+00 -2.372220000000000084e+01
2.884999999999999787e+00 -2.379889999999999972e+01
2.891999999999999904e+00 -2.387529999999999930e+01
2.899000000000000021e+00 -2.395129999999999981e+01
2.906000000000000139e+00 -2.402700000000000102e+01
2.912999999999999812e+00 -2.410229999999999961e+01
2.919999999999999929e+00 -2.417719999999999914e+01
2.927000000000000046e+00 -2.425169999999999959e+01
2.934000000000000163e+00 -2.432590000000000074e+01
2.940999999999999837e+00 -2.439959999999999951e+01
2.947999999999999954e+00 -2.447289999999999921e+01
2.955000000000000071e+00 -2.454579999999999984e+01
2.962000000000000188e+00 -2.461830000000000140e+01
2.968999999999999861e+00 -2.469040000000000035e+01
2.975999999999999979e+00 -2.476200000000000045e+01
2.983000000000000096e+00 -2.483320000000000149e+01
2.990000000000000213e+00 -2.490390000000000015e+01
2.996999999999999886e+00 -2.497419999999999973e+01
3.004000000000000004e+00 -2.504410000000000025e+01
3.011000000000000121e+00 -2.511339999999999861e+01
3.017999999999999794e+00 -2.518230000000000146e+01
3.024999999999999911e+00 -2.525080000000000169e+01
3.032000000000000028e+00 -2.531879999999999953e+01
3.039000000000000146e+00 -2.538629999999999853e+01
3.045999999999999819e+00 -2.545329999999999870e+01
3.052999999999999936e+00 -2.551989999999999981e+01
3.060000000000000053e+00 -2.558609999999999829e+01
3.067000000000000171e+00 -2.565170000000000172e+01
3.073999999999999844e+00 -2.571689999999999898e+01
3.080999999999999961e+00 -2.578160000000000096e+01
3.088000000000000078e+00 -2.584590000000000032e+01
3.095000000000000195e+00 -2.590980000000000061e+01
3.101999999999999869e+00 -2.597309999999999874e+01
3.108999999999999986e+00 -2.603610000000000113e+01
3.116000000000000103e+00 -2.609860000000000113e+01
3.123000000000000220e+00 -2.616059999999999874e+01
3.129999999999999893e+00 -2.622230000000000061e+01
3.137000000000000011e+00 -2.628350000000000009e+01
3.144000000000000128e+00 -2.634430000000000049e+01
3.150999999999999801e+00 -2.640469999999999828e+01
3.157999999999999918e+00 -2.646470000000000056e+01
3.165000000000000036e+00 -2.652430000000000021e+01
3.172000000000000153e+00 -2.658350000000000080e+01
3.178999999999999826e+00 -2.664239999999999853e+01
3.185999999999999943e+00 -2.670090000000000074e+01
3.193000000000000060e+00 -2.675900000000000034e+01
3.200000000000000178e+00 -2.681680000000000064e+01
3.206999999999999851e+00 -2.687430000000000163e+01
3.213999999999999968e+00 -2.693140000000000001e+01
3.221000000000000085e+00 -2.698819999999999908e+01
3.228000000000000203e+00 -2.704469999999999885e+01
3.234999999999999876e+00 -2.710099999999999909e+01
3.241999999999999993e+00 -2.715690000000000026e+01
3.249000000000000110e+00 -2.721259999999999835e+01
3.255999999999999783e+00 -2.726800000000000068e+01
3.262999999999999901e+00 -2.732310000000000016e+01
3.270000000000000018e+00 -2.737809999999999988e+01
3.277000000000000135e+00 -2.743280000000000030e+01
3.283999999999999808e+00 -2.748720000000000141e+01
3.290999999999999925e+00 -2.754149999999999920e+01
3.298000000000000043e+00 -2.759560000000000102e+01
3.305000000000000160e+00 -2.764949999999999974e+01
3.311999999999999833e+00 -2.770319999999999894e+01
3.318999999999999950e+00 -2.775669999999999860e+01
3.326000000000000068e+00 -2.781009999999999849e+01
3.333000000000000185e+00 -2.786339999999999861e+01
3.339999999999999858e+00 -2.791649999999999920e+01
3.346999999999999975e+00 -2.796950000000000003e+01
3.354000000000000092e+00 -2.802240000000000109e+01
3.361000000000000210e+00 -2.807509999999999906e+01
3.367999999999999883e+00 -2.812780000000000058e+01
3.375000000000000000e+00 -2.818029999999999902e+01
3.382000000000000117e+00 -2.823280000000000101e+01
3.388999999999999790e+00 -2.828519999999999968e+01
3.395999999999999908e+00 -2.833749999999999858e+01
3.403000000000000025e+00 -2.838980000000000103e+01
3.410000000000000142e+00 -2.844190000000000040e+01
3.416999999999999815e+00 -2.849409999999999954e+01
3.423999999999999932e+00 -2.854609999999999914e+01
3.431000000000000050e+00 -2.859809999999999874e+01
3.438000000000000167e+00 -2.865009999999999835e+01
3.444999999999999840e+00 -2.870200000000000173e+01
3.451999999999999957e+00 -2.875390000000000157e+01
3.459000000000000075e+00 -2.880570000000000164e+01
3.466000000000000192e+00 -2.885750000000000171e+01
3.472999999999999865e+00 -2.890919999999999845e+01
3.479999999999999982e+00 -2.896089999999999876e+01
3.487000000000000099e+00 -2.901249999999999929e+01
3.494000000000000217e+00 -2.906409999999999982e+01
3.500999999999999890e+00 -2.911570000000000036e+01
3.508000000000000007e+00 -2.916720000000000113e+01
3.515000000000000124e+00 -2.921859999999999857e+01
3.521999999999999797e+00 -2.926999999999999957e+01
3.528999999999999915e+00 -2.932130000000000081e+01
3.536000000000000032e+00 -2.937249999999999872e+01
3.543000000000000149e+00 -2.942370000000000019e+01
3.549999999999999822e+00 -2.947469999999999857e+01
3.556999999999999940e+00 -2.952570000000000050e+01
3.564000000000000057e+00 -2.957659999999999911e+01
3.571000000000000174e+00 -2.962730000000000175e+01
3.577999999999999847e+00 -2.967790000000000106e+01
3.584999999999999964e+00 -2.972840000000000060e+01
3.592000000000000082e+00 -2.977880000000000038e+01
3.599000000000000199e+00 -2.982900000000000063e+01
3.605999999999999872e+00 -2.987900000000000134e+01
3.612999999999999989e+00 -2.992889999999999873e+01
3.620000000000000107e+00 -2.997860000000000014e+01
3.626999999999999780e+00 -3.002809999999999846e+01
3.633999999999999897e+00 -3.007730000000000103e+01
3.641000000000000014e+00 -3.012640000000000029e+01
3.648000000000000131e+00 -3.017520000000000024e+01
3.654999999999999805e+00 -3.022370000000000090e+01
3.661999999999999922e+00 -3.027199999999999847e+01
3.669000000000000039e+00 -3.032000000000000028e+01
3.676000000000000156e+00 -3.036769999999999925e+01
3.682999999999999829e+00 -3.041509999999999891e+01
3.689999999999999947e+00 -3.046219999999999928e+01
3.697000000000000064e+00 -3.050890000000000057e+01
3.704000000000000181e+00 -3.055529999999999902e+01
3.710999999999999854e+00 -3.060129999999999839e+01
3.717999999999999972e+00 -3.064689999999999870e+01
3.725000000000000089e+00 -3.069209999999999994e+01
3.732000000000000206e+00 -3.073699999999999832e+01
3.738999999999999879e+00 -3.078140000000000143e+01
3.745999999999999996e+00 -3.082529999999999859e+01
3.753000000000000114e+00 -3.086880000000000024e+01
3.759999999999999787e+00 -3.091179999999999950e+01
3.766999999999999904e+00 -3.095439999999999969e+01
3.774000000000000021e+00 -3.099650000000000105e+01
3.781000000000000139e+00 -3.103800000000000026e+01
3.787999999999999812e+00 -3.107910000000000039e+01
3.794999999999999929e+00 -3.111959999999999837e+01
3.802000000000000046e+00 -3.115960000000000107e+01
3.809000000000000163e+00 -3.119910000000000139e+01
3.815999999999999837e+00 -3.123799999999999955e+01
3.822999999999999954e+00 -3.127629999999999910e+01
3.830000000000000071e+00 -3.131400000000000006e+01
3.837000000000000188e+00 -3.135119999999999862e+01
3.843999999999999861e+00 -3.138779999999999859e+01
3.850999999999999979e+00 -3.142379999999999995e+01
3.858000000000000096e+00 -3.145919999999999916e+01
3.865000000000000213e+00 -3.149399999999999977e+01
3.871999999999999886e+00 -3.152809999999999846e+01
3.879000000000000004e+00 -3.156169999999999831e+01
3.886000000000000121e+00 -3.159459999999999980e+01
3.892999999999999794e+00 -3.162699999999999889e+01
3.899999999999999911e+00 -3.165869999999999962e+01
3.907000000000000028e+00 -3.168980000000000175e+01
3.914000000000000146e+00 -3.172030000000000172e+01
3.920999999999999819e+00 -3.175009999999999977e+01
3.927999999999999936e+00 -3.177939999999999898e+01
3.935000000000000053e+00 -3.180799999999999983e+01
3.942000000000000171e+00 -3.183609999999999829e+01
3.948999999999999844e+00 -3.186349999999999838e+01
3.955999999999999961e+00 -3.189029999999999987e+01
3.963000000000000078e+00 -3.191649999999999920e+01
3.970000000000000195e+00 -3.194219999999999970e+01
3.976999999999999869e+00 -3.196730000000000160e+01
3.983999999999999986e+00 -3.199180000000000135e+01
3.991000000000000103e+00 -3.201570000000000249e+01
3.998000000000000220e+00 -3.203909999999999769e+01
4.004999999999999893e+00 -3.206190000000000140e+01
4.011999999999999567e+00 -3.208420000000000272e+01
4.019000000000000128e+00 -3.210600000000000165e+01
4.025999999999999801e+00 -3.212729999999999819e+01
4.033000000000000362e+00 -3.214809999999999945e+01
4.040000000000000036e+00 -3.216839999999999833e+01
4.046999999999999709e+00 -3.218820000000000192e+01
4.054000000000000270e+00 -3.220759999999999934e+01
4.060999999999999943e+00 -3.222650000000000148e+01
4.067999999999999616e+00 -3.224499999999999744e+01
4.075000000000000178e+00 -3.226299999999999812e+01
4.081999999999999851e+00 -3.228070000000000306e+01
4.089000000000000412e+00 -3.229800000000000182e+01
4.096000000000000085e+00 -3.231490000000000151e+01
4.102999999999999758e+00 -3.233140000000000214e+01
4.110000000000000320e+00 -3.234770000000000323e+01
4.116999999999999993e+00 -3.236350000000000193e+01
4.123999999999999666e+00 -3.237910000000000110e+01
4.131000000000000227e+00 -3.239439999999999742e+01
4.137999999999999901e+00 -3.240939999999999799e+01
4.144999999999999574e+00 -3.242410000000000281e+01
4.152000000000000135e+00 -3.243860000000000099e+01
4.158999999999999808e+00 -3.245280000000000342e+01
4.166000000000000369e+00 -3.246679999999999922e+01
4.173000000000000043e+00 -3.248060000000000258e+01
4.179999999999999716e+00 -3.249430000000000263e+01
4.187000000000000277e+00 -3.250769999999999982e+01
4.193999999999999950e+00 -3.252100000000000080e+01
4.200999999999999623e+00 -3.253410000000000224e+01
4.208000000000000185e+00 -3.254710000000000036e+01
4.214999999999999858e+00 -3.256000000000000227e+01
4.222000000000000419e+00 -3.257269999999999754e+01
4.229000000000000092e+00 -3.258539999999999992e+01
4.235999999999999766e+00 -3.259790000000000276e+01
4.243000000000000327e+00 -3.261039999999999850e+01
4.250000000000000000e+00 -3.262279999999999802e+01
4.256999999999999673e+00 -3.263519999999999754e+01
4.264000000000000234e+00 -3.264739999999999753e+01
4.270999999999999908e+00 -3.265970000000000084e+01
4.277999999999999581e+00 -3.267190000000000083e+01
4.285000000000000142e+00 -3.268410000000000082e+01
4.291999999999999815e+00 -3.269619999999999749e+01
4.299000000000000377e+00 -3.270830000000000126e+01
4.306000000000000050e+00 -3.272039999999999793e+01
4.312999999999999723e+00 -3.273239999999999839e+01
4.320000000000000284e+00 -3.274450000000000216e+01
4.326999999999999957e+00 -3.275650000000000261e+01
4.333999999999999631e+00 -3.276850000000000307e+01
4.341000000000000192e+00 -3.278040000000000020e+01
4.347999999999999865e+00 -3.279229999999999734e+01
4.355000000000000426e+00 -3.280409999999999826e+01
4.362000000000000099e+00 -3.281589999999999918e+01
4.368999999999999773e+00 -3.282759999999999678e+01
4.376000000000000334e+00 -3.283910000000000196e+01
4.383000000000000007e+00 -3.285060000000000002e+01
4.389999999999999680e+00 -3.286180000000000234e+01
4.397000000000000242e+00 -3.287290000000000134e+01
4.403999999999999915e+00 -3.288380000000000081e+01
4.410999999999999588e+00 -3.289430000000000121e+01
4.418000000000000149e+00 -3.290449999999999875e+01
4.424999999999999822e+00 -3.291429999999999723e+01
4.432000000000000384e+00 -3.292369999999999663e+01
4.439000000000000057e+00 -3.293240000000000123e+01
4.445999999999999730e+00 -3.294039999999999679e+01
4.453000000000000291e+00 -3.294769999999999754e+01
4.459999999999999964e+00 -3.295389999999999731e+01
4.466999999999999638e+00 -3.295900000000000318e+01
4.474000000000000199e+00 -3.296280000000000143e+01
4.480999999999999872e+00 -3.296490000000000009e+01
4.488000000000000433e+00 -3.296509999999999962e+01
4.495000000000000107e+00 -3.296289999999999765e+01
4.501999999999999780e+00 -3.295790000000000219e+01
4.509000000000000341e+00 -3.294950000000000045e+01
4.516000000000000014e+00 -3.293690000000000140e+01
4.522999999999999687e+00 -3.291929999999999978e+01
4.530000000000000249e+00 -3.289520000000000266e+01
4.536999999999999922e+00 -3.286310000000000286e+01
4.543999999999999595e+00 -3.282079999999999842e+01
4.551000000000000156e+00 -3.276530000000000342e+01
4.557999999999999829e+00 -3.269239999999999924e+01
4.565000000000000391e+00 -3.259599999999999653e+01
4.572000000000000064e+00 -3.246670000000000300e+01
4.578999999999999737e+00 -3.229010000000000247e+01
4.586000000000000298e+00 -3.204220000000000113e+01
4.592999999999999972e+00 -3.167999999999999972e+01
4.599999999999999645e+00 -3.112049999999999983e+01
4.607000000000000206e+00 -3.018380000000000152e+01
4.613999999999999879e+00 -2.843100000000000094e+01
4.621000000000000441e+00 -2.486959999999999837e+01
4.628000000000000114e+00 -2.344689999999999941e+01
4.634999999999999787e+00 -3.520960000000000178e+01
4.642000000000000348e+00 -3.710289999999999822e+01
4.649000000000000021e+00 -3.683829999999999671e+01
4.655999999999999694e+00 -3.647749999999999915e+01
4.663000000000000256e+00 -3.619850000000000279e+01
4.669999999999999929e+00 -3.599549999999999983e+01
4.676999999999999602e+00 -3.584870000000000090e+01
4.684000000000000163e+00 -3.574260000000000304e+01
4.690999999999999837e+00 -3.566629999999999967e+01
4.698000000000000398e+00 -3.561220000000000141e+01
4.705000000000000071e+00 -3.557529999999999859e+01
4.711999999999999744e+00 -3.555180000000000007e+01
4.719000000000000306e+00 -3.553900000000000148e+01
4.725999999999999979e+00 -3.553490000000000038e+01
4.732999999999999652e+00 -3.553799999999999670e+01
4.740000000000000213e+00 -3.554710000000000036e+01
4.746999999999999886e+00 -3.556130000000000280e+01
4.753999999999999559e+00 -3.557979999999999876e+01
4.761000000000000121e+00 -3.560210000000000008e+01
4.767999999999999794e+00 -3.562769999999999726e+01
4.775000000000000355e+00 -3.565619999999999834e+01
4.782000000000000028e+00 -3.568719999999999715e+01
4.788999999999999702e+00 -3.572039999999999793e+01
4.796000000000000263e+00 -3.575569999999999737e+01
4.802999999999999936e+00 -3.579279999999999973e+01
4.809999999999999609e+00 -3.583149999999999835e+01
4.817000000000000171e+00 -3.587160000000000082e+01
4.823999999999999844e+00 -3.591310000000000002e+01
4.831000000000000405e+00 -3.595580000000000354e+01
4.838000000000000078e+00 -3.599949999999999761e+01
4.844999999999999751e+00 -3.604410000000000025e+01
4.852000000000000313e+00 -3.608970000000000056e+01
4.858999999999999986e+00 -3.613600000000000279e+01
4.865999999999999659e+00 -3.618299999999999983e+01
4.873000000000000220e+00 -3.623060000000000258e+01
4.879999999999999893e+00 -3.627870000000000061e+01
4.886999999999999567e+00 -3.632719999999999771e+01
4.894000000000000128e+00 -3.637619999999999720e+01
4.900999999999999801e+00 -3.642540000000000333e+01
4.908000000000000362e+00 -3.647500000000000142e+01
4.915000000000000036e+00 -3.652470000000000283e+01
4.921999999999999709e+00 -3.657450000000000045e+01
4.929000000000000270e+00 -3.662440000000000140e+01
4.935999999999999943e+00 -3.667430000000000234e+01
4.942999999999999616e+00 -3.672420000000000329e+01
4.950000000000000178e+00 -3.677389999999999759e+01
4.956999999999999851e+00 -3.682350000000000279e+01
4.964000000000000412e+00 -3.687290000000000134e+01
4.971000000000000085e+00 -3.692210000000000036e+01
4.977999999999999758e+00 -3.697090000000000032e+01
4.985000000000000320e+00 -3.701930000000000121e+01
4.991999999999999993e+00 -3.706739999999999924e+01
4.998999999999999666e+00 -3.711500000000000199e+01
5.006000000000000227e+00 -3.716199999999999903e+01
5.012999999999999901e+00 -3.720850000000000080e+01
5.019999999999999574e+00 -3.725439999999999685e+01
5.027000000000000135e+00 -3.729959999999999809e+01
5.033999999999999808e+00 -3.734409999999999741e+01
5.041000000000000369e+00 -3.738790000000000191e+01
5.048000000000000043e+00 -3.743090000000000117e+01
5.054999999999999716e+00 -3.747299999999999898e+01
5.062000000000000277e+00 -3.751429999999999865e+01
5.068999999999999950e+00 -3.755460000000000065e+01
5.075999999999999623e+00 -3.759400000000000119e+01
5.083000000000000185e+00 -3.763239999999999696e+01
5.089999999999999858e+00 -3.766980000000000217e+01
5.097000000000000419e+00 -3.770609999999999928e+01
5.104000000000000092e+00 -3.774130000000000251e+01
5.110999999999999766e+00 -3.777530000000000143e+01
5.118000000000000327e+00 -3.780819999999999936e+01
5.125000000000000000e+00 -3.783979999999999677e+01
5.131999999999999673e+00 -3.787030000000000030e+01
5.139000000000000234e+00 -3.789950000000000330e+01
5.145999999999999908e+00 -3.792739999999999867e+01
5.152999999999999581e+00 -3.795400000000000063e+01
5.160000000000000142e+00 -3.797930000000000206e+01
5.166999999999999815e+00 -3.800330000000000297e+01
5.174000000000000377e+00 -3.802590000000000003e+01
5.181000000000000050e+00 -3.804719999999999658e+01
5.187999999999999723e+00 -3.806710000000000349e+01
5.195000000000000284e+00 -3.808559999999999945e+01
5.201999999999999957e+00 -3.810280000000000200e+01
5.208999999999999631e+00 -3.811849999999999739e+01
5.216000000000000192e+00 -3.813280000000000314e+01
5.222999999999999865e+00 -3.814580000000000126e+01
5.230000000000000426e+00 -3.815749999999999886e+01
5.237000000000000099e+00 -3.816770000000000351e+01
5.243999999999999773e+00 -3.817660000000000053e+01
5.251000000000000334e+00 -3.818419999999999703e+01
5.258000000000000007e+00 -3.819039999999999679e+01
5.264999999999999680e+00 -3.819539999999999935e+01
5.272000000000000242e+00 -3.819899999999999807e+01
5.278999999999999915e+00 -3.820150000000000290e+01
5.285999999999999588e+00 -3.820270000000000010e+01
5.293000000000000149e+00 -3.820280000000000342e+01
5.299999999999999822e+00 -3.820170000000000243e+01
5.307000000000000384e+00 -3.819950000000000045e+01
5.314000000000000057e+00 -3.819630000000000081e+01
5.320999999999999730e+00 -3.819200000000000017e+01
5.328000000000000291e+00 -3.818679999999999808e+01
5.334999999999999964e+00 -3.818059999999999832e+01
5.341999999999999638e+00 -3.817360000000000042e+01
5.349000000000000199e+00 -3.816579999999999728e+01
5.355999999999999872e+00 -3.815720000000000312e+01
5.363000000000000433e+00 -3.814789999999999992e+01
5.370000000000000107e+00 -3.813799999999999812e+01
5.376999999999999780e+00 -3.812740000000000151e+01
5.384000000000000341e+00 -3.811639999999999873e+01
5.391000000000000014e+00 -3.810490000000000066e+01
5.397999999999999687e+00 -3.809300000000000352e+01
5.405000000000000249e+00 -3.808070000000000022e+01
5.411999999999999922e+00 -3.806819999999999737e+01
5.418999999999999595e+00 -3.805539999999999878e+01
5.426000000000000156e+00 -3.804240000000000066e+01
5.432999999999999829e+00 -3.802940000000000254e+01
5.440000000000000391e+00 -3.801630000000000109e+01
5.447000000000000064e+00 -3.800319999999999965e+01
5.453999999999999737e+00 -3.799020000000000152e+01
5.461000000000000298e+00 -3.797720000000000340e+01
5.467999999999999972e+00 -3.796450000000000102e+01
5.474999999999999645e+00 -3.795190000000000197e+01
5.482000000000000206e+00 -3.793959999999999866e+01
5.488999999999999879e+00 -3.792750000000000199e+01
5.496000000000000441e+00 -3.791579999999999728e+01
5.503000000000000114e+00 -3.790440000000000254e+01
5.509999999999999787e+00 -3.789339999999999975e+01
5.517000000000000348e+00 -3.788269999999999982e+01
5.524000000000000021e+00 -3.787250000000000227e+01
5.530999999999999694e+00 -3.786269999999999669e+01
5.538000000000000256e+00 -3.785340000000000060e+01
5.544999999999999929e+00 -3.784449999999999648e+01
5.551999999999999602e+00 -3.783599999999999852e+01
5.559000000000000163e+00 -3.782800000000000296e+01
5.565999999999999837e+00 -3.782039999999999935e+01
5.573000000000000398e+00 -3.781320000000000192e+01
5.580000000000000071e+00 -3.780639999999999645e+01
5.586999999999999744e+00 -3.779990000000000094e+01
5.594000000000000306e+00 -3.779379999999999740e+01
