1.000000000000000021e-02 1.000000999999999918e+00
2.000000000000000042e-02 1.000000999999999918e+00
2.999999999999999889e-02 1.000000999999999918e+00
4.000000000000000083e-02 1.000000999999999918e+00
5.000000000000000278e-02 1.000000999999999918e+00
5.999999999999999778e-02 1.000000000000000000e+00
7.000000000000000666e-02 1.000000000000000000e+00
8.000000000000000167e-02 1.000000999999999918e+00
8.999999999999999667e-02 1.000000999999999918e+00
1.000000000000000056e-01 1.000000000000000000e+00
1.100000000000000006e-01 1.000000000000000000e+00
1.199999999999999956e-01 1.000000000000000000e+00
1.300000000000000044e-01 1.000000000000000000e+00
1.400000000000000133e-01 1.000000000000000000e+00
1.499999999999999944e-01 1.000000999999999918e+00
1.600000000000000033e-01 1.000000999999999918e+00
1.700000000000000122e-01 1.000000999999999918e+00
1.799999999999999933e-01 1.000000999999999918e+00
1.900000000000000022e-01 1.000000000000000000e+00
2.000000000000000111e-01 1.000000000000000000e+00
2.099999999999999922e-01 1.000000000000000000e+00
2.200000000000000011e-01 1.000000000000000000e+00
2.300000000000000100e-01 1.000000000000000000e+00
2.399999999999999911e-01 1.000000000000000000e+00
2.500000000000000000e-01 1.000000000000000000e+00
2.600000000000000089e-01 1.000000000000000000e+00
2.700000000000000178e-01 1.000000000000000000e+00
2.800000000000000266e-01 1.000000000000000000e+00
2.899999999999999800e-01 1.000000000000000000e+00
2.999999999999999889e-01 1.000000000000000000e+00
3.099999999999999978e-01 1.000000000000000000e+00
3.200000000000000067e-01 1.000000000000000000e+00
3.300000000000000155e-01 1.000000000000000000e+00
3.400000000000000244e-01 1.000000000000000000e+00
3.499999999999999778e-01 1.000000000000000000e+00
3.599999999999999867e-01 1.000000000000000000e+00
3.699999999999999956e-01 1.000000000000000000e+00
3.800000000000000044e-01 1.000000000000000000e+00
3.900000000000000133e-01 1.000000000000000000e+00
4.000000000000000222e-01 1.000000000000000000e+00
4.099999999999999756e-01 1.000000000000000000e+00
4.199999999999999845e-01 1.000000000000000000e+00
4.299999999999999933e-01 1.000000000000000000e+00
4.400000000000000022e-01 1.000000000000000000e+00
4.500000000000000111e-01 1.000000000000000000e+00
4.600000000000000200e-01 1.000000000000000000e+00
4.699999999999999734e-01 1.000000000000000000e+00
4.799999999999999822e-01 1.000000000000000000e+00
4.899999999999999911e-01 1.000000000000000000e+00
5.000000000000000000e-01 1.000000000000000000e+00
5.100000000000000089e-01 1.000000000000000000e+00
5.200000000000000178e-01 1.000000000000000000e+00
5.300000000000000266e-01 1.000000000000000000e+00
5.400000000000000355e-01 1.000000000000000000e+00
5.500000000000000444e-01 1.000000000000000000e+00
5.600000000000000533e-01 1.000000000000000000e+00
5.699999999999999512e-01 1.000000000000000000e+00
5.799999999999999600e-01 1.000000000000000000e+00
5.899999999999999689e-01 1.000000000000000000e+00
5.999999999999999778e-01 1.000000000000000000e+00
6.099999999999999867e-01 1.000000000000000000e+00
6.199999999999999956e-01 1.000000000000000000e+00
6.300000000000000044e-01 1.000000000000000000e+00
6.400000000000000133e-01 1.000000000000000000e+00
6.500000000000000222e-01 1.000000000000000000e+00
6.600000000000000311e-01 1.000000000000000000e+00
6.700000000000000400e-01 1.000000000000000000e+00
6.800000000000000488e-01 1.000000000000000000e+00
6.899999999999999467e-01 1.000000000000000000e+00
6.999999999999999556e-01 1.000000000000000000e+00
7.099999999999999645e-01 1.000000000000000000e+00
7.199999999999999734e-01 1.000000000000000000e+00
7.299999999999999822e-01 1.000000000000000000e+00
7.399999999999999911e-01 1.000000000000000000e+00
7.500000000000000000e-01 1.000000000000000000e+00
7.600000000000000089e-01 1.000000000000000000e+00
7.700000000000000178e-01 1.000000000000000000e+00
7.800000000000000266e-01 1.000000000000000000e+00
7.900000000000000355e-01 1.000000000000000000e+00
8.000000000000000444e-01 1.000000000000000000e+00
8.100000000000000533e-01 1.000000000000000000e+00
8.199999999999999512e-01 1.000000000000000000e+00
8.299999999999999600e-01 1.000000000000000000e+00
8.399999999999999689e-01 1.000000000000000000e+00
8.499999999999999778e-01 1.000000000000000000e+00
8.599999999999999867e-01 1.000000000000000000e+00
8.699999999999999956e-01 1.000000000000000000e+00
8.800000000000000044e-01 1.000000000000000000e+00
8.900000000000000133e-01 1.000000000000000000e+00
9.000000000000000222e-01 1.000000000000000000e+00
9.100000000000000311e-01 1.000000000000000000e+00
9.200000000000000400e-01 1.000000000000000000e+00
9.300000000000000488e-01 1.000000000000000000e+00
9.399999999999999467e-01 1.000000000000000000e+00
9.499999999999999556e-01 1.000000000000000000e+00
9.599999999999999645e-01 1.000000000000000000e+00
9.699999999999999734e-01 1.000000000000000000e+00
9.799999999999999822e-01 1.000000000000000000e+00
9.899999999999999911e-01 1.000000000000000000e+00
1.000000000000000000e+00 1.000000000000000000e+00
1.010000000000000009e+00 1.000000000000000000e+00
1.020000000000000018e+00 1.000000000000000000e+00
1.030000000000000027e+00 1.000000000000000000e+00
1.040000000000000036e+00 1.000000000000000000e+00
1.050000000000000044e+00 1.000000000000000000e+00
1.060000000000000053e+00 1.000000000000000000e+00
1.070000000000000062e+00 1.000000000000000000e+00
1.080000000000000071e+00 1.000000000000000000e+00
1.090000000000000080e+00 1.000000000000000000e+00
1.100000000000000089e+00 1.000000000000000000e+00
1.110000000000000098e+00 1.000000000000000000e+00
1.120000000000000107e+00 1.000000000000000000e+00
1.129999999999999893e+00 1.000000000000000000e+00
1.139999999999999902e+00 1.000000000000000000e+00
1.149999999999999911e+00 1.000000000000000000e+00
1.159999999999999920e+00 1.000000000000000000e+00
1.169999999999999929e+00 1.000000000000000000e+00
1.179999999999999938e+00 1.000000000000000000e+00
1.189999999999999947e+00 1.000000000000000000e+00
1.199999999999999956e+00 1.000000000000000000e+00
1.209999999999999964e+00 1.000000000000000000e+00
1.219999999999999973e+00 1.000000000000000000e+00
1.229999999999999982e+00 1.000000000000000000e+00
1.239999999999999991e+00 1.000000000000000000e+00
1.250000000000000000e+00 1.000000000000000000e+00
1.260000000000000009e+00 1.000000000000000000e+00
1.270000000000000018e+00 1.000000000000000000e+00
1.280000000000000027e+00 1.000000000000000000e+00
1.290000000000000036e+00 1.000000000000000000e+00
1.300000000000000044e+00 1.000000000000000000e+00
1.310000000000000053e+00 1.000000000000000000e+00
1.320000000000000062e+00 1.000000000000000000e+00
1.330000000000000071e+00 1.000000000000000000e+00
1.340000000000000080e+00 1.000000000000000000e+00
1.350000000000000089e+00 1.000000000000000000e+00
1.360000000000000098e+00 1.000000000000000000e+00
1.370000000000000107e+00 1.000000000000000000e+00
1.379999999999999893e+00 1.000000000000000000e+00
1.389999999999999902e+00 1.000000000000000000e+00
1.399999999999999911e+00 1.000000000000000000e+00
1.409999999999999920e+00 1.000000000000000000e+00
1.419999999999999929e+00 1.000000000000000000e+00
1.429999999999999938e+00 1.000000000000000000e+00
1.439999999999999947e+00 1.000000000000000000e+00
1.449999999999999956e+00 1.000000000000000000e+00
1.459999999999999964e+00 1.000000000000000000e+00
1.469999999999999973e+00 1.000000000000000000e+00
1.479999999999999982e+00 1.000000000000000000e+00
1.489999999999999991e+00 1.000000000000000000e+00
1.500000000000000000e+00 1.000000000000000000e+00
1.510000000000000009e+00 1.000000000000000000e+00
1.520000000000000018e+00 1.000000000000000000e+00
1.530000000000000027e+00 1.000000000000000000e+00
1.540000000000000036e+00 1.000000000000000000e+00
1.550000000000000044e+00 1.000000000000000000e+00
1.560000000000000053e+00 1.000000000000000000e+00
1.570000000000000062e+00 1.000000000000000000e+00
1.580000000000000071e+00 1.000000000000000000e+00
1.590000000000000080e+00 1.000000000000000000e+00
1.600000000000000089e+00 1.000000000000000000e+00
1.610000000000000098e+00 1.000000000000000000e+00
1.620000000000000107e+00 1.000000000000000000e+00
1.629999999999999893e+00 1.000000000000000000e+00
1.639999999999999902e+00 1.000000000000000000e+00
1.649999999999999911e+00 1.000000000000000000e+00
1.659999999999999920e+00 1.000000000000000000e+00
1.669999999999999929e+00 1.000000000000000000e+00
1.679999999999999938e+00 1.000000000000000000e+00
1.689999999999999947e+00 1.000000000000000000e+00
1.699999999999999956e+00 1.000000000000000000e+00
1.709999999999999964e+00 1.000000000000000000e+00
1.719999999999999973e+00 1.000000000000000000e+00
1.729999999999999982e+00 1.000000000000000000e+00
1.739999999999999991e+00 1.000000000000000000e+00
1.750000000000000000e+00 1.000000000000000000e+00
1.760000000000000009e+00 1.000000000000000000e+00
1.770000000000000018e+00 1.000000000000000000e+00
1.780000000000000027e+00 1.000000000000000000e+00
1.790000000000000036e+00 1.000000000000000000e+00
1.800000000000000044e+00 1.000000000000000000e+00
1.810000000000000053e+00 1.000000000000000000e+00
1.820000000000000062e+00 1.000000000000000000e+00
1.830000000000000071e+00 1.000000000000000000e+00
1.840000000000000080e+00 1.000000000000000000e+00
1.850000000000000089e+00 1.000000000000000000e+00
1.860000000000000098e+00 1.000000000000000000e+00
1.870000000000000107e+00 1.000000000000000000e+00
1.879999999999999893e+00 1.000000000000000000e+00
1.889999999999999902e+00 1.000000000000000000e+00
1.899999999999999911e+00 1.000000000000000000e+00
1.909999999999999920e+00 1.000000000000000000e+00
1.919999999999999929e+00 1.000000000000000000e+00
1.929999999999999938e+00 1.000000000000000000e+00
1.939999999999999947e+00 1.000000000000000000e+00
1.949999999999999956e+00 1.000000000000000000e+00
1.959999999999999964e+00 1.000000000000000000e+00
1.969999999999999973e+00 1.000000000000000000e+00
1.979999999999999982e+00 1.000000000000000000e+00
1.989999999999999991e+00 1.000000000000000000e+00
2.000000000000000000e+00 1.000000000000000000e+00
2.009999999999999787e+00 1.000000000000000000e+00
2.020000000000000018e+00 1.000000000000000000e+00
2.029999999999999805e+00 1.000000000000000000e+00
2.040000000000000036e+00 1.000000000000000000e+00
2.049999999999999822e+00 1.000000000000000000e+00
2.060000000000000053e+00 1.000000000000000000e+00
2.069999999999999840e+00 1.000000000000000000e+00
2.080000000000000071e+00 1.000000000000000000e+00
2.089999999999999858e+00 1.000000000000000000e+00
2.100000000000000089e+00 1.000000000000000000e+00
2.109999999999999876e+00 1.000000000000000000e+00
2.120000000000000107e+00 1.000000000000000000e+00
2.129999999999999893e+00 1.000000000000000000e+00
2.140000000000000124e+00 1.000000000000000000e+00
2.149999999999999911e+00 1.000000000000000000e+00
2.160000000000000142e+00 1.000000000000000000e+00
2.169999999999999929e+00 1.000000000000000000e+00
2.180000000000000160e+00 1.000000000000000000e+00
2.189999999999999947e+00 1.000000000000000000e+00
2.200000000000000178e+00 1.000000000000000000e+00
2.209999999999999964e+00 1.000000000000000000e+00
2.220000000000000195e+00 1.000000000000000000e+00
2.229999999999999982e+00 1.000000000000000000e+00
2.240000000000000213e+00 1.000000000000000000e+00
2.250000000000000000e+00 1.000000000000000000e+00
2.259999999999999787e+00 1.000000000000000000e+00
2.270000000000000018e+00 1.000000000000000000e+00
2.279999999999999805e+00 1.000000000000000000e+00
2.290000000000000036e+00 1.000000000000000000e+00
2.299999999999999822e+00 1.000000000000000000e+00
2.310000000000000053e+00 1.000000000000000000e+00
2.319999999999999840e+00 1.000000000000000000e+00
2.330000000000000071e+00 1.000000000000000000e+00
2.339999999999999858e+00 1.000000000000000000e+00
2.350000000000000089e+00 1.000000000000000000e+00
2.359999999999999876e+00 1.000000000000000000e+00
2.370000000000000107e+00 1.000000000000000000e+00
2.379999999999999893e+00 1.000000000000000000e+00
2.390000000000000124e+00 1.000000000000000000e+00
2.399999999999999911e+00 1.000000000000000000e+00
2.410000000000000142e+00 1.000000000000000000e+00
2.419999999999999929e+00 1.000000000000000000e+00
2.430000000000000160e+00 1.000000000000000000e+00
2.439999999999999947e+00 1.000000999999999918e+00
2.450000000000000178e+00 1.000000999999999918e+00
2.459999999999999964e+00 1.000000999999999918e+00
2.470000000000000195e+00 1.000000999999999918e+00
2.479999999999999982e+00 1.000000999999999918e+00
2.490000000000000213e+00 1.000000999999999918e+00
2.500000000000000000e+00 1.000000999999999918e+00
2.509999999999999787e+00 1.000000999999999918e+00
2.520000000000000018e+00 1.000000999999999918e+00
2.529999999999999805e+00 1.000000999999999918e+00
2.540000000000000036e+00 1.000000999999999918e+00
2.549999999999999822e+00 1.000000999999999918e+00
2.560000000000000053e+00 1.000000999999999918e+00
2.569999999999999840e+00 1.000000999999999918e+00
2.580000000000000071e+00 1.000000999999999918e+00
2.589999999999999858e+00 1.000000999999999918e+00
2.600000000000000089e+00 1.000000999999999918e+00
2.609999999999999876e+00 1.000000999999999918e+00
2.620000000000000107e+00 1.000000999999999918e+00
2.629999999999999893e+00 1.000000999999999918e+00
2.640000000000000124e+00 1.000000999999999918e+00
2.649999999999999911e+00 1.000000999999999918e+00
2.660000000000000142e+00 1.000000999999999918e+00
2.669999999999999929e+00 1.000000999999999918e+00
2.680000000000000160e+00 1.000000999999999918e+00
2.689999999999999947e+00 1.000000999999999918e+00
2.700000000000000178e+00 1.000000999999999918e+00
2.709999999999999964e+00 1.000000999999999918e+00
2.720000000000000195e+00 1.000000999999999918e+00
2.729999999999999982e+00 1.000000999999999918e+00
2.740000000000000213e+00 1.000000999999999918e+00
2.750000000000000000e+00 1.000000999999999918e+00
2.759999999999999787e+00 1.000000999999999918e+00
2.770000000000000018e+00 1.000000999999999918e+00
2.779999999999999805e+00 1.000000999999999918e+00
2.790000000000000036e+00 1.000000999999999918e+00
2.799999999999999822e+00 1.000000999999999918e+00
2.810000000000000053e+00 1.000000999999999918e+00
2.819999999999999840e+00 1.000000999999999918e+00
2.830000000000000071e+00 1.000000999999999918e+00
2.839999999999999858e+00 1.000000999999999918e+00
2.850000000000000089e+00 1.000000999999999918e+00
2.859999999999999876e+00 1.000000999999999918e+00
2.870000000000000107e+00 1.000000999999999918e+00
2.879999999999999893e+00 1.000000999999999918e+00
2.890000000000000124e+00 1.000000000000000000e+00
2.899999999999999911e+00 1.000000000000000000e+00
2.910000000000000142e+00 1.000000000000000000e+00
2.919999999999999929e+00 1.000000000000000000e+00
2.930000000000000160e+00 1.000000000000000000e+00
2.939999999999999947e+00 1.000000000000000000e+00
2.950000000000000178e+00 1.000000000000000000e+00
2.959999999999999964e+00 1.000000000000000000e+00
2.970000000000000195e+00 1.000000000000000000e+00
2.979999999999999982e+00 1.000000999999999918e+00
2.990000000000000213e+00 1.000000999999999918e+00
3.000000000000000000e+00 9.960830000000000517e-01
3.009999999999999787e+00 9.929470000000000240e-01
3.020000000000000018e+00 9.908890000000000198e-01
3.029999999999999805e+00 9.892659999999999787e-01
3.040000000000000036e+00 9.878989999999999716e-01
3.049999999999999822e+00 9.867070000000000007e-01
3.060000000000000053e+00 9.856449999999999934e-01
3.069999999999999840e+00 9.846840000000000037e-01
3.080000000000000071e+00 9.838050000000000406e-01
3.089999999999999858e+00 9.829940000000000344e-01
3.100000000000000089e+00 9.822410000000000307e-01
3.109999999999999876e+00 9.815380000000000216e-01
3.120000000000000107e+00 9.808789999999999454e-01
3.129999999999999893e+00 9.802589999999999915e-01
3.140000000000000124e+00 9.796730000000000160e-01
3.149999999999999911e+00 9.791189999999999616e-01
3.160000000000000142e+00 9.785920000000000174e-01
3.169999999999999929e+00 9.780919999999999614e-01
3.180000000000000160e+00 9.776150000000000118e-01
3.189999999999999947e+00 9.771600000000000286e-01
3.200000000000000178e+00 9.767249999999999543e-01
3.209999999999999964e+00 9.763089999999999824e-01
3.220000000000000195e+00 9.759100000000000552e-01
3.229999999999999982e+00 9.755279999999999507e-01
3.240000000000000213e+00 9.751600000000000268e-01
3.250000000000000000e+00 9.748069999999999791e-01
3.259999999999999787e+00 9.744680000000000009e-01
3.270000000000000018e+00 9.741410000000000347e-01
3.279999999999999805e+00 9.738259999999999694e-01
3.290000000000000036e+00 9.735219999999999985e-01
3.299999999999999822e+00 9.732300000000000395e-01
3.310000000000000053e+00 9.729470000000000063e-01
3.319999999999999840e+00 9.726740000000000386e-01
3.330000000000000071e+00 9.724110000000000253e-01
3.339999999999999858e+00 9.721570000000000489e-01
3.350000000000000089e+00 9.719100000000000517e-01
3.359999999999999876e+00 9.716730000000000089e-01
3.370000000000000107e+00 9.714420000000000277e-01
3.379999999999999893e+00 9.712199999999999722e-01
3.390000000000000124e+00 9.710039999999999782e-01
3.399999999999999911e+00 9.707949999999999635e-01
3.410000000000000142e+00 9.705930000000000391e-01
3.419999999999999929e+00 9.703969999999999541e-01
3.430000000000000160e+00 9.702070000000000416e-01
3.439999999999999947e+00 9.700229999999999686e-01
3.450000000000000178e+00 9.698449999999999571e-01
3.459999999999999964e+00 9.696719999999999784e-01
3.470000000000000195e+00 9.695049999999999502e-01
3.479999999999999982e+00 9.693420000000000369e-01
3.490000000000000213e+00 9.691849999999999632e-01
3.500000000000000000e+00 9.690320000000000045e-01
3.509999999999999787e+00 9.688830000000000497e-01
3.520000000000000018e+00 9.687390000000000168e-01
3.529999999999999805e+00 9.686000000000000165e-01
3.540000000000000036e+00 9.684639999999999915e-01
3.549999999999999822e+00 9.683329999999999993e-01
3.560000000000000053e+00 9.682049999999999823e-01
3.569999999999999840e+00 9.680809999999999693e-01
3.580000000000000071e+00 9.679609999999999603e-01
3.589999999999999858e+00 9.678449999999999553e-01
3.600000000000000089e+00 9.677310000000000079e-01
3.609999999999999876e+00 9.676219999999999821e-01
3.620000000000000107e+00 9.675150000000000139e-01
3.629999999999999893e+00 9.674120000000000497e-01
3.640000000000000124e+00 9.673110000000000319e-01
3.649999999999999911e+00 9.672140000000000182e-01
3.660000000000000142e+00 9.671189999999999509e-01
3.669999999999999929e+00 9.670279999999999987e-01
3.680000000000000160e+00 9.669389999999999930e-01
3.689999999999999947e+00 9.668529999999999625e-01
3.700000000000000178e+00 9.667689999999999895e-01
3.709999999999999964e+00 9.666879999999999917e-01
3.720000000000000195e+00 9.666099999999999692e-01
3.729999999999999982e+00 9.665340000000000042e-01
3.740000000000000213e+00 9.664599999999999858e-01
3.750000000000000000e+00 9.663890000000000535e-01
3.759999999999999787e+00 9.663199999999999568e-01
3.770000000000000018e+00 9.662530000000000285e-01
3.779999999999999805e+00 9.661889999999999645e-01
3.790000000000000036e+00 9.661260000000000403e-01
3.799999999999999822e+00 9.660659999999999803e-01
3.810000000000000053e+00 9.660079999999999778e-01
3.819999999999999840e+00 9.659510000000000041e-01
3.830000000000000071e+00 9.658970000000000056e-01
3.839999999999999858e+00 9.658449999999999536e-01
3.850000000000000089e+00 9.657949999999999591e-01
3.859999999999999876e+00 9.657459999999999933e-01
3.870000000000000107e+00 9.656989999999999741e-01
3.879999999999999893e+00 9.656550000000000411e-01
3.890000000000000124e+00 9.656120000000000259e-01
3.899999999999999911e+00 9.655700000000000394e-01
3.910000000000000142e+00 9.655310000000000281e-01
3.919999999999999929e+00 9.654930000000000456e-01
3.930000000000000160e+00 9.654570000000000096e-01
3.939999999999999947e+00 9.654230000000000311e-01
3.950000000000000178e+00 9.653899999999999704e-01
3.959999999999999964e+00 9.653589999999999671e-01
3.970000000000000195e+00 9.653300000000000214e-01
3.979999999999999982e+00 9.653019999999999934e-01
3.990000000000000213e+00 9.652760000000000229e-01
4.000000000000000000e+00 9.652509999999999701e-01
4.009999999999999787e+00 9.652279999999999749e-01
4.019999999999999574e+00 9.652060000000000084e-01
4.030000000000000249e+00 9.651859999999999884e-01
4.040000000000000036e+00 9.651680000000000259e-01
4.049999999999999822e+00 9.651509999999999811e-01
4.059999999999999609e+00 9.651349999999999651e-01
4.070000000000000284e+00 9.651210000000000067e-01
4.080000000000000071e+00 9.651089999999999947e-01
4.089999999999999858e+00 9.650980000000000114e-01
4.099999999999999645e+00 9.650879999999999459e-01
4.110000000000000320e+00 9.650800000000000489e-01
4.120000000000000107e+00 9.650729999999999587e-01
4.129999999999999893e+00 9.650680000000000369e-01
4.139999999999999680e+00 9.650640000000000329e-01
4.150000000000000355e+00 9.650609999999999467e-01
4.160000000000000142e+00 9.650600000000000289e-01
4.169999999999999929e+00 9.650600000000000289e-01
4.179999999999999716e+00 9.650619999999999754e-01
4.190000000000000391e+00 9.650649999999999507e-01
4.200000000000000178e+00 9.650689999999999547e-01
4.209999999999999964e+00 9.650750000000000162e-01
4.219999999999999751e+00 9.650819999999999954e-01
4.230000000000000426e+00 9.650900000000000034e-01
4.240000000000000213e+00 9.650999999999999579e-01
4.250000000000000000e+00 9.651110000000000522e-01
4.259999999999999787e+00 9.651229999999999531e-01
4.269999999999999574e+00 9.651370000000000227e-01
4.280000000000000249e+00 9.651520000000000099e-01
4.290000000000000036e+00 9.651680000000000259e-01
4.299999999999999822e+00 9.651859999999999884e-01
4.309999999999999609e+00 9.652039999999999509e-01
4.320000000000000284e+00 9.652249999999999996e-01
4.330000000000000071e+00 9.652460000000000484e-01
4.339999999999999858e+00 9.652690000000000436e-01
4.349999999999999645e+00 9.652929999999999566e-01
4.360000000000000320e+00 9.653180000000000094e-01
4.370000000000000107e+00 9.653450000000000086e-01
4.379999999999999893e+00 9.653720000000000079e-01
4.389999999999999680e+00 9.654009999999999536e-01
4.400000000000000355e+00 9.654319999999999569e-01
4.410000000000000142e+00 9.654629999999999601e-01
4.419999999999999929e+00 9.654960000000000209e-01
4.429999999999999716e+00 9.655299999999999994e-01
4.440000000000000391e+00 9.655650000000000066e-01
4.450000000000000178e+00 9.656010000000000426e-01
4.459999999999999964e+00 9.656390000000000251e-01
4.469999999999999751e+00 9.656780000000000364e-01
4.480000000000000426e+00 9.657179999999999653e-01
4.490000000000000213e+00 9.657590000000000341e-01
4.500000000000000000e+00 9.658020000000000493e-01
4.509999999999999787e+00 9.658449999999999536e-01
4.519999999999999574e+00 9.658900000000000263e-01
4.530000000000000249e+00 9.659360000000000168e-01
4.540000000000000036e+00 9.659830000000000361e-01
4.549999999999999822e+00 9.660309999999999730e-01
4.559999999999999609e+00 9.660809999999999675e-01
4.570000000000000284e+00 9.661319999999999908e-01
4.580000000000000071e+00 9.661830000000000140e-01
4.589999999999999858e+00 9.662359999999999838e-01
4.599999999999999645e+00 9.662899999999999823e-01
4.610000000000000320e+00 9.663460000000000383e-01
4.620000000000000107e+00 9.664019999999999833e-01
4.629999999999999893e+00 9.664599999999999858e-01
4.639999999999999680e+00 9.665179999999999882e-01
4.650000000000000355e+00 9.665780000000000483e-01
4.660000000000000142e+00 9.666390000000000260e-01
4.669999999999999929e+00 9.667010000000000325e-01
4.679999999999999716e+00 9.667639999999999567e-01
4.690000000000000391e+00 9.668290000000000495e-01
4.700000000000000178e+00 9.668940000000000312e-01
4.709999999999999964e+00 9.669609999999999594e-01
4.719999999999999751e+00 9.670279999999999987e-01
4.730000000000000426e+00 9.670969999999999844e-01
4.740000000000000213e+00 9.671669999999999989e-01
4.750000000000000000e+00 9.672380000000000422e-01
4.759999999999999787e+00 9.673100000000000032e-01
4.769999999999999574e+00 9.673829999999999929e-01
4.780000000000000249e+00 9.674580000000000402e-01
4.790000000000000036e+00 9.675329999999999764e-01
4.799999999999999822e+00 9.676090000000000524e-01
4.809999999999999609e+00 9.676869999999999639e-01
4.820000000000000284e+00 9.677660000000000151e-01
4.830000000000000071e+00 9.678459999999999841e-01
4.839999999999999858e+00 9.679269999999999818e-01
4.849999999999999645e+00 9.680090000000000083e-01
4.860000000000000320e+00 9.680919999999999526e-01
4.870000000000000107e+00 9.681760000000000366e-01
4.879999999999999893e+00 9.682610000000000383e-01
4.889999999999999680e+00 9.683479999999999865e-01
4.900000000000000355e+00 9.684359999999999635e-01
4.910000000000000142e+00 9.685240000000000515e-01
4.919999999999999929e+00 9.686139999999999750e-01
4.929999999999999716e+00 9.687050000000000383e-01
4.940000000000000391e+00 9.687970000000000192e-01
4.950000000000000178e+00 9.688900000000000290e-01
4.959999999999999964e+00 9.689849999999999852e-01
4.969999999999999751e+00 9.690800000000000525e-01
4.980000000000000426e+00 9.691769999999999552e-01
4.990000000000000213e+00 9.692739999999999689e-01
5.000000000000000000e+00 9.693730000000000402e-01
5.009999999999999787e+00 9.694730000000000292e-01
5.019999999999999574e+00 9.695749999999999647e-01
5.030000000000000249e+00 9.696770000000000111e-01
5.040000000000000036e+00 9.697810000000000041e-01
5.049999999999999822e+00 9.698849999999999971e-01
5.059999999999999609e+00 9.699910000000000476e-01
5.070000000000000284e+00 9.700980000000000159e-01
5.080000000000000071e+00 9.702060000000000128e-01
5.089999999999999858e+00 9.703159999999999563e-01
5.099999999999999645e+00 9.704260000000000108e-01
5.110000000000000320e+00 9.705380000000000118e-01
5.120000000000000107e+00 9.706510000000000415e-01
5.129999999999999893e+00 9.707660000000000178e-01
5.139999999999999680e+00 9.708809999999999940e-01
5.150000000000000355e+00 9.709980000000000278e-01
5.160000000000000142e+00 9.711159999999999792e-01
5.169999999999999929e+00 9.712349999999999595e-01
5.179999999999999716e+00 9.713549999999999685e-01
5.190000000000000391e+00 9.714770000000000350e-01
5.200000000000000178e+00 9.716000000000000192e-01
5.209999999999999964e+00 9.717240000000000322e-01
5.219999999999999751e+00 9.718499999999999917e-01
5.230000000000000426e+00 9.719769999999999799e-01
5.240000000000000213e+00 9.721049999999999969e-01
5.250000000000000000e+00 9.722340000000000426e-01
5.259999999999999787e+00 9.723650000000000349e-01
5.269999999999999574e+00 9.724969999999999448e-01
5.280000000000000249e+00 9.726299999999999946e-01
5.290000000000000036e+00 9.727649999999999908e-01
5.299999999999999822e+00 9.729010000000000158e-01
5.309999999999999609e+00 9.730379999999999585e-01
5.320000000000000284e+00 9.731769999999999587e-01
5.330000000000000071e+00 9.733169999999999877e-01
5.339999999999999858e+00 9.734589999999999632e-01
5.349999999999999645e+00 9.736010000000000497e-01
5.360000000000000320e+00 9.737460000000000004e-01
5.370000000000000107e+00 9.738909999999999512e-01
5.379999999999999893e+00 9.740379999999999594e-01
5.389999999999999680e+00 9.741870000000000251e-01
5.400000000000000355e+00 9.743370000000000086e-01
5.410000000000000142e+00 9.744880000000000209e-01
5.419999999999999929e+00 9.746399999999999508e-01
5.429999999999999716e+00 9.747949999999999671e-01
5.440000000000000391e+00 9.749499999999999833e-01
5.450000000000000178e+00 9.751069999999999460e-01
5.459999999999999964e+00 9.752650000000000485e-01
5.469999999999999751e+00 9.754249999999999865e-01
5.480000000000000426e+00 9.755869999999999820e-01
5.490000000000000213e+00 9.757489999999999775e-01
5.500000000000000000e+00 9.759139999999999482e-01
5.509999999999999787e+00 9.760790000000000299e-01
5.519999999999999574e+00 9.762459999999999471e-01
5.530000000000000249e+00 9.764150000000000329e-01
5.540000000000000036e+00 9.765850000000000364e-01
5.549999999999999822e+00 9.767569999999999864e-01
5.559999999999999609e+00 9.769299999999999651e-01
5.570000000000000284e+00 9.771039999999999726e-01
5.580000000000000071e+00 9.772800000000000376e-01
5.589999999999999858e+00 9.774580000000000490e-01
5.599999999999999645e+00 9.776369999999999783e-01
5.610000000000000320e+00 9.778170000000000472e-01
5.620000000000000107e+00 9.779989999999999517e-01
5.629999999999999893e+00 9.781830000000000247e-01
5.639999999999999680e+00 9.783680000000000154e-01
5.650000000000000355e+00 9.785540000000000349e-01
5.660000000000000142e+00 9.787420000000000009e-01
5.669999999999999929e+00 9.789320000000000244e-01
5.679999999999999716e+00 9.791220000000000478e-01
5.690000000000000391e+00 9.793150000000000466e-01
5.700000000000000178e+00 9.795089999999999630e-01
5.709999999999999964e+00 9.797040000000000193e-01
5.719999999999999751e+00 9.799010000000000220e-01
5.730000000000000426e+00 9.800990000000000535e-01
5.740000000000000213e+00 9.802990000000000315e-01
5.750000000000000000e+00 9.805000000000000382e-01
5.759999999999999787e+00 9.807019999999999627e-01
5.769999999999999574e+00 9.809059999999999446e-01
5.780000000000000249e+00 9.811119999999999841e-01
5.790000000000000036e+00 9.813190000000000524e-01
5.799999999999999822e+00 9.815270000000000383e-01
5.809999999999999609e+00 9.817360000000000531e-01
5.820000000000000284e+00 9.819470000000000143e-01
5.830000000000000071e+00 9.821600000000000330e-01
5.839999999999999858e+00 9.823730000000000517e-01
5.849999999999999645e+00 9.825880000000000170e-01
5.860000000000000320e+00 9.828050000000000397e-01
5.870000000000000107e+00 9.830219999999999514e-01
5.879999999999999893e+00 9.832410000000000316e-01
5.889999999999999680e+00 9.834619999999999473e-01
5.900000000000000355e+00 9.836829999999999741e-01
5.910000000000000142e+00 9.839059999999999473e-01
5.919999999999999929e+00 9.841299999999999493e-01
5.929999999999999716e+00 9.843549999999999800e-01
5.940000000000000391e+00 9.845819999999999572e-01
5.950000000000000178e+00 9.848090000000000455e-01
5.959999999999999964e+00 9.850379999999999692e-01
5.969999999999999751e+00 9.852670000000000039e-01
5.980000000000000426e+00 9.854979999999999851e-01
5.990000000000000213e+00 9.857299999999999951e-01
6.000000000000000000e+00 9.859630000000000338e-01
6.009999999999999787e+00 9.861969999999999903e-01
6.019999999999999574e+00 9.864319999999999755e-01
6.030000000000000249e+00 9.866679999999999895e-01
6.040000000000000036e+00 9.869040000000000035e-01
6.049999999999999822e+00 9.871419999999999639e-01
6.059999999999999609e+00 9.873800000000000354e-01
6.070000000000000284e+00 9.876200000000000534e-01
6.080000000000000071e+00 9.878599999999999604e-01
6.089999999999999858e+00 9.880999999999999783e-01
6.099999999999999645e+00 9.883420000000000538e-01
6.110000000000000320e+00 9.885829999999999895e-01
6.120000000000000107e+00 9.888259999999999827e-01
6.129999999999999893e+00 9.890689999999999760e-01
6.139999999999999680e+00 9.893119999999999692e-01
6.150000000000000355e+00 9.895559999999999912e-01
6.160000000000000142e+00 9.898010000000000419e-01
6.169999999999999929e+00 9.900449999999999529e-01
6.179999999999999716e+00 9.902900000000000036e-01
6.190000000000000391e+00 9.905350000000000543e-01
6.200000000000000178e+00 9.907799999999999940e-01
6.209999999999999964e+00 9.910250000000000448e-01
6.219999999999999751e+00 9.912699999999999845e-01
6.230000000000000426e+00 9.915150000000000352e-01
6.240000000000000213e+00 9.917599999999999749e-01
6.250000000000000000e+00 9.920050000000000257e-01
6.259999999999999787e+00 9.922490000000000476e-01
6.269999999999999574e+00 9.924929999999999586e-01
6.280000000000000249e+00 9.927359999999999518e-01
6.290000000000000036e+00 9.929780000000000273e-01
6.299999999999999822e+00 9.932199999999999918e-01
6.309999999999999609e+00 9.934610000000000385e-01
6.320000000000000284e+00 9.937009999999999454e-01
6.330000000000000071e+00 9.939400000000000457e-01
6.339999999999999858e+00 9.941780000000000062e-01
6.349999999999999645e+00 9.944150000000000489e-01
6.360000000000000320e+00 9.946500000000000341e-01
6.370000000000000107e+00 9.948829999999999618e-01
6.379999999999999893e+00 9.951149999999999718e-01
6.389999999999999680e+00 9.953450000000000353e-01
6.400000000000000355e+00 9.955730000000000413e-01
6.410000000000000142e+00 9.957979999999999610e-01
6.419999999999999929e+00 9.960219999999999629e-01
6.429999999999999716e+00 9.962419999999999609e-01
6.440000000000000391e+00 9.964600000000000124e-01
6.450000000000000178e+00 9.966749999999999776e-01
6.459999999999999964e+00 9.968869999999999676e-01
6.469999999999999751e+00 9.970959999999999823e-01
6.480000000000000426e+00 9.973009999999999931e-01
6.490000000000000213e+00 9.975019999999999998e-01
6.500000000000000000e+00 9.976979999999999738e-01
6.509999999999999787e+00 9.978909999999999725e-01
6.519999999999999574e+00 9.980790000000000495e-01
6.530000000000000249e+00 9.982619999999999827e-01
6.540000000000000036e+00 9.984389999999999654e-01
6.549999999999999822e+00 9.986110000000000264e-01
6.559999999999999609e+00 9.987770000000000259e-01
6.570000000000000284e+00 9.989369999999999639e-01
6.580000000000000071e+00 9.990900000000000336e-01
6.589999999999999858e+00 9.992360000000000131e-01
6.599999999999999645e+00 9.993739999999999846e-01
6.610000000000000320e+00 9.995049999999999768e-01
6.620000000000000107e+00 9.996270000000000433e-01
6.629999999999999893e+00 9.997399999999999620e-01
6.639999999999999680e+00 9.998439999999999550e-01
6.650000000000000355e+00 9.999369999999999647e-01
6.660000000000000142e+00 1.000019999999999909e+00
6.669999999999999929e+00 1.000091999999999981e+00
6.679999999999999716e+00 1.000151999999999930e+00
6.690000000000000391e+00 1.000199999999999978e+00
6.700000000000000178e+00 1.000234000000000067e+00
6.709999999999999964e+00 1.000253999999999976e+00
6.719999999999999751e+00 1.000259999999999927e+00
6.730000000000000426e+00 1.000250000000000083e+00
6.740000000000000213e+00 1.000223000000000084e+00
6.750000000000000000e+00 1.000178999999999929e+00
6.759999999999999787e+00 1.000116999999999923e+00
6.769999999999999574e+00 1.000035000000000007e+00
6.780000000000000249e+00 9.999320000000000430e-01
6.790000000000000036e+00 9.998080000000000300e-01
6.799999999999999822e+00 9.996599999999999930e-01
6.809999999999999609e+00 9.994880000000000431e-01
6.820000000000000284e+00 9.992900000000000116e-01
6.830000000000000071e+00 9.990649999999999809e-01
6.839999999999999858e+00 9.988120000000000331e-01
6.849999999999999645e+00 9.985279999999999712e-01
6.860000000000000320e+00 9.982109999999999594e-01
6.870000000000000107e+00 9.978609999999999980e-01
6.879999999999999893e+00 9.974739999999999718e-01
6.889999999999999680e+00 9.970499999999999918e-01
6.900000000000000355e+00 9.965850000000000541e-01
6.910000000000000142e+00 9.960769999999999902e-01
6.919999999999999929e+00 9.955249999999999932e-01
6.929999999999999716e+00 9.949240000000000306e-01
6.940000000000000391e+00 9.942729999999999624e-01
6.950000000000000178e+00 9.935690000000000355e-01
6.959999999999999964e+00 9.928080000000000238e-01
6.969999999999999751e+00 9.919879999999999809e-01
6.980000000000000426e+00 9.911039999999999850e-01
6.990000000000000213e+00 9.901529999999999498e-01
7.000000000000000000e+00 9.891320000000000112e-01
7.009999999999999787e+00 9.880349999999999966e-01
7.019999999999999574e+00 9.868590000000000417e-01
7.030000000000000249e+00 9.856000000000000316e-01
7.040000000000000036e+00 9.842509999999999870e-01
7.049999999999999822e+00 9.828090000000000437e-01
7.059999999999999609e+00 9.812670000000000003e-01
7.070000000000000284e+00 9.796200000000000463e-01
7.080000000000000071e+00 9.778630000000000377e-01
7.089999999999999858e+00 9.759879999999999667e-01
7.099999999999999645e+00 9.739889999999999937e-01
7.110000000000000320e+00 9.718599999999999461e-01
7.120000000000000107e+00 9.695920000000000094e-01
7.129999999999999893e+00 9.671790000000000109e-01
7.139999999999999680e+00 9.646120000000000250e-01
7.150000000000000355e+00 9.618839999999999613e-01
7.160000000000000142e+00 9.589849999999999763e-01
7.169999999999999929e+00 9.559069999999999512e-01
7.179999999999999716e+00 9.526400000000000423e-01
7.190000000000000391e+00 9.491760000000000197e-01
7.200000000000000178e+00 9.455050000000000399e-01
7.209999999999999964e+00 9.416160000000000085e-01
7.219999999999999751e+00 9.375010000000000288e-01
7.230000000000000426e+00 9.331479999999999775e-01
7.240000000000000213e+00 9.285489999999999577e-01
7.250000000000000000e+00 9.236929999999999863e-01
7.259999999999999787e+00 9.185710000000000264e-01
7.269999999999999574e+00 9.131740000000000412e-01
7.280000000000000249e+00 9.074940000000000229e-01
7.290000000000000036e+00 9.015210000000000168e-01
7.299999999999999822e+00 8.952510000000000190e-01
7.309999999999999609e+00 8.886749999999999927e-01
7.320000000000000284e+00 8.817920000000000202e-01
7.330000000000000071e+00 8.745960000000000401e-01
7.339999999999999858e+00 8.670889999999999986e-01
7.349999999999999645e+00 8.592699999999999783e-01
7.360000000000000320e+00 8.511450000000000404e-01
7.370000000000000107e+00 8.427210000000000534e-01
7.379999999999999893e+00 8.340070000000000539e-01
7.389999999999999680e+00 8.250170000000000003e-01
7.400000000000000355e+00 8.157699999999999951e-01
7.410000000000000142e+00 8.062869999999999759e-01
7.419999999999999929e+00 7.965950000000000530e-01
7.429999999999999716e+00 7.867260000000000364e-01
7.440000000000000391e+00 7.767140000000000155e-01
7.450000000000000178e+00 7.666020000000000056e-01
7.459999999999999964e+00 7.564340000000000508e-01
7.469999999999999751e+00 7.462609999999999522e-01
7.480000000000000426e+00 7.361370000000000413e-01
7.490000000000000213e+00 7.261199999999999877e-01
7.500000000000000000e+00 7.162709999999999910e-01
7.509999999999999787e+00 7.066540000000000044e-01
7.519999999999999574e+00 6.973319999999999519e-01
7.530000000000000249e+00 6.883700000000000374e-01
7.540000000000000036e+00 6.798330000000000206e-01
7.549999999999999822e+00 6.717800000000000438e-01
7.559999999999999609e+00 6.642689999999999984e-01
7.570000000000000284e+00 6.573520000000000474e-01
7.580000000000000071e+00 6.510770000000000168e-01
7.589999999999999858e+00 6.454809999999999715e-01
7.599999999999999645e+00 6.405960000000000543e-01
7.610000000000000320e+00 6.364429999999999810e-01
7.620000000000000107e+00 6.330350000000000144e-01
7.629999999999999893e+00 6.303769999999999651e-01
7.639999999999999680e+00 6.284619999999999651e-01
7.650000000000000355e+00 6.272780000000000022e-01
7.660000000000000142e+00 6.268010000000000526e-01
7.669999999999999929e+00 6.270040000000000058e-01
7.679999999999999716e+00 6.278529999999999944e-01
7.690000000000000391e+00 6.293069999999999498e-01
7.700000000000000178e+00 6.313250000000000250e-01
7.709999999999999964e+00 6.338620000000000365e-01
7.719999999999999751e+00 6.368700000000000472e-01
7.730000000000000426e+00 6.403029999999999555e-01
7.740000000000000213e+00 6.441149999999999931e-01
7.750000000000000000e+00 6.482599999999999474e-01
7.759999999999999787e+00 6.526950000000000252e-01
7.769999999999999574e+00 6.573780000000000179e-01
7.780000000000000249e+00 6.622700000000000253e-01
7.790000000000000036e+00 6.673350000000000115e-01
7.799999999999999822e+00 6.725389999999999979e-01
7.809999999999999609e+00 6.778520000000000101e-01
7.820000000000000284e+00 6.832449999999999912e-01
7.830000000000000071e+00 6.886940000000000284e-01
7.839999999999999858e+00 6.941760000000000153e-01
7.849999999999999645e+00 6.996719999999999606e-01
7.860000000000000320e+00 7.051629999999999843e-01
7.870000000000000107e+00 7.106350000000000167e-01
7.879999999999999893e+00 7.160729999999999595e-01
7.889999999999999680e+00 7.214669999999999694e-01
7.900000000000000355e+00 7.268059999999999521e-01
7.910000000000000142e+00 7.320830000000000393e-01
7.919999999999999929e+00 7.372889999999999722e-01
7.929999999999999716e+00 7.424199999999999688e-01
7.940000000000000391e+00 7.474699999999999678e-01
7.950000000000000178e+00 7.524370000000000225e-01
7.959999999999999964e+00 7.573159999999999892e-01
7.969999999999999751e+00 7.621059999999999501e-01
7.980000000000000426e+00 7.668059999999999876e-01
7.990000000000000213e+00 7.714140000000000441e-01
8.000000000000000000e+00 7.759300000000000086e-01
8.009999999999999787e+00 7.803539999999999921e-01
8.019999999999999574e+00 7.846870000000000234e-01
8.029999999999999361e+00 7.889300000000000201e-01
8.039999999999999147e+00 7.930819999999999537e-01
8.050000000000000711e+00 7.971460000000000212e-01
8.060000000000000497e+00 8.011220000000000008e-01
8.070000000000000284e+00 8.050129999999999786e-01
8.080000000000000071e+00 8.088199999999999834e-01
8.089999999999999858e+00 8.125449999999999617e-01
8.099999999999999645e+00 8.161890000000000533e-01
8.109999999999999432e+00 8.197550000000000114e-01
8.119999999999999218e+00 8.232439999999999758e-01
8.130000000000000782e+00 8.266580000000000039e-01
8.140000000000000568e+00 8.299999999999999600e-01
8.150000000000000355e+00 8.332709999999999839e-01
8.160000000000000142e+00 8.364740000000000508e-01
8.169999999999999929e+00 8.396099999999999675e-01
8.179999999999999716e+00 8.426810000000000134e-01
8.189999999999999503e+00 8.456890000000000240e-01
8.199999999999999289e+00 8.486359999999999459e-01
8.210000000000000853e+00 8.515249999999999764e-01
8.220000000000000639e+00 8.543560000000000043e-01
8.230000000000000426e+00 8.571320000000000050e-01
8.240000000000000213e+00 8.598550000000000360e-01
8.250000000000000000e+00 8.625249999999999861e-01
8.259999999999999787e+00 8.651459999999999706e-01
8.269999999999999574e+00 8.677179999999999893e-01
8.279999999999999361e+00 8.702429999999999888e-01
8.289999999999999147e+00 8.727219999999999978e-01
8.300000000000000711e+00 8.751590000000000202e-01
8.310000000000000497e+00 8.775519999999999987e-01
8.320000000000000284e+00 8.799050000000000482e-01
8.330000000000000071e+00 8.822189999999999754e-01
8.339999999999999858e+00 8.844950000000000312e-01
8.349999999999999645e+00 8.867340000000000222e-01
8.359999999999999432e+00 8.889380000000000059e-01
8.369999999999999218e+00 8.911069999999999824e-01
8.380000000000000782e+00 8.932440000000000380e-01
8.390000000000000568e+00 8.953499999999999792e-01
8.400000000000000355e+00 8.974250000000000282e-01
8.410000000000000142e+00 8.994699999999999918e-01
8.419999999999999929e+00 9.014879999999999560e-01
8.429999999999999716e+00 9.034790000000000321e-01
8.439999999999999503e+00 9.054429999999999978e-01
8.449999999999999289e+00 9.073830000000000506e-01
8.460000000000000853e+00 9.092989999999999684e-01
8.470000000000000639e+00 9.111920000000000019e-01
8.480000000000000426e+00 9.130629999999999580e-01
8.490000000000000213e+00 9.149129999999999763e-01
8.500000000000000000e+00 9.167440000000000033e-01
8.509999999999999787e+00 9.185550000000000104e-01
8.519999999999999574e+00 9.203480000000000549e-01
8.529999999999999361e+00 9.221240000000000547e-01
8.539999999999999147e+00 9.238830000000000098e-01
8.550000000000000711e+00 9.256269999999999776e-01
8.560000000000000497e+00 9.273569999999999869e-01
8.570000000000000284e+00 9.290730000000000377e-01
8.580000000000000071e+00 9.307760000000000478e-01
8.589999999999999858e+00 9.324670000000000458e-01
8.599999999999999645e+00 9.341460000000000319e-01
8.609999999999999432e+00 9.358159999999999812e-01
8.619999999999999218e+00 9.374749999999999472e-01
8.630000000000000782e+00 9.391260000000000163e-01
8.640000000000000568e+00 9.407699999999999951e-01
8.650000000000000355e+00 9.424059999999999659e-01
8.660000000000000142e+00 9.440359999999999863e-01
8.669999999999999929e+00 9.456599999999999451e-01
8.679999999999999716e+00 9.472800000000000109e-01
8.689999999999999503e+00 9.488969999999999905e-01
8.699999999999999289e+00 9.505099999999999660e-01
8.710000000000000853e+00 9.521220000000000239e-01
8.720000000000000639e+00 9.537320000000000242e-01
8.730000000000000426e+00 9.553409999999999958e-01
8.740000000000000213e+00 9.569520000000000248e-01
8.750000000000000000e+00 9.585630000000000539e-01
8.759999999999999787e+00 9.601769999999999472e-01
8.769999999999999574e+00 9.617930000000000090e-01
8.779999999999999361e+00 9.634139999999999926e-01
8.789999999999999147e+00 9.650379999999999514e-01
8.800000000000000711e+00 9.666679999999999717e-01
8.810000000000000497e+00 9.683040000000000536e-01
8.820000000000000284e+00 9.699459999999999749e-01
8.830000000000000071e+00 9.715939999999999577e-01
8.839999999999999858e+00 9.732499999999999485e-01
8.849999999999999645e+00 9.749130000000000296e-01
8.859999999999999432e+00 9.765829999999999789e-01
8.869999999999999218e+00 9.782600000000000184e-01
8.880000000000000782e+00 9.799419999999999797e-01
8.890000000000000568e+00 9.816279999999999450e-01
8.900000000000000355e+00 9.833169999999999966e-01
8.910000000000000142e+00 9.850039999999999907e-01
8.919999999999999929e+00 9.866850000000000342e-01
8.929999999999999716e+00 9.883549999999999836e-01
8.939999999999999503e+00 9.900060000000000526e-01
8.949999999999999289e+00 9.916260000000000074e-01
8.960000000000000853e+00 9.931999999999999718e-01
8.970000000000000639e+00 9.947099999999999831e-01
8.980000000000000426e+00 9.961280000000000134e-01
8.990000000000000213e+00 9.974199999999999733e-01
9.000000000000000000e+00 9.985359999999999792e-01
