6.199999999999999956e-02 4.321459999999999746e-01
6.246000000000000163e-02 5.535400000000000320e-01
6.446000000000000341e-02 6.132100000000000328e-01
6.646000000000000518e-02 6.528570000000000206e-01
6.846000000000000696e-02 6.822669999999999568e-01
7.046000000000000874e-02 7.054200000000000470e-01
7.245999999999999663e-02 7.243479999999999919e-01
7.445999999999999841e-02 7.402330000000000298e-01
7.646000000000000019e-02 7.538259999999999961e-01
7.846000000000000196e-02 7.656349999999999545e-01
8.045999999999998986e-02 7.760179999999999856e-01
8.245999999999999164e-02 7.852379999999999916e-01
8.445999999999999341e-02 7.934909999999999464e-01
8.645999999999999519e-02 8.009330000000000060e-01
8.845999999999999697e-02 8.076830000000000398e-01
9.045999999999999874e-02 8.138379999999999503e-01
9.246000000000000052e-02 8.194759999999999822e-01
9.446000000000000230e-02 8.246609999999999774e-01
9.646000000000000407e-02 8.294489999999999919e-01
9.846000000000000585e-02 8.338830000000000409e-01
1.004600000000000076e-01 8.380030000000000534e-01
1.024599999999999955e-01 8.418400000000000327e-01
1.044599999999999973e-01 8.454230000000000356e-01
1.064599999999999991e-01 8.487770000000000037e-01
1.084600000000000009e-01 8.519229999999999858e-01
1.104599999999999888e-01 8.548780000000000268e-01
1.124599999999999905e-01 8.576610000000000067e-01
1.144599999999999923e-01 8.602849999999999664e-01
1.164599999999999941e-01 8.627629999999999466e-01
1.184599999999999959e-01 8.651060000000000416e-01
1.204599999999999976e-01 8.673260000000000414e-01
1.224599999999999994e-01 8.694309999999999539e-01
1.244600000000000012e-01 8.714290000000000092e-01
1.264600000000000168e-01 8.733279999999999932e-01
1.284599999999999909e-01 8.751360000000000250e-01
1.304599999999999926e-01 8.768569999999999975e-01
1.324599999999999944e-01 8.784980000000000011e-01
1.344599999999999962e-01 8.800649999999999862e-01
1.364599999999999980e-01 8.815600000000000103e-01
1.384599999999999997e-01 8.829900000000000526e-01
1.404600000000000015e-01 8.843579999999999774e-01
1.424600000000000033e-01 8.856669999999999821e-01
1.444599999999999773e-01 8.869209999999999594e-01
1.464599999999999791e-01 8.881229999999999958e-01
1.484599999999999809e-01 8.892759999999999554e-01
1.504599999999999826e-01 8.903820000000000068e-01
1.524599999999999844e-01 8.914450000000000429e-01
1.544599999999999862e-01 8.924659999999999815e-01
1.564599999999999880e-01 8.934469999999999912e-01
1.584599999999999898e-01 8.943910000000000471e-01
1.604599999999999915e-01 8.952989999999999560e-01
1.624599999999999933e-01 8.961740000000000261e-01
1.644599999999999951e-01 8.970160000000000355e-01
1.664599999999999969e-01 8.978270000000000417e-01
1.684599999999999986e-01 8.986089999999999911e-01
1.704600000000000004e-01 8.993630000000000235e-01
1.724600000000000022e-01 9.000909999999999744e-01
1.744600000000000040e-01 9.007920000000000371e-01
1.764600000000000057e-01 9.014699999999999935e-01
1.784600000000000075e-01 9.021240000000000370e-01
1.804600000000000093e-01 9.027560000000000029e-01
1.824600000000000111e-01 9.033660000000000023e-01
1.844600000000000128e-01 9.039559999999999818e-01
1.864600000000000146e-01 9.045260000000000522e-01
1.884600000000000164e-01 9.050770000000000204e-01
1.904600000000000182e-01 9.056100000000000261e-01
1.924600000000000199e-01 9.061259999999999870e-01
1.944600000000000217e-01 9.066250000000000142e-01
1.964600000000000235e-01 9.071080000000000254e-01
1.984599999999999975e-01 9.075750000000000206e-01
2.004599999999999993e-01 9.080279999999999463e-01
2.024600000000000011e-01 9.084659999999999958e-01
2.044600000000000029e-01 9.088899999999999757e-01
2.064600000000000046e-01 9.093010000000000259e-01
2.084600000000000064e-01 9.096990000000000354e-01
2.104600000000000082e-01 9.100850000000000328e-01
2.124600000000000100e-01 9.104590000000000183e-01
2.144600000000000117e-01 9.108209999999999917e-01
2.164600000000000135e-01 9.111719999999999819e-01
2.184600000000000153e-01 9.115119999999999889e-01
2.204599999999999893e-01 9.118420000000000414e-01
2.224599999999999911e-01 9.121620000000000283e-01
2.244599999999999929e-01 9.124719999999999498e-01
2.264599999999999946e-01 9.127720000000000278e-01
2.284599999999999964e-01 9.130639999999999867e-01
2.304599999999999982e-01 9.133459999999999912e-01
2.324600000000000000e-01 9.136199999999999877e-01
2.344600000000000017e-01 9.138859999999999761e-01
2.364600000000000035e-01 9.141439999999999566e-01
2.384600000000000053e-01 9.143930000000000113e-01
2.404600000000000071e-01 9.146349999999999758e-01
2.424600000000000088e-01 9.148699999999999610e-01
2.444600000000000106e-01 9.150979999999999670e-01
2.464600000000000124e-01 9.153179999999999650e-01
2.484600000000000142e-01 9.155320000000000125e-01
2.504600000000000160e-01 9.157399999999999984e-01
2.524600000000000177e-01 9.159399999999999764e-01
2.544600000000000195e-01 9.161350000000000326e-01
2.564600000000000213e-01 9.163240000000000274e-01
2.584600000000000231e-01 9.165069999999999606e-01
2.604600000000000248e-01 9.166840000000000543e-01
2.624600000000000266e-01 9.168549999999999756e-01
2.644600000000000284e-01 9.170209999999999750e-01
2.664600000000000302e-01 9.171820000000000528e-01
2.684600000000000319e-01 9.173379999999999868e-01
2.704600000000000337e-01 9.174879999999999702e-01
2.724600000000000355e-01 9.176339999999999497e-01
2.744600000000000373e-01 9.177750000000000075e-01
2.764600000000000390e-01 9.179119999999999502e-01
2.784600000000000408e-01 9.180430000000000534e-01
2.804600000000000426e-01 9.181709999999999594e-01
2.824599999999999889e-01 9.182940000000000547e-01
2.844599999999999906e-01 9.184130000000000349e-01
2.864599999999999924e-01 9.185280000000000111e-01
2.884599999999999942e-01 9.186389999999999834e-01
2.904599999999999960e-01 9.187450000000000339e-01
2.924599999999999977e-01 9.188490000000000268e-01
2.944599999999999995e-01 9.189479999999999871e-01
2.964600000000000013e-01 9.190439999999999721e-01
2.984600000000000031e-01 9.191359999999999530e-01
3.004600000000000048e-01 9.192249999999999588e-01
3.024600000000000066e-01 9.193099999999999605e-01
3.044600000000000084e-01 9.193919999999999870e-01
3.064600000000000102e-01 9.194710000000000383e-01
3.084600000000000120e-01 9.195470000000000033e-01
3.104600000000000137e-01 9.196189999999999642e-01
3.124599999999999600e-01 9.196889999999999787e-01
3.144599999999999618e-01 9.197549999999999892e-01
3.164599999999999635e-01 9.198190000000000532e-01
3.184599999999999653e-01 9.198800000000000310e-01
3.204599999999999671e-01 9.199380000000000335e-01
3.224599999999999689e-01 9.199929999999999497e-01
3.244599999999999707e-01 9.200460000000000305e-01
3.264599999999999724e-01 9.200960000000000250e-01
3.284599999999999742e-01 9.201439999999999619e-01
3.304599999999999760e-01 9.201890000000000347e-01
3.324599999999999778e-01 9.202310000000000212e-01
3.344599999999999795e-01 9.202719999999999789e-01
3.364599999999999813e-01 9.203099999999999614e-01
3.384599999999999831e-01 9.203449999999999687e-01
3.404599999999999849e-01 9.203789999999999472e-01
3.424599999999999866e-01 9.204099999999999504e-01
3.444599999999999884e-01 9.204390000000000072e-01
3.464599999999999902e-01 9.204660000000000064e-01
3.484599999999999920e-01 9.204909999999999481e-01
3.504599999999999937e-01 9.205140000000000544e-01
3.524599999999999955e-01 9.205349999999999921e-01
3.544599999999999973e-01 9.205539999999999834e-01
3.564599999999999991e-01 9.205710000000000282e-01
3.584600000000000009e-01 9.205860000000000154e-01
3.604600000000000026e-01 9.205989999999999451e-01
3.624600000000000044e-01 9.206109999999999571e-01
3.644600000000000062e-01 9.206210000000000226e-01
3.664600000000000080e-01 9.206290000000000306e-01
3.684600000000000097e-01 9.206349999999999811e-01
3.704600000000000115e-01 9.206400000000000139e-01
3.724600000000000133e-01 9.206429999999999891e-01
3.744600000000000151e-01 9.206450000000000466e-01
3.764600000000000168e-01 9.206450000000000466e-01
3.784600000000000186e-01 9.206429999999999891e-01
3.804600000000000204e-01 9.206400000000000139e-01
3.824600000000000222e-01 9.206360000000000099e-01
3.844600000000000239e-01 9.206299999999999484e-01
3.864600000000000257e-01 9.206229999999999691e-01
3.884600000000000275e-01 9.206140000000000434e-01
3.904600000000000293e-01 9.206039999999999779e-01
3.924600000000000311e-01 9.205919999999999659e-01
3.944600000000000328e-01 9.205790000000000362e-01
3.964600000000000346e-01 9.205649999999999666e-01
3.984600000000000364e-01 9.205499999999999794e-01
4.004600000000000382e-01 9.205330000000000457e-01
4.024600000000000399e-01 9.205149999999999721e-01
4.044600000000000417e-01 9.204959999999999809e-01
4.064600000000000435e-01 9.204759999999999609e-01
4.084599999999999898e-01 9.204539999999999944e-01
4.104599999999999915e-01 9.204320000000000279e-01
4.124599999999999933e-01 9.204080000000000039e-01
4.144599999999999951e-01 9.203829999999999512e-01
4.164599999999999969e-01 9.203569999999999807e-01
4.184599999999999986e-01 9.203299999999999814e-01
4.204600000000000004e-01 9.203019999999999534e-01
4.224600000000000022e-01 9.202730000000000077e-01
4.244600000000000040e-01 9.202430000000000332e-01
4.264600000000000057e-01 9.202120000000000299e-01
4.284600000000000075e-01 9.201799999999999979e-01
4.304600000000000093e-01 9.201470000000000482e-01
4.324600000000000111e-01 9.201129999999999587e-01
4.344599999999999573e-01 9.200779999999999514e-01
4.364599999999999591e-01 9.200420000000000265e-01
4.384599999999999609e-01 9.200059999999999905e-01
4.404599999999999627e-01 9.199680000000000080e-01
4.424599999999999644e-01 9.199300000000000255e-01
4.444599999999999662e-01 9.198899999999999855e-01
4.464599999999999680e-01 9.198499999999999455e-01
4.484599999999999698e-01 9.198089999999999877e-01
4.504599999999999715e-01 9.197670000000000012e-01
4.524599999999999733e-01 9.197250000000000147e-01
4.544599999999999751e-01 9.196809999999999707e-01
4.564599999999999769e-01 9.196370000000000378e-01
4.584599999999999786e-01 9.195919999999999650e-01
4.604599999999999804e-01 9.195459999999999745e-01
4.624599999999999822e-01 9.194999999999999840e-01
4.644599999999999840e-01 9.194529999999999648e-01
4.664599999999999858e-01 9.194050000000000278e-01
4.684599999999999875e-01 9.193559999999999510e-01
4.704599999999999893e-01 9.193069999999999853e-01
4.724599999999999911e-01 9.192569999999999908e-01
4.744599999999999929e-01 9.192059999999999675e-01
4.764599999999999946e-01 9.191550000000000553e-01
4.784599999999999964e-01 9.191030000000000033e-01
4.804599999999999982e-01 9.190500000000000336e-01
4.824600000000000000e-01 9.189969999999999528e-01
4.844600000000000017e-01 9.189429999999999543e-01
4.864600000000000035e-01 9.188880000000000381e-01
4.884600000000000053e-01 9.188330000000000108e-01
4.904600000000000071e-01 9.187769999999999548e-01
4.924600000000000088e-01 9.187210000000000099e-01
4.944600000000000106e-01 9.186640000000000361e-01
4.964600000000000124e-01 9.186069999999999514e-01
4.984600000000000142e-01 9.185489999999999489e-01
5.004600000000000160e-01 9.184900000000000286e-01
5.024599999999999067e-01 9.184309999999999974e-01
5.044599999999999085e-01 9.183710000000000484e-01
5.064599999999999103e-01 9.183109999999999884e-01
5.084599999999999120e-01 9.182500000000000107e-01
5.104599999999999138e-01 9.181880000000000042e-01
5.124599999999999156e-01 9.181270000000000264e-01
5.144599999999999174e-01 9.180639999999999912e-01
5.164599999999999191e-01 9.180009999999999559e-01
5.184599999999999209e-01 9.179380000000000317e-01
5.204599999999999227e-01 9.178739999999999677e-01
5.224599999999999245e-01 9.178100000000000147e-01
5.244599999999999262e-01 9.177450000000000330e-01
5.264599999999999280e-01 9.176800000000000512e-01
5.284599999999999298e-01 9.176140000000000407e-01
5.304599999999999316e-01 9.175480000000000302e-01
5.324599999999999334e-01 9.174809999999999910e-01
5.344599999999999351e-01 9.174139999999999517e-01
5.364599999999999369e-01 9.173459999999999948e-01
5.384599999999999387e-01 9.172780000000000378e-01
5.404599999999999405e-01 9.172099999999999698e-01
5.424599999999999422e-01 9.171409999999999840e-01
5.444599999999999440e-01 9.170719999999999983e-01
5.464599999999999458e-01 9.170019999999999838e-01
5.484599999999999476e-01 9.169319999999999693e-01
5.504599999999999493e-01 9.168619999999999548e-01
5.524599999999999511e-01 9.167910000000000226e-01
5.544599999999999529e-01 9.167199999999999793e-01
5.564599999999999547e-01 9.166480000000000183e-01
5.584599999999999564e-01 9.165759999999999463e-01
5.604599999999999582e-01 9.165039999999999853e-01
5.624599999999999600e-01 9.164309999999999956e-01
5.644599999999999618e-01 9.163580000000000059e-01
5.664599999999999635e-01 9.162850000000000161e-01
5.684599999999999653e-01 9.162109999999999976e-01
5.704599999999999671e-01 9.161369999999999791e-01
5.724599999999999689e-01 9.160620000000000429e-01
5.744599999999999707e-01 9.159880000000000244e-01
5.764599999999999724e-01 9.159119999999999484e-01
5.784599999999999742e-01 9.158370000000000122e-01
5.804599999999999760e-01 9.157610000000000472e-01
5.824599999999999778e-01 9.156849999999999712e-01
5.844599999999999795e-01 9.156090000000000062e-01
5.864599999999999813e-01 9.155320000000000125e-01
5.884599999999999831e-01 9.154550000000000187e-01
5.904599999999999849e-01 9.153769999999999962e-01
5.924599999999999866e-01 9.153000000000000025e-01
5.944599999999999884e-01 9.152219999999999800e-01
5.964599999999999902e-01 9.151439999999999575e-01
5.984599999999999920e-01 9.150650000000000173e-01
6.004599999999999937e-01 9.149859999999999660e-01
6.024599999999999955e-01 9.149070000000000258e-01
6.044599999999999973e-01 9.148279999999999745e-01
6.064599999999999991e-01 9.147480000000000055e-01
6.084600000000000009e-01 9.146680000000000366e-01
6.104600000000000026e-01 9.145879999999999566e-01
6.124600000000000044e-01 9.145079999999999876e-01
6.144600000000000062e-01 9.144269999999999898e-01
6.164600000000000080e-01 9.143459999999999921e-01
6.184600000000000097e-01 9.142649999999999944e-01
6.204600000000000115e-01 9.141829999999999679e-01
6.224600000000000133e-01 9.141019999999999701e-01
6.244600000000000151e-01 9.140200000000000546e-01
6.264600000000000168e-01 9.139380000000000281e-01
6.284600000000000186e-01 9.138549999999999729e-01
6.304600000000000204e-01 9.137729999999999464e-01
6.324600000000000222e-01 9.136900000000000022e-01
6.344600000000000239e-01 9.136069999999999469e-01
6.364600000000000257e-01 9.135229999999999739e-01
6.384600000000000275e-01 9.134400000000000297e-01
6.404600000000000293e-01 9.133559999999999457e-01
6.424600000000000311e-01 9.132719999999999727e-01
6.444600000000000328e-01 9.131879999999999997e-01
6.464600000000000346e-01 9.131040000000000267e-01
6.484600000000000364e-01 9.130190000000000250e-01
6.504600000000000382e-01 9.129350000000000520e-01
6.524600000000000399e-01 9.128500000000000503e-01
6.544600000000000417e-01 9.127650000000000485e-01
6.564600000000000435e-01 9.126790000000000180e-01
6.584600000000000453e-01 9.125940000000000163e-01
6.604600000000000470e-01 9.125079999999999858e-01
6.624600000000000488e-01 9.124219999999999553e-01
6.644600000000000506e-01 9.123360000000000358e-01
6.664600000000000524e-01 9.122500000000000053e-01
6.684600000000000541e-01 9.121639999999999748e-01
6.704600000000000559e-01 9.120770000000000266e-01
6.724600000000000577e-01 9.119899999999999674e-01
6.744600000000000595e-01 9.119030000000000191e-01
6.764600000000000612e-01 9.118159999999999599e-01
6.784600000000000630e-01 9.117290000000000116e-01
6.804600000000000648e-01 9.116419999999999524e-01
6.824600000000000666e-01 9.115539999999999754e-01
6.844600000000000684e-01 9.114670000000000272e-01
6.864600000000000701e-01 9.113790000000000502e-01
6.884600000000000719e-01 9.112909999999999622e-01
6.904600000000000737e-01 9.112029999999999852e-01
6.924600000000000755e-01 9.111139999999999795e-01
6.944600000000000772e-01 9.110260000000000025e-01
6.964600000000000790e-01 9.109369999999999967e-01
6.984600000000000808e-01 9.108490000000000197e-01
7.004600000000000826e-01 9.107600000000000140e-01
7.024600000000000843e-01 9.106710000000000083e-01
7.044600000000000861e-01 9.105820000000000025e-01
7.064600000000000879e-01 9.104929999999999968e-01
7.084600000000000897e-01 9.104029999999999623e-01
7.104600000000000914e-01 9.103139999999999565e-01
7.124600000000000932e-01 9.102240000000000331e-01
7.144599999999999840e-01 9.101350000000000273e-01
7.164599999999999858e-01 9.100449999999999928e-01
7.184599999999999875e-01 9.099549999999999583e-01
7.204599999999999893e-01 9.098650000000000349e-01
7.224599999999999911e-01 9.097750000000000004e-01
7.244599999999999929e-01 9.096840000000000481e-01
7.264599999999999946e-01 9.095940000000000136e-01
7.284599999999999964e-01 9.095029999999999504e-01
7.304599999999999982e-01 9.094130000000000269e-01
7.324600000000000000e-01 9.093219999999999636e-01
7.344600000000000017e-01 9.092310000000000114e-01
7.364600000000000035e-01 9.091399999999999482e-01
