6.199999999999999956e-02 -2.632819999999999894e+01
6.246000000000000163e-02 -2.794020000000000081e+01
6.446000000000000341e-02 -2.909909999999999997e+01
6.646000000000000518e-02 -3.007349999999999923e+01
6.846000000000000696e-02 -3.093919999999999959e+01
7.046000000000000874e-02 -3.173059999999999903e+01
7.245999999999999663e-02 -3.246690000000000254e+01
7.445999999999999841e-02 -3.315990000000000038e+01
7.646000000000000019e-02 -3.381770000000000209e+01
7.846000000000000196e-02 -3.444610000000000127e+01
8.045999999999998986e-02 -3.504919999999999902e+01
8.245999999999999164e-02 -3.563040000000000163e+01
8.445999999999999341e-02 -3.619230000000000302e+01
8.645999999999999519e-02 -3.673689999999999856e+01
8.845999999999999697e-02 -3.726599999999999824e+01
9.045999999999999874e-02 -3.778110000000000213e+01
9.246000000000000052e-02 -3.828320000000000078e+01
9.446000000000000230e-02 -3.877349999999999852e+01
9.646000000000000407e-02 -3.925289999999999679e+01
9.846000000000000585e-02 -3.972209999999999752e+01
1.004600000000000076e-01 -4.018169999999999931e+01
1.024599999999999955e-01 -4.063250000000000028e+01
1.044599999999999973e-01 -4.107500000000000284e+01
1.064599999999999991e-01 -4.150950000000000273e+01
1.084600000000000009e-01 -4.193659999999999854e+01
1.104599999999999888e-01 -4.235660000000000025e+01
1.124599999999999905e-01 -4.276989999999999981e+01
1.144599999999999923e-01 -4.317680000000000007e+01
1.164599999999999941e-01 -4.357759999999999678e+01
1.184599999999999959e-01 -4.397249999999999659e+01
1.204599999999999976e-01 -4.436189999999999856e+01
1.224599999999999994e-01 -4.474589999999999890e+01
1.244600000000000012e-01 -4.512469999999999715e+01
1.264600000000000168e-01 -4.549860000000000326e+01
1.284599999999999909e-01 -4.586769999999999925e+01
1.304599999999999926e-01 -4.623230000000000217e+01
1.324599999999999944e-01 -4.659239999999999782e+01
1.344599999999999962e-01 -4.694819999999999993e+01
1.364599999999999980e-01 -4.729990000000000094e+01
1.384599999999999997e-01 -4.764750000000000085e+01
1.404600000000000015e-01 -4.799130000000000251e+01
1.424600000000000033e-01 -4.833129999999999882e+01
1.444599999999999773e-01 -4.866770000000000351e+01
1.464599999999999791e-01 -4.900050000000000239e+01
1.484599999999999809e-01 -4.932979999999999876e+01
1.504599999999999826e-01 -4.965579999999999927e+01
1.524599999999999844e-01 -4.997849999999999682e+01
1.544599999999999862e-01 -5.029800000000000182e+01
1.564599999999999880e-01 -5.061449999999999960e+01
1.584599999999999898e-01 -5.092790000000000106e+01
1.604599999999999915e-01 -5.123830000000000240e+01
1.624599999999999933e-01 -5.154590000000000316e+01
1.644599999999999951e-01 -5.185070000000000334e+01
1.664599999999999969e-01 -5.215270000000000294e+01
1.684599999999999986e-01 -5.245210000000000150e+01
1.704600000000000004e-01 -5.274880000000000280e+01
1.724600000000000022e-01 -5.304290000000000305e+01
1.744600000000000040e-01 -5.333460000000000178e+01
1.764600000000000057e-01 -5.362380000000000280e+01
1.784600000000000075e-01 -5.391060000000000230e+01
1.804600000000000093e-01 -5.419500000000000028e+01
1.824600000000000111e-01 -5.447710000000000008e+01
1.844600000000000128e-01 -5.475699999999999790e+01
1.864600000000000146e-01 -5.503459999999999752e+01
1.884600000000000164e-01 -5.531009999999999849e+01
1.904600000000000182e-01 -5.558339999999999748e+01
1.924600000000000199e-01 -5.585459999999999781e+01
1.944600000000000217e-01 -5.612380000000000280e+01
1.964600000000000235e-01 -5.639099999999999824e+01
1.984599999999999975e-01 -5.665619999999999834e+01
2.004599999999999993e-01 -5.691940000000000310e+01
2.024600000000000011e-01 -5.718070000000000164e+01
2.044600000000000029e-01 -5.744010000000000105e+01
2.064600000000000046e-01 -5.769769999999999754e+01
2.084600000000000064e-01 -5.795349999999999824e+01
2.104600000000000082e-01 -5.820739999999999981e+01
2.124600000000000100e-01 -5.845960000000000178e+01
2.144600000000000117e-01 -5.871009999999999707e+01
2.164600000000000135e-01 -5.895889999999999986e+01
2.184600000000000153e-01 -5.920600000000000307e+01
2.204599999999999893e-01 -5.945139999999999958e+01
2.224599999999999911e-01 -5.969530000000000314e+01
2.244599999999999929e-01 -5.993750000000000000e+01
2.264599999999999946e-01 -6.017810000000000059e+01
2.284599999999999964e-01 -6.041720000000000113e+01
2.304599999999999982e-01 -6.065480000000000160e+01
2.324600000000000000e-01 -6.089079999999999870e+01
2.344600000000000017e-01 -6.112539999999999907e+01
2.364600000000000035e-01 -6.135849999999999937e+01
2.384600000000000053e-01 -6.159009999999999962e+01
2.404600000000000071e-01 -6.182039999999999935e+01
2.424600000000000088e-01 -6.204919999999999902e+01
2.444600000000000106e-01 -6.227660000000000196e+01
2.464600000000000124e-01 -6.250269999999999726e+01
2.484600000000000142e-01 -6.272740000000000293e+01
2.504600000000000160e-01 -6.295080000000000098e+01
2.524600000000000177e-01 -6.317289999999999850e+01
2.544600000000000195e-01 -6.339359999999999928e+01
2.564600000000000213e-01 -6.361310000000000286e+01
2.584600000000000231e-01 -6.383140000000000214e+01
2.604600000000000248e-01 -6.404840000000000089e+01
2.624600000000000266e-01 -6.426409999999999911e+01
2.644600000000000284e-01 -6.447860000000000014e+01
2.664600000000000302e-01 -6.469199999999999307e+01
2.684600000000000319e-01 -6.490409999999999968e+01
2.704600000000000337e-01 -6.511509999999999820e+01
2.724600000000000355e-01 -6.532489999999999952e+01
2.744600000000000373e-01 -6.553350000000000364e+01
2.764600000000000390e-01 -6.574110000000000298e+01
2.784600000000000408e-01 -6.594750000000000512e+01
2.804600000000000426e-01 -6.615279999999999916e+01
2.824599999999999889e-01 -6.635699999999999932e+01
2.844599999999999906e-01 -6.656010000000000559e+01
2.864599999999999924e-01 -6.676220000000000709e+01
2.884599999999999942e-01 -6.696309999999999718e+01
2.904599999999999960e-01 -6.716310000000000002e+01
2.924599999999999977e-01 -6.736199999999999477e+01
2.944599999999999995e-01 -6.755989999999999895e+01
2.964600000000000013e-01 -6.775679999999999836e+01
2.984600000000000031e-01 -6.795269999999999300e+01
3.004600000000000048e-01 -6.814759999999999707e+01
3.024600000000000066e-01 -6.834149999999999636e+01
3.044600000000000084e-01 -6.853440000000000509e+01
3.064600000000000102e-01 -6.872639999999999816e+01
3.084600000000000120e-01 -6.891740000000000066e+01
3.104600000000000137e-01 -6.910750000000000171e+01
3.124599999999999600e-01 -6.929670000000000130e+01
3.144599999999999618e-01 -6.948499999999999943e+01
3.164599999999999635e-01 -6.967230000000000700e+01
3.184599999999999653e-01 -6.985869999999999891e+01
3.204599999999999671e-01 -7.004430000000000689e+01
3.224599999999999689e-01 -7.022889999999999588e+01
3.244599999999999707e-01 -7.041270000000000095e+01
3.264599999999999724e-01 -7.059560000000000457e+01
3.284599999999999742e-01 -7.077769999999999584e+01
3.304599999999999760e-01 -7.095889999999999986e+01
3.324599999999999778e-01 -7.113920000000000243e+01
3.344599999999999795e-01 -7.131870000000000687e+01
3.364599999999999813e-01 -7.149739999999999895e+01
3.384599999999999831e-01 -7.167529999999999291e+01
3.404599999999999849e-01 -7.185240000000000293e+01
3.424599999999999866e-01 -7.202870000000000061e+01
3.444599999999999884e-01 -7.220409999999999684e+01
3.464599999999999902e-01 -7.237879999999999825e+01
3.484599999999999920e-01 -7.255270000000000152e+01
3.504599999999999937e-01 -7.272589999999999577e+01
3.524599999999999955e-01 -7.289820000000000277e+01
3.544599999999999973e-01 -7.306980000000000075e+01
3.564599999999999991e-01 -7.324070000000000391e+01
3.584600000000000009e-01 -7.341079999999999472e+01
3.604600000000000026e-01 -7.358020000000000493e+01
3.624600000000000044e-01 -7.374880000000000280e+01
3.644600000000000062e-01 -7.391670000000000584e+01
3.664600000000000080e-01 -7.408389999999999986e+01
3.684600000000000097e-01 -7.425039999999999907e+01
3.704600000000000115e-01 -7.441610000000000014e+01
3.724600000000000133e-01 -7.458119999999999550e+01
3.744600000000000151e-01 -7.474559999999999604e+01
3.764600000000000168e-01 -7.490930000000000177e+01
3.784600000000000186e-01 -7.507229999999999848e+01
3.804600000000000204e-01 -7.523460000000000036e+01
3.824600000000000222e-01 -7.539619999999999322e+01
3.844600000000000239e-01 -7.555719999999999459e+01
3.864600000000000257e-01 -7.571750000000000114e+01
3.884600000000000275e-01 -7.587720000000000198e+01
3.904600000000000293e-01 -7.603619999999999379e+01
3.924600000000000311e-01 -7.619459999999999411e+01
3.944600000000000328e-01 -7.635229999999999961e+01
3.964600000000000346e-01 -7.650939999999999941e+01
3.984600000000000364e-01 -7.666589999999999350e+01
4.004600000000000382e-01 -7.682170000000000698e+01
4.024600000000000399e-01 -7.697690000000000055e+01
4.044600000000000417e-01 -7.713150000000000261e+01
4.064600000000000435e-01 -7.728549999999999898e+01
4.084599999999999898e-01 -7.743890000000000384e+01
4.104599999999999915e-01 -7.759170000000000300e+01
4.124599999999999933e-01 -7.774389999999999645e+01
4.144599999999999951e-01 -7.789549999999999841e+01
4.164599999999999969e-01 -7.804659999999999798e+01
4.184599999999999986e-01 -7.819700000000000273e+01
4.204600000000000004e-01 -7.834690000000000509e+01
4.224600000000000022e-01 -7.849620000000000175e+01
4.244600000000000040e-01 -7.864490000000000691e+01
4.264600000000000057e-01 -7.879309999999999548e+01
4.284600000000000075e-01 -7.894070000000000675e+01
4.304600000000000093e-01 -7.908769999999999811e+01
4.324600000000000111e-01 -7.923420000000000130e+01
4.344599999999999573e-01 -7.938020000000000209e+01
4.364599999999999591e-01 -7.952559999999999718e+01
4.384599999999999609e-01 -7.967050000000000409e+01
4.404599999999999627e-01 -7.981480000000000530e+01
4.424599999999999644e-01 -7.995860000000000412e+01
4.444599999999999662e-01 -8.010190000000000055e+01
4.464599999999999680e-01 -8.024469999999999459e+01
4.484599999999999698e-01 -8.038689999999999714e+01
4.504599999999999715e-01 -8.052859999999999729e+01
4.524599999999999733e-01 -8.066989999999999839e+01
4.544599999999999751e-01 -8.081059999999999377e+01
4.564599999999999769e-01 -8.095080000000000098e+01
4.584599999999999786e-01 -8.109050000000000580e+01
4.604599999999999804e-01 -8.122969999999999402e+01
4.624599999999999822e-01 -8.136839999999999407e+01
4.644599999999999840e-01 -8.150660000000000593e+01
4.664599999999999858e-01 -8.164440000000000452e+01
4.684599999999999875e-01 -8.178159999999999741e+01
4.704599999999999893e-01 -8.191840000000000543e+01
4.724599999999999911e-01 -8.205469999999999686e+01
4.744599999999999929e-01 -8.219050000000000011e+01
4.764599999999999946e-01 -8.232590000000000430e+01
4.784599999999999964e-01 -8.246080000000000609e+01
4.804599999999999982e-01 -8.259520000000000550e+01
4.824600000000000000e-01 -8.272920000000000584e+01
4.844600000000000017e-01 -8.286270000000000380e+01
4.864600000000000035e-01 -8.299580000000000268e+01
4.884600000000000053e-01 -8.312839999999999918e+01
4.904600000000000071e-01 -8.326059999999999661e+01
4.924600000000000088e-01 -8.339230000000000587e+01
4.944600000000000106e-01 -8.352360000000000184e+01
4.964600000000000124e-01 -8.365439999999999543e+01
4.984600000000000142e-01 -8.378480000000000416e+01
5.004600000000000160e-01 -8.391479999999999961e+01
5.024599999999999067e-01 -8.404430000000000689e+01
5.044599999999999085e-01 -8.417350000000000421e+01
5.064599999999999103e-01 -8.430209999999999582e+01
5.084599999999999120e-01 -8.443040000000000589e+01
5.104599999999999138e-01 -8.455830000000000268e+01
5.124599999999999156e-01 -8.468569999999999709e+01
5.144599999999999174e-01 -8.481270000000000664e+01
5.164599999999999191e-01 -8.493930000000000291e+01
5.184599999999999209e-01 -8.506560000000000343e+01
5.204599999999999227e-01 -8.519140000000000157e+01
5.224599999999999245e-01 -8.531680000000000064e+01
5.244599999999999262e-01 -8.544180000000000064e+01
5.264599999999999280e-01 -8.556640000000000157e+01
5.284599999999999298e-01 -8.569060000000000343e+01
5.304599999999999316e-01 -8.581440000000000623e+01
5.324599999999999334e-01 -8.593779999999999575e+01
5.344599999999999351e-01 -8.606080000000000041e+01
5.364599999999999369e-01 -8.618349999999999511e+01
5.384599999999999387e-01 -8.630580000000000496e+01
5.404599999999999405e-01 -8.642770000000000152e+01
5.424599999999999422e-01 -8.654919999999999902e+01
5.444599999999999440e-01 -8.667029999999999745e+01
5.464599999999999458e-01 -8.679110000000000014e+01
5.484599999999999476e-01 -8.691150000000000375e+01
5.504599999999999493e-01 -8.703149999999999409e+01
5.524599999999999511e-01 -8.715109999999999957e+01
5.544599999999999529e-01 -8.727039999999999509e+01
5.564599999999999547e-01 -8.738939999999999486e+01
5.584599999999999564e-01 -8.750790000000000646e+01
5.604599999999999582e-01 -8.762619999999999720e+01
5.624599999999999600e-01 -8.774399999999999977e+01
5.644599999999999618e-01 -8.786150000000000659e+01
5.664599999999999635e-01 -8.797870000000000346e+01
5.684599999999999653e-01 -8.809550000000000125e+01
5.704599999999999671e-01 -8.821189999999999998e+01
5.724599999999999689e-01 -8.832800000000000296e+01
5.744599999999999707e-01 -8.844379999999999598e+01
5.764599999999999724e-01 -8.855920000000000414e+01
5.784599999999999742e-01 -8.867430000000000234e+01
5.804599999999999760e-01 -8.878910000000000480e+01
5.824599999999999778e-01 -8.890349999999999397e+01
5.844599999999999795e-01 -8.901760000000000161e+01
5.864599999999999813e-01 -8.913129999999999598e+01
5.884599999999999831e-01 -8.924479999999999791e+01
5.904599999999999849e-01 -8.935790000000000077e+01
5.924599999999999866e-01 -8.947060000000000457e+01
5.944599999999999884e-01 -8.958310000000000173e+01
5.964599999999999902e-01 -8.969519999999999982e+01
5.984599999999999920e-01 -8.980700000000000216e+01
6.004599999999999937e-01 -8.991849999999999454e+01
6.024599999999999955e-01 8.997029999999999461e+01
6.044599999999999973e-01 8.985949999999999704e+01
6.064599999999999991e-01 8.974890000000000612e+01
6.084600000000000009e-01 8.963870000000000005e+01
6.104600000000000026e-01 8.952880000000000393e+01
6.124600000000000044e-01 8.941920000000000357e+01
6.144600000000000062e-01 8.930989999999999895e+01
6.164600000000000080e-01 8.920090000000000430e+01
6.184600000000000097e-01 8.909220000000000539e+01
6.204600000000000115e-01 8.898380000000000223e+01
6.224600000000000133e-01 8.887569999999999482e+01
6.244600000000000151e-01 8.876779999999999404e+01
6.264600000000000168e-01 8.866030000000000655e+01
6.284600000000000186e-01 8.855310000000000059e+01
6.304600000000000204e-01 8.844620000000000459e+01
6.324600000000000222e-01 8.833960000000000434e+01
6.344600000000000239e-01 8.823319999999999652e+01
6.364600000000000257e-01 8.812720000000000198e+01
6.384600000000000275e-01 8.802139999999999986e+01
6.404600000000000293e-01 8.791589999999999350e+01
6.424600000000000311e-01 8.781069999999999709e+01
6.444600000000000328e-01 8.770579999999999643e+01
6.464600000000000346e-01 8.760120000000000573e+01
6.484600000000000364e-01 8.749679999999999325e+01
6.504600000000000382e-01 8.739270000000000493e+01
6.524600000000000399e-01 8.728889999999999816e+01
6.544600000000000417e-01 8.718540000000000134e+01
6.564600000000000435e-01 8.708209999999999695e+01
6.584600000000000453e-01 8.697910000000000252e+01
6.604600000000000470e-01 8.687640000000000384e+01
6.624600000000000488e-01 8.677400000000000091e+01
6.644600000000000506e-01 8.667180000000000462e+01
6.664600000000000524e-01 8.656990000000000407e+01
6.684600000000000541e-01 8.646819999999999595e+01
6.704600000000000559e-01 8.636679999999999779e+01
6.724600000000000577e-01 8.626569999999999538e+01
6.744600000000000595e-01 8.616479999999999961e+01
6.764600000000000612e-01 8.606419999999999959e+01
6.784600000000000630e-01 8.596389999999999532e+01
6.804600000000000648e-01 8.586379999999999768e+01
6.824600000000000666e-01 8.576390000000000668e+01
6.844600000000000684e-01 8.566440000000000055e+01
6.864600000000000701e-01 8.556499999999999773e+01
6.884600000000000719e-01 8.546590000000000487e+01
6.904600000000000737e-01 8.536709999999999354e+01
6.924600000000000755e-01 8.526850000000000307e+01
6.944600000000000772e-01 8.517019999999999413e+01
6.964600000000000790e-01 8.507210000000000605e+01
6.984600000000000808e-01 8.497429999999999950e+01
7.004600000000000826e-01 8.487669999999999959e+01
7.024600000000000843e-01 8.477930000000000632e+01
7.044600000000000861e-01 8.468219999999999459e+01
7.064600000000000879e-01 8.458530000000000371e+01
7.084600000000000897e-01 8.448869999999999436e+01
7.104600000000000914e-01 8.439220000000000255e+01
7.124600000000000932e-01 8.429609999999999559e+01
7.144599999999999840e-01 8.420019999999999527e+01
7.164599999999999858e-01 8.410450000000000159e+01
7.184599999999999875e-01 8.400900000000000034e+01
7.204599999999999893e-01 8.391379999999999484e+01
7.224599999999999911e-01 8.381879999999999598e+01
7.244599999999999929e-01 8.372400000000000375e+01
7.264599999999999946e-01 8.362940000000000396e+01
7.284599999999999964e-01 8.353509999999999991e+01
7.304599999999999982e-01 8.344100000000000250e+01
7.324600000000000000e-01 8.334720000000000084e+01
7.344600000000000017e-01 8.325350000000000250e+01
7.364600000000000035e-01 8.316009999999999991e+01
