Energy PhaseShift
6.199999999999999956e-02 -2.191679999999999851e+01
6.300000000000000044e-02 -2.374080000000000013e+01
6.400000000000000133e-02 -2.496640000000000015e+01
6.500000000000000222e-02 -2.576389999999999958e+01
6.600000000000000311e-02 -2.622119999999999962e+01
6.700000000000000400e-02 -2.682130000000000081e+01
6.800000000000000488e-02 -2.780930000000000035e+01
6.900000000000000577e-02 -2.891260000000000119e+01
7.000000000000000666e-02 -2.995270000000000010e+01
7.099999999999999367e-02 -3.089630000000000010e+01
7.199999999999999456e-02 -3.175080000000000169e+01
7.299999999999999545e-02 -3.252750000000000341e+01
7.399999999999999634e-02 -3.323510000000000275e+01
7.499999999999999722e-02 -3.388000000000000256e+01
7.599999999999999811e-02 -3.446759999999999735e+01
7.699999999999999900e-02 -3.500509999999999877e+01
7.799999999999999989e-02 -3.550310000000000343e+01
7.900000000000000078e-02 -3.597579999999999956e+01
8.000000000000000167e-02 -3.643939999999999912e+01
8.100000000000000255e-02 -3.690720000000000312e+01
8.200000000000000344e-02 -3.738620000000000232e+01
8.300000000000000433e-02 -3.787570000000000192e+01
8.400000000000000522e-02 -3.837030000000000030e+01
8.500000000000000611e-02 -3.886310000000000286e+01
8.599999999999999312e-02 -3.934839999999999804e+01
8.699999999999999400e-02 -3.982200000000000273e+01
8.799999999999999489e-02 -4.028179999999999694e+01
8.899999999999999578e-02 -4.072699999999999676e+01
8.999999999999999667e-02 -4.115780000000000172e+01
9.099999999999999756e-02 -4.157469999999999999e+01
9.199999999999999845e-02 -4.197860000000000014e+01
9.299999999999999933e-02 -4.237030000000000030e+01
9.400000000000000022e-02 -4.275099999999999767e+01
9.500000000000000111e-02 -4.312140000000000128e+01
9.600000000000000200e-02 -4.348250000000000171e+01
9.700000000000000289e-02 -4.383520000000000039e+01
9.800000000000000377e-02 -4.418030000000000257e+01
9.900000000000000466e-02 -4.451890000000000214e+01
1.000000000000000056e-01 -4.485190000000000055e+01
1.010000000000000064e-01 -4.518039999999999878e+01
1.019999999999999934e-01 -4.550569999999999737e+01
1.029999999999999943e-01 -4.582909999999999684e+01
1.039999999999999952e-01 -4.615180000000000149e+01
1.049999999999999961e-01 -4.647520000000000095e+01
1.059999999999999970e-01 -4.680019999999999669e+01
1.069999999999999979e-01 -4.712780000000000058e+01
1.079999999999999988e-01 -4.745870000000000033e+01
1.089999999999999997e-01 -4.779299999999999926e+01
1.100000000000000006e-01 -4.813080000000000069e+01
1.110000000000000014e-01 -4.847169999999999845e+01
1.120000000000000023e-01 -4.881510000000000105e+01
1.130000000000000032e-01 -4.916020000000000323e+01
1.140000000000000041e-01 -4.950639999999999930e+01
1.150000000000000050e-01 -4.985260000000000247e+01
1.160000000000000059e-01 -5.019809999999999661e+01
1.170000000000000068e-01 -5.054200000000000159e+01
1.179999999999999938e-01 -5.088380000000000081e+01
1.189999999999999947e-01 -5.122270000000000323e+01
1.199999999999999956e-01 -5.155830000000000268e+01
1.209999999999999964e-01 -5.189009999999999678e+01
1.219999999999999973e-01 -5.221779999999999688e+01
1.229999999999999982e-01 -5.254110000000000014e+01
1.239999999999999991e-01 -5.285969999999999658e+01
1.250000000000000000e-01 -5.317340000000000089e+01
1.260000000000000009e-01 -5.348210000000000264e+01
1.270000000000000018e-01 -5.378569999999999851e+01
1.280000000000000027e-01 -5.408400000000000318e+01
1.290000000000000036e-01 -5.437709999999999866e+01
1.300000000000000044e-01 -5.466479999999999961e+01
1.310000000000000053e-01 -5.494720000000000226e+01
1.320000000000000062e-01 -5.522429999999999950e+01
1.330000000000000071e-01 -5.549600000000000222e+01
1.340000000000000080e-01 -5.576259999999999906e+01
1.350000000000000089e-01 -5.602389999999999759e+01
1.360000000000000098e-01 -5.628020000000000067e+01
1.370000000000000107e-01 -5.653150000000000119e+01
1.380000000000000115e-01 -5.677799999999999869e+01
1.390000000000000124e-01 -5.701979999999999649e+01
1.400000000000000133e-01 -5.725710000000000122e+01
1.409999999999999865e-01 -5.749020000000000152e+01
1.419999999999999873e-01 -5.771909999999999741e+01
1.429999999999999882e-01 -5.794409999999999883e+01
1.439999999999999891e-01 -5.816550000000000153e+01
1.449999999999999900e-01 -5.838360000000000127e+01
1.459999999999999909e-01 -5.859839999999999804e+01
1.469999999999999918e-01 -5.881040000000000134e+01
1.479999999999999927e-01 -5.901970000000000027e+01
1.489999999999999936e-01 -5.922659999999999769e+01
1.499999999999999944e-01 -5.943130000000000024e+01
1.509999999999999953e-01 -5.963409999999999656e+01
1.519999999999999962e-01 -5.983500000000000085e+01
1.529999999999999971e-01 -6.003430000000000177e+01
1.539999999999999980e-01 -6.023210000000000264e+01
1.549999999999999989e-01 -6.042849999999999966e+01
1.559999999999999998e-01 -6.062369999999999948e+01
1.570000000000000007e-01 -6.081759999999999877e+01
1.580000000000000016e-01 -6.101039999999999708e+01
1.590000000000000024e-01 -6.120210000000000150e+01
1.600000000000000033e-01 -6.139269999999999783e+01
1.610000000000000042e-01 -6.158220000000000027e+01
1.620000000000000051e-01 -6.177060000000000173e+01
1.630000000000000060e-01 -6.195790000000000219e+01
1.640000000000000069e-01 -6.214399999999999835e+01
1.650000000000000078e-01 -6.232900000000000063e+01
1.660000000000000087e-01 -6.251270000000000238e+01
1.670000000000000095e-01 -6.269519999999999982e+01
1.680000000000000104e-01 -6.287650000000000006e+01
1.690000000000000113e-01 -6.305649999999999977e+01
1.700000000000000122e-01 -6.323519999999999897e+01
1.710000000000000131e-01 -6.341259999999999764e+01
1.719999999999999862e-01 -6.358870000000000289e+01
1.729999999999999871e-01 -6.376350000000000051e+01
1.739999999999999880e-01 -6.393690000000000140e+01
1.749999999999999889e-01 -6.410899999999999466e+01
1.759999999999999898e-01 -6.427979999999999450e+01
1.769999999999999907e-01 -6.444939999999999714e+01
1.779999999999999916e-01 -6.461759999999999593e+01
1.789999999999999925e-01 -6.478470000000000084e+01
1.799999999999999933e-01 -6.495050000000000523e+01
1.809999999999999942e-01 -6.511509999999999820e+01
1.819999999999999951e-01 -6.527859999999999729e+01
1.829999999999999960e-01 -6.544089999999999918e+01
1.839999999999999969e-01 -6.560219999999999629e+01
1.849999999999999978e-01 -6.576250000000000284e+01
1.859999999999999987e-01 -6.592180000000000462e+01
1.869999999999999996e-01 -6.608020000000000493e+01
1.880000000000000004e-01 -6.623779999999999291e+01
1.890000000000000013e-01 -6.639449999999999363e+01
1.900000000000000022e-01 -6.655049999999999955e+01
1.910000000000000031e-01 -6.670579999999999643e+01
1.920000000000000040e-01 -6.686050000000000182e+01
1.930000000000000049e-01 -6.701449999999999818e+01
1.940000000000000058e-01 -6.716809999999999548e+01
1.950000000000000067e-01 -6.732129999999999370e+01
1.960000000000000075e-01 -6.747410000000000707e+01
1.970000000000000084e-01 -6.762649999999999295e+01
1.980000000000000093e-01 -6.777870000000000061e+01
1.990000000000000102e-01 -6.793080000000000496e+01
2.000000000000000111e-01 -6.808270000000000266e+01
2.010000000000000120e-01 -6.823460000000000036e+01
2.020000000000000129e-01 -6.838660000000000139e+01
2.030000000000000138e-01 -6.853860000000000241e+01
2.039999999999999869e-01 -6.869079999999999586e+01
2.049999999999999878e-01 -6.884319999999999595e+01
2.059999999999999887e-01 -6.899590000000000600e+01
2.069999999999999896e-01 -6.914900000000000091e+01
2.079999999999999905e-01 -6.930259999999999820e+01
2.089999999999999913e-01 -6.945659999999999457e+01
2.099999999999999922e-01 -6.961119999999999663e+01
2.109999999999999931e-01 -6.976640000000000441e+01
2.119999999999999940e-01 -6.992220000000000368e+01
2.129999999999999949e-01 -7.007880000000000109e+01
2.139999999999999958e-01 -7.023619999999999663e+01
2.149999999999999967e-01 -7.039440000000000452e+01
2.159999999999999976e-01 -7.055349999999999966e+01
2.169999999999999984e-01 -7.071349999999999625e+01
2.179999999999999993e-01 -7.087449999999999761e+01
2.190000000000000002e-01 -7.103650000000000375e+01
2.200000000000000011e-01 -7.119950000000000045e+01
2.210000000000000020e-01 -7.136360000000000525e+01
2.220000000000000029e-01 -7.152880000000000393e+01
2.230000000000000038e-01 -7.169499999999999318e+01
2.240000000000000047e-01 -7.186239999999999384e+01
2.250000000000000056e-01 -7.203090000000000259e+01
2.260000000000000064e-01 -7.220050000000000523e+01
2.270000000000000073e-01 -7.237130000000000507e+01
2.280000000000000082e-01 -7.254309999999999548e+01
2.290000000000000091e-01 -7.271609999999999729e+01
2.300000000000000100e-01 -7.289019999999999300e+01
2.310000000000000109e-01 -7.306529999999999347e+01
2.320000000000000118e-01 -7.324150000000000205e+01
2.330000000000000127e-01 -7.341880000000000450e+01
2.340000000000000135e-01 -7.359699999999999420e+01
2.349999999999999867e-01 -7.377620000000000289e+01
2.359999999999999876e-01 -7.395629999999999882e+01
2.369999999999999885e-01 -7.413729999999999620e+01
2.379999999999999893e-01 -7.431919999999999504e+01
2.389999999999999902e-01 -7.450180000000000291e+01
2.399999999999999911e-01 -7.468519999999999470e+01
2.409999999999999920e-01 -7.486929999999999552e+01
2.419999999999999929e-01 -7.505400000000000205e+01
2.429999999999999938e-01 -7.523940000000000339e+01
2.439999999999999947e-01 -7.542529999999999291e+01
2.449999999999999956e-01 -7.561159999999999570e+01
2.459999999999999964e-01 -7.579840000000000089e+01
2.469999999999999973e-01 -7.598560000000000514e+01
2.479999999999999982e-01 -7.617310000000000514e+01
2.489999999999999991e-01 -7.636079999999999757e+01
2.500000000000000000e-01 -7.654869999999999663e+01
2.510000000000000009e-01 -7.673669999999999902e+01
2.520000000000000018e-01 -7.692480000000000473e+01
2.530000000000000027e-01 -7.711289999999999623e+01
2.540000000000000036e-01 -7.730089999999999861e+01
2.550000000000000044e-01 -7.748890000000000100e+01
2.560000000000000053e-01 -7.767659999999999343e+01
2.570000000000000062e-01 -7.786400000000000432e+01
2.580000000000000071e-01 -7.805119999999999436e+01
2.590000000000000080e-01 -7.823799999999999955e+01
2.600000000000000089e-01 -7.842440000000000566e+01
2.610000000000000098e-01 -7.861020000000000607e+01
2.620000000000000107e-01 -7.879550000000000409e+01
2.630000000000000115e-01 -7.898019999999999641e+01
2.640000000000000124e-01 -7.916429999999999723e+01
2.650000000000000133e-01 -7.934759999999999991e+01
2.660000000000000142e-01 -7.953010000000000446e+01
2.670000000000000151e-01 -7.971179999999999666e+01
2.680000000000000160e-01 -7.989249999999999829e+01
2.690000000000000169e-01 -8.007229999999999848e+01
2.700000000000000178e-01 -8.025119999999999720e+01
2.710000000000000187e-01 -8.042889999999999873e+01
2.720000000000000195e-01 -8.060559999999999548e+01
2.730000000000000204e-01 -8.078109999999999502e+01
2.740000000000000213e-01 -8.095529999999999404e+01
2.750000000000000222e-01 -8.112839999999999918e+01
2.760000000000000231e-01 -8.130010000000000048e+01
2.770000000000000240e-01 -8.147050000000000125e+01
2.780000000000000249e-01 -8.163960000000000150e+01
2.790000000000000258e-01 -8.180719999999999459e+01
2.800000000000000266e-01 -8.197329999999999472e+01
2.810000000000000275e-01 -8.213800000000000523e+01
2.819999999999999729e-01 -8.230110000000000525e+01
2.829999999999999738e-01 -8.246259999999999479e+01
2.839999999999999747e-01 -8.262260000000000559e+01
2.849999999999999756e-01 -8.278100000000000591e+01
2.859999999999999765e-01 -8.293760000000000332e+01
2.869999999999999774e-01 -8.309269999999999357e+01
2.879999999999999782e-01 -8.324599999999999511e+01
2.889999999999999791e-01 -8.339759999999999707e+01
2.899999999999999800e-01 -8.354749999999999943e+01
2.909999999999999809e-01 -8.369559999999999889e+01
2.919999999999999818e-01 -8.384189999999999543e+01
2.929999999999999827e-01 -8.398640000000000327e+01
2.939999999999999836e-01 -8.412919999999999732e+01
2.949999999999999845e-01 -8.427009999999999934e+01
2.959999999999999853e-01 -8.440930000000000177e+01
2.969999999999999862e-01 -8.454659999999999798e+01
2.979999999999999871e-01 -8.468200000000000216e+01
2.989999999999999880e-01 -8.481570000000000675e+01
2.999999999999999889e-01 -8.494750000000000512e+01
3.009999999999999898e-01 -8.507750000000000057e+01
3.019999999999999907e-01 -8.520569999999999311e+01
3.029999999999999916e-01 -8.533209999999999695e+01
3.039999999999999925e-01 -8.545659999999999457e+01
3.049999999999999933e-01 -8.557940000000000680e+01
3.059999999999999942e-01 -8.570029999999999859e+01
3.069999999999999951e-01 -8.581950000000000500e+01
3.079999999999999960e-01 -8.593689999999999429e+01
3.089999999999999969e-01 -8.605259999999999820e+01
3.099999999999999978e-01 -8.616660000000000252e+01
3.109999999999999987e-01 -8.627880000000000393e+01
3.119999999999999996e-01 -8.638930000000000575e+01
3.130000000000000004e-01 -8.649819999999999709e+01
3.140000000000000013e-01 -8.660540000000000305e+01
3.150000000000000022e-01 -8.671099999999999852e+01
3.160000000000000031e-01 -8.681499999999999773e+01
3.170000000000000040e-01 -8.691750000000000398e+01
3.180000000000000049e-01 -8.701839999999999975e+01
3.190000000000000058e-01 -8.711769999999999925e+01
3.200000000000000067e-01 -8.721559999999999491e+01
3.210000000000000075e-01 -8.731210000000000093e+01
3.220000000000000084e-01 -8.740709999999999980e+01
3.230000000000000093e-01 -8.750069999999999482e+01
3.240000000000000102e-01 -8.759300000000000352e+01
3.250000000000000111e-01 -8.768389999999999418e+01
3.260000000000000120e-01 -8.777360000000000184e+01
3.270000000000000129e-01 -8.786199999999999477e+01
3.280000000000000138e-01 -8.794920000000000471e+01
3.290000000000000147e-01 -8.803530000000000655e+01
3.300000000000000155e-01 -8.812009999999999366e+01
3.310000000000000164e-01 -8.820390000000000441e+01
3.320000000000000173e-01 -8.828669999999999618e+01
3.330000000000000182e-01 -8.836839999999999407e+01
3.340000000000000191e-01 -8.844910000000000139e+01
3.350000000000000200e-01 -8.852889999999999304e+01
3.360000000000000209e-01 -8.860779999999999745e+01
3.370000000000000218e-01 -8.868580000000000041e+01
3.380000000000000226e-01 -8.876300000000000523e+01
3.390000000000000235e-01 -8.883939999999999770e+01
3.400000000000000244e-01 -8.891509999999999536e+01
3.410000000000000253e-01 -8.899009999999999820e+01
3.420000000000000262e-01 -8.906449999999999534e+01
3.430000000000000271e-01 -8.913819999999999766e+01
3.439999999999999725e-01 -8.921129999999999427e+01
3.449999999999999734e-01 -8.928390000000000271e+01
3.459999999999999742e-01 -8.935609999999999786e+01
3.469999999999999751e-01 -8.942770000000000152e+01
3.479999999999999760e-01 -8.949899999999999523e+01
3.489999999999999769e-01 -8.956990000000000407e+01
3.499999999999999778e-01 -8.964039999999999964e+01
3.509999999999999787e-01 -8.971070000000000277e+01
3.519999999999999796e-01 -8.978069999999999595e+01
3.529999999999999805e-01 -8.985049999999999670e+01
3.539999999999999813e-01 -8.992010000000000502e+01
3.549999999999999822e-01 -8.998959999999999582e+01
3.559999999999999831e-01 8.994100000000000250e+01
3.569999999999999840e-01 8.987170000000000414e+01
3.579999999999999849e-01 8.980240000000000578e+01
3.589999999999999858e-01 8.973309999999999320e+01
3.599999999999999867e-01 8.966379999999999484e+01
3.609999999999999876e-01 8.959439999999999316e+01
3.619999999999999885e-01 8.952500000000000568e+01
3.629999999999999893e-01 8.945529999999999404e+01
3.639999999999999902e-01 8.938559999999999661e+01
3.649999999999999911e-01 8.931560000000000343e+01
3.659999999999999920e-01 8.924540000000000362e+01
3.669999999999999929e-01 8.917499999999999716e+01
3.679999999999999938e-01 8.910429999999999495e+01
3.689999999999999947e-01 8.903340000000000032e+01
3.699999999999999956e-01 8.896210000000000662e+01
3.709999999999999964e-01 8.889050000000000296e+01
3.719999999999999973e-01 8.881850000000000023e+01
3.729999999999999982e-01 8.874620000000000175e+01
3.739999999999999991e-01 8.867340000000000089e+01
3.750000000000000000e-01 8.860030000000000427e+01
3.760000000000000009e-01 8.852679999999999438e+01
3.770000000000000018e-01 8.845279999999999632e+01
3.780000000000000027e-01 8.837839999999999918e+01
3.790000000000000036e-01 8.830349999999999966e+01
3.800000000000000044e-01 8.822820000000000107e+01
3.810000000000000053e-01 8.815240000000000009e+01
3.820000000000000062e-01 8.807620000000000005e+01
3.830000000000000071e-01 8.799949999999999761e+01
3.840000000000000080e-01 8.792230000000000700e+01
3.850000000000000089e-01 8.784459999999999980e+01
3.860000000000000098e-01 8.776649999999999352e+01
3.870000000000000107e-01 8.768779999999999575e+01
3.880000000000000115e-01 8.760880000000000223e+01
3.890000000000000124e-01 8.752920000000000300e+01
3.900000000000000133e-01 8.744920000000000471e+01
3.910000000000000142e-01 8.736870000000000402e+01
3.920000000000000151e-01 8.728789999999999338e+01
3.930000000000000160e-01 8.720650000000000546e+01
3.940000000000000169e-01 8.712479999999999336e+01
3.950000000000000178e-01 8.704259999999999309e+01
3.960000000000000187e-01 8.696009999999999707e+01
3.970000000000000195e-01 8.687709999999999866e+01
3.980000000000000204e-01 8.679380000000000450e+01
3.990000000000000213e-01 8.671020000000000039e+01
4.000000000000000222e-01 8.662619999999999720e+01
