4.349999999999999978e-01 9.991170000000000329e-01
4.369999999999999996e-01 9.915540000000000465e-01
4.390000000000000013e-01 9.921860000000000124e-01
4.410000000000000031e-01 9.942389999999999839e-01
4.430000000000000049e-01 9.948059999999999681e-01
4.450000000000000067e-01 9.940649999999999764e-01
4.470000000000000084e-01 9.928559999999999608e-01
4.490000000000000102e-01 9.917789999999999662e-01
4.510000000000000120e-01 9.911039999999999850e-01
4.530000000000000138e-01 9.908679999999999710e-01
4.550000000000000155e-01 9.909909999999999553e-01
4.570000000000000173e-01 9.913450000000000317e-01
4.590000000000000191e-01 9.918080000000000229e-01
4.610000000000000209e-01 9.922840000000000549e-01
4.630000000000000226e-01 9.927070000000000061e-01
4.650000000000000244e-01 9.930409999999999515e-01
4.670000000000000262e-01 9.932710000000000150e-01
4.689999999999999725e-01 9.933999999999999497e-01
4.709999999999999742e-01 9.934380000000000432e-01
4.729999999999999760e-01 9.934020000000000072e-01
4.749999999999999778e-01 9.933100000000000263e-01
4.769999999999999796e-01 9.931830000000000380e-01
4.789999999999999813e-01 9.930360000000000298e-01
4.809999999999999831e-01 9.928829999999999600e-01
4.829999999999999849e-01 9.927369999999999806e-01
4.849999999999999867e-01 9.926049999999999596e-01
4.869999999999999885e-01 9.924920000000000408e-01
4.889999999999999902e-01 9.924030000000000351e-01
4.909999999999999920e-01 9.923359999999999959e-01
4.929999999999999938e-01 9.922929999999999806e-01
4.949999999999999956e-01 9.922699999999999854e-01
4.969999999999999973e-01 9.922649999999999526e-01
4.989999999999999991e-01 9.922750000000000181e-01
5.010000000000000009e-01 9.922969999999999846e-01
5.030000000000000027e-01 9.923260000000000414e-01
5.050000000000000044e-01 9.923600000000000199e-01
5.070000000000000062e-01 9.923959999999999448e-01
5.090000000000000080e-01 9.924300000000000344e-01
5.110000000000000098e-01 9.924610000000000376e-01
5.130000000000000115e-01 9.924849999999999506e-01
5.150000000000000133e-01 9.925019999999999953e-01
5.170000000000000151e-01 9.925089999999999746e-01
5.190000000000000169e-01 9.925070000000000281e-01
5.210000000000000187e-01 9.924939999999999873e-01
5.230000000000000204e-01 9.924709999999999921e-01
5.250000000000000222e-01 9.924359999999999848e-01
5.270000000000000240e-01 9.923910000000000231e-01
5.290000000000000258e-01 9.923349999999999671e-01
5.310000000000000275e-01 9.922689999999999566e-01
5.330000000000000293e-01 9.921929999999999916e-01
5.350000000000000311e-01 9.921090000000000186e-01
5.370000000000000329e-01 9.920160000000000089e-01
5.390000000000000346e-01 9.919170000000000487e-01
5.410000000000000364e-01 9.918099999999999694e-01
5.430000000000000382e-01 9.916970000000000507e-01
5.450000000000000400e-01 9.915779999999999594e-01
5.470000000000000417e-01 9.914549999999999752e-01
5.490000000000000435e-01 9.913269999999999582e-01
5.510000000000000453e-01 9.911950000000000482e-01
5.530000000000000471e-01 9.910600000000000520e-01
5.550000000000000488e-01 9.909210000000000518e-01
5.570000000000000506e-01 9.907799999999999940e-01
5.590000000000000524e-01 9.906359999999999610e-01
5.610000000000000542e-01 9.904899999999999816e-01
5.629999999999999449e-01 9.903419999999999446e-01
5.649999999999999467e-01 9.901919999999999611e-01
5.669999999999999485e-01 9.900400000000000311e-01
5.689999999999999503e-01 9.898860000000000436e-01
5.709999999999999520e-01 9.897310000000000274e-01
5.729999999999999538e-01 9.895739999999999537e-01
5.749999999999999556e-01 9.894150000000000444e-01
5.769999999999999574e-01 9.892539999999999667e-01
5.789999999999999591e-01 9.890919999999999712e-01
5.809999999999999609e-01 9.889280000000000292e-01
5.829999999999999627e-01 9.887620000000000298e-01
5.849999999999999645e-01 9.885939999999999728e-01
5.869999999999999662e-01 9.884239999999999693e-01
5.889999999999999680e-01 9.882520000000000193e-01
5.909999999999999698e-01 9.880780000000000118e-01
5.929999999999999716e-01 9.879019999999999468e-01
5.949999999999999734e-01 9.877230000000000176e-01
5.969999999999999751e-01 9.875420000000000309e-01
5.989999999999999769e-01 9.873589999999999867e-01
6.009999999999999787e-01 9.871729999999999672e-01
6.029999999999999805e-01 9.869850000000000012e-01
6.049999999999999822e-01 9.867939999999999490e-01
6.069999999999999840e-01 9.866000000000000325e-01
6.089999999999999858e-01 9.864049999999999763e-01
6.109999999999999876e-01 9.862060000000000271e-01
6.129999999999999893e-01 9.860050000000000203e-01
6.149999999999999911e-01 9.858019999999999561e-01
6.169999999999999929e-01 9.855960000000000276e-01
6.189999999999999947e-01 9.853880000000000416e-01
6.209999999999999964e-01 9.851769999999999694e-01
6.229999999999999982e-01 9.849630000000000329e-01
6.250000000000000000e-01 9.847479999999999567e-01
6.270000000000000018e-01 9.845300000000000162e-01
6.290000000000000036e-01 9.843089999999999895e-01
6.310000000000000053e-01 9.840870000000000450e-01
6.330000000000000071e-01 9.838630000000000431e-01
6.350000000000000089e-01 9.836359999999999548e-01
6.370000000000000107e-01 9.834079999999999488e-01
6.390000000000000124e-01 9.831769999999999676e-01
6.410000000000000142e-01 9.829449999999999577e-01
6.430000000000000160e-01 9.827110000000000012e-01
6.450000000000000178e-01 9.824760000000000160e-01
6.470000000000000195e-01 9.822389999999999732e-01
6.490000000000000213e-01 9.820010000000000128e-01
6.510000000000000231e-01 9.817620000000000235e-01
6.530000000000000249e-01 9.815220000000000056e-01
6.550000000000000266e-01 9.812800000000000411e-01
6.570000000000000284e-01 9.810379999999999656e-01
6.590000000000000302e-01 9.807949999999999724e-01
6.610000000000000320e-01 9.805509999999999504e-01
6.630000000000000338e-01 9.803070000000000395e-01
6.650000000000000355e-01 9.800619999999999887e-01
6.670000000000000373e-01 9.798170000000000490e-01
6.690000000000000391e-01 9.795719999999999983e-01
6.710000000000000409e-01 9.793269999999999476e-01
6.730000000000000426e-01 9.790820000000000078e-01
6.750000000000000444e-01 9.788369999999999571e-01
6.770000000000000462e-01 9.785930000000000462e-01
6.790000000000000480e-01 9.783490000000000242e-01
6.810000000000000497e-01 9.781050000000000022e-01
6.830000000000000515e-01 9.778620000000000090e-01
6.850000000000000533e-01 9.776200000000000445e-01
6.870000000000000551e-01 9.773789999999999978e-01
6.889999999999999458e-01 9.771400000000000086e-01
6.909999999999999476e-01 9.769010000000000193e-01
6.929999999999999494e-01 9.766629999999999479e-01
6.949999999999999512e-01 9.764270000000000449e-01
6.969999999999999529e-01 9.761919999999999487e-01
6.989999999999999547e-01 9.759590000000000209e-01
7.009999999999999565e-01 9.757280000000000397e-01
7.029999999999999583e-01 9.754979999999999762e-01
7.049999999999999600e-01 9.752699999999999703e-01
7.069999999999999618e-01 9.750450000000000506e-01
7.089999999999999636e-01 9.748210000000000486e-01
7.109999999999999654e-01 9.746000000000000218e-01
7.129999999999999671e-01 9.743800000000000239e-01
7.149999999999999689e-01 9.741630000000000011e-01
7.169999999999999707e-01 9.739489999999999537e-01
7.189999999999999725e-01 9.737369999999999637e-01
7.209999999999999742e-01 9.735270000000000312e-01
7.229999999999999760e-01 9.733199999999999630e-01
7.249999999999999778e-01 9.731159999999999810e-01
7.269999999999999796e-01 9.729139999999999455e-01
7.289999999999999813e-01 9.727160000000000251e-01
7.309999999999999831e-01 9.725200000000000511e-01
7.329999999999999849e-01 9.723270000000000524e-01
7.349999999999999867e-01 9.721370000000000289e-01
7.369999999999999885e-01 9.719499999999999806e-01
7.389999999999999902e-01 9.717660000000000187e-01
7.409999999999999920e-01 9.715850000000000319e-01
7.429999999999999938e-01 9.714080000000000492e-01
7.449999999999999956e-01 9.712330000000000130e-01
7.469999999999999973e-01 9.710619999999999807e-01
7.489999999999999991e-01 9.708940000000000348e-01
7.510000000000000009e-01 9.707289999999999530e-01
7.530000000000000027e-01 9.705669999999999575e-01
7.550000000000000044e-01 9.704080000000000483e-01
7.570000000000000062e-01 9.702530000000000321e-01
7.590000000000000080e-01 9.701009999999999911e-01
7.610000000000000098e-01 9.699520000000000364e-01
7.630000000000000115e-01 9.698069999999999746e-01
7.650000000000000133e-01 9.696649999999999991e-01
7.670000000000000151e-01 9.695259999999999989e-01
7.690000000000000169e-01 9.693899999999999739e-01
7.710000000000000187e-01 9.692579999999999529e-01
7.730000000000000204e-01 9.691279999999999895e-01
7.750000000000000222e-01 9.690020000000000300e-01
7.770000000000000240e-01 9.688799999999999635e-01
7.790000000000000258e-01 9.687599999999999545e-01
7.810000000000000275e-01 9.686430000000000318e-01
7.830000000000000293e-01 9.685300000000000020e-01
7.850000000000000311e-01 9.684190000000000298e-01
7.870000000000000329e-01 9.683119999999999505e-01
7.890000000000000346e-01 9.682070000000000398e-01
7.910000000000000364e-01 9.681060000000000221e-01
7.930000000000000382e-01 9.680069999999999508e-01
7.950000000000000400e-01 9.679119999999999946e-01
7.970000000000000417e-01 9.678189999999999849e-01
7.990000000000000435e-01 9.677289999999999504e-01
8.010000000000000453e-01 9.676409999999999734e-01
8.030000000000000471e-01 9.675570000000000004e-01
8.050000000000000488e-01 9.674739999999999451e-01
8.070000000000000506e-01 9.673950000000000049e-01
8.090000000000000524e-01 9.673180000000000112e-01
8.110000000000000542e-01 9.672429999999999639e-01
8.129999999999999449e-01 9.671710000000000029e-01
8.149999999999999467e-01 9.671009999999999884e-01
8.169999999999999485e-01 9.670330000000000314e-01
8.189999999999999503e-01 9.669670000000000210e-01
8.209999999999999520e-01 9.669039999999999857e-01
8.229999999999999538e-01 9.668430000000000080e-01
8.249999999999999556e-01 9.667829999999999480e-01
8.269999999999999574e-01 9.667249999999999455e-01
8.289999999999999591e-01 9.666700000000000292e-01
8.309999999999999609e-01 9.666160000000000307e-01
8.329999999999999627e-01 9.665629999999999500e-01
8.349999999999999645e-01 9.665120000000000378e-01
8.369999999999999662e-01 9.664629999999999610e-01
8.389999999999999680e-01 9.664150000000000240e-01
8.409999999999999698e-01 9.663690000000000335e-01
8.429999999999999716e-01 9.663239999999999608e-01
8.449999999999999734e-01 9.662800000000000278e-01
8.469999999999999751e-01 9.662370000000000125e-01
8.489999999999999769e-01 9.661950000000000260e-01
8.509999999999999787e-01 9.661539999999999573e-01
8.529999999999999805e-01 9.661140000000000283e-01
8.549999999999999822e-01 9.660750000000000171e-01
8.569999999999999840e-01 9.660360000000000058e-01
8.589999999999999858e-01 9.659990000000000521e-01
8.609999999999999876e-01 9.659609999999999586e-01
8.629999999999999893e-01 9.659250000000000336e-01
8.649999999999999911e-01 9.658879999999999688e-01
8.669999999999999929e-01 9.658520000000000438e-01
8.689999999999999947e-01 9.658160000000000078e-01
8.709999999999999964e-01 9.657810000000000006e-01
8.729999999999999982e-01 9.657449999999999646e-01
8.750000000000000000e-01 9.657090000000000396e-01
8.770000000000000018e-01 9.656740000000000324e-01
8.790000000000000036e-01 9.656379999999999963e-01
8.810000000000000053e-01 9.656019999999999603e-01
8.830000000000000071e-01 9.655650000000000066e-01
8.850000000000000089e-01 9.655280000000000529e-01
8.870000000000000107e-01 9.654909999999999881e-01
8.890000000000000124e-01 9.654530000000000056e-01
8.910000000000000142e-01 9.654139999999999944e-01
8.930000000000000160e-01 9.653749999999999831e-01
8.950000000000000178e-01 9.653350000000000541e-01
8.970000000000000195e-01 9.652939999999999854e-01
8.990000000000000213e-01 9.652519999999999989e-01
9.010000000000000231e-01 9.652089999999999836e-01
9.030000000000000249e-01 9.651650000000000507e-01
9.050000000000000266e-01 9.651199999999999779e-01
9.070000000000000284e-01 9.650739999999999874e-01
9.090000000000000302e-01 9.650260000000000504e-01
9.110000000000000320e-01 9.649769999999999737e-01
9.130000000000000338e-01 9.649259999999999504e-01
9.150000000000000355e-01 9.648740000000000094e-01
9.170000000000000373e-01 9.648200000000000109e-01
9.190000000000000391e-01 9.647649999999999837e-01
9.210000000000000409e-01 9.647080000000000100e-01
9.230000000000000426e-01 9.646489999999999787e-01
9.250000000000000444e-01 9.645880000000000010e-01
9.270000000000000462e-01 9.645259999999999945e-01
9.290000000000000480e-01 9.644610000000000127e-01
9.310000000000000497e-01 9.643939999999999735e-01
9.330000000000000515e-01 9.643249999999999877e-01
9.350000000000000533e-01 9.642539999999999445e-01
9.370000000000000551e-01 9.641809999999999548e-01
9.389999999999999458e-01 9.641060000000000185e-01
9.409999999999999476e-01 9.640279999999999960e-01
9.429999999999999494e-01 9.639480000000000270e-01
9.449999999999999512e-01 9.638649999999999718e-01
9.469999999999999529e-01 9.637799999999999701e-01
9.489999999999999547e-01 9.636919999999999931e-01
9.509999999999999565e-01 9.636010000000000408e-01
9.529999999999999583e-01 9.635080000000000311e-01
9.549999999999999600e-01 9.634120000000000461e-01
9.569999999999999618e-01 9.633140000000000036e-01
9.589999999999999636e-01 9.632119999999999571e-01
9.609999999999999654e-01 9.631079999999999641e-01
9.629999999999999671e-01 9.630009999999999959e-01
9.649999999999999689e-01 9.628910000000000524e-01
9.669999999999999707e-01 9.627769999999999939e-01
9.689999999999999725e-01 9.626609999999999889e-01
9.709999999999999742e-01 9.625420000000000087e-01
9.729999999999999760e-01 9.624190000000000245e-01
9.749999999999999778e-01 9.622939999999999827e-01
9.769999999999999796e-01 9.621650000000000480e-01
9.789999999999999813e-01 9.620330000000000270e-01
9.809999999999999831e-01 9.618970000000000020e-01
9.829999999999999849e-01 9.617590000000000305e-01
9.849999999999999867e-01 9.616170000000000551e-01
9.869999999999999885e-01 9.614709999999999646e-01
9.889999999999999902e-01 9.613220000000000098e-01
9.909999999999999920e-01 9.611699999999999688e-01
9.929999999999999938e-01 9.610140000000000349e-01
9.949999999999999956e-01 9.608539999999999859e-01
9.969999999999999973e-01 9.606909999999999616e-01
9.989999999999999991e-01 9.605249999999999622e-01
1.000999999999999890e+00 9.603549999999999587e-01
1.002999999999999892e+00 9.601809999999999512e-01
1.004999999999999893e+00 9.600039999999999685e-01
1.006999999999999895e+00 9.598219999999999530e-01
1.008999999999999897e+00 9.596379999999999910e-01
1.010999999999999899e+00 9.594489999999999963e-01
1.012999999999999901e+00 9.592570000000000263e-01
1.014999999999999902e+00 9.590610000000000523e-01
1.016999999999999904e+00 9.588609999999999634e-01
1.018999999999999906e+00 9.586569999999999814e-01
1.020999999999999908e+00 9.584500000000000242e-01
1.022999999999999909e+00 9.582380000000000342e-01
1.024999999999999911e+00 9.580229999999999579e-01
1.026999999999999913e+00 9.578039999999999887e-01
1.028999999999999915e+00 9.575810000000000155e-01
1.030999999999999917e+00 9.573549999999999560e-01
1.032999999999999918e+00 9.571239999999999748e-01
1.034999999999999920e+00 9.568889999999999896e-01
1.036999999999999922e+00 9.566510000000000291e-01
1.038999999999999924e+00 9.564089999999999536e-01
1.040999999999999925e+00 9.561619999999999564e-01
1.042999999999999927e+00 9.559119999999999839e-01
1.044999999999999929e+00 9.556580000000000075e-01
1.046999999999999931e+00 9.554000000000000270e-01
1.048999999999999932e+00 9.551380000000000425e-01
1.050999999999999934e+00 9.548720000000000541e-01
1.052999999999999936e+00 9.546019999999999506e-01
1.054999999999999938e+00 9.543279999999999541e-01
1.056999999999999940e+00 9.540499999999999536e-01
1.058999999999999941e+00 9.537679999999999492e-01
1.060999999999999943e+00 9.534829999999999695e-01
1.062999999999999945e+00 9.531929999999999570e-01
1.064999999999999947e+00 9.528990000000000515e-01
1.066999999999999948e+00 9.526019999999999488e-01
1.068999999999999950e+00 9.523009999999999531e-01
1.070999999999999952e+00 9.519950000000000356e-01
1.072999999999999954e+00 9.516860000000000319e-01
1.074999999999999956e+00 9.513730000000000242e-01
1.076999999999999957e+00 9.510560000000000125e-01
1.078999999999999959e+00 9.507349999999999968e-01
1.080999999999999961e+00 9.504110000000000058e-01
1.082999999999999963e+00 9.500819999999999821e-01
1.084999999999999964e+00 9.497499999999999831e-01
1.086999999999999966e+00 9.494139999999999802e-01
1.088999999999999968e+00 9.490739999999999732e-01
1.090999999999999970e+00 9.487299999999999622e-01
1.092999999999999972e+00 9.483829999999999760e-01
1.094999999999999973e+00 9.480309999999999571e-01
1.096999999999999975e+00 9.476769999999999916e-01
1.098999999999999977e+00 9.473179999999999934e-01
1.100999999999999979e+00 9.469560000000000199e-01
1.102999999999999980e+00 9.465900000000000425e-01
1.104999999999999982e+00 9.462199999999999500e-01
1.106999999999999984e+00 9.458469999999999933e-01
1.108999999999999986e+00 9.454700000000000326e-01
1.110999999999999988e+00 9.450889999999999569e-01
1.112999999999999989e+00 9.447050000000000169e-01
1.114999999999999991e+00 9.443179999999999907e-01
1.116999999999999993e+00 9.439269999999999605e-01
1.118999999999999995e+00 9.435320000000000373e-01
1.120999999999999996e+00 9.431340000000000279e-01
1.122999999999999998e+00 9.427320000000000144e-01
1.125000000000000000e+00 9.423280000000000545e-01
1.127000000000000002e+00 9.419189999999999507e-01
1.129000000000000004e+00 9.415080000000000116e-01
1.131000000000000005e+00 9.410929999999999573e-01
1.133000000000000007e+00 9.406740000000000101e-01
1.135000000000000009e+00 9.402530000000000054e-01
1.137000000000000011e+00 9.398279999999999967e-01
1.139000000000000012e+00 9.394000000000000128e-01
1.141000000000000014e+00 9.389690000000000536e-01
1.143000000000000016e+00 9.385339999999999794e-01
1.145000000000000018e+00 9.380969999999999587e-01
1.147000000000000020e+00 9.376560000000000450e-01
1.149000000000000021e+00 9.372129999999999628e-01
1.151000000000000023e+00 9.367659999999999876e-01
1.153000000000000025e+00 9.363160000000000371e-01
1.155000000000000027e+00 9.358640000000000292e-01
1.157000000000000028e+00 9.354080000000000172e-01
1.159000000000000030e+00 9.349490000000000300e-01
1.161000000000000032e+00 9.344879999999999853e-01
1.163000000000000034e+00 9.340239999999999654e-01
1.165000000000000036e+00 9.335560000000000525e-01
1.167000000000000037e+00 9.330859999999999710e-01
1.169000000000000039e+00 9.326140000000000541e-01
1.171000000000000041e+00 9.321380000000000221e-01
1.173000000000000043e+00 9.316600000000000437e-01
1.175000000000000044e+00 9.311789999999999790e-01
1.177000000000000046e+00 9.306959999999999678e-01
1.179000000000000048e+00 9.302099999999999813e-01
1.181000000000000050e+00 9.297210000000000196e-01
1.183000000000000052e+00 9.292300000000000004e-01
1.185000000000000053e+00 9.287360000000000060e-01
1.187000000000000055e+00 9.282399999999999540e-01
1.189000000000000057e+00 9.277410000000000379e-01
1.191000000000000059e+00 9.272399999999999531e-01
1.193000000000000060e+00 9.267360000000000042e-01
1.195000000000000062e+00 9.262299999999999978e-01
1.197000000000000064e+00 9.257220000000000448e-01
1.199000000000000066e+00 9.252110000000000056e-01
1.201000000000000068e+00 9.246980000000000199e-01
1.203000000000000069e+00 9.241829999999999767e-01
1.205000000000000071e+00 9.236659999999999870e-01
1.207000000000000073e+00 9.231460000000000221e-01
1.209000000000000075e+00 9.226239999999999997e-01
1.211000000000000076e+00 9.221000000000000307e-01
1.213000000000000078e+00 9.215740000000000043e-01
1.215000000000000080e+00 9.210460000000000313e-01
1.217000000000000082e+00 9.205160000000000009e-01
1.219000000000000083e+00 9.199840000000000240e-01
1.221000000000000085e+00 9.194489999999999608e-01
1.223000000000000087e+00 9.189129999999999798e-01
1.225000000000000089e+00 9.183740000000000236e-01
1.227000000000000091e+00 9.178340000000000387e-01
1.229000000000000092e+00 9.172919999999999963e-01
1.231000000000000094e+00 9.167480000000000073e-01
1.233000000000000096e+00 9.162010000000000431e-01
1.235000000000000098e+00 9.156530000000000502e-01
1.237000000000000099e+00 9.151040000000000285e-01
1.239000000000000101e+00 9.145520000000000316e-01
1.241000000000000103e+00 9.139979999999999771e-01
1.243000000000000105e+00 9.134430000000000049e-01
1.245000000000000107e+00 9.128859999999999753e-01
1.247000000000000108e+00 9.123269999999999991e-01
1.249000000000000110e+00 9.117659999999999654e-01
1.250999999999999890e+00 9.112040000000000139e-01
1.252999999999999892e+00 9.106400000000000050e-01
1.254999999999999893e+00 9.100740000000000496e-01
1.256999999999999895e+00 9.095060000000000366e-01
1.258999999999999897e+00 9.089369999999999949e-01
1.260999999999999899e+00 9.083660000000000068e-01
1.262999999999999901e+00 9.077939999999999898e-01
1.264999999999999902e+00 9.072200000000000264e-01
1.266999999999999904e+00 9.066440000000000055e-01
1.268999999999999906e+00 9.060660000000000380e-01
1.270999999999999908e+00 9.054870000000000418e-01
1.272999999999999909e+00 9.049059999999999881e-01
1.274999999999999911e+00 9.043240000000000167e-01
1.276999999999999913e+00 9.037399999999999878e-01
1.278999999999999915e+00 9.031550000000000411e-01
1.280999999999999917e+00 9.025680000000000369e-01
1.282999999999999918e+00 9.019789999999999752e-01
1.284999999999999920e+00 9.013889999999999958e-01
1.286999999999999922e+00 9.007969999999999589e-01
1.288999999999999924e+00 9.002040000000000042e-01
1.290999999999999925e+00 8.996089999999999920e-01
1.292999999999999927e+00 8.990120000000000333e-01
1.294999999999999929e+00 8.984140000000000459e-01
1.296999999999999931e+00 8.978140000000000009e-01
1.298999999999999932e+00 8.972130000000000383e-01
1.300999999999999934e+00 8.966100000000000181e-01
1.302999999999999936e+00 8.960059999999999691e-01
1.304999999999999938e+00 8.953999999999999737e-01
1.306999999999999940e+00 8.947929999999999495e-01
1.308999999999999941e+00 8.941839999999999788e-01
1.310999999999999943e+00 8.935729999999999507e-01
1.312999999999999945e+00 8.929610000000000047e-01
1.314999999999999947e+00 8.923470000000000013e-01
1.316999999999999948e+00 8.917310000000000514e-01
1.318999999999999950e+00 8.911139999999999617e-01
1.320999999999999952e+00 8.904959999999999543e-01
1.322999999999999954e+00 8.898749999999999716e-01
1.324999999999999956e+00 8.892529999999999601e-01
1.326999999999999957e+00 8.886300000000000310e-01
1.328999999999999959e+00 8.880050000000000443e-01
1.330999999999999961e+00 8.873780000000000001e-01
1.332999999999999963e+00 8.867490000000000094e-01
1.334999999999999964e+00 8.861189999999999900e-01
1.336999999999999966e+00 8.854870000000000241e-01
1.338999999999999968e+00 8.848530000000000006e-01
1.340999999999999970e+00 8.842179999999999485e-01
1.342999999999999972e+00 8.835809999999999498e-01
1.344999999999999973e+00 8.829420000000000046e-01
1.346999999999999975e+00 8.823010000000000019e-01
1.348999999999999977e+00 8.816589999999999705e-01
1.350999999999999979e+00 8.810149999999999926e-01
1.352999999999999980e+00 8.803689999999999571e-01
1.354999999999999982e+00 8.797209999999999752e-01
1.356999999999999984e+00 8.790710000000000468e-01
1.358999999999999986e+00 8.784199999999999786e-01
1.360999999999999988e+00 8.777660000000000462e-01
1.362999999999999989e+00 8.771109999999999740e-01
1.364999999999999991e+00 8.764539999999999553e-01
1.366999999999999993e+00 8.757939999999999614e-01
1.368999999999999995e+00 8.751330000000000497e-01
1.370999999999999996e+00 8.744699999999999696e-01
1.372999999999999998e+00 8.738050000000000539e-01
1.375000000000000000e+00 8.731379999999999697e-01
1.377000000000000002e+00 8.724690000000000500e-01
1.379000000000000004e+00 8.717970000000000441e-01
1.381000000000000005e+00 8.711240000000000094e-01
1.383000000000000007e+00 8.704490000000000283e-01
1.385000000000000009e+00 8.697709999999999608e-01
1.387000000000000011e+00 8.690909999999999469e-01
1.389000000000000012e+00 8.684089999999999865e-01
1.391000000000000014e+00 8.677249999999999686e-01
1.393000000000000016e+00 8.670390000000000041e-01
1.395000000000000018e+00 8.663509999999999822e-01
1.397000000000000020e+00 8.656599999999999850e-01
1.399000000000000021e+00 8.649670000000000414e-01
1.401000000000000023e+00 8.642710000000000115e-01
1.403000000000000025e+00 8.635739999999999528e-01
1.405000000000000027e+00 8.628740000000000299e-01
1.407000000000000028e+00 8.621710000000000207e-01
1.409000000000000030e+00 8.614659999999999540e-01
1.411000000000000032e+00 8.607590000000000519e-01
1.413000000000000034e+00 8.600489999999999524e-01
1.415000000000000036e+00 8.593370000000000175e-01
1.417000000000000037e+00 8.586230000000000251e-01
1.419000000000000039e+00 8.579050000000000287e-01
1.421000000000000041e+00 8.571860000000000035e-01
1.423000000000000043e+00 8.564629999999999743e-01
1.425000000000000044e+00 8.557379999999999987e-01
1.427000000000000046e+00 8.550109999999999655e-01
1.429000000000000048e+00 8.542800000000000393e-01
1.431000000000000050e+00 8.535479999999999734e-01
1.433000000000000052e+00 8.528120000000000145e-01
1.435000000000000053e+00 8.520739999999999981e-01
1.437000000000000055e+00 8.513330000000000064e-01
1.439000000000000057e+00 8.505890000000000395e-01
1.441000000000000059e+00 8.498419999999999863e-01
1.443000000000000060e+00 8.490929999999999866e-01
1.445000000000000062e+00 8.483399999999999830e-01
1.447000000000000064e+00 8.475850000000000328e-01
1.449000000000000066e+00 8.468269999999999964e-01
1.451000000000000068e+00 8.460659999999999847e-01
1.453000000000000069e+00 8.453030000000000266e-01
1.455000000000000071e+00 8.445359999999999534e-01
1.457000000000000073e+00 8.437660000000000160e-01
1.459000000000000075e+00 8.429929999999999923e-01
1.461000000000000076e+00 8.422169999999999934e-01
1.463000000000000078e+00 8.414380000000000193e-01
1.465000000000000080e+00 8.406569999999999876e-01
1.467000000000000082e+00 8.398719999999999519e-01
1.469000000000000083e+00 8.390830000000000233e-01
1.471000000000000085e+00 8.382920000000000371e-01
1.473000000000000087e+00 8.374979999999999647e-01
1.475000000000000089e+00 8.366999999999999993e-01
1.477000000000000091e+00 8.358989999999999476e-01
1.479000000000000092e+00 8.350950000000000317e-01
1.481000000000000094e+00 8.342880000000000296e-01
1.483000000000000096e+00 8.334780000000000522e-01
1.485000000000000098e+00 8.326639999999999597e-01
1.487000000000000099e+00 8.318470000000000031e-01
1.489000000000000101e+00 8.310269999999999602e-01
1.491000000000000103e+00 8.302030000000000243e-01
1.493000000000000105e+00 8.293760000000000021e-01
1.495000000000000107e+00 8.285449999999999759e-01
1.497000000000000108e+00 8.277120000000000033e-01
1.499000000000000110e+00 8.268750000000000266e-01
1.500999999999999890e+00 8.260340000000000460e-01
1.502999999999999892e+00 8.251899999999999791e-01
1.504999999999999893e+00 8.243430000000000479e-01
1.506999999999999895e+00 8.234920000000000018e-01
1.508999999999999897e+00 8.226369999999999516e-01
1.510999999999999899e+00 8.217790000000000372e-01
1.512999999999999901e+00 8.209180000000000366e-01
1.514999999999999902e+00 8.200530000000000319e-01
1.516999999999999904e+00 8.191850000000000520e-01
1.518999999999999906e+00 8.183129999999999571e-01
1.520999999999999908e+00 8.174369999999999692e-01
1.522999999999999909e+00 8.165580000000000060e-01
1.524999999999999911e+00 8.156759999999999566e-01
1.526999999999999913e+00 8.147900000000000142e-01
1.528999999999999915e+00 8.138999999999999568e-01
1.530999999999999917e+00 8.130060000000000064e-01
1.532999999999999918e+00 8.121089999999999698e-01
1.534999999999999920e+00 8.112089999999999579e-01
1.536999999999999922e+00 8.103040000000000243e-01
1.538999999999999924e+00 8.093960000000000043e-01
1.540999999999999925e+00 8.084850000000000092e-01
1.542999999999999927e+00 8.075689999999999813e-01
1.544999999999999929e+00 8.066499999999999782e-01
1.546999999999999931e+00 8.057279999999999998e-01
1.548999999999999932e+00 8.048009999999999886e-01
1.550999999999999934e+00 8.038710000000000022e-01
1.552999999999999936e+00 8.029380000000000406e-01
1.554999999999999938e+00 8.020000000000000462e-01
1.556999999999999940e+00 8.010589999999999655e-01
1.558999999999999941e+00 8.001139999999999919e-01
1.560999999999999943e+00 7.991660000000000430e-01
1.562999999999999945e+00 7.982139999999999791e-01
1.564999999999999947e+00 7.972580000000000222e-01
1.566999999999999948e+00 7.962979999999999503e-01
1.568999999999999950e+00 7.953339999999999854e-01
1.570999999999999952e+00 7.943670000000000453e-01
1.572999999999999954e+00 7.933959999999999901e-01
1.574999999999999956e+00 7.924219999999999597e-01
1.576999999999999957e+00 7.914430000000000076e-01
1.578999999999999959e+00 7.904609999999999692e-01
1.580999999999999961e+00 7.894759999999999556e-01
1.582999999999999963e+00 7.884860000000000202e-01
1.584999999999999964e+00 7.874929999999999986e-01
1.586999999999999966e+00 7.864959999999999729e-01
1.588999999999999968e+00 7.854950000000000543e-01
1.590999999999999970e+00 7.844910000000000494e-01
1.592999999999999972e+00 7.834820000000000118e-01
1.594999999999999973e+00 7.824699999999999989e-01
1.596999999999999975e+00 7.814550000000000107e-01
1.598999999999999977e+00 7.804349999999999898e-01
1.600999999999999979e+00 7.794119999999999937e-01
1.602999999999999980e+00 7.783860000000000223e-01
1.604999999999999982e+00 7.773550000000000182e-01
1.606999999999999984e+00 7.763210000000000388e-01
1.608999999999999986e+00 7.752830000000000554e-01
1.610999999999999988e+00 7.742419999999999858e-01
1.612999999999999989e+00 7.731970000000000232e-01
1.614999999999999991e+00 7.721479999999999455e-01
1.616999999999999993e+00 7.710949999999999749e-01
1.618999999999999995e+00 7.700390000000000290e-01
1.620999999999999996e+00 7.689789999999999681e-01
1.622999999999999998e+00 7.679160000000000430e-01
1.625000000000000000e+00 7.668490000000000029e-01
1.627000000000000002e+00 7.657779999999999587e-01
1.629000000000000004e+00 7.647040000000000504e-01
1.631000000000000005e+00 7.636260000000000270e-01
1.633000000000000007e+00 7.625439999999999996e-01
1.635000000000000009e+00 7.614589999999999970e-01
1.637000000000000011e+00 7.603710000000000191e-01
1.639000000000000012e+00 7.592790000000000372e-01
1.641000000000000014e+00 7.581830000000000513e-01
1.643000000000000016e+00 7.570839999999999792e-01
1.645000000000000018e+00 7.559810000000000141e-01
1.647000000000000020e+00 7.548749999999999627e-01
1.649000000000000021e+00 7.537650000000000183e-01
1.651000000000000023e+00 7.526519999999999877e-01
1.653000000000000025e+00 7.515349999999999531e-01
1.655000000000000027e+00 7.504150000000000542e-01
1.657000000000000028e+00 7.492919999999999581e-01
1.659000000000000030e+00 7.481649999999999689e-01
1.661000000000000032e+00 7.470339999999999758e-01
1.663000000000000034e+00 7.459010000000000362e-01
1.665000000000000036e+00 7.447639999999999816e-01
1.667000000000000037e+00 7.436239999999999517e-01
1.669000000000000039e+00 7.424800000000000288e-01
1.671000000000000041e+00 7.413330000000000197e-01
1.673000000000000043e+00 7.401830000000000354e-01
1.675000000000000044e+00 7.390299999999999647e-01
1.677000000000000046e+00 7.378730000000000011e-01
1.679000000000000048e+00 7.367129999999999512e-01
1.681000000000000050e+00 7.355500000000000371e-01
1.683000000000000052e+00 7.343840000000000368e-01
1.685000000000000053e+00 7.332149999999999501e-01
1.687000000000000055e+00 7.320419999999999705e-01
1.689000000000000057e+00 7.308670000000000444e-01
1.691000000000000059e+00 7.296880000000000033e-01
1.693000000000000060e+00 7.285070000000000157e-01
1.695000000000000062e+00 7.273230000000000528e-01
1.697000000000000064e+00 7.261349999999999749e-01
1.699000000000000066e+00 7.249449999999999505e-01
1.701000000000000068e+00 7.237519999999999509e-01
1.703000000000000069e+00 7.225549999999999473e-01
1.705000000000000071e+00 7.213559999999999972e-01
1.707000000000000073e+00 7.201549999999999896e-01
1.709000000000000075e+00 7.189499999999999780e-01
1.711000000000000076e+00 7.177430000000000199e-01
1.713000000000000078e+00 7.165329999999999755e-01
1.715000000000000080e+00 7.153199999999999559e-01
1.717000000000000082e+00 7.141049999999999898e-01
1.719000000000000083e+00 7.128870000000000484e-01
1.721000000000000085e+00 7.116670000000000496e-01
1.723000000000000087e+00 7.104439999999999644e-01
1.725000000000000089e+00 7.092190000000000438e-01
1.727000000000000091e+00 7.079910000000000370e-01
1.729000000000000092e+00 7.067609999999999726e-01
1.731000000000000094e+00 7.055289999999999617e-01
1.733000000000000096e+00 7.042939999999999756e-01
1.735000000000000098e+00 7.030579999999999607e-01
1.737000000000000099e+00 7.018189999999999706e-01
1.739000000000000101e+00 7.005770000000000053e-01
1.741000000000000103e+00 6.993340000000000112e-01
1.743000000000000105e+00 6.980889999999999596e-01
1.745000000000000107e+00 6.968419999999999614e-01
1.747000000000000108e+00 6.955930000000000168e-01
1.749000000000000110e+00 6.943420000000000147e-01
1.750999999999999890e+00 6.930889999999999551e-01
1.752999999999999892e+00 6.918349999999999778e-01
1.754999999999999893e+00 6.905790000000000539e-01
1.756999999999999895e+00 6.893209999999999615e-01
1.758999999999999897e+00 6.880619999999999514e-01
1.760999999999999899e+00 6.868009999999999948e-01
1.762999999999999901e+00 6.855390000000000095e-01
1.764999999999999902e+00 6.842749999999999666e-01
1.766999999999999904e+00 6.830110000000000348e-01
1.768999999999999906e+00 6.817450000000000454e-01
1.770999999999999908e+00 6.804780000000000273e-01
1.772999999999999909e+00 6.792099999999999804e-01
1.774999999999999911e+00 6.779410000000000158e-01
1.776999999999999913e+00 6.766710000000000225e-01
1.778999999999999915e+00 6.754000000000000004e-01
1.780999999999999917e+00 6.741289999999999782e-01
1.782999999999999918e+00 6.728570000000000384e-01
1.784999999999999920e+00 6.715839999999999588e-01
1.786999999999999922e+00 6.703109999999999902e-01
1.788999999999999924e+00 6.690380000000000216e-01
1.790999999999999925e+00 6.677640000000000242e-01
1.792999999999999927e+00 6.664900000000000269e-01
1.794999999999999929e+00 6.652160000000000295e-01
1.796999999999999931e+00 6.639420000000000321e-01
1.798999999999999932e+00 6.626689999999999525e-01
1.800999999999999934e+00 6.613949999999999552e-01
1.802999999999999936e+00 6.601219999999999866e-01
1.804999999999999938e+00 6.588490000000000180e-01
1.806999999999999940e+00 6.575769999999999671e-01
1.808999999999999941e+00 6.563059999999999450e-01
1.810999999999999943e+00 6.550350000000000339e-01
1.812999999999999945e+00 6.537650000000000405e-01
1.814999999999999947e+00 6.524959999999999649e-01
1.816999999999999948e+00 6.512289999999999468e-01
1.818999999999999950e+00 6.499620000000000397e-01
1.820999999999999952e+00 6.486969999999999681e-01
1.822999999999999954e+00 6.474339999999999540e-01
1.824999999999999956e+00 6.461719999999999686e-01
1.826999999999999957e+00 6.449120000000000408e-01
1.828999999999999959e+00 6.436539999999999484e-01
1.830999999999999961e+00 6.423969999999999958e-01
1.832999999999999963e+00 6.411430000000000184e-01
1.834999999999999964e+00 6.398920000000000163e-01
1.836999999999999966e+00 6.386429999999999607e-01
1.838999999999999968e+00 6.373959999999999626e-01
1.840999999999999970e+00 6.361520000000000508e-01
1.842999999999999972e+00 6.349110000000000031e-01
1.844999999999999973e+00 6.336739999999999595e-01
1.846999999999999975e+00 6.324389999999999734e-01
1.848999999999999977e+00 6.312079999999999913e-01
1.850999999999999979e+00 6.299799999999999844e-01
1.852999999999999980e+00 6.287559999999999816e-01
1.854999999999999982e+00 6.275359999999999827e-01
1.856999999999999984e+00 6.263199999999999878e-01
1.858999999999999986e+00 6.251079999999999970e-01
1.860999999999999988e+00 6.239010000000000389e-01
1.862999999999999989e+00 6.226979999999999738e-01
1.864999999999999991e+00 6.214990000000000236e-01
1.866999999999999993e+00 6.203060000000000240e-01
1.868999999999999995e+00 6.191179999999999461e-01
1.870999999999999996e+00 6.179339999999999833e-01
1.872999999999999998e+00 6.167569999999999997e-01
1.875000000000000000e+00 6.155850000000000488e-01
1.877000000000000002e+00 6.144190000000000484e-01
1.879000000000000004e+00 6.132579999999999698e-01
1.881000000000000005e+00 6.121039999999999814e-01
1.883000000000000007e+00 6.109569999999999723e-01
1.885000000000000009e+00 6.098149999999999959e-01
1.887000000000000011e+00 6.086810000000000276e-01
1.889000000000000012e+00 6.075530000000000097e-01
1.891000000000000014e+00 6.064329999999999998e-01
1.893000000000000016e+00 6.053199999999999692e-01
1.895000000000000018e+00 6.042149999999999466e-01
1.897000000000000020e+00 6.031170000000000142e-01
1.899000000000000021e+00 6.020269999999999788e-01
1.901000000000000023e+00 6.009449999999999514e-01
1.903000000000000025e+00 5.998719999999999608e-01
1.905000000000000027e+00 5.988069999999999782e-01
1.907000000000000028e+00 5.977510000000000323e-01
1.909000000000000030e+00 5.967040000000000122e-01
1.911000000000000032e+00 5.956660000000000288e-01
1.913000000000000034e+00 5.946379999999999999e-01
1.915000000000000036e+00 5.936190000000000078e-01
1.917000000000000037e+00 5.926090000000000524e-01
1.919000000000000039e+00 5.916099999999999692e-01
1.921000000000000041e+00 5.906209999999999516e-01
1.923000000000000043e+00 5.896419999999999995e-01
1.925000000000000044e+00 5.886740000000000306e-01
1.927000000000000046e+00 5.877170000000000449e-01
1.929000000000000048e+00 5.867710000000000425e-01
1.931000000000000050e+00 5.858360000000000234e-01
1.933000000000000052e+00 5.849119999999999875e-01
1.935000000000000053e+00 5.839999999999999636e-01
1.937000000000000055e+00 5.830999999999999517e-01
1.939000000000000057e+00 5.822110000000000340e-01
1.941000000000000059e+00 5.813350000000000461e-01
1.943000000000000060e+00 5.804719999999999880e-01
1.945000000000000062e+00 5.796210000000000528e-01
1.947000000000000064e+00 5.787820000000000187e-01
1.949000000000000066e+00 5.779570000000000540e-01
1.951000000000000068e+00 5.771450000000000191e-01
1.953000000000000069e+00 5.763460000000000250e-01
1.955000000000000071e+00 5.755609999999999893e-01
1.957000000000000073e+00 5.747889999999999944e-01
1.959000000000000075e+00 5.740319999999999867e-01
1.961000000000000076e+00 5.732880000000000198e-01
1.963000000000000078e+00 5.725590000000000401e-01
1.965000000000000080e+00 5.718440000000000190e-01
1.967000000000000082e+00 5.711439999999999850e-01
1.969000000000000083e+00 5.704580000000000206e-01
1.971000000000000085e+00 5.697879999999999612e-01
1.973000000000000087e+00 5.691319999999999713e-01
1.975000000000000089e+00 5.684919999999999973e-01
1.977000000000000091e+00 5.678670000000000107e-01
1.979000000000000092e+00 5.672580000000000400e-01
