1.000000000000000021e-02 1.000002000000000058e+00
1.700000000000000122e-02 1.000000000000000000e+00
2.400000000000000050e-02 1.000000999999999918e+00
3.099999999999999978e-02 1.000000999999999918e+00
3.799999999999999906e-02 1.000000000000000000e+00
4.499999999999999833e-02 1.000000000000000000e+00
5.199999999999999761e-02 1.000000999999999918e+00
5.899999999999999689e-02 1.000000999999999918e+00
6.600000000000000311e-02 1.000000999999999918e+00
7.299999999999999545e-02 1.000000999999999918e+00
8.000000000000000167e-02 1.000000000000000000e+00
8.699999999999999400e-02 1.000000000000000000e+00
9.400000000000000022e-02 1.000000000000000000e+00
1.010000000000000064e-01 1.000000000000000000e+00
1.079999999999999988e-01 1.000000000000000000e+00
1.150000000000000050e-01 1.000000999999999918e+00
1.219999999999999973e-01 1.000000999999999918e+00
1.290000000000000036e-01 1.000000999999999918e+00
1.360000000000000098e-01 1.000000999999999918e+00
1.429999999999999882e-01 1.000000999999999918e+00
1.499999999999999944e-01 1.000000000000000000e+00
1.570000000000000007e-01 1.000000000000000000e+00
1.640000000000000069e-01 1.000000000000000000e+00
1.710000000000000131e-01 1.000000000000000000e+00
1.779999999999999916e-01 1.000000000000000000e+00
1.849999999999999978e-01 1.000000000000000000e+00
1.920000000000000040e-01 1.000000000000000000e+00
1.990000000000000102e-01 1.000000000000000000e+00
2.059999999999999887e-01 1.000000000000000000e+00
2.129999999999999949e-01 1.000000000000000000e+00
2.200000000000000011e-01 1.000000000000000000e+00
2.270000000000000073e-01 1.000000000000000000e+00
2.340000000000000135e-01 1.000000000000000000e+00
2.409999999999999920e-01 1.000000000000000000e+00
2.479999999999999982e-01 1.000000000000000000e+00
2.550000000000000044e-01 1.000000000000000000e+00
2.620000000000000107e-01 1.000000000000000000e+00
2.690000000000000169e-01 1.000000000000000000e+00
2.760000000000000231e-01 1.000000000000000000e+00
2.829999999999999738e-01 1.000000000000000000e+00
2.899999999999999800e-01 1.000000000000000000e+00
2.969999999999999862e-01 1.000000000000000000e+00
3.039999999999999925e-01 1.000000000000000000e+00
3.109999999999999987e-01 1.000000000000000000e+00
3.180000000000000049e-01 1.000000000000000000e+00
3.250000000000000111e-01 1.000000000000000000e+00
3.320000000000000173e-01 1.000000000000000000e+00
3.390000000000000235e-01 1.000000000000000000e+00
3.459999999999999742e-01 1.000000000000000000e+00
3.529999999999999805e-01 1.000000000000000000e+00
3.599999999999999867e-01 1.000000000000000000e+00
3.669999999999999929e-01 1.000000000000000000e+00
3.739999999999999991e-01 1.000000000000000000e+00
3.810000000000000053e-01 1.000000000000000000e+00
3.880000000000000115e-01 1.000000000000000000e+00
3.950000000000000178e-01 1.000000000000000000e+00
4.020000000000000240e-01 1.000000000000000000e+00
4.089999999999999747e-01 1.000000000000000000e+00
4.159999999999999809e-01 1.000000000000000000e+00
4.229999999999999871e-01 1.000000000000000000e+00
4.299999999999999933e-01 1.000000000000000000e+00
4.369999999999999996e-01 1.000000000000000000e+00
4.440000000000000058e-01 1.000000000000000000e+00
4.510000000000000120e-01 1.000000000000000000e+00
4.580000000000000182e-01 1.000000000000000000e+00
4.650000000000000244e-01 1.000000000000000000e+00
4.719999999999999751e-01 1.000000000000000000e+00
4.789999999999999813e-01 1.000000000000000000e+00
4.859999999999999876e-01 1.000000000000000000e+00
4.929999999999999938e-01 1.000000000000000000e+00
5.000000000000000000e-01 1.000000000000000000e+00
5.070000000000000062e-01 1.000000000000000000e+00
5.140000000000000124e-01 1.000000000000000000e+00
5.210000000000000187e-01 1.000000000000000000e+00
5.280000000000000249e-01 1.000000000000000000e+00
5.350000000000000311e-01 1.000000000000000000e+00
5.420000000000000373e-01 1.000000000000000000e+00
5.490000000000000435e-01 1.000000000000000000e+00
5.560000000000000497e-01 1.000000000000000000e+00
5.629999999999999449e-01 1.000000000000000000e+00
5.699999999999999512e-01 1.000000000000000000e+00
5.769999999999999574e-01 1.000000000000000000e+00
5.839999999999999636e-01 1.000000000000000000e+00
5.909999999999999698e-01 1.000000000000000000e+00
5.979999999999999760e-01 1.000000000000000000e+00
6.049999999999999822e-01 1.000000000000000000e+00
6.119999999999999885e-01 1.000000000000000000e+00
6.189999999999999947e-01 1.000000000000000000e+00
6.260000000000000009e-01 1.000000000000000000e+00
6.330000000000000071e-01 1.000000000000000000e+00
6.400000000000000133e-01 1.000000000000000000e+00
6.470000000000000195e-01 1.000000000000000000e+00
6.540000000000000258e-01 1.000000000000000000e+00
6.610000000000000320e-01 1.000000000000000000e+00
6.680000000000000382e-01 1.000000000000000000e+00
6.750000000000000444e-01 1.000000000000000000e+00
6.820000000000000506e-01 1.000000000000000000e+00
6.889999999999999458e-01 1.000000000000000000e+00
6.959999999999999520e-01 1.000000000000000000e+00
7.029999999999999583e-01 1.000000000000000000e+00
7.099999999999999645e-01 1.000000000000000000e+00
7.169999999999999707e-01 1.000000000000000000e+00
7.239999999999999769e-01 1.000000000000000000e+00
7.309999999999999831e-01 1.000000000000000000e+00
7.379999999999999893e-01 1.000000000000000000e+00
7.449999999999999956e-01 1.000000000000000000e+00
7.520000000000000018e-01 1.000000000000000000e+00
7.590000000000000080e-01 1.000000000000000000e+00
7.660000000000000142e-01 1.000000000000000000e+00
7.730000000000000204e-01 1.000000000000000000e+00
7.800000000000000266e-01 1.000000000000000000e+00
7.870000000000000329e-01 1.000000000000000000e+00
7.940000000000000391e-01 1.000000000000000000e+00
8.010000000000000453e-01 1.000000000000000000e+00
8.080000000000000515e-01 1.000000000000000000e+00
8.149999999999999467e-01 1.000000000000000000e+00
8.219999999999999529e-01 1.000000000000000000e+00
8.289999999999999591e-01 1.000000000000000000e+00
8.359999999999999654e-01 1.000000000000000000e+00
8.429999999999999716e-01 1.000000000000000000e+00
8.499999999999999778e-01 1.000000000000000000e+00
8.569999999999999840e-01 1.000000000000000000e+00
8.639999999999999902e-01 1.000000000000000000e+00
8.709999999999999964e-01 1.000000000000000000e+00
8.780000000000000027e-01 1.000000000000000000e+00
8.850000000000000089e-01 1.000000000000000000e+00
8.920000000000000151e-01 1.000000000000000000e+00
8.990000000000000213e-01 1.000000000000000000e+00
9.060000000000000275e-01 1.000000000000000000e+00
9.130000000000000338e-01 1.000000000000000000e+00
9.200000000000000400e-01 1.000000000000000000e+00
9.270000000000000462e-01 1.000000000000000000e+00
9.340000000000000524e-01 1.000000000000000000e+00
9.409999999999999476e-01 1.000000000000000000e+00
9.479999999999999538e-01 1.000000000000000000e+00
9.549999999999999600e-01 1.000000000000000000e+00
9.619999999999999662e-01 1.000000000000000000e+00
9.689999999999999725e-01 1.000000000000000000e+00
9.759999999999999787e-01 1.000000000000000000e+00
9.829999999999999849e-01 1.000000000000000000e+00
9.899999999999999911e-01 1.000000000000000000e+00
9.969999999999999973e-01 1.000000000000000000e+00
1.004000000000000004e+00 1.000000000000000000e+00
1.010999999999999899e+00 1.000000000000000000e+00
1.018000000000000016e+00 1.000000000000000000e+00
1.024999999999999911e+00 1.000000000000000000e+00
1.032000000000000028e+00 1.000000000000000000e+00
1.038999999999999924e+00 1.000000000000000000e+00
1.046000000000000041e+00 1.000000000000000000e+00
1.052999999999999936e+00 1.000000000000000000e+00
1.060000000000000053e+00 1.000000000000000000e+00
1.066999999999999948e+00 1.000000000000000000e+00
1.074000000000000066e+00 1.000000000000000000e+00
1.080999999999999961e+00 1.000000000000000000e+00
1.088000000000000078e+00 1.000000000000000000e+00
1.094999999999999973e+00 1.000000000000000000e+00
1.102000000000000091e+00 1.000000000000000000e+00
1.108999999999999986e+00 1.000000000000000000e+00
1.116000000000000103e+00 1.000000000000000000e+00
1.122999999999999998e+00 1.000000000000000000e+00
1.129999999999999893e+00 1.000000000000000000e+00
1.137000000000000011e+00 1.000000000000000000e+00
1.143999999999999906e+00 1.000000000000000000e+00
1.151000000000000023e+00 1.000000000000000000e+00
1.157999999999999918e+00 1.000000999999999918e+00
1.165000000000000036e+00 1.000000999999999918e+00
1.171999999999999931e+00 1.000000999999999918e+00
1.179000000000000048e+00 1.000000999999999918e+00
1.185999999999999943e+00 1.000000999999999918e+00
1.193000000000000060e+00 1.000000999999999918e+00
1.199999999999999956e+00 1.000000999999999918e+00
1.207000000000000073e+00 1.000000999999999918e+00
1.213999999999999968e+00 1.000000999999999918e+00
1.221000000000000085e+00 1.000000999999999918e+00
1.227999999999999980e+00 1.000000999999999918e+00
1.235000000000000098e+00 1.000000999999999918e+00
1.241999999999999993e+00 1.000000999999999918e+00
1.249000000000000110e+00 1.000000999999999918e+00
1.256000000000000005e+00 1.000000999999999918e+00
1.262999999999999901e+00 1.000000999999999918e+00
1.270000000000000018e+00 1.000000999999999918e+00
1.276999999999999913e+00 1.000000999999999918e+00
1.284000000000000030e+00 1.000000999999999918e+00
1.290999999999999925e+00 1.000000999999999918e+00
1.298000000000000043e+00 1.000000999999999918e+00
1.304999999999999938e+00 1.000000999999999918e+00
1.312000000000000055e+00 1.000000999999999918e+00
1.318999999999999950e+00 1.000000999999999918e+00
1.326000000000000068e+00 1.000000999999999918e+00
1.332999999999999963e+00 1.000000999999999918e+00
1.340000000000000080e+00 1.000000999999999918e+00
1.346999999999999975e+00 1.000000999999999918e+00
1.354000000000000092e+00 1.000000999999999918e+00
1.360999999999999988e+00 1.000000999999999918e+00
1.368000000000000105e+00 1.000000999999999918e+00
1.375000000000000000e+00 1.000000999999999918e+00
1.381999999999999895e+00 1.000000999999999918e+00
1.389000000000000012e+00 1.000000999999999918e+00
1.395999999999999908e+00 1.000000999999999918e+00
1.403000000000000025e+00 1.000000999999999918e+00
1.409999999999999920e+00 1.000000999999999918e+00
1.417000000000000037e+00 1.000000999999999918e+00
1.423999999999999932e+00 1.000000999999999918e+00
1.431000000000000050e+00 1.000000999999999918e+00
1.437999999999999945e+00 1.000000999999999918e+00
1.445000000000000062e+00 1.000000999999999918e+00
1.451999999999999957e+00 1.000000999999999918e+00
1.459000000000000075e+00 1.000000999999999918e+00
1.465999999999999970e+00 1.000000999999999918e+00
1.473000000000000087e+00 1.000000999999999918e+00
1.479999999999999982e+00 1.000000999999999918e+00
1.487000000000000099e+00 1.000000999999999918e+00
1.493999999999999995e+00 1.000000999999999918e+00
1.500999999999999890e+00 1.000000999999999918e+00
1.508000000000000007e+00 1.000000999999999918e+00
1.514999999999999902e+00 1.000000999999999918e+00
1.522000000000000020e+00 1.000000999999999918e+00
1.528999999999999915e+00 1.000000999999999918e+00
1.536000000000000032e+00 1.000000999999999918e+00
1.542999999999999927e+00 1.000000999999999918e+00
1.550000000000000044e+00 1.000000999999999918e+00
1.556999999999999940e+00 1.000000999999999918e+00
1.564000000000000057e+00 1.000000000000000000e+00
1.570999999999999952e+00 1.000000000000000000e+00
1.578000000000000069e+00 1.000000000000000000e+00
1.584999999999999964e+00 1.000000000000000000e+00
1.592000000000000082e+00 1.000000000000000000e+00
1.598999999999999977e+00 1.000000000000000000e+00
1.606000000000000094e+00 1.000000000000000000e+00
1.612999999999999989e+00 1.000000000000000000e+00
1.620000000000000107e+00 1.000000000000000000e+00
1.627000000000000002e+00 1.000000000000000000e+00
1.633999999999999897e+00 1.000000000000000000e+00
1.641000000000000014e+00 1.000000000000000000e+00
1.647999999999999909e+00 1.000000000000000000e+00
1.655000000000000027e+00 1.000000000000000000e+00
1.661999999999999922e+00 1.000000000000000000e+00
1.669000000000000039e+00 1.000000000000000000e+00
1.675999999999999934e+00 1.000000000000000000e+00
1.683000000000000052e+00 1.000000000000000000e+00
1.689999999999999947e+00 1.000000000000000000e+00
1.697000000000000064e+00 1.000000000000000000e+00
1.703999999999999959e+00 1.000000000000000000e+00
1.711000000000000076e+00 1.000000000000000000e+00
1.717999999999999972e+00 1.000000000000000000e+00
1.725000000000000089e+00 1.000000000000000000e+00
1.731999999999999984e+00 1.000000000000000000e+00
1.739000000000000101e+00 1.000000000000000000e+00
1.745999999999999996e+00 1.000000000000000000e+00
1.752999999999999892e+00 1.000000000000000000e+00
1.760000000000000009e+00 1.000000000000000000e+00
1.766999999999999904e+00 1.000000000000000000e+00
1.774000000000000021e+00 1.000000000000000000e+00
1.780999999999999917e+00 1.000000000000000000e+00
1.788000000000000034e+00 1.000000000000000000e+00
1.794999999999999929e+00 1.000000000000000000e+00
1.802000000000000046e+00 1.000000000000000000e+00
1.808999999999999941e+00 1.000000000000000000e+00
1.816000000000000059e+00 1.000000000000000000e+00
1.822999999999999954e+00 1.000000000000000000e+00
1.830000000000000071e+00 1.000000000000000000e+00
1.836999999999999966e+00 1.000000000000000000e+00
1.844000000000000083e+00 1.000000000000000000e+00
1.850999999999999979e+00 1.000000000000000000e+00
1.858000000000000096e+00 1.000000000000000000e+00
1.864999999999999991e+00 1.000000000000000000e+00
1.872000000000000108e+00 1.000000000000000000e+00
1.879000000000000004e+00 1.000000000000000000e+00
1.885999999999999899e+00 1.000000000000000000e+00
1.893000000000000016e+00 1.000000000000000000e+00
1.899999999999999911e+00 1.000000000000000000e+00
1.907000000000000028e+00 1.000000000000000000e+00
1.913999999999999924e+00 1.000000000000000000e+00
1.921000000000000041e+00 1.000000000000000000e+00
1.927999999999999936e+00 1.000000000000000000e+00
1.935000000000000053e+00 1.000000000000000000e+00
1.941999999999999948e+00 1.000000000000000000e+00
1.949000000000000066e+00 1.000000000000000000e+00
1.955999999999999961e+00 1.000000000000000000e+00
1.963000000000000078e+00 1.000000000000000000e+00
1.969999999999999973e+00 1.000000000000000000e+00
1.977000000000000091e+00 1.000000000000000000e+00
1.983999999999999986e+00 1.000000000000000000e+00
1.991000000000000103e+00 1.000000000000000000e+00
1.997999999999999998e+00 1.000000000000000000e+00
2.004999999999999893e+00 1.000000000000000000e+00
2.012000000000000011e+00 1.000000000000000000e+00
2.019000000000000128e+00 1.000000000000000000e+00
2.025999999999999801e+00 1.000000000000000000e+00
2.032999999999999918e+00 1.000000000000000000e+00
2.040000000000000036e+00 1.000000000000000000e+00
2.047000000000000153e+00 1.000000000000000000e+00
2.053999999999999826e+00 1.000000000000000000e+00
2.060999999999999943e+00 1.000000000000000000e+00
2.068000000000000060e+00 1.000000000000000000e+00
2.075000000000000178e+00 1.000000000000000000e+00
2.081999999999999851e+00 1.000000000000000000e+00
2.088999999999999968e+00 9.946220000000000061e-01
2.096000000000000085e+00 9.883739999999999748e-01
2.103000000000000203e+00 9.845120000000000537e-01
2.109999999999999876e+00 9.814709999999999823e-01
2.116999999999999993e+00 9.788900000000000379e-01
2.124000000000000110e+00 9.766160000000000396e-01
2.130999999999999783e+00 9.745639999999999858e-01
2.137999999999999901e+00 9.726839999999999931e-01
2.145000000000000018e+00 9.709419999999999717e-01
2.152000000000000135e+00 9.693140000000000089e-01
2.158999999999999808e+00 9.677820000000000311e-01
2.165999999999999925e+00 9.663319999999999688e-01
2.173000000000000043e+00 9.649550000000000072e-01
2.180000000000000160e+00 9.636409999999999698e-01
2.186999999999999833e+00 9.623840000000000172e-01
2.193999999999999950e+00 9.611769999999999481e-01
2.201000000000000068e+00 9.600170000000000092e-01
2.208000000000000185e+00 9.588989999999999458e-01
2.214999999999999858e+00 9.578200000000000047e-01
2.221999999999999975e+00 9.567750000000000421e-01
2.229000000000000092e+00 9.557639999999999469e-01
2.236000000000000210e+00 9.547830000000000483e-01
2.242999999999999883e+00 9.538309999999999844e-01
2.250000000000000000e+00 9.529050000000000020e-01
2.257000000000000117e+00 9.520030000000000436e-01
2.263999999999999790e+00 9.511249999999999982e-01
2.270999999999999908e+00 9.502690000000000303e-01
2.278000000000000025e+00 9.494340000000000002e-01
2.285000000000000142e+00 9.486189999999999900e-01
2.291999999999999815e+00 9.478220000000000534e-01
2.298999999999999932e+00 9.470420000000000504e-01
2.306000000000000050e+00 9.462800000000000100e-01
2.313000000000000167e+00 9.455329999999999568e-01
2.319999999999999840e+00 9.448020000000000307e-01
2.326999999999999957e+00 9.440859999999999808e-01
2.334000000000000075e+00 9.433829999999999716e-01
2.341000000000000192e+00 9.426940000000000319e-01
2.347999999999999865e+00 9.420180000000000220e-01
2.354999999999999982e+00 9.413529999999999953e-01
2.362000000000000099e+00 9.407010000000000094e-01
2.369000000000000217e+00 9.400600000000000067e-01
2.375999999999999890e+00 9.394299999999999873e-01
2.383000000000000007e+00 9.388109999999999511e-01
2.390000000000000124e+00 9.382019999999999804e-01
2.396999999999999797e+00 9.376029999999999642e-01
2.403999999999999915e+00 9.370129999999999848e-01
2.411000000000000032e+00 9.364320000000000421e-01
2.418000000000000149e+00 9.358600000000000252e-01
2.424999999999999822e+00 9.352970000000000450e-01
2.431999999999999940e+00 9.347419999999999618e-01
2.439000000000000057e+00 9.341949999999999976e-01
2.446000000000000174e+00 9.336560000000000414e-01
2.452999999999999847e+00 9.331249999999999822e-01
2.459999999999999964e+00 9.326010000000000133e-01
2.467000000000000082e+00 9.320840000000000236e-01
2.474000000000000199e+00 9.315740000000000132e-01
2.480999999999999872e+00 9.310709999999999820e-01
2.487999999999999989e+00 9.305740000000000123e-01
2.495000000000000107e+00 9.300840000000000218e-01
2.501999999999999780e+00 9.295999999999999819e-01
2.508999999999999897e+00 9.291220000000000034e-01
2.516000000000000014e+00 9.286499999999999755e-01
2.523000000000000131e+00 9.281840000000000090e-01
2.529999999999999805e+00 9.277229999999999643e-01
2.536999999999999922e+00 9.272679999999999811e-01
2.544000000000000039e+00 9.268189999999999484e-01
2.551000000000000156e+00 9.263740000000000308e-01
2.557999999999999829e+00 9.259349999999999525e-01
2.564999999999999947e+00 9.254999999999999893e-01
2.572000000000000064e+00 9.250709999999999766e-01
2.579000000000000181e+00 9.246459999999999679e-01
2.585999999999999854e+00 9.242259999999999920e-01
2.592999999999999972e+00 9.238100000000000200e-01
2.600000000000000089e+00 9.233989999999999698e-01
2.607000000000000206e+00 9.229929999999999524e-01
2.613999999999999879e+00 9.225900000000000212e-01
2.620999999999999996e+00 9.221920000000000117e-01
2.628000000000000114e+00 9.217980000000000063e-01
2.634999999999999787e+00 9.214080000000000048e-01
2.641999999999999904e+00 9.210220000000000073e-01
2.649000000000000021e+00 9.206400000000000139e-01
2.656000000000000139e+00 9.202620000000000244e-01
2.662999999999999812e+00 9.198870000000000102e-01
2.669999999999999929e+00 9.195160000000000000e-01
2.677000000000000046e+00 9.191489999999999938e-01
2.684000000000000163e+00 9.187849999999999628e-01
2.690999999999999837e+00 9.184250000000000469e-01
2.697999999999999954e+00 9.180679999999999952e-01
2.705000000000000071e+00 9.177149999999999475e-01
2.712000000000000188e+00 9.173649999999999860e-01
2.718999999999999861e+00 9.170179999999999998e-01
2.725999999999999979e+00 9.166750000000000176e-01
2.733000000000000096e+00 9.163339999999999819e-01
2.740000000000000213e+00 9.159969999999999501e-01
2.746999999999999886e+00 9.156630000000000047e-01
2.754000000000000004e+00 9.153320000000000345e-01
2.761000000000000121e+00 9.150040000000000395e-01
2.767999999999999794e+00 9.146790000000000198e-01
2.774999999999999911e+00 9.143569999999999753e-01
2.782000000000000028e+00 9.140380000000000171e-01
2.789000000000000146e+00 9.137210000000000054e-01
2.795999999999999819e+00 9.134079999999999977e-01
2.802999999999999936e+00 9.130970000000000475e-01
2.810000000000000053e+00 9.127889999999999615e-01
2.817000000000000171e+00 9.124839999999999618e-01
2.823999999999999844e+00 9.121820000000000483e-01
2.830999999999999961e+00 9.118819999999999704e-01
2.838000000000000078e+00 9.115849999999999786e-01
2.845000000000000195e+00 9.112900000000000444e-01
2.851999999999999869e+00 9.109990000000000032e-01
2.858999999999999986e+00 9.107089999999999907e-01
2.866000000000000103e+00 9.104229999999999823e-01
2.873000000000000220e+00 9.101380000000000026e-01
2.879999999999999893e+00 9.098570000000000269e-01
2.887000000000000011e+00 9.095769999999999689e-01
2.894000000000000128e+00 9.093010000000000259e-01
2.900999999999999801e+00 9.090270000000000294e-01
2.907999999999999918e+00 9.087549999999999795e-01
2.915000000000000036e+00 9.084849999999999870e-01
2.922000000000000153e+00 9.082179999999999698e-01
2.928999999999999826e+00 9.079530000000000101e-01
2.935999999999999943e+00 9.076910000000000256e-01
2.943000000000000060e+00 9.074309999999999876e-01
2.950000000000000178e+00 9.071740000000000359e-01
2.956999999999999851e+00 9.069180000000000019e-01
2.963999999999999968e+00 9.066650000000000542e-01
2.971000000000000085e+00 9.064140000000000530e-01
2.978000000000000203e+00 9.061660000000000270e-01
2.984999999999999876e+00 9.059190000000000298e-01
2.991999999999999993e+00 9.056750000000000078e-01
2.999000000000000110e+00 9.054330000000000434e-01
3.005999999999999783e+00 9.051940000000000541e-01
3.012999999999999901e+00 9.049559999999999826e-01
3.020000000000000018e+00 9.047209999999999974e-01
3.027000000000000135e+00 9.044879999999999587e-01
3.033999999999999808e+00 9.042569999999999775e-01
3.040999999999999925e+00 9.040280000000000538e-01
3.048000000000000043e+00 9.038009999999999655e-01
3.055000000000000160e+00 9.035760000000000458e-01
3.061999999999999833e+00 9.033539999999999903e-01
3.068999999999999950e+00 9.031329999999999636e-01
3.076000000000000068e+00 9.029150000000000231e-01
3.083000000000000185e+00 9.026980000000000004e-01
3.089999999999999858e+00 9.024839999999999529e-01
3.096999999999999975e+00 9.022719999999999629e-01
3.104000000000000092e+00 9.020610000000000017e-01
3.111000000000000210e+00 9.018530000000000157e-01
3.117999999999999883e+00 9.016469999999999763e-01
3.125000000000000000e+00 9.014419999999999655e-01
3.132000000000000117e+00 9.012400000000000411e-01
3.138999999999999790e+00 9.010390000000000343e-01
3.145999999999999908e+00 9.008410000000000029e-01
3.153000000000000025e+00 9.006440000000000001e-01
3.160000000000000142e+00 9.004499999999999726e-01
3.166999999999999815e+00 9.002569999999999739e-01
3.173999999999999932e+00 9.000660000000000327e-01
3.181000000000000050e+00 8.998770000000000380e-01
3.188000000000000167e+00 8.996899999999999897e-01
3.194999999999999840e+00 8.995049999999999990e-01
3.201999999999999957e+00 8.993219999999999548e-01
3.209000000000000075e+00 8.991409999999999680e-01
3.216000000000000192e+00 8.989610000000000101e-01
3.222999999999999865e+00 8.987829999999999986e-01
3.229999999999999982e+00 8.986070000000000446e-01
3.237000000000000099e+00 8.984330000000000371e-01
3.244000000000000217e+00 8.982609999999999761e-01
3.250999999999999890e+00 8.980909999999999727e-01
3.258000000000000007e+00 8.979219999999999979e-01
3.265000000000000124e+00 8.977549999999999697e-01
3.271999999999999797e+00 8.975899999999999990e-01
3.278999999999999915e+00 8.974259999999999460e-01
3.286000000000000032e+00 8.972649999999999793e-01
3.293000000000000149e+00 8.971050000000000413e-01
3.299999999999999822e+00 8.969470000000000498e-01
3.306999999999999940e+00 8.967899999999999761e-01
3.314000000000000057e+00 8.966349999999999598e-01
3.321000000000000174e+00 8.964820000000000011e-01
3.327999999999999847e+00 8.963309999999999889e-01
3.334999999999999964e+00 8.961810000000000054e-01
3.342000000000000082e+00 8.960329999999999684e-01
3.349000000000000199e+00 8.958869999999999889e-01
3.355999999999999872e+00 8.957420000000000382e-01
3.362999999999999989e+00 8.955990000000000339e-01
3.370000000000000107e+00 8.954569999999999474e-01
3.376999999999999780e+00 8.953170000000000295e-01
3.383999999999999897e+00 8.951789999999999470e-01
3.391000000000000014e+00 8.950420000000000043e-01
3.398000000000000131e+00 8.949070000000000080e-01
3.404999999999999805e+00 8.947739999999999583e-01
3.411999999999999922e+00 8.946420000000000483e-01
3.419000000000000039e+00 8.945109999999999451e-01
3.426000000000000156e+00 8.943820000000000103e-01
3.432999999999999829e+00 8.942550000000000221e-01
3.439999999999999947e+00 8.941289999999999516e-01
3.447000000000000064e+00 8.940050000000000496e-01
3.454000000000000181e+00 8.938819999999999544e-01
3.460999999999999854e+00 8.937610000000000277e-01
3.467999999999999972e+00 8.936410000000000187e-01
3.475000000000000089e+00 8.935220000000000384e-01
3.482000000000000206e+00 8.934050000000000047e-01
3.488999999999999879e+00 8.932900000000000285e-01
3.495999999999999996e+00 8.931750000000000522e-01
3.503000000000000114e+00 8.930620000000000225e-01
3.509999999999999787e+00 8.929510000000000502e-01
3.516999999999999904e+00 8.928409999999999958e-01
3.524000000000000021e+00 8.927319999999999700e-01
3.531000000000000139e+00 8.926250000000000018e-01
3.537999999999999812e+00 8.925189999999999513e-01
3.544999999999999929e+00 8.924140000000000406e-01
3.552000000000000046e+00 8.923109999999999653e-01
3.559000000000000163e+00 8.922090000000000298e-01
3.565999999999999837e+00 8.921080000000000121e-01
3.572999999999999954e+00 8.920090000000000519e-01
3.580000000000000071e+00 8.919099999999999806e-01
3.587000000000000188e+00 8.918129999999999669e-01
3.593999999999999861e+00 8.917169999999999819e-01
3.600999999999999979e+00 8.916230000000000544e-01
3.608000000000000096e+00 8.915300000000000447e-01
3.615000000000000213e+00 8.914370000000000349e-01
3.621999999999999886e+00 8.913459999999999717e-01
3.629000000000000004e+00 8.912560000000000482e-01
3.636000000000000121e+00 8.911679999999999602e-01
3.642999999999999794e+00 8.910799999999999832e-01
3.649999999999999911e+00 8.909939999999999527e-01
3.657000000000000028e+00 8.909080000000000332e-01
3.664000000000000146e+00 8.908239999999999492e-01
3.670999999999999819e+00 8.907410000000000050e-01
3.677999999999999936e+00 8.906589999999999785e-01
3.685000000000000053e+00 8.905779999999999808e-01
3.692000000000000171e+00 8.904980000000000118e-01
3.698999999999999844e+00 8.904189999999999605e-01
3.705999999999999961e+00 8.903410000000000490e-01
3.713000000000000078e+00 8.902640000000000553e-01
3.720000000000000195e+00 8.901879999999999793e-01
3.726999999999999869e+00 8.901130000000000431e-01
3.733999999999999986e+00 8.900390000000000246e-01
3.741000000000000103e+00 8.899660000000000348e-01
3.748000000000000220e+00 8.898939999999999628e-01
3.754999999999999893e+00 8.898220000000000018e-01
3.762000000000000011e+00 8.897519999999999873e-01
3.769000000000000128e+00 8.896830000000000016e-01
3.775999999999999801e+00 8.896140000000000159e-01
3.782999999999999918e+00 8.895469999999999766e-01
3.790000000000000036e+00 8.894800000000000484e-01
3.797000000000000153e+00 8.894140000000000379e-01
3.803999999999999826e+00 8.893499999999999739e-01
3.810999999999999943e+00 8.892849999999999921e-01
3.818000000000000060e+00 8.892219999999999569e-01
3.825000000000000178e+00 8.891599999999999504e-01
3.831999999999999851e+00 8.890980000000000549e-01
3.838999999999999968e+00 8.890379999999999949e-01
3.846000000000000085e+00 8.889780000000000459e-01
3.853000000000000203e+00 8.889190000000000147e-01
3.859999999999999876e+00 8.888610000000000122e-01
3.866999999999999993e+00 8.888030000000000097e-01
3.874000000000000110e+00 8.887460000000000360e-01
3.880999999999999783e+00 8.886910000000000087e-01
3.887999999999999901e+00 8.886349999999999527e-01
3.895000000000000018e+00 8.885809999999999542e-01
3.902000000000000135e+00 8.885279999999999845e-01
3.908999999999999808e+00 8.884750000000000147e-01
3.915999999999999925e+00 8.884229999999999627e-01
3.923000000000000043e+00 8.883720000000000505e-01
3.930000000000000160e+00 8.883210000000000273e-01
3.936999999999999833e+00 8.882710000000000328e-01
3.943999999999999950e+00 8.882229999999999848e-01
3.951000000000000068e+00 8.881740000000000190e-01
3.958000000000000185e+00 8.881269999999999998e-01
3.964999999999999858e+00 8.880799999999999805e-01
3.971999999999999975e+00 8.880339999999999900e-01
3.979000000000000092e+00 8.879890000000000283e-01
3.986000000000000210e+00 8.879449999999999843e-01
3.992999999999999883e+00 8.879010000000000513e-01
4.000000000000000000e+00 8.878580000000000361e-01
4.006999999999999673e+00 8.878160000000000496e-01
4.014000000000000234e+00 8.877749999999999808e-01
4.020999999999999908e+00 8.877340000000000231e-01
4.027999999999999581e+00 8.876950000000000118e-01
4.035000000000000142e+00 8.876560000000000006e-01
4.041999999999999815e+00 8.876169999999999893e-01
4.049000000000000377e+00 8.875800000000000356e-01
4.056000000000000050e+00 8.875429999999999708e-01
4.062999999999999723e+00 8.875070000000000459e-01
4.070000000000000284e+00 8.874720000000000386e-01
4.076999999999999957e+00 8.874379999999999491e-01
4.083999999999999631e+00 8.874049999999999994e-01
4.091000000000000192e+00 8.873720000000000496e-01
4.097999999999999865e+00 8.873400000000000176e-01
4.105000000000000426e+00 8.873090000000000144e-01
4.112000000000000099e+00 8.872790000000000399e-01
4.118999999999999773e+00 8.872489999999999544e-01
4.126000000000000334e+00 8.872210000000000374e-01
4.133000000000000007e+00 8.871930000000000094e-01
4.139999999999999680e+00 8.871660000000000101e-01
4.147000000000000242e+00 8.871400000000000396e-01
4.153999999999999915e+00 8.871149999999999869e-01
4.160999999999999588e+00 8.870909999999999629e-01
4.168000000000000149e+00 8.870679999999999676e-01
4.174999999999999822e+00 8.870449999999999724e-01
4.182000000000000384e+00 8.870230000000000059e-01
4.189000000000000057e+00 8.870029999999999859e-01
4.195999999999999730e+00 8.869829999999999659e-01
4.203000000000000291e+00 8.869639999999999747e-01
4.209999999999999964e+00 8.869460000000000122e-01
4.216999999999999638e+00 8.869289999999999674e-01
4.224000000000000199e+00 8.869139999999999802e-01
4.230999999999999872e+00 8.868979999999999642e-01
4.238000000000000433e+00 8.868840000000000057e-01
4.245000000000000107e+00 8.868709999999999649e-01
4.251999999999999780e+00 8.868589999999999529e-01
4.259000000000000341e+00 8.868479999999999697e-01
4.266000000000000014e+00 8.868380000000000152e-01
4.272999999999999687e+00 8.868289999999999784e-01
4.280000000000000249e+00 8.868209999999999704e-01
4.286999999999999922e+00 8.868139999999999912e-01
4.293999999999999595e+00 8.868080000000000407e-01
4.301000000000000156e+00 8.868030000000000079e-01
4.307999999999999829e+00 8.867990000000000039e-01
4.315000000000000391e+00 8.867960000000000287e-01
4.322000000000000064e+00 8.867949999999999999e-01
4.328999999999999737e+00 8.867939999999999712e-01
4.336000000000000298e+00 8.867939999999999712e-01
4.342999999999999972e+00 8.867960000000000287e-01
4.349999999999999645e+00 8.867990000000000039e-01
4.357000000000000206e+00 8.868019999999999792e-01
4.363999999999999879e+00 8.868070000000000119e-01
4.371000000000000441e+00 8.868129999999999624e-01
4.378000000000000114e+00 8.868200000000000527e-01
4.384999999999999787e+00 8.868289999999999784e-01
4.392000000000000348e+00 8.868380000000000152e-01
4.399000000000000021e+00 8.868489999999999984e-01
4.405999999999999694e+00 8.868599999999999817e-01
4.413000000000000256e+00 8.868730000000000224e-01
4.419999999999999929e+00 8.868880000000000097e-01
4.426999999999999602e+00 8.869029999999999969e-01
4.434000000000000163e+00 8.869190000000000129e-01
4.440999999999999837e+00 8.869369999999999754e-01
4.448000000000000398e+00 8.869559999999999667e-01
4.455000000000000071e+00 8.869759999999999867e-01
4.461999999999999744e+00 8.869970000000000354e-01
4.469000000000000306e+00 8.870200000000000307e-01
4.475999999999999979e+00 8.870440000000000547e-01
4.482999999999999652e+00 8.870689999999999964e-01
4.490000000000000213e+00 8.870949999999999669e-01
4.496999999999999886e+00 8.871219999999999661e-01
4.503999999999999559e+00 8.871510000000000229e-01
4.511000000000000121e+00 8.871809999999999974e-01
4.517999999999999794e+00 8.872120000000000006e-01
4.525000000000000355e+00 8.872440000000000326e-01
4.532000000000000028e+00 8.872780000000000111e-01
4.538999999999999702e+00 8.873130000000000184e-01
4.546000000000000263e+00 8.873490000000000544e-01
4.552999999999999936e+00 8.873870000000000369e-01
4.559999999999999609e+00 8.874250000000000194e-01
4.567000000000000171e+00 8.874649999999999483e-01
4.573999999999999844e+00 8.875070000000000459e-01
4.581000000000000405e+00 8.875490000000000324e-01
4.588000000000000078e+00 8.875929999999999653e-01
4.594999999999999751e+00 8.876380000000000381e-01
4.602000000000000313e+00 8.876840000000000286e-01
4.608999999999999986e+00 8.877319999999999656e-01
4.615999999999999659e+00 8.877800000000000136e-01
4.623000000000000220e+00 8.878300000000000081e-01
4.629999999999999893e+00 8.878819999999999490e-01
4.636999999999999567e+00 8.879340000000000011e-01
4.644000000000000128e+00 8.879879999999999995e-01
4.650999999999999801e+00 8.880430000000000268e-01
4.658000000000000362e+00 8.881000000000000005e-01
4.665000000000000036e+00 8.881569999999999743e-01
4.671999999999999709e+00 8.882160000000000055e-01
4.679000000000000270e+00 8.882759999999999545e-01
4.685999999999999943e+00 8.883379999999999610e-01
4.692999999999999616e+00 8.883999999999999675e-01
4.700000000000000178e+00 8.884640000000000315e-01
4.706999999999999851e+00 8.885290000000000132e-01
4.714000000000000412e+00 8.885960000000000525e-01
4.721000000000000085e+00 8.886629999999999807e-01
4.727999999999999758e+00 8.887319999999999665e-01
4.735000000000000320e+00 8.888019999999999810e-01
4.741999999999999993e+00 8.888730000000000242e-01
4.748999999999999666e+00 8.889460000000000139e-01
4.756000000000000227e+00 8.890200000000000324e-01
4.762999999999999901e+00 8.890949999999999687e-01
4.769999999999999574e+00 8.891710000000000447e-01
4.777000000000000135e+00 8.892480000000000384e-01
4.783999999999999808e+00 8.893269999999999786e-01
4.791000000000000369e+00 8.894069999999999476e-01
4.798000000000000043e+00 8.894879999999999454e-01
4.804999999999999716e+00 8.895699999999999719e-01
4.812000000000000277e+00 8.896530000000000271e-01
4.818999999999999950e+00 8.897380000000000289e-01
4.825999999999999623e+00 8.898239999999999483e-01
4.833000000000000185e+00 8.899099999999999788e-01
4.839999999999999858e+00 8.899989999999999846e-01
4.847000000000000419e+00 8.900879999999999903e-01
4.854000000000000092e+00 8.901780000000000248e-01
4.860999999999999766e+00 8.902700000000000058e-01
4.868000000000000327e+00 8.903630000000000155e-01
4.875000000000000000e+00 8.904560000000000253e-01
4.881999999999999673e+00 8.905509999999999815e-01
4.889000000000000234e+00 8.906479999999999952e-01
4.895999999999999908e+00 8.907450000000000090e-01
4.902999999999999581e+00 8.908430000000000515e-01
4.910000000000000142e+00 8.909430000000000405e-01
4.916999999999999815e+00 8.910439999999999472e-01
4.924000000000000377e+00 8.911459999999999937e-01
4.931000000000000050e+00 8.912480000000000402e-01
4.937999999999999723e+00 8.913529999999999509e-01
4.945000000000000284e+00 8.914579999999999727e-01
4.951999999999999957e+00 8.915640000000000231e-01
4.958999999999999631e+00 8.916709999999999914e-01
4.966000000000000192e+00 8.917800000000000171e-01
4.972999999999999865e+00 8.918890000000000429e-01
4.980000000000000426e+00 8.920000000000000151e-01
4.987000000000000099e+00 8.921120000000000161e-01
4.993999999999999773e+00 8.922250000000000458e-01
5.001000000000000334e+00 8.923389999999999933e-01
5.008000000000000007e+00 8.924539999999999695e-01
5.014999999999999680e+00 8.925699999999999745e-01
5.022000000000000242e+00 8.926870000000000083e-01
5.028999999999999915e+00 8.928049999999999597e-01
5.035999999999999588e+00 8.929240000000000510e-01
5.043000000000000149e+00 8.930449999999999777e-01
5.049999999999999822e+00 8.931660000000000155e-01
5.057000000000000384e+00 8.932889999999999997e-01
5.064000000000000057e+00 8.934119999999999839e-01
5.070999999999999730e+00 8.935370000000000257e-01
5.078000000000000291e+00 8.936629999999999852e-01
5.084999999999999964e+00 8.937889999999999446e-01
5.091999999999999638e+00 8.939169999999999616e-01
5.099000000000000199e+00 8.940460000000000074e-01
5.105999999999999872e+00 8.941759999999999708e-01
5.113000000000000433e+00 8.943069999999999631e-01
5.120000000000000107e+00 8.944389999999999841e-01
5.126999999999999780e+00 8.945720000000000338e-01
5.134000000000000341e+00 8.947070000000000300e-01
5.141000000000000014e+00 8.948420000000000263e-01
5.147999999999999687e+00 8.949780000000000513e-01
5.155000000000000249e+00 8.951160000000000228e-01
5.161999999999999922e+00 8.952539999999999942e-01
5.168999999999999595e+00 8.953940000000000232e-01
5.176000000000000156e+00 8.955340000000000522e-01
5.182999999999999829e+00 8.956760000000000277e-01
5.190000000000000391e+00 8.958190000000000319e-01
5.197000000000000064e+00 8.959629999999999539e-01
5.203999999999999737e+00 8.961080000000000156e-01
5.211000000000000298e+00 8.962539999999999951e-01
5.217999999999999972e+00 8.964010000000000034e-01
5.224999999999999645e+00 8.965490000000000403e-01
5.232000000000000206e+00 8.966979999999999951e-01
5.238999999999999879e+00 8.968490000000000073e-01
5.246000000000000441e+00 8.970000000000000195e-01
5.253000000000000114e+00 8.971529999999999783e-01
5.259999999999999787e+00 8.973069999999999657e-01
5.267000000000000348e+00 8.974609999999999532e-01
5.274000000000000021e+00 8.976169999999999982e-01
5.280999999999999694e+00 8.977749999999999897e-01
5.288000000000000256e+00 8.979329999999999812e-01
5.294999999999999929e+00 8.980920000000000014e-01
5.301999999999999602e+00 8.982529999999999681e-01
5.309000000000000163e+00 8.984149999999999636e-01
5.315999999999999837e+00 8.985779999999999879e-01
5.323000000000000398e+00 8.987420000000000408e-01
5.330000000000000071e+00 8.989070000000000116e-01
5.336999999999999744e+00 8.990730000000000111e-01
5.344000000000000306e+00 8.992409999999999570e-01
5.350999999999999979e+00 8.994100000000000428e-01
5.357999999999999652e+00 8.995800000000000463e-01
5.365000000000000213e+00 8.997509999999999675e-01
5.371999999999999886e+00 8.999239999999999462e-01
5.378999999999999559e+00 9.000979999999999537e-01
5.386000000000000121e+00 9.002729999999999899e-01
5.392999999999999794e+00 9.004490000000000549e-01
5.400000000000000355e+00 9.006269999999999554e-01
5.407000000000000028e+00 9.008049999999999669e-01
5.413999999999999702e+00 9.009859999999999536e-01
5.421000000000000263e+00 9.011670000000000513e-01
5.427999999999999936e+00 9.013499999999999845e-01
5.434999999999999609e+00 9.015339999999999465e-01
5.442000000000000171e+00 9.017190000000000483e-01
5.448999999999999844e+00 9.019059999999999855e-01
5.456000000000000405e+00 9.020939999999999515e-01
5.463000000000000078e+00 9.022839999999999749e-01
5.469999999999999751e+00 9.024750000000000272e-01
5.477000000000000313e+00 9.026669999999999972e-01
5.483999999999999986e+00 9.028610000000000246e-01
5.490999999999999659e+00 9.030559999999999699e-01
5.498000000000000220e+00 9.032520000000000548e-01
5.504999999999999893e+00 9.034499999999999753e-01
5.511999999999999567e+00 9.036499999999999533e-01
5.519000000000000128e+00 9.038509999999999600e-01
5.525999999999999801e+00 9.040529999999999955e-01
5.533000000000000362e+00 9.042569999999999775e-01
