2.088999999999999968e+00 9.946220000000000061e-01
2.096000000000000085e+00 9.883750000000000036e-01
2.103000000000000203e+00 9.845120000000000537e-01
2.109999999999999876e+00 9.814709999999999823e-01
2.116999999999999993e+00 9.788900000000000379e-01
2.124000000000000110e+00 9.766160000000000396e-01
2.130999999999999783e+00 9.745639999999999858e-01
2.137999999999999901e+00 9.726839999999999931e-01
2.145000000000000018e+00 9.709419999999999717e-01
2.152000000000000135e+00 9.693140000000000089e-01
2.158999999999999808e+00 9.677820000000000311e-01
2.165999999999999925e+00 9.663319999999999688e-01
2.173000000000000043e+00 9.649550000000000072e-01
2.180000000000000160e+00 9.636409999999999698e-01
2.186999999999999833e+00 9.623840000000000172e-01
2.193999999999999950e+00 9.611779999999999768e-01
2.201000000000000068e+00 9.600180000000000380e-01
2.208000000000000185e+00 9.588999999999999746e-01
2.214999999999999858e+00 9.578200000000000047e-01
2.221999999999999975e+00 9.567759999999999598e-01
2.229000000000000092e+00 9.557649999999999757e-01
2.236000000000000210e+00 9.547839999999999661e-01
2.242999999999999883e+00 9.538309999999999844e-01
2.250000000000000000e+00 9.529050000000000020e-01
2.257000000000000117e+00 9.520039999999999614e-01
2.263999999999999790e+00 9.511260000000000270e-01
2.270999999999999908e+00 9.502699999999999481e-01
2.278000000000000025e+00 9.494350000000000289e-01
2.285000000000000142e+00 9.486189999999999900e-01
2.291999999999999815e+00 9.478220000000000534e-01
2.298999999999999932e+00 9.470429999999999682e-01
2.306000000000000050e+00 9.462810000000000388e-01
2.313000000000000167e+00 9.455339999999999856e-01
2.319999999999999840e+00 9.448029999999999484e-01
2.326999999999999957e+00 9.440870000000000095e-01
2.334000000000000075e+00 9.433840000000000003e-01
2.341000000000000192e+00 9.426949999999999497e-01
2.347999999999999865e+00 9.420180000000000220e-01
2.354999999999999982e+00 9.413540000000000241e-01
2.362000000000000099e+00 9.407020000000000381e-01
2.369000000000000217e+00 9.400610000000000355e-01
2.375999999999999890e+00 9.394310000000000160e-01
2.383000000000000007e+00 9.388119999999999798e-01
2.390000000000000124e+00 9.382030000000000092e-01
2.396999999999999797e+00 9.376039999999999930e-01
2.403999999999999915e+00 9.370140000000000136e-01
2.411000000000000032e+00 9.364329999999999599e-01
2.418000000000000149e+00 9.358610000000000539e-01
2.424999999999999822e+00 9.352979999999999627e-01
2.431999999999999940e+00 9.347440000000000193e-01
2.439000000000000057e+00 9.341970000000000551e-01
2.446000000000000174e+00 9.336579999999999879e-01
2.452999999999999847e+00 9.331270000000000397e-01
2.459999999999999964e+00 9.326029999999999598e-01
2.467000000000000082e+00 9.320859999999999701e-01
2.474000000000000199e+00 9.315759999999999597e-01
2.480999999999999872e+00 9.310730000000000395e-01
2.487999999999999989e+00 9.305759999999999588e-01
2.495000000000000107e+00 9.300859999999999683e-01
2.501999999999999780e+00 9.296020000000000394e-01
2.508999999999999897e+00 9.291239999999999499e-01
2.516000000000000014e+00 9.286529999999999507e-01
2.523000000000000131e+00 9.281859999999999555e-01
2.529999999999999805e+00 9.277260000000000506e-01
2.536999999999999922e+00 9.272709999999999564e-01
2.544000000000000039e+00 9.268210000000000059e-01
2.551000000000000156e+00 9.263770000000000060e-01
2.557999999999999829e+00 9.259380000000000388e-01
2.564999999999999947e+00 9.255029999999999646e-01
2.572000000000000064e+00 9.250739999999999519e-01
2.579000000000000181e+00 9.246490000000000542e-01
2.585999999999999854e+00 9.242289999999999672e-01
2.592999999999999972e+00 9.238140000000000240e-01
2.600000000000000089e+00 9.234029999999999738e-01
2.607000000000000206e+00 9.229960000000000386e-01
2.613999999999999879e+00 9.225940000000000252e-01
2.620999999999999996e+00 9.221960000000000157e-01
2.628000000000000114e+00 9.218020000000000103e-01
2.634999999999999787e+00 9.214120000000000088e-01
2.641999999999999904e+00 9.210260000000000113e-01
2.649000000000000021e+00 9.206440000000000179e-01
2.656000000000000139e+00 9.202660000000000284e-01
2.662999999999999812e+00 9.198910000000000142e-01
2.669999999999999929e+00 9.195210000000000328e-01
2.677000000000000046e+00 9.191529999999999978e-01
2.684000000000000163e+00 9.187899999999999956e-01
2.690999999999999837e+00 9.184299999999999686e-01
2.697999999999999954e+00 9.180730000000000279e-01
2.705000000000000071e+00 9.177199999999999802e-01
2.712000000000000188e+00 9.173700000000000188e-01
2.718999999999999861e+00 9.170230000000000325e-01
2.725999999999999979e+00 9.166800000000000503e-01
2.733000000000000096e+00 9.163400000000000434e-01
2.740000000000000213e+00 9.160030000000000117e-01
2.746999999999999886e+00 9.156689999999999552e-01
2.754000000000000004e+00 9.153379999999999850e-01
2.761000000000000121e+00 9.150099999999999900e-01
2.767999999999999794e+00 9.146849999999999703e-01
2.774999999999999911e+00 9.143630000000000368e-01
2.782000000000000028e+00 9.140439999999999676e-01
2.789000000000000146e+00 9.137279999999999847e-01
2.795999999999999819e+00 9.134149999999999769e-01
2.802999999999999936e+00 9.131040000000000267e-01
2.810000000000000053e+00 9.127960000000000518e-01
2.817000000000000171e+00 9.124910000000000521e-01
2.823999999999999844e+00 9.121890000000000276e-01
2.830999999999999961e+00 9.118889999999999496e-01
2.838000000000000078e+00 9.115929999999999866e-01
2.845000000000000195e+00 9.112980000000000524e-01
2.851999999999999869e+00 9.110059999999999825e-01
2.858999999999999986e+00 9.107169999999999987e-01
2.866000000000000103e+00 9.104309999999999903e-01
2.873000000000000220e+00 9.101470000000000393e-01
2.879999999999999893e+00 9.098650000000000349e-01
2.887000000000000011e+00 9.095860000000000056e-01
2.894000000000000128e+00 9.093099999999999516e-01
2.900999999999999801e+00 9.090350000000000374e-01
2.907999999999999918e+00 9.087640000000000162e-01
2.915000000000000036e+00 9.084940000000000238e-01
2.922000000000000153e+00 9.082280000000000353e-01
2.928999999999999826e+00 9.079629999999999646e-01
2.935999999999999943e+00 9.077009999999999801e-01
2.943000000000000060e+00 9.074410000000000531e-01
2.950000000000000178e+00 9.071839999999999904e-01
2.956999999999999851e+00 9.069279999999999564e-01
2.963999999999999968e+00 9.066750000000000087e-01
2.971000000000000085e+00 9.064250000000000362e-01
2.978000000000000203e+00 9.061759999999999815e-01
2.984999999999999876e+00 9.059300000000000130e-01
2.991999999999999993e+00 9.056859999999999911e-01
2.999000000000000110e+00 9.054450000000000554e-01
3.005999999999999783e+00 9.052050000000000374e-01
3.012999999999999901e+00 9.049679999999999946e-01
3.020000000000000018e+00 9.047330000000000094e-01
3.027000000000000135e+00 9.044999999999999707e-01
3.033999999999999808e+00 9.042689999999999895e-01
3.040999999999999925e+00 9.040399999999999547e-01
3.048000000000000043e+00 9.038140000000000063e-01
3.055000000000000160e+00 9.035889999999999755e-01
3.061999999999999833e+00 9.033670000000000311e-01
3.068999999999999950e+00 9.031460000000000043e-01
3.076000000000000068e+00 9.029279999999999529e-01
3.083000000000000185e+00 9.027119999999999589e-01
3.089999999999999858e+00 9.024980000000000224e-01
3.096999999999999975e+00 9.022860000000000325e-01
3.104000000000000092e+00 9.020759999999999890e-01
3.111000000000000210e+00 9.018669999999999742e-01
3.117999999999999883e+00 9.016610000000000458e-01
3.125000000000000000e+00 9.014569999999999528e-01
3.132000000000000117e+00 9.012550000000000283e-01
3.138999999999999790e+00 9.010550000000000503e-01
3.145999999999999908e+00 9.008570000000000189e-01
3.153000000000000025e+00 9.006600000000000161e-01
3.160000000000000142e+00 9.004659999999999886e-01
3.166999999999999815e+00 9.002740000000000187e-01
3.173999999999999932e+00 9.000829999999999664e-01
3.181000000000000050e+00 8.998939999999999717e-01
3.188000000000000167e+00 8.997079999999999522e-01
3.194999999999999840e+00 8.995229999999999615e-01
3.201999999999999957e+00 8.993400000000000283e-01
3.209000000000000075e+00 8.991590000000000416e-01
3.216000000000000192e+00 8.989789999999999726e-01
3.222999999999999865e+00 8.988019999999999898e-01
3.229999999999999982e+00 8.986260000000000359e-01
3.237000000000000099e+00 8.984520000000000284e-01
3.244000000000000217e+00 8.982799999999999674e-01
3.250999999999999890e+00 8.981099999999999639e-01
3.258000000000000007e+00 8.979420000000000179e-01
3.265000000000000124e+00 8.977749999999999897e-01
3.271999999999999797e+00 8.976100000000000190e-01
3.278999999999999915e+00 8.974469999999999947e-01
3.286000000000000032e+00 8.972860000000000280e-01
3.293000000000000149e+00 8.971259999999999790e-01
3.299999999999999822e+00 8.969679999999999875e-01
3.306999999999999940e+00 8.968120000000000536e-01
3.314000000000000057e+00 8.966579999999999551e-01
3.321000000000000174e+00 8.965049999999999963e-01
3.327999999999999847e+00 8.963539999999999841e-01
3.334999999999999964e+00 8.962040000000000006e-01
3.342000000000000082e+00 8.960559999999999636e-01
3.349000000000000199e+00 8.959099999999999842e-01
3.355999999999999872e+00 8.957659999999999512e-01
3.362999999999999989e+00 8.956229999999999469e-01
3.370000000000000107e+00 8.954820000000000002e-01
3.376999999999999780e+00 8.953419999999999712e-01
3.383999999999999897e+00 8.952039999999999997e-01
3.391000000000000014e+00 8.950679999999999747e-01
3.398000000000000131e+00 8.949329999999999785e-01
3.404999999999999805e+00 8.948000000000000398e-01
3.411999999999999922e+00 8.946680000000000188e-01
3.419000000000000039e+00 8.945380000000000553e-01
3.426000000000000156e+00 8.944090000000000096e-01
3.432999999999999829e+00 8.942820000000000213e-01
3.439999999999999947e+00 8.941569999999999796e-01
3.447000000000000064e+00 8.940329999999999666e-01
3.454000000000000181e+00 8.939099999999999824e-01
3.460999999999999854e+00 8.937889999999999446e-01
3.467999999999999972e+00 8.936690000000000467e-01
3.475000000000000089e+00 8.935509999999999842e-01
3.482000000000000206e+00 8.934339999999999504e-01
3.488999999999999879e+00 8.933189999999999742e-01
3.495999999999999996e+00 8.932050000000000267e-01
3.503000000000000114e+00 8.930919999999999970e-01
3.509999999999999787e+00 8.929810000000000247e-01
3.516999999999999904e+00 8.928719999999999990e-01
3.524000000000000021e+00 8.927629999999999733e-01
3.531000000000000139e+00 8.926560000000000050e-01
3.537999999999999812e+00 8.925499999999999545e-01
3.544999999999999929e+00 8.924459999999999615e-01
3.552000000000000046e+00 8.923429999999999973e-01
3.559000000000000163e+00 8.922409999999999508e-01
3.565999999999999837e+00 8.921400000000000441e-01
3.572999999999999954e+00 8.920409999999999728e-01
3.580000000000000071e+00 8.919430000000000414e-01
3.587000000000000188e+00 8.918460000000000276e-01
3.593999999999999861e+00 8.917509999999999604e-01
3.600999999999999979e+00 8.916570000000000329e-01
3.608000000000000096e+00 8.915629999999999944e-01
3.615000000000000213e+00 8.914710000000000134e-01
3.621999999999999886e+00 8.913809999999999789e-01
3.629000000000000004e+00 8.912910000000000554e-01
3.636000000000000121e+00 8.912029999999999674e-01
3.642999999999999794e+00 8.911149999999999904e-01
3.649999999999999911e+00 8.910289999999999599e-01
3.657000000000000028e+00 8.909439999999999582e-01
3.664000000000000146e+00 8.908599999999999852e-01
3.670999999999999819e+00 8.907770000000000410e-01
3.677999999999999936e+00 8.906950000000000145e-01
3.685000000000000053e+00 8.906140000000000168e-01
3.692000000000000171e+00 8.905340000000000478e-01
3.698999999999999844e+00 8.904560000000000253e-01
3.705999999999999961e+00 8.903780000000000028e-01
3.713000000000000078e+00 8.903010000000000090e-01
3.720000000000000195e+00 8.902250000000000441e-01
3.726999999999999869e+00 8.901499999999999968e-01
3.733999999999999986e+00 8.900770000000000071e-01
3.741000000000000103e+00 8.900040000000000173e-01
3.748000000000000220e+00 8.899319999999999453e-01
3.754999999999999893e+00 8.898610000000000131e-01
3.762000000000000011e+00 8.897909999999999986e-01
3.769000000000000128e+00 8.897220000000000129e-01
3.775999999999999801e+00 8.896530000000000271e-01
3.782999999999999918e+00 8.895859999999999879e-01
3.790000000000000036e+00 8.895189999999999486e-01
3.797000000000000153e+00 8.894539999999999669e-01
3.803999999999999826e+00 8.893889999999999851e-01
3.810999999999999943e+00 8.893250000000000322e-01
3.818000000000000060e+00 8.892619999999999969e-01
3.825000000000000178e+00 8.891999999999999904e-01
3.831999999999999851e+00 8.891390000000000127e-01
3.838999999999999968e+00 8.890780000000000349e-01
3.846000000000000085e+00 8.890179999999999749e-01
3.853000000000000203e+00 8.889590000000000547e-01
3.859999999999999876e+00 8.889010000000000522e-01
3.866999999999999993e+00 8.888439999999999674e-01
3.874000000000000110e+00 8.887869999999999937e-01
3.880999999999999783e+00 8.887319999999999665e-01
3.887999999999999901e+00 8.886770000000000502e-01
3.895000000000000018e+00 8.886230000000000517e-01
3.902000000000000135e+00 8.885690000000000532e-01
3.908999999999999808e+00 8.885159999999999725e-01
3.915999999999999925e+00 8.884649999999999492e-01
3.923000000000000043e+00 8.884140000000000370e-01
3.930000000000000160e+00 8.883630000000000138e-01
3.936999999999999833e+00 8.883140000000000480e-01
3.943999999999999950e+00 8.882649999999999713e-01
3.951000000000000068e+00 8.882170000000000343e-01
3.958000000000000185e+00 8.881689999999999863e-01
3.964999999999999858e+00 8.881229999999999958e-01
3.971999999999999975e+00 8.880770000000000053e-01
3.979000000000000092e+00 8.880320000000000435e-01
3.986000000000000210e+00 8.879879999999999995e-01
3.992999999999999883e+00 8.879439999999999555e-01
4.000000000000000000e+00 8.879010000000000513e-01
4.006999999999999673e+00 8.878589999999999538e-01
4.014000000000000234e+00 8.878179999999999961e-01
4.020999999999999908e+00 8.877779999999999561e-01
4.027999999999999581e+00 8.877380000000000271e-01
4.035000000000000142e+00 8.876990000000000158e-01
4.041999999999999815e+00 8.876610000000000333e-01
4.049000000000000377e+00 8.876230000000000508e-01
4.056000000000000050e+00 8.875870000000000148e-01
4.062999999999999723e+00 8.875509999999999788e-01
4.070000000000000284e+00 8.875159999999999716e-01
4.076999999999999957e+00 8.874819999999999931e-01
4.083999999999999631e+00 8.874480000000000146e-01
4.091000000000000192e+00 8.874159999999999826e-01
4.097999999999999865e+00 8.873839999999999506e-01
4.105000000000000426e+00 8.873529999999999474e-01
4.112000000000000099e+00 8.873220000000000551e-01
4.118999999999999773e+00 8.872929999999999984e-01
4.126000000000000334e+00 8.872649999999999704e-01
4.133000000000000007e+00 8.872370000000000534e-01
4.139999999999999680e+00 8.872100000000000541e-01
4.147000000000000242e+00 8.871839999999999726e-01
4.153999999999999915e+00 8.871590000000000309e-01
4.160999999999999588e+00 8.871350000000000069e-01
4.168000000000000149e+00 8.871120000000000116e-01
4.174999999999999822e+00 8.870890000000000164e-01
4.182000000000000384e+00 8.870679999999999676e-01
4.189000000000000057e+00 8.870470000000000299e-01
4.195999999999999730e+00 8.870270000000000099e-01
4.203000000000000291e+00 8.870080000000000187e-01
4.209999999999999964e+00 8.869899999999999451e-01
4.216999999999999638e+00 8.869740000000000402e-01
4.224000000000000199e+00 8.869580000000000242e-01
4.230999999999999872e+00 8.869430000000000369e-01
4.238000000000000433e+00 8.869289999999999674e-01
4.245000000000000107e+00 8.869150000000000089e-01
4.251999999999999780e+00 8.869029999999999969e-01
4.259000000000000341e+00 8.868920000000000137e-01
4.266000000000000014e+00 8.868819999999999482e-01
4.272999999999999687e+00 8.868730000000000224e-01
4.280000000000000249e+00 8.868650000000000144e-01
4.286999999999999922e+00 8.868580000000000352e-01
4.293999999999999595e+00 8.868519999999999737e-01
4.301000000000000156e+00 8.868470000000000519e-01
4.307999999999999829e+00 8.868430000000000479e-01
4.315000000000000391e+00 8.868399999999999617e-01
4.322000000000000064e+00 8.868390000000000439e-01
4.328999999999999737e+00 8.868380000000000152e-01
4.336000000000000298e+00 8.868380000000000152e-01
4.342999999999999972e+00 8.868399999999999617e-01
4.349999999999999645e+00 8.868430000000000479e-01
4.357000000000000206e+00 8.868460000000000232e-01
4.363999999999999879e+00 8.868509999999999449e-01
4.371000000000000441e+00 8.868570000000000064e-01
4.378000000000000114e+00 8.868639999999999857e-01
4.384999999999999787e+00 8.868730000000000224e-01
4.392000000000000348e+00 8.868819999999999482e-01
4.399000000000000021e+00 8.868930000000000424e-01
4.405999999999999694e+00 8.869040000000000257e-01
4.413000000000000256e+00 8.869169999999999554e-01
4.419999999999999929e+00 8.869310000000000249e-01
4.426999999999999602e+00 8.869470000000000409e-01
4.434000000000000163e+00 8.869629999999999459e-01
4.440999999999999837e+00 8.869810000000000194e-01
4.448000000000000398e+00 8.870000000000000107e-01
4.455000000000000071e+00 8.870200000000000307e-01
4.461999999999999744e+00 8.870409999999999684e-01
4.469000000000000306e+00 8.870639999999999636e-01
4.475999999999999979e+00 8.870869999999999589e-01
4.482999999999999652e+00 8.871120000000000116e-01
4.490000000000000213e+00 8.871390000000000109e-01
4.496999999999999886e+00 8.871660000000000101e-01
4.503999999999999559e+00 8.871949999999999559e-01
4.511000000000000121e+00 8.872250000000000414e-01
4.517999999999999794e+00 8.872560000000000446e-01
4.525000000000000355e+00 8.872879999999999656e-01
4.532000000000000028e+00 8.873220000000000551e-01
4.538999999999999702e+00 8.873569999999999514e-01
4.546000000000000263e+00 8.873929999999999874e-01
4.552999999999999936e+00 8.874300000000000521e-01
4.559999999999999609e+00 8.874689999999999523e-01
4.567000000000000171e+00 8.875089999999999923e-01
4.573999999999999844e+00 8.875499999999999501e-01
4.581000000000000405e+00 8.875929999999999653e-01
4.588000000000000078e+00 8.876359999999999806e-01
4.594999999999999751e+00 8.876810000000000533e-01
4.602000000000000313e+00 8.877279999999999616e-01
4.608999999999999986e+00 8.877749999999999808e-01
4.615999999999999659e+00 8.878239999999999466e-01
4.623000000000000220e+00 8.878740000000000521e-01
4.629999999999999893e+00 8.879249999999999643e-01
4.636999999999999567e+00 8.879780000000000451e-01
4.644000000000000128e+00 8.880320000000000435e-01
4.650999999999999801e+00 8.880869999999999598e-01
4.658000000000000362e+00 8.881430000000000158e-01
4.665000000000000036e+00 8.882010000000000183e-01
4.671999999999999709e+00 8.882600000000000495e-01
4.679000000000000270e+00 8.883199999999999985e-01
4.685999999999999943e+00 8.883809999999999762e-01
4.692999999999999616e+00 8.884440000000000115e-01
4.700000000000000178e+00 8.885079999999999645e-01
4.706999999999999851e+00 8.885729999999999462e-01
4.714000000000000412e+00 8.886389999999999567e-01
4.721000000000000085e+00 8.887070000000000247e-01
4.727999999999999758e+00 8.887760000000000105e-01
4.735000000000000320e+00 8.888460000000000250e-01
4.741999999999999993e+00 8.889169999999999572e-01
4.748999999999999666e+00 8.889899999999999469e-01
4.756000000000000227e+00 8.890639999999999654e-01
4.762999999999999901e+00 8.891390000000000127e-01
4.769999999999999574e+00 8.892149999999999777e-01
4.777000000000000135e+00 8.892919999999999714e-01
4.783999999999999808e+00 8.893710000000000226e-01
4.791000000000000369e+00 8.894509999999999916e-01
4.798000000000000043e+00 8.895319999999999894e-01
4.804999999999999716e+00 8.896140000000000159e-01
4.812000000000000277e+00 8.896969999999999601e-01
4.818999999999999950e+00 8.897819999999999618e-01
4.825999999999999623e+00 8.898679999999999923e-01
4.833000000000000185e+00 8.899540000000000228e-01
4.839999999999999858e+00 8.900430000000000286e-01
4.847000000000000419e+00 8.901320000000000343e-01
4.854000000000000092e+00 8.902219999999999578e-01
4.860999999999999766e+00 8.903140000000000498e-01
4.868000000000000327e+00 8.904069999999999485e-01
4.875000000000000000e+00 8.905009999999999870e-01
4.881999999999999673e+00 8.905960000000000543e-01
4.889000000000000234e+00 8.906920000000000393e-01
4.895999999999999908e+00 8.907890000000000530e-01
4.902999999999999581e+00 8.908880000000000132e-01
4.910000000000000142e+00 8.909869999999999735e-01
4.916999999999999815e+00 8.910879999999999912e-01
4.924000000000000377e+00 8.911900000000000377e-01
4.931000000000000050e+00 8.912930000000000019e-01
4.937999999999999723e+00 8.913969999999999949e-01
4.945000000000000284e+00 8.915020000000000167e-01
4.951999999999999957e+00 8.916079999999999561e-01
4.958999999999999631e+00 8.917159999999999531e-01
4.966000000000000192e+00 8.918239999999999501e-01
4.972999999999999865e+00 8.919340000000000046e-01
4.980000000000000426e+00 8.920449999999999768e-01
4.987000000000000099e+00 8.921559999999999491e-01
4.993999999999999773e+00 8.922689999999999788e-01
5.001000000000000334e+00 8.923830000000000373e-01
5.008000000000000007e+00 8.924980000000000135e-01
5.014999999999999680e+00 8.926140000000000185e-01
5.022000000000000242e+00 8.927310000000000523e-01
5.028999999999999915e+00 8.928500000000000325e-01
5.035999999999999588e+00 8.929690000000000127e-01
5.043000000000000149e+00 8.930890000000000217e-01
5.049999999999999822e+00 8.932109999999999772e-01
5.057000000000000384e+00 8.933330000000000437e-01
5.064000000000000057e+00 8.934569999999999457e-01
5.070999999999999730e+00 8.935819999999999874e-01
5.078000000000000291e+00 8.937070000000000292e-01
5.084999999999999964e+00 8.938340000000000174e-01
5.091999999999999638e+00 8.939620000000000344e-01
5.099000000000000199e+00 8.940909999999999691e-01
5.105999999999999872e+00 8.942210000000000436e-01
5.113000000000000433e+00 8.943520000000000358e-01
5.120000000000000107e+00 8.944839999999999458e-01
5.126999999999999780e+00 8.946169999999999956e-01
5.134000000000000341e+00 8.947509999999999630e-01
5.141000000000000014e+00 8.948869999999999880e-01
5.147999999999999687e+00 8.950230000000000130e-01
5.155000000000000249e+00 8.951599999999999557e-01
5.161999999999999922e+00 8.952989999999999560e-01
5.168999999999999595e+00 8.954379999999999562e-01
5.176000000000000156e+00 8.955790000000000139e-01
5.182999999999999829e+00 8.957209999999999894e-01
5.190000000000000391e+00 8.958629999999999649e-01
5.197000000000000064e+00 8.960069999999999979e-01
5.203999999999999737e+00 8.961519999999999486e-01
5.211000000000000298e+00 8.962980000000000391e-01
5.217999999999999972e+00 8.964450000000000474e-01
5.224999999999999645e+00 8.965929999999999733e-01
5.232000000000000206e+00 8.967429999999999568e-01
5.238999999999999879e+00 8.968930000000000513e-01
5.246000000000000441e+00 8.970449999999999813e-01
5.253000000000000114e+00 8.971970000000000223e-01
5.259999999999999787e+00 8.973510000000000097e-01
5.267000000000000348e+00 8.975060000000000260e-01
5.274000000000000021e+00 8.976619999999999600e-01
5.280999999999999694e+00 8.978190000000000337e-01
5.288000000000000256e+00 8.979770000000000252e-01
5.294999999999999929e+00 8.981360000000000454e-01
5.301999999999999602e+00 8.982970000000000121e-01
5.309000000000000163e+00 8.984590000000000076e-01
5.315999999999999837e+00 8.986220000000000319e-01
5.323000000000000398e+00 8.987859999999999738e-01
5.330000000000000071e+00 8.989509999999999446e-01
5.336999999999999744e+00 8.991170000000000551e-01
5.344000000000000306e+00 8.992850000000000010e-01
5.350999999999999979e+00 8.994539999999999758e-01
5.357999999999999652e+00 8.996239999999999792e-01
5.365000000000000213e+00 8.997950000000000115e-01
5.371999999999999886e+00 8.999669999999999614e-01
5.378999999999999559e+00 9.001409999999999689e-01
5.386000000000000121e+00 9.003160000000000052e-01
5.392999999999999794e+00 9.004919999999999591e-01
5.400000000000000355e+00 9.006699999999999706e-01
5.407000000000000028e+00 9.008479999999999821e-01
5.413999999999999702e+00 9.010280000000000511e-01
5.421000000000000263e+00 9.012099999999999556e-01
5.427999999999999936e+00 9.013919999999999710e-01
5.434999999999999609e+00 9.015760000000000440e-01
5.442000000000000171e+00 9.017619999999999525e-01
5.448999999999999844e+00 9.019479999999999720e-01
5.456000000000000405e+00 9.021360000000000490e-01
5.463000000000000078e+00 9.023259999999999614e-01
5.469999999999999751e+00 9.025170000000000137e-01
5.477000000000000313e+00 9.027089999999999836e-01
5.483999999999999986e+00 9.029019999999999824e-01
5.490999999999999659e+00 9.030970000000000386e-01
5.498000000000000220e+00 9.032940000000000413e-01
5.504999999999999893e+00 9.034910000000000441e-01
5.511999999999999567e+00 9.036910000000000220e-01
5.519000000000000128e+00 9.038920000000000288e-01
5.525999999999999801e+00 9.040939999999999532e-01
5.533000000000000362e+00 9.042980000000000462e-01
