Energy PhaseShift
1.000000000000000021e-02 1.044870000000000054e+01
1.700000000000000122e-02 1.311790000000000056e+01
2.400000000000000050e-02 1.503040000000000020e+01
3.099999999999999978e-02 1.649459999999999837e+01
3.799999999999999906e-02 1.765500000000000114e+01
4.499999999999999833e-02 1.859390000000000143e+01
5.199999999999999761e-02 1.936339999999999861e+01
5.899999999999999689e-02 1.999899999999999878e+01
6.600000000000000311e-02 2.052639999999999887e+01
7.299999999999999545e-02 2.096460000000000079e+01
8.000000000000000167e-02 2.132829999999999870e+01
8.699999999999999400e-02 2.162910000000000110e+01
9.400000000000000022e-02 2.187600000000000122e+01
1.010000000000000064e-01 2.207659999999999911e+01
1.079999999999999988e-01 2.223689999999999856e+01
1.150000000000000050e-01 2.236199999999999832e+01
1.219999999999999973e-01 2.245619999999999905e+01
1.290000000000000036e-01 2.252299999999999969e+01
1.360000000000000098e-01 2.256569999999999965e+01
1.429999999999999882e-01 2.258689999999999998e+01
1.499999999999999944e-01 2.258889999999999887e+01
1.570000000000000007e-01 2.257369999999999877e+01
1.640000000000000069e-01 2.254299999999999926e+01
1.710000000000000131e-01 2.249840000000000018e+01
1.779999999999999916e-01 2.244119999999999848e+01
1.849999999999999978e-01 2.237269999999999825e+01
1.920000000000000040e-01 2.229380000000000095e+01
1.990000000000000102e-01 2.220560000000000045e+01
2.059999999999999887e-01 2.210889999999999844e+01
2.129999999999999949e-01 2.200450000000000017e+01
2.200000000000000011e-01 2.189300000000000068e+01
2.270000000000000073e-01 2.177509999999999835e+01
2.340000000000000135e-01 2.165129999999999910e+01
2.409999999999999920e-01 2.152220000000000155e+01
2.479999999999999982e-01 2.138810000000000144e+01
2.550000000000000044e-01 2.124960000000000093e+01
2.620000000000000107e-01 2.110699999999999932e+01
2.690000000000000169e-01 2.096069999999999922e+01
2.760000000000000231e-01 2.081090000000000018e+01
2.829999999999999738e-01 2.065800000000000125e+01
2.899999999999999800e-01 2.050230000000000175e+01
2.969999999999999862e-01 2.034390000000000143e+01
3.039999999999999925e-01 2.018309999999999960e+01
3.109999999999999987e-01 2.002019999999999911e+01
3.180000000000000049e-01 1.985519999999999996e+01
3.250000000000000111e-01 1.968850000000000122e+01
3.320000000000000173e-01 1.952009999999999934e+01
3.390000000000000235e-01 1.935020000000000095e+01
3.459999999999999742e-01 1.917899999999999849e+01
3.529999999999999805e-01 1.900659999999999883e+01
3.599999999999999867e-01 1.883299999999999841e+01
3.669999999999999929e-01 1.865850000000000009e+01
3.739999999999999991e-01 1.848310000000000031e+01
3.810000000000000053e-01 1.830689999999999884e+01
3.880000000000000115e-01 1.812999999999999901e+01
3.950000000000000178e-01 1.795250000000000057e+01
4.020000000000000240e-01 1.777449999999999974e+01
4.089999999999999747e-01 1.759600000000000009e+01
4.159999999999999809e-01 1.741720000000000113e+01
4.229999999999999871e-01 1.723799999999999955e+01
4.299999999999999933e-01 1.705859999999999843e+01
4.369999999999999996e-01 1.687890000000000157e+01
4.440000000000000058e-01 1.669910000000000139e+01
4.510000000000000120e-01 1.651920000000000144e+01
4.580000000000000182e-01 1.633930000000000149e+01
4.650000000000000244e-01 1.615930000000000177e+01
4.719999999999999751e-01 1.597930000000000028e+01
4.789999999999999813e-01 1.579950000000000010e+01
4.859999999999999876e-01 1.561969999999999992e+01
4.929999999999999938e-01 1.543999999999999950e+01
5.000000000000000000e-01 1.526050000000000040e+01
5.070000000000000062e-01 1.508120000000000083e+01
5.140000000000000124e-01 1.490210000000000079e+01
5.210000000000000187e-01 1.472330000000000005e+01
5.280000000000000249e-01 1.454470000000000063e+01
5.350000000000000311e-01 1.436640000000000050e+01
5.420000000000000373e-01 1.418839999999999968e+01
5.490000000000000435e-01 1.401069999999999993e+01
5.560000000000000497e-01 1.383339999999999925e+01
5.629999999999999449e-01 1.365649999999999942e+01
5.699999999999999512e-01 1.347990000000000066e+01
5.769999999999999574e-01 1.330380000000000074e+01
5.839999999999999636e-01 1.312800000000000011e+01
5.909999999999999698e-01 1.295270000000000010e+01
5.979999999999999760e-01 1.277779999999999916e+01
6.049999999999999822e-01 1.260330000000000084e+01
6.119999999999999885e-01 1.242939999999999934e+01
6.189999999999999947e-01 1.225580000000000069e+01
6.260000000000000009e-01 1.208280000000000065e+01
6.330000000000000071e-01 1.191019999999999968e+01
6.400000000000000133e-01 1.173820000000000086e+01
6.470000000000000195e-01 1.156659999999999933e+01
6.540000000000000258e-01 1.139559999999999995e+01
6.610000000000000320e-01 1.122499999999999964e+01
6.680000000000000382e-01 1.105499999999999972e+01
6.750000000000000444e-01 1.088550000000000040e+01
6.820000000000000506e-01 1.071649999999999991e+01
6.889999999999999458e-01 1.054809999999999981e+01
6.959999999999999520e-01 1.038020000000000032e+01
7.029999999999999583e-01 1.021289999999999942e+01
7.099999999999999645e-01 1.004609999999999914e+01
7.169999999999999707e-01 9.879899999999999238e+00
7.239999999999999769e-01 9.714199999999999946e+00
7.309999999999999831e-01 9.549099999999999255e+00
7.379999999999999893e-01 9.384499999999999176e+00
7.449999999999999956e-01 9.220499999999999474e+00
7.520000000000000018e-01 9.057100000000000151e+00
7.590000000000000080e-01 8.894299999999999429e+00
7.660000000000000142e-01 8.731999999999999318e+00
7.730000000000000204e-01 8.570199999999999818e+00
7.800000000000000266e-01 8.409100000000000463e+00
7.870000000000000329e-01 8.248499999999999943e+00
7.940000000000000391e-01 8.088499999999999801e+00
8.010000000000000453e-01 7.929000000000000270e+00
8.080000000000000515e-01 7.770199999999999996e+00
8.149999999999999467e-01 7.611900000000000333e+00
8.219999999999999529e-01 7.454200000000000159e+00
8.289999999999999591e-01 7.296999999999999709e+00
8.359999999999999654e-01 7.140399999999999636e+00
8.429999999999999716e-01 6.984499999999999709e+00
8.499999999999999778e-01 6.828999999999999737e+00
8.569999999999999840e-01 6.674199999999999910e+00
8.639999999999999902e-01 6.519899999999999807e+00
8.709999999999999964e-01 6.366200000000000081e+00
8.780000000000000027e-01 6.213099999999999845e+00
8.850000000000000089e-01 6.060500000000000220e+00
8.920000000000000151e-01 5.908500000000000085e+00
8.990000000000000213e-01 5.757100000000000328e+00
9.060000000000000275e-01 5.606200000000000294e+00
9.130000000000000338e-01 5.455899999999999750e+00
9.200000000000000400e-01 5.306199999999999584e+00
9.270000000000000462e-01 5.157000000000000028e+00
9.340000000000000524e-01 5.008399999999999963e+00
9.409999999999999476e-01 4.860400000000000276e+00
9.479999999999999538e-01 4.712900000000000311e+00
9.549999999999999600e-01 4.565999999999999837e+00
9.619999999999999662e-01 4.419599999999999973e+00
9.689999999999999725e-01 4.273799999999999599e+00
9.759999999999999787e-01 4.128499999999999837e+00
9.829999999999999849e-01 3.983800000000000008e+00
9.899999999999999911e-01 3.839700000000000113e+00
9.969999999999999973e-01 3.696099999999999941e+00
1.004000000000000004e+00 3.552999999999999936e+00
1.010999999999999899e+00 3.410499999999999865e+00
1.018000000000000016e+00 3.268600000000000172e+00
1.024999999999999911e+00 3.127099999999999991e+00
1.032000000000000028e+00 2.986299999999999955e+00
1.038999999999999924e+00 2.845899999999999874e+00
1.046000000000000041e+00 2.706100000000000172e+00
1.052999999999999936e+00 2.566899999999999959e+00
1.060000000000000053e+00 2.428100000000000147e+00
1.066999999999999948e+00 2.289899999999999824e+00
1.074000000000000066e+00 2.152299999999999880e+00
1.080999999999999961e+00 2.015099999999999891e+00
1.088000000000000078e+00 1.878500000000000059e+00
1.094999999999999973e+00 1.742399999999999949e+00
1.102000000000000091e+00 1.606899999999999995e+00
1.108999999999999986e+00 1.471799999999999997e+00
1.116000000000000103e+00 1.337299999999999933e+00
1.122999999999999998e+00 1.203300000000000036e+00
1.129999999999999893e+00 1.069800000000000084e+00
1.137000000000000011e+00 9.367999999999999661e-01
1.143999999999999906e+00 8.044000000000000039e-01
1.151000000000000023e+00 6.723999999999999977e-01
1.157999999999999918e+00 5.410000000000000364e-01
1.165000000000000036e+00 4.101000000000000201e-01
1.171999999999999931e+00 2.796000000000000152e-01
1.179000000000000048e+00 1.496999999999999997e-01
1.185999999999999943e+00 2.029999999999999860e-02
1.193000000000000060e+00 -1.086000000000000021e-01
1.199999999999999956e+00 -2.369999999999999885e-01
1.207000000000000073e+00 -3.649999999999999911e-01
1.213999999999999968e+00 -4.924000000000000044e-01
1.221000000000000085e+00 -6.192999999999999616e-01
1.227999999999999980e+00 -7.457000000000000295e-01
1.235000000000000098e+00 -8.717000000000000304e-01
1.241999999999999993e+00 -9.970999999999999863e-01
1.249000000000000110e+00 -1.122100000000000097e+00
1.256000000000000005e+00 -1.246599999999999930e+00
1.262999999999999901e+00 -1.370600000000000041e+00
1.270000000000000018e+00 -1.494099999999999984e+00
1.276999999999999913e+00 -1.617099999999999982e+00
1.284000000000000030e+00 -1.739700000000000024e+00
1.290999999999999925e+00 -1.861799999999999899e+00
1.298000000000000043e+00 -1.983400000000000052e+00
1.304999999999999938e+00 -2.104499999999999815e+00
1.312000000000000055e+00 -2.225099999999999856e+00
1.318999999999999950e+00 -2.345299999999999940e+00
1.326000000000000068e+00 -2.464999999999999858e+00
1.332999999999999963e+00 -2.584200000000000053e+00
1.340000000000000080e+00 -2.702999999999999847e+00
1.346999999999999975e+00 -2.821299999999999919e+00
1.354000000000000092e+00 -2.939099999999999824e+00
1.360999999999999988e+00 -3.056500000000000217e+00
1.368000000000000105e+00 -3.173399999999999999e+00
1.375000000000000000e+00 -3.289800000000000058e+00
1.381999999999999895e+00 -3.405800000000000161e+00
1.389000000000000012e+00 -3.521300000000000097e+00
1.395999999999999908e+00 -3.636400000000000077e+00
1.403000000000000025e+00 -3.750999999999999890e+00
1.409999999999999920e+00 -3.865099999999999980e+00
1.417000000000000037e+00 -3.978800000000000114e+00
1.423999999999999932e+00 -4.091999999999999638e+00
1.431000000000000050e+00 -4.204799999999999649e+00
1.437999999999999945e+00 -4.317099999999999937e+00
1.445000000000000062e+00 -4.428899999999999615e+00
1.451999999999999957e+00 -4.540300000000000225e+00
1.459000000000000075e+00 -4.651299999999999990e+00
1.465999999999999970e+00 -4.761800000000000033e+00
1.473000000000000087e+00 -4.871800000000000352e+00
1.479999999999999982e+00 -4.981399999999999828e+00
1.487000000000000099e+00 -5.090600000000000236e+00
1.493999999999999995e+00 -5.199300000000000033e+00
1.500999999999999890e+00 -5.307500000000000107e+00
1.508000000000000007e+00 -5.415300000000000225e+00
1.514999999999999902e+00 -5.522700000000000387e+00
1.522000000000000020e+00 -5.629599999999999937e+00
1.528999999999999915e+00 -5.736100000000000421e+00
1.536000000000000032e+00 -5.842100000000000293e+00
1.542999999999999927e+00 -5.947600000000000442e+00
1.550000000000000044e+00 -6.052699999999999747e+00
1.556999999999999940e+00 -6.157399999999999984e+00
1.564000000000000057e+00 -6.261599999999999611e+00
1.570999999999999952e+00 -6.365400000000000169e+00
1.578000000000000069e+00 -6.468700000000000117e+00
1.584999999999999964e+00 -6.571600000000000108e+00
1.592000000000000082e+00 -6.674000000000000377e+00
1.598999999999999977e+00 -6.775900000000000034e+00
1.606000000000000094e+00 -6.877399999999999736e+00
1.612999999999999989e+00 -6.978500000000000369e+00
1.620000000000000107e+00 -7.079100000000000392e+00
1.627000000000000002e+00 -7.179299999999999571e+00
1.633999999999999897e+00 -7.278999999999999915e+00
1.641000000000000014e+00 -7.378199999999999648e+00
1.647999999999999909e+00 -7.477000000000000313e+00
1.655000000000000027e+00 -7.575300000000000367e+00
1.661999999999999922e+00 -7.673199999999999577e+00
1.669000000000000039e+00 -7.770599999999999952e+00
1.675999999999999934e+00 -7.867499999999999716e+00
1.683000000000000052e+00 -7.964000000000000412e+00
1.689999999999999947e+00 -8.059900000000000730e+00
1.697000000000000064e+00 -8.155499999999999972e+00
1.703999999999999959e+00 -8.250500000000000611e+00
1.711000000000000076e+00 -8.345100000000000406e+00
1.717999999999999972e+00 -8.439199999999999591e+00
1.725000000000000089e+00 -8.532799999999999940e+00
1.731999999999999984e+00 -8.625899999999999679e+00
1.739000000000000101e+00 -8.718500000000000583e+00
1.745999999999999996e+00 -8.810600000000000875e+00
1.752999999999999892e+00 -8.902200000000000557e+00
1.760000000000000009e+00 -8.993299999999999628e+00
1.766999999999999904e+00 -9.083899999999999864e+00
1.774000000000000021e+00 -9.173999999999999488e+00
1.780999999999999917e+00 -9.263600000000000279e+00
1.788000000000000034e+00 -9.352600000000000691e+00
1.794999999999999929e+00 -9.441100000000000492e+00
1.802000000000000046e+00 -9.529099999999999682e+00
1.808999999999999941e+00 -9.616500000000000270e+00
1.816000000000000059e+00 -9.703300000000000480e+00
1.822999999999999954e+00 -9.789600000000000080e+00
1.830000000000000071e+00 -9.875299999999999301e+00
1.836999999999999966e+00 -9.960399999999999920e+00
1.844000000000000083e+00 -1.004490000000000016e+01
1.850999999999999979e+00 -1.012870000000000026e+01
1.858000000000000096e+00 -1.021199999999999974e+01
1.864999999999999991e+00 -1.029460000000000086e+01
1.872000000000000108e+00 -1.037650000000000006e+01
1.879000000000000004e+00 -1.045780000000000065e+01
1.885999999999999899e+00 -1.053839999999999932e+01
1.893000000000000016e+00 -1.061819999999999986e+01
1.899999999999999911e+00 -1.069730000000000025e+01
1.907000000000000028e+00 -1.077570000000000050e+01
1.913999999999999924e+00 -1.085319999999999929e+01
1.921000000000000041e+00 -1.092989999999999995e+01
1.927999999999999936e+00 -1.100569999999999915e+01
1.935000000000000053e+00 -1.108070000000000022e+01
1.941999999999999948e+00 -1.115470000000000006e+01
1.949000000000000066e+00 -1.122760000000000069e+01
1.955999999999999961e+00 -1.129959999999999987e+01
1.963000000000000078e+00 -1.137040000000000006e+01
1.969999999999999973e+00 -1.143999999999999950e+01
1.977000000000000091e+00 -1.150830000000000020e+01
1.983999999999999986e+00 -1.157530000000000037e+01
1.991000000000000103e+00 -1.164080000000000048e+01
1.997999999999999998e+00 -1.170459999999999923e+01
2.004999999999999893e+00 -1.176660000000000039e+01
2.012000000000000011e+00 -1.182670000000000066e+01
2.019000000000000128e+00 -1.188439999999999941e+01
2.025999999999999801e+00 -1.193960000000000043e+01
2.032999999999999918e+00 -1.199179999999999957e+01
2.040000000000000036e+00 -1.204039999999999999e+01
2.047000000000000153e+00 -1.208460000000000001e+01
2.053999999999999826e+00 -1.212340000000000018e+01
2.060999999999999943e+00 -1.215489999999999959e+01
2.068000000000000060e+00 -1.217600000000000016e+01
2.075000000000000178e+00 -1.218019999999999925e+01
2.081999999999999851e+00 -1.214879999999999960e+01
2.088999999999999968e+00 -1.200389999999999979e+01
2.096000000000000085e+00 -1.210529999999999973e+01
2.103000000000000203e+00 -1.220640000000000036e+01
2.109999999999999876e+00 -1.230729999999999968e+01
2.116999999999999993e+00 -1.240799999999999947e+01
2.124000000000000110e+00 -1.250849999999999973e+01
2.130999999999999783e+00 -1.260870000000000068e+01
2.137999999999999901e+00 -1.270880000000000010e+01
2.145000000000000018e+00 -1.280860000000000021e+01
2.152000000000000135e+00 -1.290820000000000078e+01
2.158999999999999808e+00 -1.300760000000000005e+01
2.165999999999999925e+00 -1.310670000000000002e+01
2.173000000000000043e+00 -1.320570000000000022e+01
2.180000000000000160e+00 -1.330439999999999934e+01
2.186999999999999833e+00 -1.340290000000000070e+01
2.193999999999999950e+00 -1.350109999999999921e+01
2.201000000000000068e+00 -1.359919999999999973e+01
2.208000000000000185e+00 -1.369699999999999918e+01
2.214999999999999858e+00 -1.379460000000000086e+01
2.221999999999999975e+00 -1.389189999999999969e+01
2.229000000000000092e+00 -1.398910000000000053e+01
2.236000000000000210e+00 -1.408600000000000030e+01
2.242999999999999883e+00 -1.418260000000000076e+01
2.250000000000000000e+00 -1.427909999999999968e+01
2.257000000000000117e+00 -1.437529999999999930e+01
2.263999999999999790e+00 -1.447129999999999939e+01
2.270999999999999908e+00 -1.456700000000000017e+01
2.278000000000000025e+00 -1.466249999999999964e+01
2.285000000000000142e+00 -1.475779999999999959e+01
2.291999999999999815e+00 -1.485280000000000022e+01
2.298999999999999932e+00 -1.494759999999999955e+01
2.306000000000000050e+00 -1.504219999999999935e+01
2.313000000000000167e+00 -1.513659999999999961e+01
2.319999999999999840e+00 -1.523070000000000057e+01
2.326999999999999957e+00 -1.532450000000000045e+01
2.334000000000000075e+00 -1.541820000000000057e+01
2.341000000000000192e+00 -1.551159999999999961e+01
2.347999999999999865e+00 -1.560469999999999935e+01
2.354999999999999982e+00 -1.569759999999999955e+01
2.362000000000000099e+00 -1.579030000000000022e+01
2.369000000000000217e+00 -1.588279999999999959e+01
2.375999999999999890e+00 -1.597499999999999964e+01
2.383000000000000007e+00 -1.606700000000000017e+01
2.390000000000000124e+00 -1.615869999999999962e+01
2.396999999999999797e+00 -1.625019999999999953e+01
2.403999999999999915e+00 -1.634140000000000015e+01
2.411000000000000032e+00 -1.643240000000000123e+01
2.418000000000000149e+00 -1.652319999999999922e+01
2.424999999999999822e+00 -1.661380000000000123e+01
2.431999999999999940e+00 -1.670410000000000039e+01
2.439000000000000057e+00 -1.679410000000000025e+01
2.446000000000000174e+00 -1.688400000000000034e+01
2.452999999999999847e+00 -1.697350000000000136e+01
2.459999999999999964e+00 -1.706289999999999907e+01
2.467000000000000082e+00 -1.715200000000000102e+01
2.474000000000000199e+00 -1.724089999999999989e+01
2.480999999999999872e+00 -1.732949999999999946e+01
2.487999999999999989e+00 -1.741789999999999949e+01
2.495000000000000107e+00 -1.750609999999999999e+01
2.501999999999999780e+00 -1.759400000000000119e+01
2.508999999999999897e+00 -1.768169999999999931e+01
2.516000000000000014e+00 -1.776920000000000144e+01
2.523000000000000131e+00 -1.785640000000000072e+01
2.529999999999999805e+00 -1.794340000000000046e+01
2.536999999999999922e+00 -1.803020000000000067e+01
2.544000000000000039e+00 -1.811670000000000158e+01
2.551000000000000156e+00 -1.820299999999999940e+01
2.557999999999999829e+00 -1.828910000000000124e+01
2.564999999999999947e+00 -1.837490000000000023e+01
2.572000000000000064e+00 -1.846049999999999969e+01
2.579000000000000181e+00 -1.854589999999999961e+01
2.585999999999999854e+00 -1.863100000000000023e+01
2.592999999999999972e+00 -1.871600000000000108e+01
2.600000000000000089e+00 -1.880069999999999908e+01
2.607000000000000206e+00 -1.888510000000000133e+01
2.613999999999999879e+00 -1.896940000000000026e+01
2.620999999999999996e+00 -1.905339999999999989e+01
2.628000000000000114e+00 -1.913719999999999999e+01
2.634999999999999787e+00 -1.922080000000000055e+01
2.641999999999999904e+00 -1.930409999999999826e+01
2.649000000000000021e+00 -1.938719999999999999e+01
2.656000000000000139e+00 -1.947019999999999840e+01
2.662999999999999812e+00 -1.955290000000000106e+01
2.669999999999999929e+00 -1.963530000000000086e+01
2.677000000000000046e+00 -1.971760000000000090e+01
2.684000000000000163e+00 -1.979960000000000164e+01
2.690999999999999837e+00 -1.988149999999999906e+01
2.697999999999999954e+00 -1.996310000000000073e+01
2.705000000000000071e+00 -2.004449999999999932e+01
2.712000000000000188e+00 -2.012569999999999837e+01
2.718999999999999861e+00 -2.020660000000000167e+01
2.725999999999999979e+00 -2.028740000000000165e+01
2.733000000000000096e+00 -2.036799999999999855e+01
2.740000000000000213e+00 -2.044829999999999970e+01
2.746999999999999886e+00 -2.052850000000000108e+01
2.754000000000000004e+00 -2.060839999999999961e+01
2.761000000000000121e+00 -2.068809999999999860e+01
2.767999999999999794e+00 -2.076770000000000138e+01
2.774999999999999911e+00 -2.084700000000000131e+01
2.782000000000000028e+00 -2.092610000000000170e+01
2.789000000000000146e+00 -2.100499999999999901e+01
2.795999999999999819e+00 -2.108380000000000010e+01
2.802999999999999936e+00 -2.116229999999999833e+01
2.810000000000000053e+00 -2.124060000000000059e+01
2.817000000000000171e+00 -2.131879999999999953e+01
2.823999999999999844e+00 -2.139669999999999916e+01
2.830999999999999961e+00 -2.147449999999999903e+01
2.838000000000000078e+00 -2.155199999999999960e+01
2.845000000000000195e+00 -2.162940000000000040e+01
2.851999999999999869e+00 -2.170660000000000167e+01
2.858999999999999986e+00 -2.178350000000000009e+01
2.866000000000000103e+00 -2.186029999999999873e+01
2.873000000000000220e+00 -2.193690000000000140e+01
2.879999999999999893e+00 -2.201340000000000074e+01
2.887000000000000011e+00 -2.208960000000000079e+01
2.894000000000000128e+00 -2.216570000000000107e+01
2.900999999999999801e+00 -2.224149999999999849e+01
2.907999999999999918e+00 -2.231719999999999970e+01
2.915000000000000036e+00 -2.239280000000000115e+01
2.922000000000000153e+00 -2.246809999999999974e+01
2.928999999999999826e+00 -2.254319999999999879e+01
2.935999999999999943e+00 -2.261820000000000164e+01
2.943000000000000060e+00 -2.269300000000000139e+01
2.950000000000000178e+00 -2.276760000000000161e+01
2.956999999999999851e+00 -2.284209999999999852e+01
2.963999999999999968e+00 -2.291639999999999944e+01
2.971000000000000085e+00 -2.299050000000000082e+01
2.978000000000000203e+00 -2.306439999999999912e+01
2.984999999999999876e+00 -2.313820000000000121e+01
2.991999999999999993e+00 -2.321180000000000021e+01
2.999000000000000110e+00 -2.328519999999999968e+01
3.005999999999999783e+00 -2.335849999999999937e+01
3.012999999999999901e+00 -2.343159999999999954e+01
3.020000000000000018e+00 -2.350450000000000017e+01
3.027000000000000135e+00 -2.357730000000000103e+01
3.033999999999999808e+00 -2.364989999999999881e+01
3.040999999999999925e+00 -2.372230000000000061e+01
3.048000000000000043e+00 -2.379459999999999908e+01
3.055000000000000160e+00 -2.386670000000000158e+01
3.061999999999999833e+00 -2.393870000000000076e+01
3.068999999999999950e+00 -2.401050000000000040e+01
3.076000000000000068e+00 -2.408220000000000027e+01
3.083000000000000185e+00 -2.415360000000000085e+01
3.089999999999999858e+00 -2.422500000000000142e+01
3.096999999999999975e+00 -2.429619999999999891e+01
3.104000000000000092e+00 -2.436720000000000041e+01
3.111000000000000210e+00 -2.443799999999999883e+01
3.117999999999999883e+00 -2.450880000000000081e+01
3.125000000000000000e+00 -2.457929999999999993e+01
3.132000000000000117e+00 -2.464969999999999928e+01
3.138999999999999790e+00 -2.471999999999999886e+01
3.145999999999999908e+00 -2.479009999999999891e+01
3.153000000000000025e+00 -2.486009999999999920e+01
3.160000000000000142e+00 -2.492989999999999995e+01
3.166999999999999815e+00 -2.499960000000000093e+01
3.173999999999999932e+00 -2.506909999999999883e+01
3.181000000000000050e+00 -2.513850000000000051e+01
3.188000000000000167e+00 -2.520769999999999911e+01
3.194999999999999840e+00 -2.527680000000000149e+01
3.201999999999999957e+00 -2.534580000000000055e+01
3.209000000000000075e+00 -2.541460000000000008e+01
3.216000000000000192e+00 -2.548320000000000007e+01
3.222999999999999865e+00 -2.555180000000000007e+01
3.229999999999999982e+00 -2.562010000000000076e+01
3.237000000000000099e+00 -2.568840000000000146e+01
3.244000000000000217e+00 -2.575649999999999906e+01
3.250999999999999890e+00 -2.582440000000000069e+01
3.258000000000000007e+00 -2.589219999999999899e+01
3.265000000000000124e+00 -2.595990000000000109e+01
3.271999999999999797e+00 -2.602749999999999986e+01
3.278999999999999915e+00 -2.609489999999999910e+01
3.286000000000000032e+00 -2.616219999999999857e+01
3.293000000000000149e+00 -2.622929999999999851e+01
3.299999999999999822e+00 -2.629629999999999868e+01
3.306999999999999940e+00 -2.636319999999999908e+01
3.314000000000000057e+00 -2.642989999999999995e+01
3.321000000000000174e+00 -2.649650000000000105e+01
3.327999999999999847e+00 -2.656299999999999883e+01
3.334999999999999964e+00 -2.662930000000000064e+01
3.342000000000000082e+00 -2.669549999999999912e+01
3.349000000000000199e+00 -2.676160000000000139e+01
3.355999999999999872e+00 -2.682750000000000057e+01
3.362999999999999989e+00 -2.689329999999999998e+01
3.370000000000000107e+00 -2.695899999999999963e+01
3.376999999999999780e+00 -2.702449999999999974e+01
3.383999999999999897e+00 -2.708990000000000009e+01
3.391000000000000014e+00 -2.715520000000000067e+01
3.398000000000000131e+00 -2.722040000000000148e+01
3.404999999999999805e+00 -2.728539999999999921e+01
3.411999999999999922e+00 -2.735030000000000072e+01
3.419000000000000039e+00 -2.741509999999999891e+01
3.426000000000000156e+00 -2.747970000000000113e+01
3.432999999999999829e+00 -2.754420000000000002e+01
3.439999999999999947e+00 -2.760859999999999914e+01
3.447000000000000064e+00 -2.767289999999999850e+01
3.454000000000000181e+00 -2.773699999999999832e+01
3.460999999999999854e+00 -2.780099999999999838e+01
3.467999999999999972e+00 -2.786489999999999867e+01
3.475000000000000089e+00 -2.792869999999999919e+01
3.482000000000000206e+00 -2.799230000000000018e+01
3.488999999999999879e+00 -2.805580000000000140e+01
3.495999999999999996e+00 -2.811919999999999931e+01
3.503000000000000114e+00 -2.818250000000000099e+01
3.509999999999999787e+00 -2.824559999999999960e+01
3.516999999999999904e+00 -2.830859999999999843e+01
3.524000000000000021e+00 -2.837150000000000105e+01
3.531000000000000139e+00 -2.843430000000000035e+01
3.537999999999999812e+00 -2.849699999999999989e+01
3.544999999999999929e+00 -2.855949999999999989e+01
3.552000000000000046e+00 -2.862190000000000012e+01
3.559000000000000163e+00 -2.868420000000000059e+01
3.565999999999999837e+00 -2.874630000000000152e+01
3.572999999999999954e+00 -2.880839999999999890e+01
3.580000000000000071e+00 -2.887030000000000030e+01
3.587000000000000188e+00 -2.893209999999999837e+01
3.593999999999999861e+00 -2.899370000000000047e+01
3.600999999999999979e+00 -2.905529999999999902e+01
3.608000000000000096e+00 -2.911670000000000158e+01
3.615000000000000213e+00 -2.917800000000000082e+01
3.621999999999999886e+00 -2.923920000000000030e+01
3.629000000000000004e+00 -2.930030000000000001e+01
3.636000000000000121e+00 -2.936120000000000019e+01
3.642999999999999794e+00 -2.942200000000000060e+01
3.649999999999999911e+00 -2.948270000000000124e+01
3.657000000000000028e+00 -2.954329999999999856e+01
3.664000000000000146e+00 -2.960379999999999967e+01
3.670999999999999819e+00 -2.966410000000000124e+01
3.677999999999999936e+00 -2.972439999999999927e+01
3.685000000000000053e+00 -2.978450000000000131e+01
3.692000000000000171e+00 -2.984450000000000003e+01
3.698999999999999844e+00 -2.990429999999999922e+01
3.705999999999999961e+00 -2.996409999999999840e+01
3.713000000000000078e+00 -3.002370000000000161e+01
3.720000000000000195e+00 -3.008320000000000149e+01
3.726999999999999869e+00 -3.014260000000000161e+01
3.733999999999999986e+00 -3.020189999999999841e+01
3.741000000000000103e+00 -3.026109999999999900e+01
3.748000000000000220e+00 -3.032010000000000005e+01
3.754999999999999893e+00 -3.037900000000000134e+01
3.762000000000000011e+00 -3.043779999999999930e+01
3.769000000000000128e+00 -3.049650000000000105e+01
3.775999999999999801e+00 -3.055509999999999948e+01
3.782999999999999918e+00 -3.061349999999999838e+01
3.790000000000000036e+00 -3.067180000000000106e+01
3.797000000000000153e+00 -3.073000000000000043e+01
3.803999999999999826e+00 -3.078810000000000002e+01
3.810999999999999943e+00 -3.084609999999999985e+01
3.818000000000000060e+00 -3.090399999999999991e+01
3.825000000000000178e+00 -3.096170000000000044e+01
3.831999999999999851e+00 -3.101930000000000121e+01
3.838999999999999968e+00 -3.107679999999999865e+01
3.846000000000000085e+00 -3.113419999999999987e+01
3.853000000000000203e+00 -3.119150000000000134e+01
3.859999999999999876e+00 -3.124859999999999971e+01
3.866999999999999993e+00 -3.130570000000000164e+01
3.874000000000000110e+00 -3.136260000000000048e+01
3.880999999999999783e+00 -3.141939999999999955e+01
3.887999999999999901e+00 -3.147609999999999886e+01
3.895000000000000018e+00 -3.153259999999999863e+01
3.902000000000000135e+00 -3.158909999999999840e+01
3.908999999999999808e+00 -3.164539999999999864e+01
3.915999999999999925e+00 -3.170159999999999911e+01
3.923000000000000043e+00 -3.175769999999999982e+01
3.930000000000000160e+00 -3.181370000000000076e+01
3.936999999999999833e+00 -3.186949999999999861e+01
3.943999999999999950e+00 -3.192530000000000001e+01
3.951000000000000068e+00 -3.198089999999999833e+01
3.958000000000000185e+00 -3.203640000000000043e+01
3.964999999999999858e+00 -3.209179999999999922e+01
3.971999999999999975e+00 -3.214710000000000178e+01
3.979000000000000092e+00 -3.220219999999999771e+01
3.986000000000000210e+00 -3.225730000000000075e+01
3.992999999999999883e+00 -3.231219999999999715e+01
4.000000000000000000e+00 -3.236699999999999733e+01
4.006999999999999673e+00 -3.242170000000000130e+01
4.014000000000000234e+00 -3.247630000000000194e+01
4.020999999999999908e+00 -3.253070000000000306e+01
4.027999999999999581e+00 -3.258509999999999707e+01
4.035000000000000142e+00 -3.263929999999999865e+01
4.041999999999999815e+00 -3.269339999999999691e+01
4.049000000000000377e+00 -3.274739999999999895e+01
4.056000000000000050e+00 -3.280129999999999768e+01
4.062999999999999723e+00 -3.285499999999999687e+01
4.070000000000000284e+00 -3.290870000000000317e+01
4.076999999999999957e+00 -3.296220000000000283e+01
4.083999999999999631e+00 -3.301559999999999917e+01
4.091000000000000192e+00 -3.306889999999999930e+01
4.097999999999999865e+00 -3.312210000000000321e+01
4.105000000000000426e+00 -3.317519999999999669e+01
4.112000000000000099e+00 -3.322809999999999775e+01
4.118999999999999773e+00 -3.328090000000000259e+01
4.126000000000000334e+00 -3.333359999999999701e+01
4.133000000000000007e+00 -3.338620000000000232e+01
4.139999999999999680e+00 -3.343869999999999720e+01
4.147000000000000242e+00 -3.349110000000000298e+01
4.153999999999999915e+00 -3.354330000000000211e+01
4.160999999999999588e+00 -3.359550000000000125e+01
4.168000000000000149e+00 -3.364750000000000085e+01
4.174999999999999822e+00 -3.369939999999999714e+01
4.182000000000000384e+00 -3.375110000000000099e+01
4.189000000000000057e+00 -3.380279999999999774e+01
4.195999999999999730e+00 -3.385439999999999827e+01
4.203000000000000291e+00 -3.390579999999999927e+01
4.209999999999999964e+00 -3.395709999999999695e+01
4.216999999999999638e+00 -3.400829999999999842e+01
4.224000000000000199e+00 -3.405939999999999657e+01
4.230999999999999872e+00 -3.411039999999999850e+01
4.238000000000000433e+00 -3.416120000000000090e+01
4.245000000000000107e+00 -3.421200000000000330e+01
4.251999999999999780e+00 -3.426259999999999906e+01
4.259000000000000341e+00 -3.431309999999999860e+01
4.266000000000000014e+00 -3.436350000000000193e+01
4.272999999999999687e+00 -3.441380000000000194e+01
4.280000000000000249e+00 -3.446390000000000242e+01
4.286999999999999922e+00 -3.451400000000000290e+01
4.293999999999999595e+00 -3.456389999999999674e+01
4.301000000000000156e+00 -3.461370000000000147e+01
4.307999999999999829e+00 -3.466340000000000288e+01
4.315000000000000391e+00 -3.471300000000000097e+01
4.322000000000000064e+00 -3.476250000000000284e+01
4.328999999999999737e+00 -3.481190000000000140e+01
4.336000000000000298e+00 -3.486110000000000042e+01
4.342999999999999972e+00 -3.491020000000000323e+01
4.349999999999999645e+00 -3.495920000000000272e+01
4.357000000000000206e+00 -3.500809999999999889e+01
4.363999999999999879e+00 -3.505689999999999884e+01
4.371000000000000441e+00 -3.510560000000000258e+01
4.378000000000000114e+00 -3.515420000000000300e+01
4.384999999999999787e+00 -3.520259999999999678e+01
4.392000000000000348e+00 -3.525090000000000146e+01
4.399000000000000021e+00 -3.529910000000000281e+01
4.405999999999999694e+00 -3.534720000000000084e+01
4.413000000000000256e+00 -3.539520000000000266e+01
4.419999999999999929e+00 -3.544310000000000116e+01
4.426999999999999602e+00 -3.549080000000000013e+01
4.434000000000000163e+00 -3.553849999999999909e+01
4.440999999999999837e+00 -3.558599999999999852e+01
4.448000000000000398e+00 -3.563340000000000174e+01
4.455000000000000071e+00 -3.568070000000000164e+01
4.461999999999999744e+00 -3.572789999999999822e+01
4.469000000000000306e+00 -3.577499999999999858e+01
4.475999999999999979e+00 -3.582200000000000273e+01
4.482999999999999652e+00 -3.586880000000000024e+01
4.490000000000000213e+00 -3.591550000000000153e+01
4.496999999999999886e+00 -3.596220000000000283e+01
4.503999999999999559e+00 -3.600869999999999749e+01
4.511000000000000121e+00 -3.605510000000000304e+01
4.517999999999999794e+00 -3.610130000000000194e+01
4.525000000000000355e+00 -3.614750000000000085e+01
4.532000000000000028e+00 -3.619360000000000355e+01
4.538999999999999702e+00 -3.623949999999999960e+01
4.546000000000000263e+00 -3.628540000000000276e+01
4.552999999999999936e+00 -3.633109999999999928e+01
4.559999999999999609e+00 -3.637669999999999959e+01
4.567000000000000171e+00 -3.642219999999999658e+01
4.573999999999999844e+00 -3.646759999999999735e+01
4.581000000000000405e+00 -3.651290000000000191e+01
4.588000000000000078e+00 -3.655799999999999983e+01
4.594999999999999751e+00 -3.660309999999999775e+01
4.602000000000000313e+00 -3.664800000000000324e+01
4.608999999999999986e+00 -3.669279999999999831e+01
4.615999999999999659e+00 -3.673760000000000048e+01
4.623000000000000220e+00 -3.678220000000000312e+01
4.629999999999999893e+00 -3.682670000000000243e+01
4.636999999999999567e+00 -3.687100000000000222e+01
4.644000000000000128e+00 -3.691530000000000200e+01
4.650999999999999801e+00 -3.695949999999999847e+01
4.658000000000000362e+00 -3.700350000000000250e+01
4.665000000000000036e+00 -3.704749999999999943e+01
4.671999999999999709e+00 -3.709129999999999683e+01
4.679000000000000270e+00 -3.713499999999999801e+01
4.685999999999999943e+00 -3.717860000000000298e+01
4.692999999999999616e+00 -3.722209999999999752e+01
4.700000000000000178e+00 -3.726550000000000296e+01
4.706999999999999851e+00 -3.730879999999999797e+01
4.714000000000000412e+00 -3.735199999999999676e+01
4.721000000000000085e+00 -3.739509999999999934e+01
4.727999999999999758e+00 -3.743800000000000239e+01
4.735000000000000320e+00 -3.748089999999999833e+01
4.741999999999999993e+00 -3.752360000000000184e+01
4.748999999999999666e+00 -3.756620000000000203e+01
4.756000000000000227e+00 -3.760880000000000223e+01
4.762999999999999901e+00 -3.765120000000000289e+01
4.769999999999999574e+00 -3.769350000000000023e+01
4.777000000000000135e+00 -3.773570000000000135e+01
4.783999999999999808e+00 -3.777779999999999916e+01
4.791000000000000369e+00 -3.781969999999999743e+01
4.798000000000000043e+00 -3.786160000000000281e+01
4.804999999999999716e+00 -3.790339999999999776e+01
4.812000000000000277e+00 -3.794500000000000028e+01
4.818999999999999950e+00 -3.798660000000000281e+01
4.825999999999999623e+00 -3.802799999999999869e+01
4.833000000000000185e+00 -3.806940000000000168e+01
4.839999999999999858e+00 -3.811059999999999803e+01
4.847000000000000419e+00 -3.815169999999999817e+01
4.854000000000000092e+00 -3.819270000000000209e+01
4.860999999999999766e+00 -3.823369999999999891e+01
4.868000000000000327e+00 -3.827450000000000330e+01
4.875000000000000000e+00 -3.831519999999999726e+01
4.881999999999999673e+00 -3.835580000000000211e+01
4.889000000000000234e+00 -3.839620000000000033e+01
4.895999999999999908e+00 -3.843659999999999854e+01
4.902999999999999581e+00 -3.847690000000000055e+01
4.910000000000000142e+00 -3.851709999999999923e+01
4.916999999999999815e+00 -3.855709999999999837e+01
4.924000000000000377e+00 -3.859709999999999752e+01
4.931000000000000050e+00 -3.863689999999999714e+01
4.937999999999999723e+00 -3.867669999999999675e+01
4.945000000000000284e+00 -3.871629999999999683e+01
4.951999999999999957e+00 -3.875589999999999691e+01
4.958999999999999631e+00 -3.879529999999999745e+01
4.966000000000000192e+00 -3.883460000000000178e+01
4.972999999999999865e+00 -3.887389999999999901e+01
4.980000000000000426e+00 -3.891299999999999670e+01
4.987000000000000099e+00 -3.895199999999999818e+01
4.993999999999999773e+00 -3.899090000000000344e+01
5.001000000000000334e+00 -3.902969999999999828e+01
5.008000000000000007e+00 -3.906839999999999691e+01
5.014999999999999680e+00 -3.910699999999999932e+01
5.022000000000000242e+00 -3.914549999999999841e+01
5.028999999999999915e+00 -3.918390000000000128e+01
5.035999999999999588e+00 -3.922220000000000084e+01
5.043000000000000149e+00 -3.926039999999999708e+01
5.049999999999999822e+00 -3.929849999999999710e+01
5.057000000000000384e+00 -3.933639999999999759e+01
5.064000000000000057e+00 -3.937429999999999808e+01
5.070999999999999730e+00 -3.941210000000000235e+01
5.078000000000000291e+00 -3.944980000000000331e+01
5.084999999999999964e+00 -3.948729999999999762e+01
5.091999999999999638e+00 -3.952479999999999905e+01
5.099000000000000199e+00 -3.956219999999999715e+01
5.105999999999999872e+00 -3.959940000000000282e+01
5.113000000000000433e+00 -3.963660000000000139e+01
5.120000000000000107e+00 -3.967369999999999663e+01
5.126999999999999780e+00 -3.971059999999999945e+01
5.134000000000000341e+00 -3.974750000000000227e+01
5.141000000000000014e+00 -3.978419999999999845e+01
5.147999999999999687e+00 -3.982090000000000174e+01
5.155000000000000249e+00 -3.985739999999999839e+01
5.161999999999999922e+00 -3.989390000000000214e+01
5.168999999999999595e+00 -3.993019999999999925e+01
5.176000000000000156e+00 -3.996650000000000347e+01
5.182999999999999829e+00 -4.000260000000000105e+01
5.190000000000000391e+00 -4.003860000000000241e+01
5.197000000000000064e+00 -4.007459999999999667e+01
5.203999999999999737e+00 -4.011039999999999850e+01
5.211000000000000298e+00 -4.014620000000000033e+01
5.217999999999999972e+00 -4.018180000000000263e+01
5.224999999999999645e+00 -4.021730000000000160e+01
5.232000000000000206e+00 -4.025280000000000058e+01
5.238999999999999879e+00 -4.028810000000000002e+01
5.246000000000000441e+00 -4.032330000000000325e+01
5.253000000000000114e+00 -4.035840000000000316e+01
5.259999999999999787e+00 -4.039350000000000307e+01
5.267000000000000348e+00 -4.042840000000000344e+01
5.274000000000000021e+00 -4.046320000000000050e+01
5.280999999999999694e+00 -4.049799999999999756e+01
5.288000000000000256e+00 -4.053260000000000218e+01
5.294999999999999929e+00 -4.056710000000000349e+01
5.301999999999999602e+00 -4.060150000000000148e+01
5.309000000000000163e+00 -4.063580000000000325e+01
5.315999999999999837e+00 -4.067009999999999792e+01
5.323000000000000398e+00 -4.070420000000000016e+01
5.330000000000000071e+00 -4.073819999999999908e+01
5.336999999999999744e+00 -4.077210000000000178e+01
5.344000000000000306e+00 -4.080590000000000117e+01
5.350999999999999979e+00 -4.083959999999999724e+01
5.357999999999999652e+00 -4.087319999999999709e+01
5.365000000000000213e+00 -4.090670000000000073e+01
5.371999999999999886e+00 -4.094019999999999726e+01
5.378999999999999559e+00 -4.097350000000000136e+01
5.386000000000000121e+00 -4.100670000000000215e+01
5.392999999999999794e+00 -4.103979999999999961e+01
5.400000000000000355e+00 -4.107280000000000086e+01
5.407000000000000028e+00 -4.110569999999999879e+01
5.413999999999999702e+00 -4.113850000000000051e+01
5.421000000000000263e+00 -4.117110000000000269e+01
5.427999999999999936e+00 -4.120369999999999777e+01
5.434999999999999609e+00 -4.123619999999999663e+01
5.442000000000000171e+00 -4.126859999999999928e+01
5.448999999999999844e+00 -4.130089999999999861e+01
5.456000000000000405e+00 -4.133310000000000173e+01
5.463000000000000078e+00 -4.136520000000000152e+01
5.469999999999999751e+00 -4.139710000000000178e+01
5.477000000000000313e+00 -4.142900000000000205e+01
5.483999999999999986e+00 -4.146079999999999899e+01
5.490999999999999659e+00 -4.149240000000000350e+01
5.498000000000000220e+00 -4.152400000000000091e+01
5.504999999999999893e+00 -4.155550000000000210e+01
5.511999999999999567e+00 -4.158679999999999666e+01
5.519000000000000128e+00 -4.161809999999999832e+01
5.525999999999999801e+00 -4.164920000000000044e+01
5.533000000000000362e+00 -4.168019999999999925e+01
