 10  8  9  3 00  0  0  0  0
nnn_pot
  8                                                            Z1  BVs 1 - 8
  8 12
                                                21.812395   5.228475    
                                                11.973102   2.826527    
                                                11.047310   1.756058    
                                                8.825084    1.451144    
                                                7.501463    0.940632    
                                                7.120770    0.822405    
                                                6.589073    0.815676    
                                                6.464559    0.403884    
   21.748316    6.274241    3.137099    1.454627    0.317396    0.308247
    0.060984    0.060285    0.011581    0.009048    0.007030    0.002652
  1  1
          1.

  1  1
                      1.

  1  1
                                  1.

  1  1
                                              1.

  1  1
                                                          1.

  1  1
                                                                      1.

  1  1

          1.
  1  1

                      1.
  8                                                            Z2  BVs 9 - 16
  8 12
                                                20.033146   0.169073    
                                                17.965235   0.140219    
                                                11.952438   0.067704    
                                                1.102572    0.058576    
                                                0.681410    0.039414    
                                                0.677281    0.022108    
                                                0.204361    0.016597    
                                                0.202535    0.013366    
   19.591003   16.374400   10.156554    8.809257    6.999500    2.112968
    0.616011    0.023049    0.014427    0.011673    0.007513    0.002615
  1  1
          1.

  1  1
                      1.

  1  1
                                  1.

  1  1
                                              1.

  1  1
                                                          1.

  1  1
                                                                      1.

  1  1

          1.
  1  1

                      1.
  8                                                            Z3  BVs 17 - 24
  8 12
                                                4.304854    0.036211    
                                                3.390988    0.023011    
                                                0.221423    0.020876    
                                                0.102134    0.012151    
                                                0.082919    0.011586    
                                                0.041803    0.006319    
                                                0.041013    0.006018    
                                                0.040987    0.006016    
   35.813680   23.631252   18.159666   13.556935    4.794178    0.299575
    0.069948    0.061112    0.022615    0.014497    0.009735    0.008638
  1  1
          1.

  1  1
                      1.

  1  1
                                  1.

  1  1
                                              1.

  1  1
                                                          1.

  1  1
                                                                      1.

  1  1

          1.
  1  1

                      1.
  1                                                            Z4  BVs 25 - 25
  1 12
                                                0.012401    0.005650    
   23.374458   21.679171   19.130006    0.302296    0.158942    0.150884
    0.074926    0.061071    0.015399    0.013166    0.007568    0.007075
  1  1
          1.
  8                                                            Z5  BVs 26 - 33
  8 12
                                                23.147963   5.638960    
                                                19.945017   4.544800    
                                                17.744352   3.660216    
                                                17.656057   1.641116    
                                                13.821831   1.626527    
                                                7.638563    1.625643    
                                                7.047629    1.051496    
                                                7.041159    0.788033    
   31.953533    9.456567    6.459339    4.984099    3.742334    1.053669
    0.599509    0.107531    0.033110    0.006022    0.005273    0.002622
  1  1
          1.

  1  1
                      1.

  1  1
                                  1.

  1  1
                                              1.

  1  1
                                                          1.

  1  1
                                                                      1.

  1  1

          1.
  1  1

                      1.
  8                                                            Z6  BVs 34 - 41
  8 12
                                                25.256691   0.076357    
                                                1.358601    0.031171    
                                                0.959464    0.029832    
                                                0.798679    0.026058    
                                                0.274525    0.019921    
                                                0.140569    0.006794    
                                                0.129039    0.006467    
                                                0.084487    0.003315    
   24.940212   11.562175    9.138428    0.560154    0.211156    0.202580
    0.193094    0.016532    0.006092    0.005050    0.004513    0.004266
  1  1
          1.

  1  1
                      1.

  1  1
                                  1.

  1  1
                                              1.

  1  1
                                                          1.

  1  1
                                                                      1.

  1  1

          1.
  1  1

                      1.
  8                                                            Z7  BVs 42 - 49
  8 12
                                                26.587946   0.042412    
                                                1.330457    0.042093    
                                                0.519191    0.021597    
                                                0.144579    0.021237    
                                                0.089535    0.015772    
                                                0.085629    0.011161    
                                                0.060212    0.008130    
                                                0.042444    0.007359    
   89.397232   32.395805   31.892979    6.199984    1.696815    1.246903
    0.216238    0.123454    0.016555    0.006467    0.002475    0.001274
  1  1
          1.

  1  1
                      1.

  1  1
                                  1.

  1  1
                                              1.

  1  1
                                                          1.

  1  1
                                                                      1.

  1  1

          1.
  1  1

                      1.
  1                                                            Z8  BVs 50 - 50
  1 12
                                                0.009853    0.002812    
   17.924116    9.243980    6.528563    6.523236    2.362947    1.246180
    0.424782    0.105578    0.026639    0.006765    0.004514    0.004052
  1  1
          1.
eob-tni/np3s_np3s_12-34_np3s_np3s_12-34
elu-tni/000-0_000-0
eob-tni/np3s_np3s_12-34_np3s_np3s_12-34
elu-tni/000-0_000-0
eob-tni/np3s_np3s_12-34_np3s_np3s_12-34
elu-tni/000-0_000-0
eob-tni/np3s_np3s_12-34_np3s_np3s_12-34
elu-tni/000-0_000-0
eob-tni/np3s_np3s_12-34_np3s_np3s_12-34
elu-tni/000-0_000-0
eob-tni/np3s_np3s_12-34_np3s_np3s_12-34
elu-tni/000-0_000-0
eob-tni/np3s_np3s_12-34_np3s_np3s_12-34
elu-tni/000-0_000-0
eob-tni/np3s_np3s_12-34_np3s_np3s_12-34
elu-tni/000-0_000-0
eob-tni/np3s_np3s_12-34_np3s_np3s_12-34
elu-tni/000-0_000-0
eob-tni/np3s_np3s_12-34_np3s_np3s_12-34
elu-tni/000-0_000-0
eob-tni/tp_123-4_np3s_np3s_12-34
elu-tni/000-0_000-0
eob-tni/tp_123-4_np3s_np3s_12-34
elu-tni/000-0_000-0
eob-tni/tp_123-4_np3s_np3s_12-34
elu-tni/000-0_000-0
eob-tni/tp_123-4_np3s_np3s_12-34
elu-tni/000-0_000-0
eob-tni/tp_123-4_tp_123-4
elu-tni/000-0_000-0
eob-tni/tp_123-4_np3s_np3s_12-34
elu-tni/000-0_000-0
eob-tni/tp_123-4_np3s_np3s_12-34
elu-tni/000-0_000-0
eob-tni/tp_123-4_np3s_np3s_12-34
elu-tni/000-0_000-0
eob-tni/tp_123-4_np3s_np3s_12-34
elu-tni/000-0_000-0
eob-tni/tp_123-4_tp_123-4
elu-tni/000-0_000-0
eob-tni/tp_123-4_tp_123-4
elu-tni/000-0_000-0
eob-tni/tp_123-4_np3s_np3s_12-34
elu-tni/000-0_000-0
eob-tni/tp_123-4_np3s_np3s_12-34
elu-tni/000-0_000-0
eob-tni/tp_123-4_np3s_np3s_12-34
elu-tni/000-0_000-0
eob-tni/tp_123-4_np3s_np3s_12-34
elu-tni/000-0_000-0
eob-tni/tp_123-4_tp_123-4
elu-tni/000-0_000-0
eob-tni/tp_123-4_tp_123-4
elu-tni/000-0_000-0
eob-tni/tp_123-4_tp_123-4
elu-tni/000-0_000-0
eob-tni/tp_123-4_np3s_np3s_12-34
elu-tni/000-0_000-0
eob-tni/tp_123-4_np3s_np3s_12-34
elu-tni/000-0_000-0
eob-tni/tp_123-4_np3s_np3s_12-34
elu-tni/000-0_000-0
eob-tni/tp_123-4_np3s_np3s_12-34
elu-tni/000-0_000-0
eob-tni/tp_123-4_tp_123-4
elu-tni/000-0_000-0
eob-tni/tp_123-4_tp_123-4
elu-tni/000-0_000-0
eob-tni/tp_123-4_tp_123-4
elu-tni/000-0_000-0
eob-tni/tp_123-4_tp_123-4
elu-tni/000-0_000-0
