 10  8  9  3 00  0  0  0  0
nnn_pot
  8
  8 24
                                                16.946723   16.946723   
                                                16.946723   5.718034    
                                                16.946723   1.604735    
                                                16.946723   0.428285    
                                                16.946723   0.110740    
                                                16.946723   0.029706    
                                                16.946723   0.008271    
                                                5.718034    5.718034    
   76.821715   19.402249    4.900271    3.361950    1.469978    1.237623
    0.642732    0.312576    0.281028    0.122877    0.078945    0.053727
    0.023491    0.019938    0.010271    0.005036    0.004491    0.001964
    0.001272    0.000859    0.000375    0.000321    0.000081    0.000020
  1  1
          1.

  1  1
                      1.

  1  1
                                  1.

  1  1
                                              1.

  1  1
                                                          1.

  1  1
                                                                      1.

  1  1

          1.
  1  1

                      1.
  8
  8 24
                                                5.718034    1.604735    
                                                5.718034    0.428285    
                                                5.718034    0.110740    
                                                5.718034    0.029706    
                                                5.718034    0.008271    
                                                1.604735    1.604735    
                                                1.604735    0.428285    
                                                1.604735    0.110740    
   76.821715   19.402249    4.900271    3.361950    1.469978    1.237623
    0.642732    0.312576    0.281028    0.122877    0.078945    0.053727
    0.023491    0.019938    0.010271    0.005036    0.004491    0.001964
    0.001272    0.000859    0.000375    0.000321    0.000081    0.000020
  1  1
          1.

  1  1
                      1.

  1  1
                                  1.

  1  1
                                              1.

  1  1
                                                          1.

  1  1
                                                                      1.

  1  1

          1.
  1  1

                      1.
  8
  8 24
                                                1.604735    0.029706    
                                                1.604735    0.008271    
                                                0.428285    0.428285    
                                                0.428285    0.110740    
                                                0.428285    0.029706    
                                                0.428285    0.008271    
                                                0.110740    0.110740    
                                                0.110740    0.029706    
   76.821715   19.402249    4.900271    3.361950    1.469978    1.237623
    0.642732    0.312576    0.281028    0.122877    0.078945    0.053727
    0.023491    0.019938    0.010271    0.005036    0.004491    0.001964
    0.001272    0.000859    0.000375    0.000321    0.000081    0.000020
  1  1
          1.

  1  1
                      1.

  1  1
                                  1.

  1  1
                                              1.

  1  1
                                                          1.

  1  1
                                                                      1.

  1  1

          1.
  1  1

                      1.
  4
  4 24
                                                0.110740    0.008271    
                                                0.029706    0.029706    
                                                0.029706    0.008271    
                                                0.008271    0.008271    
   76.821715   19.402249    4.900271    3.361950    1.469978    1.237623
    0.642732    0.312576    0.281028    0.122877    0.078945    0.053727
    0.023491    0.019938    0.010271    0.005036    0.004491    0.001964
    0.001272    0.000859    0.000375    0.000321    0.000081    0.000020
  1  1
          1.
  1  1
                      1.
  1  1
                                  1.
  1  1
                                              1.
  8
  8 24
                                                38.935397   14.374824   
                                                38.935397   0.201849    
                                                38.935397   0.045894    
                                                37.784904   14.374824   
                                                37.784904   0.201849    
                                                37.784904   0.045894    
                                                9.277035    14.374824   
                                                9.277035    0.201849    
   76.821715   19.402249    4.900271    3.361950    1.469978    1.237623
    0.642732    0.312576    0.281028    0.122877    0.078945    0.053727
    0.023491    0.019938    0.010271    0.005036    0.004491    0.001964
    0.001272    0.000859    0.000375    0.000321    0.000081    0.000020
  1  1
          1.

  1  1
                      1.

  1  1
                                  1.

  1  1
                                              1.

  1  1
                                                          1.

  1  1
                                                                      1.

  1  1

          1.
  1  1

                      1.
  8
  8 24
                                                9.277035    0.045894    
                                                2.028808    14.374824   
                                                2.028808    0.201849    
                                                2.028808    0.045894    
                                                1.836732    14.374824   
                                                1.836732    0.201849    
                                                1.836732    0.045894    
                                                1.066771    14.374824   
   76.821715   19.402249    4.900271    3.361950    1.469978    1.237623
    0.642732    0.312576    0.281028    0.122877    0.078945    0.053727
    0.023491    0.019938    0.010271    0.005036    0.004491    0.001964
    0.001272    0.000859    0.000375    0.000321    0.000081    0.000020
  1  1
          1.

  1  1
                      1.

  1  1
                                  1.

  1  1
                                              1.

  1  1
                                                          1.

  1  1
                                                                      1.

  1  1

          1.
  1  1

                      1.
  8
  8 24
                                                1.066771    0.201849    
                                                1.066771    0.045894    
                                                0.002580    14.374824   
                                                0.002580    0.201849    
                                                0.002580    0.045894    
                                                58.098194   3.659636    
                                                58.098194   0.087749    
                                                58.098194   0.015807    
   76.821715   19.402249    4.900271    3.361950    1.469978    1.237623
    0.642732    0.312576    0.281028    0.122877    0.078945    0.053727
    0.023491    0.019938    0.010271    0.005036    0.004491    0.001964
    0.001272    0.000859    0.000375    0.000321    0.000081    0.000020
  1  1
          1.

  1  1
                      1.

  1  1
                                  1.

  1  1
                                              1.

  1  1
                                                          1.

  1  1
                                                                      1.

  1  1

          1.
  1  1

                      1.
  8
  8 24
                                                11.023427   3.659636    
                                                11.023427   0.087749    
                                                11.023427   0.015807    
                                                3.766811    3.659636    
                                                3.766811    0.087749    
                                                3.766811    0.015807    
                                                1.717772    3.659636    
                                                1.717772    0.087749    
   76.821715   19.402249    4.900271    3.361950    1.469978    1.237623
    0.642732    0.312576    0.281028    0.122877    0.078945    0.053727
    0.023491    0.019938    0.010271    0.005036    0.004491    0.001964
    0.001272    0.000859    0.000375    0.000321    0.000081    0.000020
  1  1
          1.

  1  1
                      1.

  1  1
                                  1.

  1  1
                                              1.

  1  1
                                                          1.

  1  1
                                                                      1.

  1  1

          1.
  1  1

                      1.
  8
  8 24
                                                1.717772    0.015807    
                                                0.267225    3.659636    
                                                0.267225    0.087749    
                                                0.267225    0.015807    
                                                0.021416    3.659636    
                                                0.021416    0.087749    
                                                0.021416    0.015807    
                                                0.020304    3.659636    
   76.821715   19.402249    4.900271    3.361950    1.469978    1.237623
    0.642732    0.312576    0.281028    0.122877    0.078945    0.053727
    0.023491    0.019938    0.010271    0.005036    0.004491    0.001964
    0.001272    0.000859    0.000375    0.000321    0.000081    0.000020
  1  1
          1.

  1  1
                      1.

  1  1
                                  1.

  1  1
                                              1.

  1  1
                                                          1.

  1  1
                                                                      1.

  1  1

          1.
  1  1

                      1.
  2
  2 24
                                                0.020304    0.087749    
                                                0.020304    0.015807    
   76.821715   19.402249    4.900271    3.361950    1.469978    1.237623
    0.642732    0.312576    0.281028    0.122877    0.078945    0.053727
    0.023491    0.019938    0.010271    0.005036    0.004491    0.001964
    0.001272    0.000859    0.000375    0.000321    0.000081    0.000020
  1  1
          1.
  1  1
                      1.
  8                                                            Z1  BVs 1 - 8
  8 12
                                                30.958210   2.326184    
                                                26.945448   1.977977    
                                                25.383509   1.561928    
                                                12.952777   1.429669    
                                                12.703695   0.636223    
                                                6.607107    0.117902    
                                                5.684689    0.076700    
                                                3.206346    0.024550    
   39.999863   23.847542    3.306007    1.460625    0.731116    0.578772
    0.045767    0.023137    0.020993    0.004415    0.003903    0.002719
  1  1
          1.

  1  1
                      1.

  1  1
                                  1.

  1  1
                                              1.

  1  1
                                                          1.

  1  1
                                                                      1.

  1  1

          1.
  1  1

                      1.
  8                                                            Z2  BVs 9 - 16
  8 12
                                                8.634998    0.044725    
                                                1.662067    0.038892    
                                                1.640113    0.031183    
                                                0.800715    0.030381    
                                                0.425270    0.019088    
                                                0.408639    0.016234    
                                                0.068528    0.012931    
                                                0.062433    0.001001    
   29.234306   21.585241   11.212140    8.200592    1.868982    0.236778
    0.171553    0.171348    0.083453    0.021115    0.015788    0.001236
  1  1
          1.

  1  1
                      1.

  1  1
                                  1.

  1  1
                                              1.

  1  1
                                                          1.

  1  1
                                                                      1.

  1  1

          1.
  1  1

                      1.
  2                                                            Z3  BVs 17 - 18
  2 12
                                                1.171463    0.013790    
                                                0.034383    0.009720    
   24.515556   13.642155   13.224045   11.389627    0.871251    0.569899
    0.091047    0.052928    0.036619    0.025873    0.016226    0.005682
  1  1
          1.
  1  1
                      1.
  8                                                            Z4  BVs 19 - 26
  8 12
                                                27.897856   10.576534   
                                                26.297487   10.139998   
                                                23.839954   7.407635    
                                                22.476304   7.182946    
                                                22.253483   0.641596    
                                                21.893108   0.117552    
                                                14.374350   0.085232    
                                                10.935617   0.061670    
   36.347469   31.404379   16.156702   12.590634    9.263301    7.151591
    0.369727    0.097531    0.097497    0.056377    0.027450    0.002727
  1  1
          1.

  1  1
                      1.

  1  1
                                  1.

  1  1
                                              1.

  1  1
                                                          1.

  1  1
                                                                      1.

  1  1

          1.
  1  1

                      1.
  8                                                            Z5  BVs 27 - 34
  8 12
                                                29.960175   0.054348    
                                                1.520945    0.037524    
                                                1.428227    0.030871    
                                                0.805638    0.026069    
                                                0.543213    0.020171    
                                                0.516249    0.015584    
                                                0.105058    0.013284    
                                                0.060206    0.009635    
   35.406414   20.566872   15.797427   14.338652    6.885740    6.003589
    1.722335    1.451319    0.209702    0.013954    0.003931    0.002740
  1  1
          1.

  1  1
                      1.

  1  1
                                  1.

  1  1
                                              1.

  1  1
                                                          1.

  1  1
                                                                      1.

  1  1

          1.
  1  1

                      1.
  2                                                            Z6  BVs 35 - 36
  2 12
                                                9.315547    0.016806    
                                                0.022358    0.002099    
   29.914406   19.145372   16.563833    6.943961    1.543960    0.207887
    0.189331    0.104383    0.094002    0.007746    0.005484    0.001957
  1  1
          1.
  1  1
                      1.
eob-tni/np3s_np3s_12-34_np3s_np3s_12-34
elu-tni/000-0_000-0
eob-tni/np3s_np3s_12-34_np3s_np3s_12-34
elu-tni/000-0_000-0
eob-tni/np3s_np3s_12-34_np3s_np3s_12-34
elu-tni/000-0_000-0
eob-tni/np3s_np3s_12-34_np3s_np3s_12-34
elu-tni/000-0_000-0
eob-tni/np3s_np3s_12-34_np3s_np3s_12-34
elu-tni/000-0_000-0
eob-tni/np3s_np3s_12-34_np3s_np3s_12-34
elu-tni/000-0_000-0
eob-tni/np3s_np3s_12-34_np3s_np3s_12-34
elu-tni/000-0_000-0
eob-tni/np3s_np3s_12-34_np3s_np3s_12-34
elu-tni/000-0_000-0
eob-tni/np3s_np3s_12-34_np3s_np3s_12-34
elu-tni/000-0_000-0
eob-tni/np3s_np3s_12-34_np3s_np3s_12-34
elu-tni/000-0_000-0
eob-tni/tp_123-4_np3s_np3s_12-34
elu-tni/000-0_000-0
eob-tni/tp_123-4_np3s_np3s_12-34
elu-tni/000-0_000-0
eob-tni/tp_123-4_np3s_np3s_12-34
elu-tni/000-0_000-0
eob-tni/tp_123-4_np3s_np3s_12-34
elu-tni/000-0_000-0
eob-tni/tp_123-4_tp_123-4
elu-tni/000-0_000-0
eob-tni/tp_123-4_np3s_np3s_12-34
elu-tni/000-0_000-0
eob-tni/tp_123-4_np3s_np3s_12-34
elu-tni/000-0_000-0
eob-tni/tp_123-4_np3s_np3s_12-34
elu-tni/000-0_000-0
eob-tni/tp_123-4_np3s_np3s_12-34
elu-tni/000-0_000-0
eob-tni/tp_123-4_tp_123-4
elu-tni/000-0_000-0
eob-tni/tp_123-4_tp_123-4
elu-tni/000-0_000-0
eob-tni/tp_123-4_np3s_np3s_12-34
elu-tni/000-0_000-0
eob-tni/tp_123-4_np3s_np3s_12-34
elu-tni/000-0_000-0
eob-tni/tp_123-4_np3s_np3s_12-34
elu-tni/000-0_000-0
eob-tni/tp_123-4_np3s_np3s_12-34
elu-tni/000-0_000-0
eob-tni/tp_123-4_tp_123-4
elu-tni/000-0_000-0
eob-tni/tp_123-4_tp_123-4
elu-tni/000-0_000-0
eob-tni/tp_123-4_tp_123-4
elu-tni/000-0_000-0
eob-tni/tp_123-4_np3s_np3s_12-34
elu-tni/000-0_000-0
eob-tni/tp_123-4_np3s_np3s_12-34
elu-tni/000-0_000-0
eob-tni/tp_123-4_np3s_np3s_12-34
elu-tni/000-0_000-0
eob-tni/tp_123-4_np3s_np3s_12-34
elu-tni/000-0_000-0
eob-tni/tp_123-4_tp_123-4
elu-tni/000-0_000-0
eob-tni/tp_123-4_tp_123-4
elu-tni/000-0_000-0
eob-tni/tp_123-4_tp_123-4
elu-tni/000-0_000-0
eob-tni/tp_123-4_tp_123-4
elu-tni/000-0_000-0
eob-tni/tp_123-4_np3s_np3s_12-34
elu-tni/000-0_000-0
eob-tni/tp_123-4_np3s_np3s_12-34
elu-tni/000-0_000-0
eob-tni/tp_123-4_np3s_np3s_12-34
elu-tni/000-0_000-0
eob-tni/tp_123-4_np3s_np3s_12-34
elu-tni/000-0_000-0
eob-tni/tp_123-4_tp_123-4
elu-tni/000-0_000-0
eob-tni/tp_123-4_tp_123-4
elu-tni/000-0_000-0
eob-tni/tp_123-4_tp_123-4
elu-tni/000-0_000-0
eob-tni/tp_123-4_tp_123-4
elu-tni/000-0_000-0
eob-tni/tp_123-4_tp_123-4
elu-tni/000-0_000-0
eob-tni/tp_123-4_np3s_np3s_12-34
elu-tni/000-0_000-0
eob-tni/tp_123-4_np3s_np3s_12-34
elu-tni/000-0_000-0
eob-tni/tp_123-4_np3s_np3s_12-34
elu-tni/000-0_000-0
eob-tni/tp_123-4_np3s_np3s_12-34
elu-tni/000-0_000-0
eob-tni/tp_123-4_tp_123-4
elu-tni/000-0_000-0
eob-tni/tp_123-4_tp_123-4
elu-tni/000-0_000-0
eob-tni/tp_123-4_tp_123-4
elu-tni/000-0_000-0
eob-tni/tp_123-4_tp_123-4
elu-tni/000-0_000-0
eob-tni/tp_123-4_tp_123-4
elu-tni/000-0_000-0
eob-tni/tp_123-4_tp_123-4
elu-tni/000-0_000-0
eob-tni/np3s_np3s_12-34_np3s_np3s_12-34
elu-tni/000-0_000-0
eob-tni/np3s_np3s_12-34_np3s_np3s_12-34
elu-tni/000-0_000-0
eob-tni/np3s_np3s_12-34_np3s_np3s_12-34
elu-tni/000-0_000-0
eob-tni/np3s_np3s_12-34_np3s_np3s_12-34
elu-tni/000-0_000-0
eob-tni/np3s_np3s_12-34_tp_123-4
elu-tni/000-0_000-0
eob-tni/np3s_np3s_12-34_tp_123-4
elu-tni/000-0_000-0
eob-tni/np3s_np3s_12-34_tp_123-4
elu-tni/000-0_000-0
eob-tni/np3s_np3s_12-34_tp_123-4
elu-tni/000-0_000-0
eob-tni/np3s_np3s_12-34_tp_123-4
elu-tni/000-0_000-0
eob-tni/np3s_np3s_12-34_tp_123-4
elu-tni/000-0_000-0
eob-tni/np3s_np3s_12-34_np3s_np3s_12-34
elu-tni/000-0_000-0
eob-tni/np3s_np3s_12-34_np3s_np3s_12-34
elu-tni/000-0_000-0
eob-tni/np3s_np3s_12-34_np3s_np3s_12-34
elu-tni/000-0_000-0
eob-tni/np3s_np3s_12-34_np3s_np3s_12-34
elu-tni/000-0_000-0
eob-tni/np3s_np3s_12-34_np3s_np3s_12-34
elu-tni/000-0_000-0
eob-tni/np3s_np3s_12-34_tp_123-4
elu-tni/000-0_000-0
eob-tni/np3s_np3s_12-34_tp_123-4
elu-tni/000-0_000-0
eob-tni/np3s_np3s_12-34_tp_123-4
elu-tni/000-0_000-0
eob-tni/np3s_np3s_12-34_tp_123-4
elu-tni/000-0_000-0
eob-tni/np3s_np3s_12-34_tp_123-4
elu-tni/000-0_000-0
eob-tni/np3s_np3s_12-34_tp_123-4
elu-tni/000-0_000-0
eob-tni/np3s_np3s_12-34_np3s_np3s_12-34
elu-tni/000-0_000-0
eob-tni/np3s_np3s_12-34_np3s_np3s_12-34
elu-tni/000-0_000-0
eob-tni/np3s_np3s_12-34_np3s_np3s_12-34
elu-tni/000-0_000-0
eob-tni/np3s_np3s_12-34_np3s_np3s_12-34
elu-tni/000-0_000-0
eob-tni/np3s_np3s_12-34_np3s_np3s_12-34
elu-tni/000-0_000-0
eob-tni/np3s_np3s_12-34_np3s_np3s_12-34
elu-tni/000-0_000-0
eob-tni/np3s_np3s_12-34_tp_123-4
elu-tni/000-0_000-0
eob-tni/np3s_np3s_12-34_tp_123-4
elu-tni/000-0_000-0
eob-tni/np3s_np3s_12-34_tp_123-4
elu-tni/000-0_000-0
eob-tni/np3s_np3s_12-34_tp_123-4
elu-tni/000-0_000-0
eob-tni/np3s_np3s_12-34_tp_123-4
elu-tni/000-0_000-0
eob-tni/np3s_np3s_12-34_tp_123-4
elu-tni/000-0_000-0
eob-tni/np3s_np3s_12-34_np3s_np3s_12-34
elu-tni/000-0_000-0
eob-tni/np3s_np3s_12-34_np3s_np3s_12-34
elu-tni/000-0_000-0
eob-tni/np3s_np3s_12-34_np3s_np3s_12-34
elu-tni/000-0_000-0
eob-tni/tp_123-4_np3s_np3s_12-34
elu-tni/000-0_000-0
eob-tni/tp_123-4_np3s_np3s_12-34
elu-tni/000-0_000-0
eob-tni/tp_123-4_np3s_np3s_12-34
elu-tni/000-0_000-0
eob-tni/tp_123-4_np3s_np3s_12-34
elu-tni/000-0_000-0
eob-tni/tp_123-4_tp_123-4
elu-tni/000-0_000-0
eob-tni/tp_123-4_tp_123-4
elu-tni/000-0_000-0
eob-tni/tp_123-4_tp_123-4
elu-tni/000-0_000-0
eob-tni/tp_123-4_tp_123-4
elu-tni/000-0_000-0
eob-tni/tp_123-4_tp_123-4
elu-tni/000-0_000-0
eob-tni/tp_123-4_tp_123-4
elu-tni/000-0_000-0
eob-tni/tp_123-4_np3s_np3s_12-34
elu-tni/000-0_000-0
eob-tni/tp_123-4_np3s_np3s_12-34
elu-tni/000-0_000-0
eob-tni/tp_123-4_np3s_np3s_12-34
elu-tni/000-0_000-0
eob-tni/tp_123-4_tp_123-4
elu-tni/000-0_000-0
eob-tni/tp_123-4_np3s_np3s_12-34
elu-tni/000-0_000-0
eob-tni/tp_123-4_np3s_np3s_12-34
elu-tni/000-0_000-0
eob-tni/tp_123-4_np3s_np3s_12-34
elu-tni/000-0_000-0
eob-tni/tp_123-4_np3s_np3s_12-34
elu-tni/000-0_000-0
eob-tni/tp_123-4_tp_123-4
elu-tni/000-0_000-0
eob-tni/tp_123-4_tp_123-4
elu-tni/000-0_000-0
eob-tni/tp_123-4_tp_123-4
elu-tni/000-0_000-0
eob-tni/tp_123-4_tp_123-4
elu-tni/000-0_000-0
eob-tni/tp_123-4_tp_123-4
elu-tni/000-0_000-0
eob-tni/tp_123-4_tp_123-4
elu-tni/000-0_000-0
eob-tni/tp_123-4_np3s_np3s_12-34
elu-tni/000-0_000-0
eob-tni/tp_123-4_np3s_np3s_12-34
elu-tni/000-0_000-0
eob-tni/tp_123-4_np3s_np3s_12-34
elu-tni/000-0_000-0
eob-tni/tp_123-4_tp_123-4
elu-tni/000-0_000-0
eob-tni/tp_123-4_tp_123-4
elu-tni/000-0_000-0
eob-tni/tp_123-4_np3s_np3s_12-34
elu-tni/000-0_000-0
eob-tni/tp_123-4_np3s_np3s_12-34
elu-tni/000-0_000-0
eob-tni/tp_123-4_np3s_np3s_12-34
elu-tni/000-0_000-0
eob-tni/tp_123-4_np3s_np3s_12-34
elu-tni/000-0_000-0
eob-tni/tp_123-4_tp_123-4
elu-tni/000-0_000-0
eob-tni/tp_123-4_tp_123-4
elu-tni/000-0_000-0
eob-tni/tp_123-4_tp_123-4
elu-tni/000-0_000-0
eob-tni/tp_123-4_tp_123-4
elu-tni/000-0_000-0
eob-tni/tp_123-4_tp_123-4
elu-tni/000-0_000-0
eob-tni/tp_123-4_tp_123-4
elu-tni/000-0_000-0
eob-tni/tp_123-4_np3s_np3s_12-34
elu-tni/000-0_000-0
eob-tni/tp_123-4_np3s_np3s_12-34
elu-tni/000-0_000-0
eob-tni/tp_123-4_np3s_np3s_12-34
elu-tni/000-0_000-0
eob-tni/tp_123-4_tp_123-4
elu-tni/000-0_000-0
eob-tni/tp_123-4_tp_123-4
elu-tni/000-0_000-0
eob-tni/tp_123-4_tp_123-4
elu-tni/000-0_000-0
