 10  8  9  3 00  0  0  0  0
nnn_pot
  7                                                            Z1  BVs 1 - 7
  7  6
                                    12.618656   
                                    6.217156    
                                    1.973796    
                                    1.098622    
                                    0.439145    
                                    0.110238    
                                    0.007536    
    2.180393    1.512643    0.044732    0.012856    0.008278    0.002718
  1  1
          1.

  1  1
                      1.

  1  1
                                  1.

  1  1
                                              1.

  1  1
                                                          1.

  1  1
                                                                      1.

  1  1

          1.
  7                                                            Z2  BVs 8 - 14
  7  6
                                    23.388762   
                                    12.281097   
                                    0.537974    
                                    0.176486    
                                    0.029894    
                                    0.010971    
                                    0.006916    
   19.315674    7.823860    2.430485    0.499749    0.040953    0.035407
  1  1
          1.

  1  1
                      1.

  1  1
                                  1.

  1  1
                                              1.

  1  1
                                                          1.

  1  1
                                                                      1.

  1  1

          1.
eob-tni/123_123
elu-tni/000_000
eob-tni/123_123
elu-tni/000_000
eob-tni/123_123
elu-tni/000_000
