2.119999999999999940e-01 3.768440000000000123e-01
2.128599999999999937e-01 4.269600000000000062e-01
2.148599999999999954e-01 4.203609999999999847e-01
2.168599999999999972e-01 3.195580000000000087e-01
2.188599999999999990e-01 4.787779999999999814e-01
2.208600000000000008e-01 1.316041999999999934e+00
2.228600000000000025e-01 9.473570000000000046e-01
2.248600000000000043e-01 8.582889999999999686e-01
2.268600000000000061e-01 8.182270000000000376e-01
2.288600000000000079e-01 7.934740000000000126e-01
2.308600000000000096e-01 7.741500000000000048e-01
2.328600000000000114e-01 7.562780000000000058e-01
2.348600000000000132e-01 7.378890000000000171e-01
2.368600000000000150e-01 7.178200000000000136e-01
2.388600000000000168e-01 6.952669999999999684e-01
2.408600000000000185e-01 6.695809999999999818e-01
2.428600000000000203e-01 6.401679999999999593e-01
2.448600000000000221e-01 6.064380000000000326e-01
2.468600000000000239e-01 5.677680000000000504e-01
2.488599999999999979e-01 5.234860000000000069e-01
2.508600000000000274e-01 4.728640000000000065e-01
2.528600000000000292e-01 4.151409999999999823e-01
2.548600000000000310e-01 3.496009999999999951e-01
2.568600000000000327e-01 2.758590000000000209e-01
2.588599999999999790e-01 1.950040000000000107e-01
2.608599999999999808e-01 1.165640000000000009e-01
2.628599999999999826e-01 1.011050000000000004e-01
2.648599999999999843e-01 1.935449999999999948e-01
2.668599999999999861e-01 3.268590000000000106e-01
2.688599999999999879e-01 4.808589999999999809e-01
2.708599999999999897e-01 6.505480000000000151e-01
2.728599999999999914e-01 8.320650000000000546e-01
2.748599999999999932e-01 1.020494000000000012e+00
2.768599999999999950e-01 1.209586999999999968e+00
2.788599999999999968e-01 1.392282999999999937e+00
2.808599999999999985e-01 1.561728999999999923e+00
2.828600000000000003e-01 1.712417999999999996e+00
2.848600000000000021e-01 1.841007000000000060e+00
2.868600000000000039e-01 1.946533999999999986e+00
2.888600000000000056e-01 0.000000000000000000e+00
2.908600000000000074e-01 0.000000000000000000e+00
2.928600000000000092e-01 0.000000000000000000e+00
2.948600000000000110e-01 0.000000000000000000e+00
2.968600000000000128e-01 0.000000000000000000e+00
2.988600000000000145e-01 0.000000000000000000e+00
3.008600000000000163e-01 0.000000000000000000e+00
3.028600000000000181e-01 0.000000000000000000e+00
3.048600000000000199e-01 0.000000000000000000e+00
3.068600000000000216e-01 0.000000000000000000e+00
3.088600000000000234e-01 0.000000000000000000e+00
3.108600000000000252e-01 0.000000000000000000e+00
3.128600000000000270e-01 0.000000000000000000e+00
3.148600000000000287e-01 0.000000000000000000e+00
3.168600000000000305e-01 0.000000000000000000e+00
3.188600000000000323e-01 0.000000000000000000e+00
3.208600000000000341e-01 0.000000000000000000e+00
3.228600000000000358e-01 0.000000000000000000e+00
3.248600000000000376e-01 0.000000000000000000e+00
3.268600000000000394e-01 0.000000000000000000e+00
3.288600000000000412e-01 0.000000000000000000e+00
3.308600000000000430e-01 0.000000000000000000e+00
3.328600000000000447e-01 0.000000000000000000e+00
3.348600000000000465e-01 0.000000000000000000e+00
3.368600000000000483e-01 0.000000000000000000e+00
3.388600000000000501e-01 0.000000000000000000e+00
3.408600000000000518e-01 0.000000000000000000e+00
3.428600000000000536e-01 0.000000000000000000e+00
3.448600000000000554e-01 0.000000000000000000e+00
3.468600000000000572e-01 0.000000000000000000e+00
3.488600000000000589e-01 0.000000000000000000e+00
3.508600000000000607e-01 0.000000000000000000e+00
3.528599999999999515e-01 0.000000000000000000e+00
3.548599999999999532e-01 0.000000000000000000e+00
3.568599999999999550e-01 0.000000000000000000e+00
3.588599999999999568e-01 0.000000000000000000e+00
3.608599999999999586e-01 0.000000000000000000e+00
3.628599999999999604e-01 0.000000000000000000e+00
3.648599999999999621e-01 0.000000000000000000e+00
3.668599999999999639e-01 0.000000000000000000e+00
3.688599999999999657e-01 0.000000000000000000e+00
3.708599999999999675e-01 0.000000000000000000e+00
3.728599999999999692e-01 0.000000000000000000e+00
3.748599999999999710e-01 1.997309000000000001e+00
3.768599999999999728e-01 1.988105000000000011e+00
3.788599999999999746e-01 1.978585000000000038e+00
3.808599999999999763e-01 1.968736000000000042e+00
3.828599999999999781e-01 1.958545999999999898e+00
3.848599999999999799e-01 1.948005999999999904e+00
3.868599999999999817e-01 1.937103999999999937e+00
3.888599999999999834e-01 1.925832999999999906e+00
3.908599999999999852e-01 1.914182999999999968e+00
3.928599999999999870e-01 1.902149000000000090e+00
3.948599999999999888e-01 1.889723999999999959e+00
3.968599999999999905e-01 1.876902000000000070e+00
3.988599999999999923e-01 1.863680999999999921e+00
4.008599999999999941e-01 1.850055999999999923e+00
4.028599999999999959e-01 1.836027000000000076e+00
4.048599999999999977e-01 1.821592000000000100e+00
4.068599999999999994e-01 1.806751999999999914e+00
4.088600000000000012e-01 1.791509000000000018e+00
4.108600000000000030e-01 1.775865999999999945e+00
4.128600000000000048e-01 1.759827000000000030e+00
4.148600000000000065e-01 1.743397000000000086e+00
4.168600000000000083e-01 1.726582000000000061e+00
4.188600000000000101e-01 1.709389000000000047e+00
4.208600000000000119e-01 1.691829000000000027e+00
4.228600000000000136e-01 1.673910000000000009e+00
4.248600000000000154e-01 1.655643999999999894e+00
4.268600000000000172e-01 1.637040999999999968e+00
4.288600000000000190e-01 1.618116000000000110e+00
4.308600000000000207e-01 1.598883000000000054e+00
4.328600000000000225e-01 1.579355000000000064e+00
4.348600000000000243e-01 1.559549999999999992e+00
4.368600000000000261e-01 1.539482000000000017e+00
4.388600000000000279e-01 1.519171000000000049e+00
4.408600000000000296e-01 1.498631999999999964e+00
4.428600000000000314e-01 1.477884999999999893e+00
4.448600000000000332e-01 1.456949999999999967e+00
4.468600000000000350e-01 1.435843999999999898e+00
4.488600000000000367e-01 1.414587999999999957e+00
4.508600000000000385e-01 1.393202999999999969e+00
4.528600000000000403e-01 1.371707000000000010e+00
4.548600000000000421e-01 1.350122999999999962e+00
4.568600000000000438e-01 1.328468999999999900e+00
4.588600000000000456e-01 1.306767000000000012e+00
4.608600000000000474e-01 1.285037999999999903e+00
4.628600000000000492e-01 1.263300000000000090e+00
4.648600000000000509e-01 1.241576000000000013e+00
4.668600000000000527e-01 1.219883000000000051e+00
4.688600000000000545e-01 1.198242999999999947e+00
4.708600000000000563e-01 1.176673000000000080e+00
4.728600000000000581e-01 1.155194000000000054e+00
4.748600000000000598e-01 1.133823000000000025e+00
4.768599999999999506e-01 1.112578999999999985e+00
4.788599999999999524e-01 1.091479000000000088e+00
4.808599999999999541e-01 1.070540000000000047e+00
4.828599999999999559e-01 1.049778000000000100e+00
4.848599999999999577e-01 1.029209000000000040e+00
4.868599999999999595e-01 1.008850000000000025e+00
4.888599999999999612e-01 9.887129999999999530e-01
4.908599999999999630e-01 9.688149999999999817e-01
4.928599999999999648e-01 9.491680000000000117e-01
4.948599999999999666e-01 9.297860000000000014e-01
4.968599999999999683e-01 9.106809999999999627e-01
4.988599999999999701e-01 8.918660000000000476e-01
5.008599999999999719e-01 8.733509999999999884e-01
5.028599999999999737e-01 8.551480000000000192e-01
5.048599999999999755e-01 8.372659999999999547e-01
5.068599999999999772e-01 8.197170000000000289e-01
5.088599999999999790e-01 8.025090000000000279e-01
5.108599999999999808e-01 7.856509999999999883e-01
5.128599999999999826e-01 7.691519999999999468e-01
5.148599999999999843e-01 7.530200000000000227e-01
5.168599999999999861e-01 7.372610000000000552e-01
5.188599999999999879e-01 7.218839999999999701e-01
5.208599999999999897e-01 7.068950000000000511e-01
5.228599999999999914e-01 6.922989999999999977e-01
5.248599999999999932e-01 6.781030000000000113e-01
5.268599999999999950e-01 6.643120000000000136e-01
5.288599999999999968e-01 6.509300000000000086e-01
5.308599999999999985e-01 6.379629999999999468e-01
5.328600000000000003e-01 6.254140000000000255e-01
5.348600000000000021e-01 6.132859999999999978e-01
5.368600000000000039e-01 6.015829999999999789e-01
5.388600000000000056e-01 5.903080000000000549e-01
5.408600000000000074e-01 5.794610000000000039e-01
5.428600000000000092e-01 5.690450000000000230e-01
5.448600000000000110e-01 5.590600000000000014e-01
5.468600000000000128e-01 5.495079999999999965e-01
5.488600000000000145e-01 5.403869999999999507e-01
5.508600000000000163e-01 5.316959999999999464e-01
5.528600000000000181e-01 5.234349999999999836e-01
5.548600000000000199e-01 5.156009999999999760e-01
5.568600000000000216e-01 5.081919999999999771e-01
5.588600000000000234e-01 5.012029999999999541e-01
5.608600000000000252e-01 4.946300000000000141e-01
5.628600000000000270e-01 4.884689999999999865e-01
5.648600000000000287e-01 4.827139999999999764e-01
5.668600000000000305e-01 4.773580000000000045e-01
5.688600000000000323e-01 4.723939999999999806e-01
5.708600000000000341e-01 4.678149999999999809e-01
5.728600000000000358e-01 4.636120000000000241e-01
5.748600000000000376e-01 4.597760000000000180e-01
5.768600000000000394e-01 4.562979999999999814e-01
5.788600000000000412e-01 4.531669999999999865e-01
5.808600000000000430e-01 4.503719999999999946e-01
5.828600000000000447e-01 4.479040000000000243e-01
5.848600000000000465e-01 4.457490000000000063e-01
5.868600000000000483e-01 4.438969999999999860e-01
