1.000000000000000021e-03 3.775300000000000100e+00
2.000000000000000042e-03 5.540899999999999714e+00
3.000000000000000062e-03 7.449200000000000266e+00
4.000000000000000083e-03 1.349840000000000018e+01
5.000000000000000104e-03 3.446899999999999853e+00
6.000000000000000125e-03 6.344199999999999839e+00
7.000000000000000146e-03 7.556700000000000195e+00
8.000000000000000167e-03 8.415200000000000458e+00
8.999999999999999320e-03 9.128700000000000259e+00
1.000000000000000021e-02 9.764599999999999724e+00
1.099999999999999936e-02 1.035410000000000075e+01
1.200000000000000025e-02 1.091520000000000046e+01
1.299999999999999940e-02 1.146039999999999992e+01
1.400000000000000029e-02 1.199990000000000023e+01
1.499999999999999944e-02 1.254269999999999996e+01
1.600000000000000033e-02 1.309750000000000014e+01
1.700000000000000122e-02 1.367229999999999990e+01
1.799999999999999864e-02 1.427229999999999954e+01
1.899999999999999953e-02 1.489329999999999998e+01
2.000000000000000042e-02 1.550029999999999930e+01
2.100000000000000130e-02 1.595650000000000013e+01
2.199999999999999872e-02 1.578110000000000035e+01
2.299999999999999961e-02 1.338990000000000080e+01
2.400000000000000050e-02 5.900900000000000034e+00
2.500000000000000139e-02 -1.420199999999999907e+00
2.599999999999999881e-02 -1.493800000000000017e+00
2.699999999999999969e-02 1.099699999999999900e+00
2.800000000000000058e-02 3.548000000000000043e+00
2.900000000000000147e-02 5.418899999999999828e+00
2.999999999999999889e-02 6.818900000000000183e+00
3.099999999999999978e-02 7.889100000000000001e+00
3.200000000000000067e-02 8.731999999999999318e+00
3.300000000000000155e-02 9.415100000000000691e+00
3.400000000000000244e-02 9.982900000000000773e+00
3.500000000000000333e-02 1.046509999999999962e+01
3.599999999999999728e-02 1.088219999999999921e+01
3.699999999999999817e-02 1.124859999999999971e+01
3.799999999999999906e-02 1.157460000000000022e+01
3.899999999999999994e-02 1.186800000000000033e+01
4.000000000000000083e-02 1.213460000000000072e+01
4.100000000000000172e-02 1.237870000000000026e+01
4.200000000000000261e-02 1.260399999999999920e+01
4.299999999999999656e-02 1.281300000000000061e+01
4.399999999999999745e-02 1.300810000000000066e+01
4.499999999999999833e-02 1.319110000000000049e+01
4.599999999999999922e-02 1.336340000000000039e+01
4.700000000000000011e-02 1.352640000000000065e+01
4.800000000000000100e-02 1.368089999999999939e+01
4.900000000000000189e-02 1.382799999999999940e+01
5.000000000000000278e-02 1.396840000000000082e+01
5.099999999999999672e-02 1.410270000000000046e+01
5.199999999999999761e-02 1.423150000000000048e+01
5.299999999999999850e-02 1.435529999999999973e+01
5.399999999999999939e-02 1.447460000000000058e+01
5.500000000000000028e-02 1.458970000000000056e+01
5.600000000000000117e-02 1.470100000000000051e+01
5.700000000000000205e-02 1.480879999999999974e+01
5.800000000000000294e-02 1.491329999999999956e+01
5.899999999999999689e-02 1.501490000000000080e+01
5.999999999999999778e-02 1.511379999999999946e+01
6.099999999999999867e-02 1.521010000000000062e+01
6.199999999999999956e-02 1.530410000000000004e+01
6.300000000000000044e-02 1.539589999999999925e+01
6.400000000000000133e-02 1.548569999999999958e+01
6.500000000000000222e-02 1.557360000000000078e+01
6.600000000000000311e-02 1.565990000000000038e+01
6.700000000000000400e-02 1.574450000000000038e+01
6.800000000000000488e-02 1.582770000000000010e+01
6.900000000000000577e-02 1.590949999999999953e+01
7.000000000000000666e-02 1.599009999999999998e+01
7.099999999999999367e-02 1.606950000000000145e+01
7.199999999999999456e-02 1.614789999999999992e+01
7.299999999999999545e-02 1.622530000000000072e+01
7.399999999999999634e-02 1.630180000000000007e+01
7.499999999999999722e-02 1.637750000000000128e+01
7.599999999999999811e-02 1.645250000000000057e+01
7.699999999999999900e-02 1.652680000000000149e+01
7.799999999999999989e-02 1.660050000000000026e+01
7.900000000000000078e-02 1.667370000000000019e+01
8.000000000000000167e-02 1.674630000000000152e+01
8.100000000000000255e-02 1.681859999999999999e+01
8.200000000000000344e-02 1.689049999999999940e+01
8.300000000000000433e-02 1.696209999999999951e+01
8.400000000000000522e-02 1.703340000000000032e+01
8.500000000000000611e-02 1.710460000000000136e+01
8.599999999999999312e-02 1.717549999999999955e+01
8.699999999999999400e-02 1.724630000000000152e+01
8.799999999999999489e-02 1.731709999999999994e+01
8.899999999999999578e-02 1.738779999999999859e+01
8.999999999999999667e-02 1.745850000000000080e+01
9.099999999999999756e-02 1.752929999999999922e+01
9.199999999999999845e-02 1.760010000000000119e+01
9.299999999999999933e-02 1.767099999999999937e+01
9.400000000000000022e-02 1.774210000000000065e+01
9.500000000000000111e-02 1.781330000000000169e+01
9.600000000000000200e-02 1.788479999999999848e+01
9.700000000000000289e-02 1.795649999999999835e+01
9.800000000000000377e-02 1.802850000000000108e+01
9.900000000000000466e-02 1.810069999999999979e+01
1.000000000000000056e-01 1.817330000000000112e+01
1.010000000000000064e-01 1.824630000000000152e+01
1.019999999999999934e-01 1.831960000000000122e+01
1.029999999999999943e-01 1.839329999999999998e+01
1.039999999999999952e-01 1.846740000000000137e+01
1.049999999999999961e-01 1.854200000000000159e+01
1.059999999999999970e-01 1.861710000000000065e+01
1.069999999999999979e-01 1.869259999999999877e+01
1.079999999999999988e-01 1.876869999999999905e+01
1.089999999999999997e-01 1.884530000000000172e+01
1.100000000000000006e-01 1.892249999999999943e+01
1.110000000000000014e-01 1.900019999999999953e+01
1.120000000000000023e-01 1.907849999999999824e+01
1.130000000000000032e-01 1.915749999999999886e+01
1.140000000000000041e-01 1.923699999999999832e+01
1.150000000000000050e-01 1.931719999999999970e+01
1.160000000000000059e-01 1.939809999999999945e+01
1.170000000000000068e-01 1.947970000000000113e+01
1.179999999999999938e-01 1.956190000000000140e+01
1.189999999999999947e-01 1.964489999999999981e+01
1.199999999999999956e-01 1.972860000000000014e+01
1.209999999999999964e-01 1.981299999999999883e+01
1.219999999999999973e-01 1.989819999999999922e+01
1.229999999999999982e-01 1.998420000000000130e+01
1.239999999999999991e-01 2.007090000000000174e+01
1.250000000000000000e-01 2.015840000000000032e+01
1.260000000000000009e-01 2.024670000000000059e+01
1.270000000000000018e-01 2.033589999999999876e+01
1.280000000000000027e-01 2.042589999999999861e+01
1.290000000000000036e-01 2.051670000000000016e+01
1.300000000000000044e-01 2.060829999999999984e+01
1.310000000000000053e-01 2.070090000000000074e+01
1.320000000000000062e-01 2.079420000000000002e+01
1.330000000000000071e-01 2.088850000000000051e+01
1.340000000000000080e-01 2.098369999999999891e+01
1.350000000000000089e-01 2.107979999999999876e+01
1.360000000000000098e-01 2.117670000000000030e+01
1.370000000000000107e-01 2.127459999999999951e+01
1.380000000000000115e-01 2.137340000000000018e+01
1.390000000000000124e-01 2.147319999999999851e+01
1.400000000000000133e-01 2.157389999999999830e+01
1.409999999999999865e-01 2.167549999999999955e+01
1.419999999999999873e-01 2.177809999999999846e+01
1.429999999999999882e-01 2.188169999999999860e+01
1.439999999999999891e-01 2.198620000000000019e+01
1.449999999999999900e-01 2.209179999999999922e+01
1.459999999999999909e-01 2.219829999999999970e+01
1.469999999999999918e-01 2.230580000000000140e+01
1.479999999999999927e-01 2.241430000000000078e+01
1.489999999999999936e-01 2.252380000000000138e+01
1.499999999999999944e-01 2.263429999999999964e+01
1.509999999999999953e-01 2.274579999999999913e+01
1.519999999999999962e-01 2.285839999999999961e+01
1.529999999999999971e-01 2.297200000000000131e+01
1.539999999999999980e-01 2.308660000000000068e+01
1.549999999999999989e-01 2.320220000000000127e+01
1.559999999999999998e-01 2.331899999999999906e+01
1.570000000000000007e-01 2.343669999999999831e+01
1.580000000000000016e-01 2.355559999999999832e+01
1.590000000000000024e-01 2.367549999999999955e+01
1.600000000000000033e-01 2.379639999999999844e+01
1.610000000000000042e-01 2.391850000000000165e+01
1.620000000000000051e-01 2.404169999999999874e+01
1.630000000000000060e-01 2.416590000000000060e+01
1.640000000000000069e-01 2.429119999999999990e+01
1.650000000000000078e-01 2.441769999999999996e+01
1.660000000000000087e-01 2.454530000000000101e+01
1.670000000000000095e-01 2.467399999999999949e+01
1.680000000000000104e-01 2.480379999999999896e+01
1.690000000000000113e-01 2.493479999999999919e+01
1.700000000000000122e-01 2.506690000000000040e+01
1.710000000000000131e-01 2.520019999999999882e+01
1.719999999999999862e-01 2.533470000000000155e+01
1.729999999999999871e-01 2.547040000000000148e+01
1.739999999999999880e-01 2.560729999999999862e+01
1.749999999999999889e-01 2.574540000000000006e+01
1.759999999999999898e-01 2.588469999999999871e+01
1.769999999999999907e-01 2.602540000000000120e+01
1.779999999999999916e-01 2.616720000000000113e+01
1.789999999999999925e-01 2.631040000000000134e+01
1.799999999999999933e-01 2.645489999999999853e+01
1.809999999999999942e-01 2.660079999999999956e+01
1.819999999999999951e-01 2.674800000000000111e+01
1.829999999999999960e-01 2.689669999999999916e+01
1.839999999999999969e-01 2.704680000000000106e+01
1.849999999999999978e-01 2.719839999999999947e+01
1.859999999999999987e-01 2.735160000000000124e+01
1.869999999999999996e-01 2.750629999999999953e+01
1.880000000000000004e-01 2.766280000000000072e+01
1.890000000000000013e-01 2.782090000000000174e+01
1.900000000000000022e-01 2.798089999999999833e+01
1.910000000000000031e-01 2.814270000000000138e+01
1.920000000000000040e-01 2.830659999999999954e+01
1.930000000000000049e-01 2.847259999999999991e+01
1.940000000000000058e-01 2.864089999999999847e+01
1.950000000000000067e-01 2.881159999999999854e+01
1.960000000000000075e-01 2.898499999999999943e+01
1.970000000000000084e-01 2.916130000000000067e+01
1.980000000000000093e-01 2.934080000000000155e+01
1.990000000000000102e-01 2.952380000000000138e+01
2.000000000000000111e-01 2.971079999999999899e+01
2.010000000000000120e-01 2.990230000000000032e+01
2.020000000000000129e-01 3.009909999999999997e+01
2.030000000000000138e-01 3.030189999999999984e+01
2.039999999999999869e-01 3.051200000000000045e+01
2.049999999999999878e-01 3.073089999999999833e+01
2.059999999999999887e-01 3.096059999999999945e+01
2.069999999999999896e-01 3.120410000000000039e+01
2.079999999999999905e-01 3.146559999999999846e+01
2.089999999999999913e-01 3.175120000000000076e+01
2.099999999999999922e-01 3.207090000000000174e+01
2.109999999999999931e-01 3.244080000000000297e+01
2.119999999999999940e-01 3.290529999999999688e+01
2.129999999999999949e-01 3.340999999999999659e+01
2.139999999999999958e-01 3.421650000000000347e+01
2.149999999999999967e-01 3.600209999999999866e+01
2.159999999999999976e-01 4.558200000000000074e+01
2.169999999999999984e-01 1.944000000000000128e+01
2.179999999999999993e-01 2.805669999999999931e+01
2.190000000000000002e-01 2.971249999999999858e+01
2.200000000000000011e-01 3.046590000000000131e+01
2.210000000000000020e-01 3.092170000000000130e+01
2.220000000000000029e-01 3.124620000000000175e+01
2.230000000000000038e-01 3.150489999999999924e+01
2.240000000000000047e-01 3.172970000000000113e+01
2.250000000000000056e-01 3.193939999999999912e+01
2.260000000000000064e-01 3.214639999999999986e+01
2.270000000000000073e-01 3.235990000000000322e+01
2.280000000000000082e-01 3.258829999999999671e+01
2.290000000000000091e-01 3.283919999999999817e+01
2.300000000000000100e-01 3.312039999999999651e+01
2.310000000000000109e-01 3.344039999999999679e+01
2.320000000000000118e-01 3.380830000000000268e+01
2.330000000000000127e-01 3.423440000000000083e+01
2.340000000000000135e-01 3.473049999999999926e+01
2.349999999999999867e-01 3.530969999999999942e+01
2.359999999999999876e-01 3.598660000000000281e+01
2.369999999999999885e-01 3.677689999999999770e+01
2.379999999999999893e-01 3.769729999999999848e+01
2.389999999999999902e-01 3.876420000000000243e+01
2.399999999999999911e-01 3.999199999999999733e+01
2.409999999999999920e-01 4.139079999999999870e+01
2.419999999999999929e-01 4.296260000000000190e+01
2.429999999999999938e-01 4.469809999999999661e+01
2.439999999999999947e-01 4.657240000000000180e+01
2.449999999999999956e-01 4.854379999999999740e+01
2.459999999999999964e-01 5.055530000000000257e+01
2.469999999999999973e-01 5.254010000000000247e+01
2.479999999999999982e-01 5.442999999999999972e+01
2.489999999999999991e-01 5.616490000000000293e+01
2.500000000000000000e-01 5.769919999999999760e+01
2.510000000000000009e-01 5.900500000000000256e+01
2.520000000000000018e-01 6.007130000000000081e+01
2.530000000000000027e-01 6.090079999999999671e+01
2.540000000000000036e-01 6.150619999999999976e+01
2.550000000000000044e-01 6.190610000000000213e+01
2.560000000000000053e-01 6.212230000000000274e+01
2.570000000000000062e-01 6.217730000000000246e+01
2.580000000000000071e-01 6.209329999999999927e+01
2.590000000000000080e-01 6.189119999999999777e+01
2.600000000000000089e-01 6.159020000000000294e+01
2.610000000000000098e-01 6.120759999999999934e+01
2.620000000000000107e-01 6.075849999999999795e+01
2.630000000000000115e-01 6.025659999999999883e+01
2.640000000000000124e-01 5.971329999999999671e+01
2.650000000000000133e-01 5.913880000000000337e+01
2.660000000000000142e-01 5.854140000000000299e+01
2.670000000000000151e-01 5.792830000000000013e+01
2.680000000000000160e-01 5.730539999999999878e+01
2.690000000000000169e-01 5.667770000000000152e+01
2.700000000000000178e-01 5.604910000000000281e+01
2.710000000000000187e-01 5.542289999999999850e+01
2.720000000000000195e-01 5.480149999999999721e+01
2.730000000000000204e-01 5.418690000000000140e+01
2.740000000000000213e-01 5.358080000000000354e+01
2.750000000000000222e-01 5.298409999999999798e+01
2.760000000000000231e-01 5.239770000000000039e+01
2.770000000000000240e-01 5.182209999999999894e+01
2.780000000000000249e-01 5.125780000000000314e+01
2.790000000000000258e-01 5.070490000000000208e+01
2.800000000000000266e-01 5.016349999999999909e+01
2.810000000000000275e-01 4.963360000000000127e+01
2.819999999999999729e-01 4.911509999999999820e+01
2.829999999999999738e-01 4.860799999999999699e+01
2.839999999999999747e-01 4.811200000000000188e+01
2.849999999999999756e-01 4.762720000000000198e+01
2.859999999999999765e-01 4.715319999999999823e+01
2.869999999999999774e-01 4.669010000000000105e+01
2.879999999999999782e-01 4.623769999999999669e+01
2.889999999999999791e-01 4.579590000000000316e+01
2.899999999999999800e-01 4.536460000000000292e+01
2.909999999999999809e-01 4.494380000000000308e+01
2.919999999999999818e-01 4.453340000000000032e+01
2.929999999999999827e-01 4.413340000000000174e+01
2.939999999999999836e-01 4.374399999999999977e+01
2.949999999999999845e-01 4.336489999999999867e+01
2.959999999999999853e-01 4.299649999999999750e+01
2.969999999999999862e-01 4.263859999999999673e+01
2.979999999999999871e-01 4.229140000000000299e+01
2.989999999999999880e-01 4.195490000000000208e+01
2.999999999999999889e-01 4.162930000000000064e+01
3.009999999999999898e-01 4.131459999999999866e+01
3.019999999999999907e-01 4.101100000000000279e+01
3.029999999999999916e-01 4.071840000000000259e+01
3.039999999999999925e-01 4.043710000000000093e+01
3.049999999999999933e-01 4.016700000000000159e+01
3.059999999999999942e-01 3.990820000000000078e+01
3.069999999999999951e-01 3.966080000000000183e+01
3.079999999999999960e-01 3.942479999999999762e+01
3.089999999999999969e-01 3.920020000000000238e+01
3.099999999999999978e-01 3.898700000000000188e+01
3.109999999999999987e-01 3.878509999999999991e+01
3.119999999999999996e-01 3.859459999999999980e+01
3.130000000000000004e-01 3.841539999999999822e+01
3.140000000000000013e-01 3.824730000000000274e+01
3.150000000000000022e-01 3.809029999999999916e+01
3.160000000000000031e-01 3.794429999999999836e+01
3.170000000000000040e-01 3.780899999999999750e+01
3.180000000000000049e-01 3.768430000000000035e+01
3.190000000000000058e-01 3.757009999999999650e+01
3.200000000000000067e-01 3.746600000000000108e+01
3.210000000000000075e-01 3.737189999999999657e+01
3.220000000000000084e-01 3.728759999999999764e+01
3.230000000000000093e-01 3.721280000000000143e+01
3.240000000000000102e-01 3.714719999999999800e+01
3.250000000000000111e-01 3.709049999999999869e+01
3.260000000000000120e-01 3.704249999999999687e+01
3.270000000000000129e-01 3.700280000000000058e+01
3.280000000000000138e-01 3.697109999999999985e+01
3.290000000000000147e-01 3.694720000000000226e+01
3.300000000000000155e-01 3.693070000000000164e+01
3.310000000000000164e-01 3.692130000000000223e+01
3.320000000000000173e-01 3.691859999999999786e+01
3.330000000000000182e-01 3.692240000000000322e+01
3.340000000000000191e-01 3.693229999999999791e+01
3.350000000000000200e-01 3.694809999999999661e+01
3.360000000000000209e-01 3.696929999999999694e+01
3.370000000000000218e-01 3.699569999999999936e+01
3.380000000000000226e-01 3.702700000000000102e+01
3.390000000000000235e-01 3.706289999999999907e+01
3.400000000000000244e-01 3.710309999999999775e+01
3.410000000000000253e-01 3.714719999999999800e+01
3.420000000000000262e-01 3.719509999999999650e+01
3.430000000000000271e-01 3.724629999999999797e+01
3.439999999999999725e-01 3.730080000000000240e+01
3.449999999999999734e-01 3.735819999999999652e+01
3.459999999999999742e-01 3.741819999999999879e+01
3.469999999999999751e-01 3.748069999999999879e+01
3.479999999999999760e-01 3.754540000000000077e+01
3.489999999999999769e-01 3.761209999999999809e+01
3.499999999999999778e-01 3.768050000000000210e+01
3.509999999999999787e-01 3.775059999999999860e+01
3.519999999999999796e-01 3.782200000000000273e+01
3.529999999999999805e-01 3.789459999999999695e+01
3.539999999999999813e-01 3.796820000000000306e+01
3.549999999999999822e-01 3.804270000000000351e+01
3.559999999999999831e-01 3.811789999999999878e+01
3.569999999999999840e-01 3.819369999999999976e+01
3.579999999999999849e-01 3.826989999999999981e+01
3.589999999999999858e-01 3.834640000000000271e+01
3.599999999999999867e-01 3.842300000000000182e+01
3.609999999999999876e-01 3.849980000000000047e+01
3.619999999999999885e-01 3.857639999999999958e+01
3.629999999999999893e-01 3.865290000000000248e+01
3.639999999999999902e-01 3.872919999999999874e+01
3.649999999999999911e-01 3.880510000000000304e+01
3.659999999999999920e-01 3.888069999999999737e+01
3.669999999999999929e-01 3.895570000000000022e+01
3.679999999999999938e-01 3.903020000000000067e+01
3.689999999999999947e-01 3.910399999999999920e+01
3.699999999999999956e-01 3.917719999999999914e+01
3.709999999999999964e-01 3.924960000000000093e+01
3.719999999999999973e-01 3.932119999999999749e+01
3.729999999999999982e-01 3.939200000000000301e+01
3.739999999999999991e-01 3.946200000000000330e+01
3.750000000000000000e-01 3.953099999999999881e+01
3.760000000000000009e-01 3.959909999999999997e+01
3.770000000000000018e-01 3.966620000000000346e+01
3.780000000000000027e-01 3.973230000000000217e+01
3.790000000000000036e-01 3.979740000000000322e+01
3.800000000000000044e-01 3.986140000000000327e+01
3.810000000000000053e-01 3.992430000000000234e+01
3.820000000000000062e-01 3.998619999999999663e+01
3.830000000000000071e-01 4.004699999999999704e+01
3.840000000000000080e-01 4.010669999999999646e+01
3.850000000000000089e-01 4.016530000000000200e+01
3.860000000000000098e-01 4.022270000000000323e+01
3.870000000000000107e-01 4.027900000000000347e+01
3.880000000000000115e-01 4.033420000000000272e+01
3.890000000000000124e-01 4.038830000000000098e+01
3.900000000000000133e-01 4.044120000000000203e+01
3.910000000000000142e-01 4.049300000000000210e+01
3.920000000000000151e-01 4.054359999999999786e+01
3.930000000000000160e-01 4.059309999999999974e+01
3.940000000000000169e-01 4.064150000000000063e+01
3.950000000000000178e-01 4.068880000000000052e+01
3.960000000000000187e-01 4.073490000000000322e+01
3.970000000000000195e-01 4.078000000000000114e+01
3.980000000000000204e-01 4.082390000000000185e+01
3.990000000000000213e-01 4.086679999999999779e+01
4.000000000000000222e-01 4.090849999999999653e+01
