 10  8  9  3 00  0  0  0  0
nnn_pot
  7                                                            Z1  BVs 1 - 7
  7  6
                                    61.105621   
                                    20.006950   
                                    8.364178    
                                    3.904981    
                                    1.497084    
                                    0.498134    
                                    0.085455    
   28.361076   16.313593    0.789219    0.202386    0.039304    0.001751
  1  1
          1.

  1  1
                      1.

  1  1
                                  1.

  1  1
                                              1.

  1  1
                                                          1.

  1  1
                                                                      1.

  1  1

          1.
  7                                                            Z2  BVs 8 - 14
  7  6
                                    15.699605   
                                    3.825786    
                                    2.852828    
                                    1.541919    
                                    0.240228    
                                    0.203160    
                                    0.003464    
   10.104705    6.998345    0.523445    0.147872    0.023233    0.005743
  1  1
          1.

  1  1
                      1.

  1  1
                                  1.

  1  1
                                              1.

  1  1
                                                          1.

  1  1
                                                                      1.

  1  1

          1.
eob-tni/123_123
elu-tni/000_000
eob-tni/123_123
elu-tni/000_000
eob-tni/123_123
elu-tni/000_000
