1.000000000000000021e-02 1.000061000000000089e+00
2.000000000000000042e-02 1.000000999999999918e+00
2.999999999999999889e-02 1.000056999999999974e+00
4.000000000000000083e-02 1.000002000000000058e+00
5.000000000000000278e-02 1.000024000000000024e+00
5.999999999999999778e-02 1.000040999999999958e+00
7.000000000000000666e-02 1.000015000000000098e+00
8.000000000000000167e-02 1.000000000000000000e+00
8.999999999999999667e-02 1.000013000000000041e+00
1.000000000000000056e-01 1.000029000000000057e+00
1.100000000000000006e-01 1.000029000000000057e+00
1.199999999999999956e-01 1.000016999999999934e+00
1.300000000000000044e-01 1.000003999999999893e+00
1.400000000000000133e-01 1.000000000000000000e+00
1.499999999999999944e-01 1.000003999999999893e+00
1.600000000000000033e-01 1.000011999999999901e+00
1.700000000000000122e-01 1.000016999999999934e+00
1.799999999999999933e-01 1.000018000000000074e+00
1.900000000000000022e-01 1.000015000000000098e+00
2.000000000000000111e-01 1.000010000000000066e+00
2.099999999999999922e-01 1.000005000000000033e+00
2.200000000000000011e-01 1.000000999999999918e+00
2.300000000000000100e-01 1.000000000000000000e+00
2.399999999999999911e-01 1.000000999999999918e+00
2.500000000000000000e-01 1.000003999999999893e+00
2.600000000000000089e-01 1.000005999999999950e+00
2.700000000000000178e-01 1.000008999999999926e+00
2.800000000000000266e-01 1.000010000000000066e+00
2.899999999999999800e-01 1.000010000000000066e+00
2.999999999999999889e-01 1.000008000000000008e+00
3.099999999999999978e-01 1.000007000000000090e+00
3.200000000000000067e-01 1.000005000000000033e+00
3.300000000000000155e-01 1.000002999999999975e+00
3.400000000000000244e-01 1.000000999999999918e+00
3.499999999999999778e-01 1.000000000000000000e+00
3.599999999999999867e-01 1.000000000000000000e+00
3.699999999999999956e-01 1.000000000000000000e+00
3.800000000000000044e-01 1.000000999999999918e+00
3.900000000000000133e-01 1.000002000000000058e+00
4.000000000000000222e-01 1.000002000000000058e+00
4.099999999999999756e-01 1.000002999999999975e+00
4.199999999999999845e-01 1.000003999999999893e+00
4.299999999999999933e-01 1.000003999999999893e+00
4.400000000000000022e-01 1.000003999999999893e+00
4.500000000000000111e-01 1.000003999999999893e+00
4.600000000000000200e-01 1.000002999999999975e+00
4.699999999999999734e-01 1.000002999999999975e+00
4.799999999999999822e-01 1.000002000000000058e+00
4.899999999999999911e-01 1.000002000000000058e+00
5.000000000000000000e-01 1.000000999999999918e+00
5.100000000000000089e-01 1.000000999999999918e+00
5.200000000000000178e-01 1.000000000000000000e+00
5.300000000000000266e-01 1.000000000000000000e+00
5.400000000000000355e-01 1.000000000000000000e+00
5.500000000000000444e-01 1.000000000000000000e+00
5.600000000000000533e-01 1.000000000000000000e+00
5.699999999999999512e-01 1.000000000000000000e+00
5.799999999999999600e-01 1.000000000000000000e+00
5.899999999999999689e-01 1.000000999999999918e+00
5.999999999999999778e-01 1.000000999999999918e+00
6.099999999999999867e-01 1.000000999999999918e+00
6.199999999999999956e-01 1.000000999999999918e+00
6.300000000000000044e-01 1.000000999999999918e+00
6.400000000000000133e-01 1.000000999999999918e+00
6.500000000000000222e-01 1.000000999999999918e+00
6.600000000000000311e-01 1.000000999999999918e+00
6.700000000000000400e-01 1.000000999999999918e+00
6.800000000000000488e-01 1.000000999999999918e+00
6.899999999999999467e-01 1.000000999999999918e+00
6.999999999999999556e-01 1.000000999999999918e+00
7.099999999999999645e-01 1.000000999999999918e+00
7.199999999999999734e-01 1.000000999999999918e+00
7.299999999999999822e-01 1.000000999999999918e+00
7.399999999999999911e-01 1.000000999999999918e+00
7.500000000000000000e-01 1.000000000000000000e+00
7.600000000000000089e-01 1.000000000000000000e+00
7.700000000000000178e-01 1.000000000000000000e+00
7.800000000000000266e-01 1.000000000000000000e+00
7.900000000000000355e-01 1.000000000000000000e+00
8.000000000000000444e-01 1.000000000000000000e+00
8.100000000000000533e-01 1.000000000000000000e+00
8.199999999999999512e-01 1.000000000000000000e+00
8.299999999999999600e-01 1.000000000000000000e+00
8.399999999999999689e-01 1.000000000000000000e+00
8.499999999999999778e-01 1.000000000000000000e+00
8.599999999999999867e-01 1.000000000000000000e+00
8.699999999999999956e-01 1.000000000000000000e+00
8.800000000000000044e-01 1.000000000000000000e+00
8.900000000000000133e-01 1.000000000000000000e+00
9.000000000000000222e-01 1.000000000000000000e+00
9.100000000000000311e-01 1.000000000000000000e+00
9.200000000000000400e-01 1.000000000000000000e+00
9.300000000000000488e-01 1.000000000000000000e+00
9.399999999999999467e-01 1.000000000000000000e+00
9.499999999999999556e-01 1.000000000000000000e+00
9.599999999999999645e-01 1.000000000000000000e+00
9.699999999999999734e-01 1.000000000000000000e+00
9.799999999999999822e-01 1.000000000000000000e+00
9.899999999999999911e-01 1.000000000000000000e+00
1.000000000000000000e+00 1.000000000000000000e+00
1.010000000000000009e+00 1.000000000000000000e+00
1.020000000000000018e+00 1.000000000000000000e+00
1.030000000000000027e+00 1.000000000000000000e+00
1.040000000000000036e+00 1.000000000000000000e+00
1.050000000000000044e+00 1.000000000000000000e+00
1.060000000000000053e+00 1.000000000000000000e+00
1.070000000000000062e+00 1.000000000000000000e+00
1.080000000000000071e+00 1.000000000000000000e+00
1.090000000000000080e+00 1.000000000000000000e+00
1.100000000000000089e+00 1.000000000000000000e+00
1.110000000000000098e+00 1.000000000000000000e+00
1.120000000000000107e+00 1.000000000000000000e+00
1.129999999999999893e+00 1.000000000000000000e+00
1.139999999999999902e+00 1.000000000000000000e+00
1.149999999999999911e+00 1.000000000000000000e+00
1.159999999999999920e+00 1.000000000000000000e+00
1.169999999999999929e+00 1.000000000000000000e+00
1.179999999999999938e+00 1.000000000000000000e+00
1.189999999999999947e+00 1.000000000000000000e+00
1.199999999999999956e+00 1.000000000000000000e+00
1.209999999999999964e+00 1.000000000000000000e+00
1.219999999999999973e+00 1.000000000000000000e+00
1.229999999999999982e+00 1.000000000000000000e+00
1.239999999999999991e+00 1.000000000000000000e+00
1.250000000000000000e+00 1.000000000000000000e+00
1.260000000000000009e+00 1.000000000000000000e+00
1.270000000000000018e+00 1.000000000000000000e+00
1.280000000000000027e+00 1.000000000000000000e+00
1.290000000000000036e+00 1.000000000000000000e+00
1.300000000000000044e+00 1.000000000000000000e+00
1.310000000000000053e+00 1.000000000000000000e+00
1.320000000000000062e+00 1.000000000000000000e+00
1.330000000000000071e+00 1.000000000000000000e+00
1.340000000000000080e+00 1.000000000000000000e+00
1.350000000000000089e+00 1.000000000000000000e+00
1.360000000000000098e+00 1.000000000000000000e+00
1.370000000000000107e+00 1.000000000000000000e+00
1.379999999999999893e+00 1.000000000000000000e+00
1.389999999999999902e+00 1.000000000000000000e+00
1.399999999999999911e+00 1.000000000000000000e+00
1.409999999999999920e+00 1.000000000000000000e+00
1.419999999999999929e+00 1.000000000000000000e+00
1.429999999999999938e+00 1.000000000000000000e+00
1.439999999999999947e+00 1.000000000000000000e+00
1.449999999999999956e+00 1.000000000000000000e+00
1.459999999999999964e+00 1.000000000000000000e+00
1.469999999999999973e+00 1.000000000000000000e+00
1.479999999999999982e+00 1.000000000000000000e+00
1.489999999999999991e+00 1.000000000000000000e+00
1.500000000000000000e+00 1.000000000000000000e+00
1.510000000000000009e+00 1.000000999999999918e+00
1.520000000000000018e+00 1.000000999999999918e+00
1.530000000000000027e+00 1.000000999999999918e+00
1.540000000000000036e+00 1.000000999999999918e+00
1.550000000000000044e+00 1.000000999999999918e+00
1.560000000000000053e+00 1.000000999999999918e+00
1.570000000000000062e+00 1.000000999999999918e+00
1.580000000000000071e+00 1.000000999999999918e+00
1.590000000000000080e+00 1.000000999999999918e+00
1.600000000000000089e+00 1.000000999999999918e+00
1.610000000000000098e+00 1.000002000000000058e+00
1.620000000000000107e+00 1.000002000000000058e+00
1.629999999999999893e+00 1.000002000000000058e+00
1.639999999999999902e+00 1.000002000000000058e+00
1.649999999999999911e+00 1.000002000000000058e+00
1.659999999999999920e+00 1.000002000000000058e+00
1.669999999999999929e+00 1.000002000000000058e+00
1.679999999999999938e+00 1.000002999999999975e+00
1.689999999999999947e+00 1.000002999999999975e+00
1.699999999999999956e+00 1.000002999999999975e+00
1.709999999999999964e+00 1.000002999999999975e+00
1.719999999999999973e+00 1.000002999999999975e+00
1.729999999999999982e+00 1.000003999999999893e+00
1.739999999999999991e+00 1.000003999999999893e+00
1.750000000000000000e+00 1.000003999999999893e+00
1.760000000000000009e+00 1.000003999999999893e+00
1.770000000000000018e+00 1.000003999999999893e+00
1.780000000000000027e+00 1.000003999999999893e+00
1.790000000000000036e+00 1.000003999999999893e+00
1.800000000000000044e+00 1.000005000000000033e+00
1.810000000000000053e+00 1.000005000000000033e+00
1.820000000000000062e+00 1.000005000000000033e+00
1.830000000000000071e+00 1.000005000000000033e+00
1.840000000000000080e+00 1.000005000000000033e+00
1.850000000000000089e+00 1.000005000000000033e+00
1.860000000000000098e+00 1.000005000000000033e+00
1.870000000000000107e+00 1.000005000000000033e+00
1.879999999999999893e+00 1.000005000000000033e+00
1.889999999999999902e+00 1.000003999999999893e+00
1.899999999999999911e+00 1.000003999999999893e+00
1.909999999999999920e+00 1.000003999999999893e+00
1.919999999999999929e+00 1.000003999999999893e+00
1.929999999999999938e+00 1.000003999999999893e+00
1.939999999999999947e+00 1.000002999999999975e+00
1.949999999999999956e+00 1.000002999999999975e+00
1.959999999999999964e+00 1.000002999999999975e+00
1.969999999999999973e+00 1.000002999999999975e+00
1.979999999999999982e+00 1.000002000000000058e+00
1.989999999999999991e+00 1.000002000000000058e+00
2.000000000000000000e+00 1.000002000000000058e+00
2.009999999999999787e+00 1.000000999999999918e+00
2.020000000000000018e+00 1.000000999999999918e+00
2.029999999999999805e+00 1.000000999999999918e+00
2.040000000000000036e+00 1.000000000000000000e+00
2.049999999999999822e+00 1.000000000000000000e+00
2.060000000000000053e+00 1.000000000000000000e+00
2.069999999999999840e+00 1.000000000000000000e+00
2.080000000000000071e+00 1.000000000000000000e+00
2.089999999999999858e+00 1.000000000000000000e+00
2.100000000000000089e+00 1.000000000000000000e+00
2.109999999999999876e+00 1.000000999999999918e+00
2.120000000000000107e+00 1.000000999999999918e+00
2.129999999999999893e+00 1.000000999999999918e+00
2.140000000000000124e+00 1.000002000000000058e+00
2.149999999999999911e+00 1.000002999999999975e+00
2.160000000000000142e+00 1.000003999999999893e+00
2.169999999999999929e+00 1.000005000000000033e+00
2.180000000000000160e+00 1.000007000000000090e+00
2.189999999999999947e+00 1.000008999999999926e+00
2.200000000000000178e+00 1.000010999999999983e+00
2.209999999999999964e+00 1.000013000000000041e+00
2.220000000000000195e+00 1.000016000000000016e+00
2.229999999999999982e+00 1.000018999999999991e+00
2.240000000000000213e+00 1.000021999999999966e+00
2.250000000000000000e+00 1.000026000000000082e+00
2.259999999999999787e+00 1.000029999999999974e+00
2.270000000000000018e+00 1.000034000000000090e+00
2.279999999999999805e+00 1.000038999999999900e+00
2.290000000000000036e+00 1.000043999999999933e+00
2.299999999999999822e+00 1.000050000000000106e+00
2.310000000000000053e+00 1.000056000000000056e+00
2.319999999999999840e+00 1.000062999999999924e+00
2.330000000000000071e+00 1.000070000000000014e+00
2.339999999999999858e+00 1.000077000000000105e+00
2.350000000000000089e+00 1.000084999999999891e+00
2.359999999999999876e+00 1.000094000000000038e+00
2.370000000000000107e+00 1.000102999999999964e+00
2.379999999999999893e+00 1.000111999999999890e+00
2.390000000000000124e+00 1.000121999999999955e+00
2.399999999999999911e+00 1.000132999999999939e+00
2.410000000000000142e+00 1.000143999999999922e+00
2.419999999999999929e+00 1.000156000000000045e+00
2.430000000000000160e+00 1.000167999999999946e+00
2.439999999999999947e+00 1.000180000000000069e+00
2.450000000000000178e+00 1.000193000000000110e+00
2.459999999999999964e+00 1.000205999999999928e+00
2.470000000000000195e+00 1.000220000000000109e+00
2.479999999999999982e+00 1.000234000000000067e+00
2.490000000000000213e+00 1.000248999999999944e+00
2.500000000000000000e+00 1.000264000000000042e+00
2.509999999999999787e+00 1.000278999999999918e+00
2.520000000000000018e+00 1.000294999999999934e+00
2.529999999999999805e+00 1.000310999999999950e+00
2.540000000000000036e+00 1.000326000000000048e+00
2.549999999999999822e+00 1.000342999999999982e+00
2.560000000000000053e+00 1.000358999999999998e+00
2.569999999999999840e+00 1.000375000000000014e+00
2.580000000000000071e+00 1.000391999999999948e+00
2.589999999999999858e+00 1.000407999999999964e+00
2.600000000000000089e+00 1.000423999999999980e+00
2.609999999999999876e+00 1.000440999999999914e+00
2.620000000000000107e+00 1.000456999999999930e+00
2.629999999999999893e+00 1.000472000000000028e+00
2.640000000000000124e+00 1.000488000000000044e+00
2.649999999999999911e+00 1.000502999999999920e+00
2.660000000000000142e+00 1.000517000000000101e+00
2.669999999999999929e+00 1.000531000000000059e+00
2.680000000000000160e+00 1.000545000000000018e+00
2.689999999999999947e+00 1.000558000000000058e+00
2.700000000000000178e+00 1.000569999999999959e+00
2.709999999999999964e+00 1.000580999999999943e+00
2.720000000000000195e+00 1.000591999999999926e+00
2.729999999999999982e+00 1.000601999999999991e+00
2.740000000000000213e+00 1.000609999999999999e+00
2.750000000000000000e+00 1.000618000000000007e+00
2.759999999999999787e+00 1.000625000000000098e+00
2.770000000000000018e+00 1.000629999999999908e+00
2.779999999999999805e+00 1.000634000000000023e+00
2.790000000000000036e+00 1.000636999999999999e+00
2.799999999999999822e+00 1.000639000000000056e+00
2.810000000000000053e+00 1.000639000000000056e+00
2.819999999999999840e+00 1.000637999999999916e+00
2.830000000000000071e+00 1.000636000000000081e+00
2.839999999999999858e+00 1.000631999999999966e+00
2.850000000000000089e+00 1.000626000000000015e+00
2.859999999999999876e+00 1.000618999999999925e+00
2.870000000000000107e+00 1.000609999999999999e+00
2.879999999999999893e+00 1.000599999999999934e+00
2.890000000000000124e+00 1.000588000000000033e+00
2.899999999999999911e+00 1.000574999999999992e+00
2.910000000000000142e+00 1.000559999999999894e+00
2.919999999999999929e+00 1.000542999999999960e+00
2.930000000000000160e+00 1.000525000000000109e+00
2.939999999999999947e+00 1.000505999999999895e+00
2.950000000000000178e+00 1.000485000000000069e+00
2.959999999999999964e+00 1.000463000000000102e+00
2.970000000000000195e+00 1.000439999999999996e+00
2.979999999999999982e+00 1.000415000000000054e+00
2.990000000000000213e+00 1.000389999999999890e+00
3.000000000000000000e+00 1.000362999999999891e+00
3.009999999999999787e+00 1.000335999999999892e+00
3.020000000000000018e+00 1.000307999999999975e+00
3.029999999999999805e+00 1.000280000000000058e+00
3.040000000000000036e+00 1.000251000000000001e+00
3.049999999999999822e+00 1.000223000000000084e+00
3.060000000000000053e+00 1.000194999999999945e+00
3.069999999999999840e+00 1.000167000000000028e+00
3.080000000000000071e+00 1.000140000000000029e+00
3.089999999999999858e+00 1.000115000000000087e+00
3.100000000000000089e+00 1.000089999999999923e+00
3.109999999999999876e+00 1.000067999999999957e+00
3.120000000000000107e+00 1.000048000000000048e+00
3.129999999999999893e+00 1.000030999999999892e+00
3.140000000000000124e+00 1.000016999999999934e+00
3.149999999999999911e+00 1.000007000000000090e+00
3.160000000000000142e+00 1.000000999999999918e+00
3.169999999999999929e+00 1.000000000000000000e+00
3.180000000000000160e+00 1.000003999999999893e+00
3.189999999999999947e+00 1.000015000000000098e+00
3.200000000000000178e+00 1.000032000000000032e+00
3.209999999999999964e+00 1.000056999999999974e+00
3.220000000000000195e+00 1.000091000000000063e+00
3.229999999999999982e+00 1.000134000000000079e+00
3.240000000000000213e+00 1.000186999999999937e+00
3.250000000000000000e+00 1.000251999999999919e+00
3.259999999999999787e+00 1.000328000000000106e+00
3.270000000000000018e+00 1.000418000000000029e+00
3.279999999999999805e+00 1.000521999999999911e+00
3.290000000000000036e+00 1.000642000000000031e+00
3.299999999999999822e+00 1.000777999999999945e+00
3.310000000000000053e+00 1.000933000000000073e+00
3.319999999999999840e+00 1.001106999999999969e+00
3.330000000000000071e+00 1.001301999999999914e+00
3.339999999999999858e+00 1.001519000000000048e+00
3.350000000000000089e+00 1.001759999999999984e+00
3.359999999999999876e+00 1.002026000000000083e+00
3.370000000000000107e+00 1.002318999999999960e+00
3.379999999999999893e+00 1.002642000000000033e+00
3.390000000000000124e+00 1.002993999999999941e+00
3.399999999999999911e+00 1.003379000000000021e+00
3.410000000000000142e+00 1.003799000000000108e+00
3.419999999999999929e+00 1.004253999999999980e+00
3.430000000000000160e+00 1.004747999999999974e+00
3.439999999999999947e+00 1.005282000000000009e+00
3.450000000000000178e+00 1.005857999999999919e+00
3.459999999999999964e+00 1.006478999999999902e+00
3.470000000000000195e+00 1.007147000000000014e+00
3.479999999999999982e+00 1.007862999999999953e+00
3.490000000000000213e+00 1.008631000000000055e+00
3.500000000000000000e+00 1.009452000000000016e+00
3.509999999999999787e+00 1.010329000000000033e+00
3.520000000000000018e+00 1.011263999999999941e+00
3.529999999999999805e+00 1.012259999999999938e+00
3.540000000000000036e+00 1.013319999999999999e+00
3.549999999999999822e+00 1.014445000000000041e+00
3.560000000000000053e+00 1.015638000000000041e+00
3.569999999999999840e+00 1.016901999999999973e+00
3.580000000000000071e+00 1.018240000000000034e+00
3.589999999999999858e+00 1.019654000000000060e+00
3.600000000000000089e+00 1.021147999999999945e+00
3.609999999999999876e+00 1.022723999999999966e+00
3.620000000000000107e+00 1.024386000000000019e+00
3.629999999999999893e+00 1.026135999999999937e+00
3.640000000000000124e+00 1.027979999999999894e+00
3.649999999999999911e+00 1.029921000000000086e+00
3.660000000000000142e+00 1.031965000000000021e+00
3.669999999999999929e+00 1.034118000000000093e+00
3.680000000000000160e+00 1.036386000000000029e+00
3.689999999999999947e+00 1.038780000000000037e+00
3.700000000000000178e+00 1.041312999999999933e+00
3.709999999999999964e+00 1.044003000000000014e+00
3.720000000000000195e+00 1.046877000000000058e+00
3.729999999999999982e+00 1.049984000000000028e+00
3.740000000000000213e+00 1.053412000000000015e+00
3.750000000000000000e+00 1.057379000000000069e+00
3.759999999999999787e+00 1.062944000000000111e+00
3.770000000000000018e+00 1.041130000000000111e+00
3.779999999999999805e+00 1.031825999999999910e+00
3.790000000000000036e+00 1.027034999999999920e+00
3.799999999999999822e+00 1.024420000000000108e+00
3.810000000000000053e+00 1.023114000000000079e+00
3.819999999999999840e+00 1.022677999999999976e+00
3.830000000000000071e+00 1.022861000000000020e+00
3.839999999999999858e+00 1.023512999999999895e+00
3.850000000000000089e+00 1.024539000000000089e+00
3.859999999999999876e+00 1.025878999999999985e+00
3.870000000000000107e+00 1.027492000000000072e+00
3.879999999999999893e+00 1.029354000000000102e+00
3.890000000000000124e+00 1.031447999999999920e+00
3.899999999999999911e+00 1.033762999999999987e+00
3.910000000000000142e+00 1.036289000000000016e+00
3.919999999999999929e+00 1.039020000000000055e+00
3.930000000000000160e+00 1.041949000000000014e+00
3.939999999999999947e+00 1.045069000000000026e+00
3.950000000000000178e+00 1.048372999999999999e+00
3.959999999999999964e+00 1.051854000000000067e+00
3.970000000000000195e+00 1.055503999999999998e+00
3.979999999999999982e+00 1.059317000000000064e+00
3.990000000000000213e+00 1.063282999999999978e+00
4.000000000000000000e+00 1.067398000000000069e+00
4.009999999999999787e+00 1.071655999999999942e+00
4.019999999999999574e+00 1.076051000000000091e+00
4.030000000000000249e+00 1.080581999999999931e+00
4.040000000000000036e+00 1.085247999999999990e+00
4.049999999999999822e+00 1.090049999999999963e+00
4.059999999999999609e+00 1.094991000000000048e+00
4.070000000000000284e+00 1.100079999999999947e+00
4.080000000000000071e+00 1.105324999999999891e+00
4.089999999999999858e+00 1.110740999999999978e+00
4.099999999999999645e+00 1.116346000000000060e+00
4.110000000000000320e+00 1.122166999999999915e+00
4.120000000000000107e+00 1.128233000000000041e+00
4.129999999999999893e+00 1.134589000000000070e+00
4.139999999999999680e+00 1.141286999999999940e+00
4.150000000000000355e+00 1.148400000000000087e+00
4.160000000000000142e+00 1.156028000000000056e+00
4.169999999999999929e+00 1.164306000000000063e+00
4.179999999999999716e+00 1.173432999999999948e+00
4.190000000000000391e+00 1.183708999999999900e+00
4.200000000000000178e+00 1.195621999999999963e+00
4.209999999999999964e+00 1.210042000000000062e+00
4.219999999999999751e+00 1.228752999999999984e+00
4.230000000000000426e+00 1.256377000000000077e+00
4.240000000000000213e+00 1.312448999999999977e+00
4.250000000000000000e+00 1.393987000000000087e+00
4.259999999999999787e+00 1.214726999999999890e+00
4.269999999999999574e+00 1.161848999999999910e+00
4.280000000000000249e+00 1.154347000000000012e+00
4.290000000000000036e+00 1.151567000000000007e+00
4.299999999999999822e+00 1.152411000000000074e+00
4.309999999999999609e+00 1.156241000000000074e+00
4.320000000000000284e+00 1.161933000000000105e+00
4.330000000000000071e+00 1.168457000000000079e+00
4.339999999999999858e+00 1.175178000000000056e+00
4.349999999999999645e+00 1.181816999999999895e+00
4.360000000000000320e+00 1.188301999999999969e+00
4.370000000000000107e+00 1.194649000000000072e+00
4.379999999999999893e+00 1.200898999999999939e+00
4.389999999999999680e+00 1.207086000000000103e+00
4.400000000000000355e+00 1.213216000000000072e+00
4.410000000000000142e+00 1.219262000000000068e+00
4.419999999999999929e+00 1.225139999999999896e+00
4.429999999999999716e+00 1.230699999999999905e+00
4.440000000000000391e+00 1.235687999999999898e+00
4.450000000000000178e+00 1.239711999999999925e+00
4.459999999999999964e+00 1.242170999999999914e+00
4.469999999999999751e+00 1.242177000000000087e+00
4.480000000000000426e+00 1.238461000000000034e+00
4.490000000000000213e+00 1.229311000000000043e+00
4.500000000000000000e+00 1.212688999999999906e+00
4.509999999999999787e+00 1.186690000000000023e+00
4.519999999999999574e+00 1.150617000000000001e+00
4.530000000000000249e+00 1.106422000000000017e+00
4.540000000000000036e+00 1.059471999999999969e+00
4.549999999999999822e+00 1.017182999999999948e+00
4.559999999999999609e+00 9.857609999999999983e-01
4.570000000000000284e+00 9.675979999999999581e-01
4.580000000000000071e+00 9.613460000000000338e-01
4.589999999999999858e+00 9.638029999999999653e-01
4.599999999999999645e+00 9.716860000000000497e-01
4.610000000000000320e+00 9.824619999999999465e-01
4.620000000000000107e+00 9.944640000000000146e-01
4.629999999999999893e+00 1.006701000000000068e+00
4.639999999999999680e+00 1.018636000000000097e+00
4.650000000000000355e+00 1.030011000000000010e+00
4.660000000000000142e+00 1.040721000000000007e+00
4.669999999999999929e+00 1.050751999999999908e+00
4.679999999999999716e+00 1.060127000000000042e+00
4.690000000000000391e+00 1.068886000000000003e+00
4.700000000000000178e+00 1.077072999999999947e+00
4.709999999999999964e+00 1.084729000000000054e+00
4.719999999999999751e+00 1.091884999999999994e+00
4.730000000000000426e+00 1.098572000000000104e+00
4.740000000000000213e+00 1.104810999999999988e+00
4.750000000000000000e+00 1.110622999999999916e+00
4.759999999999999787e+00 1.116025999999999962e+00
4.769999999999999574e+00 1.121037999999999979e+00
4.780000000000000249e+00 1.125675999999999899e+00
4.790000000000000036e+00 1.129955000000000043e+00
4.799999999999999822e+00 1.133891999999999900e+00
4.809999999999999609e+00 1.137504000000000071e+00
4.820000000000000284e+00 1.140805000000000069e+00
4.830000000000000071e+00 1.143810999999999911e+00
4.839999999999999858e+00 1.146535000000000082e+00
4.849999999999999645e+00 1.148987999999999898e+00
4.860000000000000320e+00 1.151181000000000010e+00
4.870000000000000107e+00 1.153124999999999956e+00
4.879999999999999893e+00 1.154824999999999990e+00
4.889999999999999680e+00 1.156290999999999958e+00
4.900000000000000355e+00 1.157523999999999997e+00
4.910000000000000142e+00 1.158531999999999895e+00
4.919999999999999929e+00 1.159313000000000038e+00
4.929999999999999716e+00 1.159872000000000014e+00
4.940000000000000391e+00 1.160206000000000071e+00
4.950000000000000178e+00 1.160315999999999903e+00
4.959999999999999964e+00 1.160198000000000063e+00
4.969999999999999751e+00 1.159848999999999908e+00
4.980000000000000426e+00 1.159264999999999990e+00
4.990000000000000213e+00 1.158439999999999914e+00
5.000000000000000000e+00 1.157369000000000092e+00
