4.250000000000000000e+00 1.108062000000000102e+00
4.259999999999999787e+00 1.045236999999999972e+00
4.269999999999999574e+00 1.039390000000000036e+00
4.280000000000000249e+00 1.039792000000000050e+00
4.290000000000000036e+00 1.042110000000000092e+00
4.299999999999999822e+00 1.045811999999999964e+00
4.309999999999999609e+00 1.050662999999999903e+00
4.320000000000000284e+00 1.056465999999999905e+00
4.330000000000000071e+00 1.063044000000000100e+00
4.339999999999999858e+00 1.070219999999999949e+00
4.349999999999999645e+00 1.077806000000000042e+00
4.360000000000000320e+00 1.085601999999999956e+00
4.370000000000000107e+00 1.093401000000000067e+00
4.379999999999999893e+00 1.100988999999999995e+00
4.389999999999999680e+00 1.108155999999999919e+00
4.400000000000000355e+00 1.114705999999999975e+00
4.410000000000000142e+00 1.120462000000000069e+00
4.419999999999999929e+00 1.125269999999999992e+00
4.429999999999999716e+00 1.129002000000000061e+00
4.440000000000000391e+00 1.131555000000000089e+00
4.450000000000000178e+00 1.132848999999999995e+00
4.459999999999999964e+00 1.132826000000000111e+00
4.469999999999999751e+00 1.131450999999999985e+00
4.480000000000000426e+00 1.128711999999999938e+00
4.490000000000000213e+00 1.124616999999999978e+00
4.500000000000000000e+00 1.119200999999999890e+00
4.509999999999999787e+00 1.112524000000000068e+00
4.519999999999999574e+00 1.104670000000000041e+00
4.530000000000000249e+00 1.095744999999999969e+00
4.540000000000000036e+00 1.085877999999999899e+00
4.549999999999999822e+00 1.075212000000000057e+00
4.559999999999999609e+00 1.063898999999999928e+00
4.570000000000000284e+00 1.052097000000000060e+00
4.580000000000000071e+00 1.039962999999999971e+00
4.589999999999999858e+00 1.027647999999999895e+00
4.599999999999999645e+00 1.015292000000000083e+00
4.610000000000000320e+00 1.003022000000000080e+00
4.620000000000000107e+00 9.909520000000000550e-01
4.629999999999999893e+00 9.791809999999999681e-01
4.639999999999999680e+00 9.677930000000000144e-01
4.650000000000000355e+00 9.568609999999999616e-01
4.660000000000000142e+00 9.464479999999999560e-01
4.669999999999999929e+00 9.366069999999999673e-01
4.679999999999999716e+00 9.273839999999999861e-01
4.690000000000000391e+00 9.188229999999999453e-01
4.700000000000000178e+00 9.109629999999999672e-01
4.709999999999999964e+00 9.038389999999999480e-01
4.719999999999999751e+00 8.974860000000000060e-01
4.730000000000000426e+00 8.919380000000000086e-01
4.740000000000000213e+00 8.872259999999999591e-01
4.750000000000000000e+00 8.833779999999999966e-01
4.759999999999999787e+00 8.804189999999999516e-01
4.769999999999999574e+00 8.783729999999999594e-01
4.780000000000000249e+00 8.772550000000000070e-01
4.790000000000000036e+00 8.770769999999999955e-01
4.799999999999999822e+00 8.778449999999999864e-01
4.809999999999999609e+00 8.795600000000000085e-01
4.820000000000000284e+00 8.822130000000000249e-01
4.830000000000000071e+00 8.857949999999999990e-01
4.839999999999999858e+00 8.902870000000000505e-01
4.849999999999999645e+00 8.956699999999999662e-01
4.860000000000000320e+00 9.019190000000000262e-01
4.870000000000000107e+00 9.090099999999999847e-01
4.879999999999999893e+00 9.169169999999999821e-01
4.889999999999999680e+00 9.256140000000000478e-01
4.900000000000000355e+00 9.350789999999999935e-01
4.910000000000000142e+00 9.452899999999999636e-01
4.919999999999999929e+00 9.562279999999999669e-01
4.929999999999999716e+00 9.678809999999999913e-01
4.940000000000000391e+00 9.802330000000000210e-01
4.950000000000000178e+00 9.932779999999999943e-01
4.959999999999999964e+00 1.007004999999999928e+00
4.969999999999999751e+00 1.021409000000000011e+00
4.980000000000000426e+00 1.036480000000000068e+00
4.990000000000000213e+00 1.052208000000000032e+00
5.000000000000000000e+00 1.068575999999999970e+00
