1.000000000000000021e-03 1.000000000000000000e+00
6.099999999999999867e-02 1.000000000000000000e+00
1.209999999999999964e-01 1.000000000000000000e+00
1.809999999999999942e-01 1.000000000000000000e+00
2.409999999999999920e-01 1.000000000000000000e+00
3.009999999999999898e-01 1.000000000000000000e+00
3.609999999999999876e-01 1.000000000000000000e+00
4.209999999999999853e-01 1.000000000000000000e+00
4.809999999999999831e-01 1.000000000000000000e+00
5.410000000000000364e-01 1.000000000000000000e+00
6.009999999999999787e-01 1.000000000000000000e+00
6.610000000000000320e-01 1.000000000000000000e+00
7.209999999999999742e-01 1.000000000000000000e+00
7.810000000000000275e-01 1.000000000000000000e+00
8.409999999999999698e-01 1.000000000000000000e+00
9.010000000000000231e-01 1.000000000000000000e+00
9.609999999999999654e-01 1.000000000000000000e+00
1.020999999999999908e+00 1.000000000000000000e+00
1.080999999999999961e+00 1.000000000000000000e+00
1.141000000000000014e+00 1.000000000000000000e+00
1.201000000000000068e+00 1.000000000000000000e+00
1.260999999999999899e+00 1.000000000000000000e+00
1.320999999999999952e+00 1.000000000000000000e+00
1.381000000000000005e+00 1.000000000000000000e+00
1.441000000000000059e+00 1.000000000000000000e+00
1.500999999999999890e+00 1.000000999999999918e+00
1.560999999999999943e+00 1.000000999999999918e+00
1.620999999999999996e+00 1.000000999999999918e+00
1.681000000000000050e+00 1.000000999999999918e+00
1.741000000000000103e+00 1.000000999999999918e+00
1.800999999999999934e+00 1.000000000000000000e+00
1.860999999999999988e+00 1.000000000000000000e+00
1.921000000000000041e+00 1.000000000000000000e+00
1.981000000000000094e+00 1.000000000000000000e+00
2.040999999999999925e+00 1.000000000000000000e+00
2.100999999999999979e+00 1.000000000000000000e+00
2.161000000000000032e+00 1.000000000000000000e+00
2.221000000000000085e+00 1.000000000000000000e+00
2.281000000000000139e+00 1.000000000000000000e+00
2.341000000000000192e+00 1.000000000000000000e+00
2.400999999999999801e+00 1.000000000000000000e+00
2.460999999999999854e+00 1.000000000000000000e+00
2.520999999999999908e+00 1.000000000000000000e+00
2.580999999999999961e+00 1.000000000000000000e+00
2.641000000000000014e+00 1.000000000000000000e+00
2.701000000000000068e+00 1.000000000000000000e+00
2.761000000000000121e+00 1.000000000000000000e+00
2.821000000000000174e+00 1.000000999999999918e+00
2.880999999999999783e+00 1.000000999999999918e+00
2.940999999999999837e+00 1.000000999999999918e+00
3.000999999999999890e+00 1.000000999999999918e+00
3.060999999999999943e+00 1.000000999999999918e+00
3.120999999999999996e+00 1.000000999999999918e+00
3.181000000000000050e+00 1.000000999999999918e+00
3.241000000000000103e+00 1.000000999999999918e+00
3.301000000000000156e+00 1.000000999999999918e+00
3.361000000000000210e+00 1.000000999999999918e+00
3.420999999999999819e+00 1.000000999999999918e+00
3.480999999999999872e+00 1.000000999999999918e+00
3.540999999999999925e+00 1.000000999999999918e+00
3.600999999999999979e+00 1.000000999999999918e+00
3.661000000000000032e+00 1.000000999999999918e+00
3.721000000000000085e+00 1.000000999999999918e+00
3.781000000000000139e+00 1.000000999999999918e+00
3.841000000000000192e+00 1.000000999999999918e+00
3.900999999999999801e+00 1.000000999999999918e+00
3.960999999999999854e+00 1.000000999999999918e+00
4.020999999999999908e+00 1.000000999999999918e+00
4.081000000000000405e+00 1.000000000000000000e+00
4.141000000000000014e+00 1.000000000000000000e+00
4.200999999999999623e+00 1.000000000000000000e+00
4.261000000000000121e+00 1.000000000000000000e+00
4.320999999999999730e+00 1.000000000000000000e+00
4.381000000000000227e+00 1.000000000000000000e+00
4.440999999999999837e+00 1.000000000000000000e+00
4.501000000000000334e+00 1.000000000000000000e+00
4.560999999999999943e+00 1.000000000000000000e+00
4.621000000000000441e+00 1.000000000000000000e+00
4.681000000000000050e+00 1.000000000000000000e+00
4.740999999999999659e+00 1.000000000000000000e+00
4.801000000000000156e+00 1.000000000000000000e+00
4.860999999999999766e+00 1.000000000000000000e+00
4.921000000000000263e+00 1.000000000000000000e+00
4.980999999999999872e+00 1.000000000000000000e+00
5.041000000000000369e+00 1.000000000000000000e+00
5.100999999999999979e+00 1.000000000000000000e+00
5.160999999999999588e+00 1.000000000000000000e+00
5.221000000000000085e+00 1.000000000000000000e+00
5.280999999999999694e+00 1.000000000000000000e+00
5.341000000000000192e+00 1.000000000000000000e+00
5.400999999999999801e+00 1.000000000000000000e+00
5.461000000000000298e+00 1.000000000000000000e+00
5.520999999999999908e+00 1.000000000000000000e+00
5.581000000000000405e+00 1.000000000000000000e+00
5.641000000000000014e+00 1.000000000000000000e+00
5.700999999999999623e+00 1.000000000000000000e+00
5.761000000000000121e+00 1.000000000000000000e+00
5.820999999999999730e+00 1.000000000000000000e+00
5.881000000000000227e+00 1.000000000000000000e+00
5.940999999999999837e+00 1.000000000000000000e+00
6.001000000000000334e+00 1.000000000000000000e+00
6.060999999999999943e+00 1.000000000000000000e+00
6.121000000000000441e+00 1.000000999999999918e+00
6.181000000000000050e+00 1.000000000000000000e+00
6.240999999999999659e+00 1.000000999999999918e+00
6.301000000000000156e+00 1.000000999999999918e+00
6.360999999999999766e+00 1.000000999999999918e+00
6.421000000000000263e+00 1.000000999999999918e+00
6.480999999999999872e+00 1.000000999999999918e+00
6.541000000000000369e+00 1.000000999999999918e+00
6.600999999999999979e+00 1.000000999999999918e+00
6.660999999999999588e+00 1.000000999999999918e+00
6.721000000000000085e+00 1.000000999999999918e+00
6.780999999999999694e+00 1.000000999999999918e+00
6.841000000000000192e+00 1.000000999999999918e+00
6.900999999999999801e+00 1.000000999999999918e+00
6.961000000000000298e+00 1.000000999999999918e+00
7.020999999999999908e+00 1.000000999999999918e+00
7.081000000000000405e+00 1.000000999999999918e+00
7.141000000000000014e+00 1.000000999999999918e+00
7.200999999999999623e+00 1.000000999999999918e+00
7.261000000000000121e+00 1.000000999999999918e+00
7.320999999999999730e+00 1.000000999999999918e+00
7.381000000000000227e+00 1.000000999999999918e+00
7.440999999999999837e+00 1.000000999999999918e+00
7.501000000000000334e+00 1.000000999999999918e+00
7.560999999999999943e+00 1.000000999999999918e+00
7.621000000000000441e+00 1.000000999999999918e+00
7.681000000000000050e+00 1.000000999999999918e+00
7.740999999999999659e+00 1.000000999999999918e+00
7.801000000000000156e+00 1.000000999999999918e+00
7.860999999999999766e+00 1.000000999999999918e+00
7.921000000000000263e+00 1.000000999999999918e+00
7.980999999999999872e+00 1.000000999999999918e+00
8.041000000000000369e+00 1.000000999999999918e+00
8.101000000000000867e+00 1.000000999999999918e+00
8.160999999999999588e+00 1.000000999999999918e+00
8.221000000000000085e+00 1.000000999999999918e+00
8.281000000000000583e+00 1.000000999999999918e+00
8.340999999999999304e+00 1.000000999999999918e+00
8.400999999999999801e+00 1.000000999999999918e+00
8.461000000000000298e+00 1.000000999999999918e+00
8.521000000000000796e+00 1.000000999999999918e+00
8.580999999999999517e+00 1.000000999999999918e+00
8.641000000000000014e+00 1.000000999999999918e+00
8.701000000000000512e+00 1.000000999999999918e+00
8.760999999999999233e+00 1.000000999999999918e+00
8.820999999999999730e+00 1.000000999999999918e+00
8.881000000000000227e+00 1.000002000000000058e+00
8.941000000000000725e+00 1.000002000000000058e+00
9.000999999999999446e+00 1.000002000000000058e+00
9.060999999999999943e+00 1.000002000000000058e+00
9.121000000000000441e+00 1.000002999999999975e+00
9.180999999999999162e+00 1.000002999999999975e+00
9.240999999999999659e+00 1.000002999999999975e+00
9.301000000000000156e+00 1.000003999999999893e+00
9.361000000000000654e+00 1.000003999999999893e+00
9.420999999999999375e+00 1.000005000000000033e+00
9.480999999999999872e+00 1.000005000000000033e+00
9.541000000000000369e+00 1.000005999999999950e+00
9.601000000000000867e+00 1.000007000000000090e+00
9.660999999999999588e+00 1.000008000000000008e+00
9.721000000000000085e+00 1.000008999999999926e+00
9.781000000000000583e+00 1.000010000000000066e+00
9.840999999999999304e+00 1.000010999999999983e+00
9.900999999999999801e+00 1.000011999999999901e+00
9.961000000000000298e+00 1.000013999999999958e+00
1.002100000000000080e+01 1.000015000000000098e+00
1.008099999999999952e+01 1.000016999999999934e+00
1.014100000000000001e+01 1.000018000000000074e+00
1.020100000000000051e+01 1.000018999999999991e+00
1.026099999999999923e+01 1.000021000000000049e+00
1.032099999999999973e+01 1.000021999999999966e+00
1.038100000000000023e+01 1.000023000000000106e+00
1.044100000000000072e+01 1.000024000000000024e+00
1.050099999999999945e+01 1.000024000000000024e+00
1.056099999999999994e+01 1.000024999999999942e+00
1.062100000000000044e+01 1.000024999999999942e+00
1.068099999999999916e+01 1.000024999999999942e+00
1.074099999999999966e+01 1.000024000000000024e+00
1.080100000000000016e+01 1.000023000000000106e+00
1.086100000000000065e+01 1.000021999999999966e+00
1.092099999999999937e+01 1.000021000000000049e+00
1.098099999999999987e+01 1.000019999999999909e+00
1.104100000000000037e+01 1.000018000000000074e+00
1.110100000000000087e+01 1.000016999999999934e+00
1.116099999999999959e+01 1.000015000000000098e+00
1.122100000000000009e+01 1.000013000000000041e+00
1.128100000000000058e+01 1.000010999999999983e+00
1.134099999999999930e+01 1.000010000000000066e+00
1.140099999999999980e+01 1.000008000000000008e+00
1.146100000000000030e+01 1.000007000000000090e+00
1.152100000000000080e+01 1.000005000000000033e+00
1.158099999999999952e+01 1.000003999999999893e+00
1.164100000000000001e+01 1.000002999999999975e+00
1.170100000000000051e+01 1.000002000000000058e+00
1.176099999999999923e+01 1.000000999999999918e+00
1.182099999999999973e+01 1.000000999999999918e+00
1.188100000000000023e+01 1.000000000000000000e+00
1.194100000000000072e+01 1.000000000000000000e+00
1.200099999999999945e+01 1.000000000000000000e+00
1.206099999999999994e+01 1.000000000000000000e+00
1.212100000000000044e+01 1.000000999999999918e+00
1.218099999999999916e+01 1.000000999999999918e+00
1.224099999999999966e+01 1.000000999999999918e+00
1.230100000000000016e+01 1.000002000000000058e+00
1.236100000000000065e+01 1.000002999999999975e+00
1.242099999999999937e+01 1.000003999999999893e+00
1.248099999999999987e+01 1.000005000000000033e+00
1.254100000000000037e+01 1.000005999999999950e+00
1.260100000000000087e+01 1.000008000000000008e+00
1.266099999999999959e+01 1.000008999999999926e+00
1.272100000000000009e+01 1.000010000000000066e+00
1.278100000000000058e+01 1.000011999999999901e+00
1.284099999999999930e+01 1.000013000000000041e+00
1.290099999999999980e+01 1.000013999999999958e+00
1.296100000000000030e+01 1.000016000000000016e+00
1.302100000000000080e+01 1.000016999999999934e+00
1.308099999999999952e+01 1.000018000000000074e+00
1.314100000000000001e+01 1.000019999999999909e+00
1.320100000000000051e+01 1.000021000000000049e+00
1.326099999999999923e+01 1.000021999999999966e+00
1.332099999999999973e+01 1.000023000000000106e+00
1.338100000000000023e+01 1.000024000000000024e+00
1.344100000000000072e+01 1.000024999999999942e+00
1.350099999999999945e+01 1.000026000000000082e+00
1.356099999999999994e+01 1.000026000000000082e+00
1.362100000000000044e+01 1.000026999999999999e+00
1.368099999999999916e+01 1.000026999999999999e+00
1.374099999999999966e+01 1.000026999999999999e+00
1.380100000000000016e+01 1.000027999999999917e+00
1.386100000000000065e+01 1.000026999999999999e+00
1.392099999999999937e+01 1.000026999999999999e+00
1.398099999999999987e+01 1.000026999999999999e+00
1.404100000000000037e+01 1.000026999999999999e+00
1.410100000000000087e+01 1.000026000000000082e+00
1.416099999999999959e+01 1.000024999999999942e+00
1.422100000000000009e+01 1.000024000000000024e+00
1.428100000000000058e+01 1.000023000000000106e+00
1.434099999999999930e+01 1.000021999999999966e+00
1.440099999999999980e+01 1.000021000000000049e+00
1.446100000000000030e+01 1.000019999999999909e+00
1.452100000000000080e+01 1.000018999999999991e+00
1.458099999999999952e+01 1.000016999999999934e+00
1.464100000000000001e+01 1.000016000000000016e+00
1.470100000000000051e+01 1.000013999999999958e+00
1.476099999999999923e+01 1.000013000000000041e+00
1.482099999999999973e+01 1.000011999999999901e+00
1.488100000000000023e+01 1.000010000000000066e+00
1.494100000000000072e+01 1.000008999999999926e+00
1.500099999999999945e+01 1.000007000000000090e+00
1.506099999999999994e+01 1.000005999999999950e+00
1.512100000000000044e+01 1.000005000000000033e+00
1.518099999999999916e+01 1.000003999999999893e+00
1.524099999999999966e+01 1.000002999999999975e+00
1.530100000000000016e+01 1.000002000000000058e+00
1.536100000000000065e+01 1.000000999999999918e+00
1.542099999999999937e+01 1.000000999999999918e+00
1.548099999999999987e+01 1.000000000000000000e+00
1.554100000000000037e+01 1.000000000000000000e+00
1.560100000000000087e+01 1.000000000000000000e+00
1.566099999999999959e+01 1.000000999999999918e+00
1.572100000000000009e+01 1.000000999999999918e+00
1.578100000000000058e+01 1.000002000000000058e+00
1.584099999999999930e+01 1.000002999999999975e+00
1.590099999999999980e+01 1.000005000000000033e+00
1.596100000000000030e+01 1.000005999999999950e+00
1.602100000000000080e+01 1.000008000000000008e+00
1.608099999999999952e+01 1.000010999999999983e+00
1.614099999999999824e+01 1.000013999999999958e+00
1.620100000000000051e+01 1.000016999999999934e+00
1.626099999999999923e+01 1.000019999999999909e+00
1.632100000000000151e+01 1.000024000000000024e+00
1.638100000000000023e+01 1.000027999999999917e+00
1.644099999999999895e+01 1.000032000000000032e+00
1.650100000000000122e+01 1.000037000000000065e+00
1.656099999999999994e+01 1.000042000000000098e+00
1.662099999999999866e+01 1.000048000000000048e+00
1.668100000000000094e+01 1.000053000000000081e+00
1.674099999999999966e+01 1.000059000000000031e+00
1.680099999999999838e+01 1.000065999999999899e+00
1.686100000000000065e+01 1.000072999999999990e+00
1.692099999999999937e+01 1.000080000000000080e+00
1.698100000000000165e+01 1.000086999999999948e+00
1.704100000000000037e+01 1.000094000000000038e+00
1.710099999999999909e+01 1.000102000000000046e+00
1.716100000000000136e+01 1.000108999999999915e+00
1.722100000000000009e+01 1.000118000000000062e+00
1.728099999999999881e+01 1.000126000000000071e+00
1.734100000000000108e+01 1.000134000000000079e+00
1.740099999999999980e+01 1.000143000000000004e+00
1.746099999999999852e+01 1.000151999999999930e+00
1.752100000000000080e+01 1.000159999999999938e+00
1.758099999999999952e+01 1.000169000000000086e+00
1.764099999999999824e+01 1.000178000000000011e+00
1.770100000000000051e+01 1.000186999999999937e+00
1.776099999999999923e+01 1.000196000000000085e+00
1.782100000000000151e+01 1.000205000000000011e+00
1.788100000000000023e+01 1.000213999999999936e+00
1.794099999999999895e+01 1.000221999999999944e+00
1.800100000000000122e+01 1.000231000000000092e+00
1.806099999999999994e+01 1.000240000000000018e+00
1.812099999999999866e+01 1.000248000000000026e+00
1.818100000000000094e+01 1.000256000000000034e+00
1.824099999999999966e+01 1.000264000000000042e+00
1.830099999999999838e+01 1.000272000000000050e+00
1.836100000000000065e+01 1.000278999999999918e+00
1.842099999999999937e+01 1.000286000000000008e+00
1.848100000000000165e+01 1.000293000000000099e+00
1.854100000000000037e+01 1.000299999999999967e+00
1.860099999999999909e+01 1.000305999999999917e+00
1.866100000000000136e+01 1.000312000000000090e+00
1.872100000000000009e+01 1.000316999999999901e+00
1.878099999999999881e+01 1.000321999999999933e+00
1.884100000000000108e+01 1.000326999999999966e+00
1.890099999999999980e+01 1.000331000000000081e+00
1.896099999999999852e+01 1.000334999999999974e+00
1.902100000000000080e+01 1.000339000000000089e+00
1.908099999999999952e+01 1.000340999999999925e+00
1.914099999999999824e+01 1.000343999999999900e+00
1.920100000000000051e+01 1.000345999999999957e+00
1.926099999999999923e+01 1.000347000000000097e+00
1.932100000000000151e+01 1.000348999999999933e+00
1.938100000000000023e+01 1.000348999999999933e+00
1.944099999999999895e+01 1.000348999999999933e+00
1.950100000000000122e+01 1.000348999999999933e+00
1.956099999999999994e+01 1.000348000000000015e+00
1.962099999999999866e+01 1.000347000000000097e+00
1.968100000000000094e+01 1.000343999999999900e+00
1.974099999999999966e+01 1.000342000000000064e+00
1.980099999999999838e+01 1.000339000000000089e+00
1.986100000000000065e+01 1.000335999999999892e+00
1.992099999999999937e+01 1.000332999999999917e+00
1.998100000000000165e+01 1.000328000000000106e+00
2.004100000000000037e+01 1.000323999999999991e+00
2.010099999999999909e+01 1.000318999999999958e+00
2.016100000000000136e+01 1.000313000000000008e+00
2.022100000000000009e+01 1.000307000000000057e+00
2.028099999999999881e+01 1.000301000000000107e+00
2.034100000000000108e+01 1.000294000000000016e+00
2.040099999999999980e+01 1.000286999999999926e+00
2.046099999999999852e+01 1.000280000000000058e+00
2.052100000000000080e+01 1.000272000000000050e+00
2.058099999999999952e+01 1.000264999999999960e+00
2.064099999999999824e+01 1.000256000000000034e+00
2.070100000000000051e+01 1.000248000000000026e+00
2.076099999999999923e+01 1.000239000000000100e+00
2.082100000000000151e+01 1.000229999999999952e+00
2.088100000000000023e+01 1.000221000000000027e+00
2.094099999999999895e+01 1.000212000000000101e+00
2.100100000000000122e+01 1.000202999999999953e+00
2.106099999999999994e+01 1.000193000000000110e+00
2.112099999999999866e+01 1.000183000000000044e+00
2.118100000000000094e+01 1.000173999999999896e+00
2.124099999999999966e+01 1.000164000000000053e+00
2.130099999999999838e+01 1.000154999999999905e+00
2.136100000000000065e+01 1.000145000000000062e+00
2.142099999999999937e+01 1.000134999999999996e+00
2.148100000000000165e+01 1.000126000000000071e+00
2.154100000000000037e+01 1.000116000000000005e+00
2.160099999999999909e+01 1.000107000000000079e+00
2.166100000000000136e+01 1.000097999999999931e+00
2.172100000000000009e+01 1.000089000000000006e+00
2.178099999999999881e+01 1.000080999999999998e+00
2.184100000000000108e+01 1.000072000000000072e+00
2.190099999999999980e+01 1.000064000000000064e+00
2.196099999999999852e+01 1.000056999999999974e+00
2.202100000000000080e+01 1.000048999999999966e+00
2.208099999999999952e+01 1.000042000000000098e+00
2.214099999999999824e+01 1.000035999999999925e+00
2.220100000000000051e+01 1.000029999999999974e+00
2.226099999999999923e+01 1.000024000000000024e+00
2.232100000000000151e+01 1.000018999999999991e+00
2.238100000000000023e+01 1.000013999999999958e+00
2.244099999999999895e+01 1.000010000000000066e+00
2.250100000000000122e+01 1.000007000000000090e+00
2.256099999999999994e+01 1.000003999999999893e+00
2.262099999999999866e+01 1.000002000000000058e+00
2.268100000000000094e+01 1.000000999999999918e+00
2.274099999999999966e+01 1.000000000000000000e+00
2.280099999999999838e+01 1.000000000000000000e+00
2.286100000000000065e+01 1.000000999999999918e+00
2.292099999999999937e+01 1.000002999999999975e+00
2.298100000000000165e+01 1.000005000000000033e+00
2.304100000000000037e+01 1.000008000000000008e+00
2.310099999999999909e+01 1.000011999999999901e+00
2.316100000000000136e+01 1.000016999999999934e+00
2.322100000000000009e+01 1.000023000000000106e+00
2.328099999999999881e+01 1.000029999999999974e+00
2.334100000000000108e+01 1.000037000000000065e+00
2.340099999999999980e+01 1.000045999999999990e+00
2.346099999999999852e+01 1.000054999999999916e+00
2.352100000000000080e+01 1.000065999999999899e+00
2.358099999999999952e+01 1.000077000000000105e+00
2.364099999999999824e+01 1.000089000000000006e+00
2.370100000000000051e+01 1.000102999999999964e+00
2.376099999999999923e+01 1.000116999999999923e+00
2.382100000000000151e+01 1.000132000000000021e+00
2.388100000000000023e+01 1.000148000000000037e+00
2.394099999999999895e+01 1.000164999999999971e+00
2.400100000000000122e+01 1.000183000000000044e+00
2.406099999999999994e+01 1.000202000000000035e+00
2.412099999999999866e+01 1.000221999999999944e+00
2.418100000000000094e+01 1.000242999999999993e+00
2.424099999999999966e+01 1.000264999999999960e+00
2.430099999999999838e+01 1.000286999999999926e+00
2.436100000000000065e+01 1.000310999999999950e+00
2.442099999999999937e+01 1.000334999999999974e+00
2.448100000000000165e+01 1.000359999999999916e+00
2.454100000000000037e+01 1.000385999999999997e+00
2.460099999999999909e+01 1.000412000000000079e+00
2.466100000000000136e+01 1.000439000000000078e+00
2.472100000000000009e+01 1.000466999999999995e+00
2.478099999999999881e+01 1.000496000000000052e+00
2.484100000000000108e+01 1.000525000000000109e+00
2.490099999999999980e+01 1.000553999999999943e+00
2.496099999999999852e+01 1.000583999999999918e+00
2.502100000000000080e+01 1.000615000000000032e+00
2.508099999999999952e+01 1.000645000000000007e+00
2.514099999999999824e+01 1.000675999999999899e+00
2.520100000000000051e+01 1.000707000000000013e+00
2.526099999999999923e+01 1.000739000000000045e+00
2.532100000000000151e+01 1.000769999999999937e+00
2.538100000000000023e+01 1.000801000000000052e+00
2.544099999999999895e+01 1.000833000000000084e+00
2.550100000000000122e+01 1.000863999999999976e+00
2.556099999999999994e+01 1.000895000000000090e+00
2.562099999999999866e+01 1.000925000000000065e+00
2.568100000000000094e+01 1.000955000000000039e+00
2.574099999999999966e+01 1.000985000000000014e+00
2.580099999999999838e+01 1.001012999999999931e+00
2.586100000000000065e+01 1.001041999999999987e+00
2.592099999999999937e+01 1.001068999999999987e+00
2.598100000000000165e+01 1.001095000000000068e+00
2.604100000000000037e+01 1.001120999999999928e+00
2.610099999999999909e+01 1.001144999999999952e+00
2.616100000000000136e+01 1.001168000000000058e+00
2.622100000000000009e+01 1.001189000000000107e+00
2.628099999999999881e+01 1.001209000000000016e+00
2.634100000000000108e+01 1.001227000000000089e+00
2.640099999999999980e+01 1.001244000000000023e+00
2.646099999999999852e+01 1.001258999999999899e+00
2.652100000000000080e+01 1.001271999999999940e+00
2.658099999999999952e+01 1.001282000000000005e+00
2.664099999999999824e+01 1.001290000000000013e+00
2.670100000000000051e+01 1.001295999999999964e+00
2.676099999999999923e+01 1.001300000000000079e+00
2.682100000000000151e+01 1.001300999999999997e+00
2.688100000000000023e+01 1.001298999999999939e+00
2.694099999999999895e+01 1.001295000000000046e+00
2.700100000000000122e+01 1.001287000000000038e+00
2.706099999999999994e+01 1.001276999999999973e+00
2.712099999999999866e+01 1.001263000000000014e+00
2.718100000000000094e+01 1.001246000000000080e+00
2.724099999999999966e+01 1.001225999999999949e+00
2.730099999999999838e+01 1.001203000000000065e+00
2.736100000000000065e+01 1.001176999999999984e+00
2.742099999999999937e+01 1.001147000000000009e+00
2.748100000000000165e+01 1.001114000000000059e+00
2.754100000000000037e+01 1.001077999999999912e+00
2.760099999999999909e+01 1.001039000000000012e+00
2.766100000000000136e+01 1.000995999999999997e+00
2.772100000000000009e+01 1.000950999999999924e+00
2.778099999999999881e+01 1.000904000000000016e+00
2.784100000000000108e+01 1.000852999999999993e+00
2.790099999999999980e+01 1.000801000000000052e+00
2.796099999999999852e+01 1.000745999999999913e+00
2.802100000000000080e+01 1.000690000000000079e+00
2.808099999999999952e+01 1.000633000000000106e+00
2.814099999999999824e+01 1.000574999999999992e+00
2.820100000000000051e+01 1.000518000000000018e+00
2.826099999999999923e+01 1.000459999999999905e+00
2.832100000000000151e+01 1.000404000000000071e+00
2.838100000000000023e+01 1.000348999999999933e+00
2.844099999999999895e+01 1.000296000000000074e+00
2.850100000000000122e+01 1.000245000000000051e+00
2.856099999999999994e+01 1.000197999999999920e+00
2.862099999999999866e+01 1.000154999999999905e+00
2.868100000000000094e+01 1.000116000000000005e+00
2.874099999999999966e+01 1.000081999999999915e+00
2.880099999999999838e+01 1.000053999999999998e+00
2.886100000000000065e+01 1.000030999999999892e+00
2.892099999999999937e+01 1.000013999999999958e+00
2.898100000000000165e+01 1.000003999999999893e+00
2.904100000000000037e+01 1.000000000000000000e+00
2.910099999999999909e+01 1.000002999999999975e+00
2.916100000000000136e+01 1.000011999999999901e+00
2.922100000000000009e+01 1.000026999999999999e+00
2.928099999999999881e+01 1.000048000000000048e+00
2.934100000000000108e+01 1.000075000000000047e+00
2.940099999999999980e+01 1.000107000000000079e+00
2.946099999999999852e+01 1.000143999999999922e+00
2.952100000000000080e+01 1.000185000000000102e+00
2.958099999999999952e+01 1.000231000000000092e+00
2.964099999999999824e+01 1.000280000000000058e+00
2.970100000000000051e+01 1.000331999999999999e+00
2.976099999999999923e+01 1.000385999999999997e+00
2.982100000000000151e+01 1.000442000000000053e+00
2.988100000000000023e+01 1.000499999999999945e+00
2.994099999999999895e+01 1.000558000000000058e+00
3.000100000000000122e+01 1.000617000000000090e+00
3.006099999999999994e+01 1.000675999999999899e+00
3.012099999999999866e+01 1.000734000000000012e+00
3.018100000000000094e+01 1.000791999999999904e+00
3.024099999999999966e+01 1.000847999999999960e+00
3.030099999999999838e+01 1.000903000000000098e+00
3.036100000000000065e+01 1.000957000000000097e+00
3.042099999999999937e+01 1.001009000000000038e+00
3.048100000000000165e+01 1.001058999999999921e+00
3.054100000000000037e+01 1.001106000000000051e+00
3.060099999999999909e+01 1.001150999999999902e+00
3.066100000000000136e+01 1.001193999999999917e+00
3.072100000000000009e+01 1.001235000000000097e+00
3.078099999999999881e+01 1.001271999999999940e+00
3.084100000000000108e+01 1.001308000000000087e+00
3.090099999999999980e+01 1.001339999999999897e+00
3.096099999999999852e+01 1.001370000000000093e+00
3.102100000000000080e+01 1.001398000000000010e+00
3.108099999999999952e+01 1.001422000000000034e+00
3.114099999999999824e+01 1.001444999999999919e+00
3.120100000000000051e+01 1.001463999999999910e+00
3.126099999999999923e+01 1.001481999999999983e+00
3.132100000000000151e+01 1.001497000000000082e+00
3.138100000000000023e+01 1.001508999999999983e+00
3.144099999999999895e+01 1.001519000000000048e+00
3.150100000000000122e+01 1.001527000000000056e+00
3.156099999999999994e+01 1.001533000000000007e+00
3.162099999999999866e+01 1.001536999999999900e+00
3.168100000000000094e+01 1.001538000000000039e+00
3.174099999999999966e+01 1.001538000000000039e+00
3.180099999999999838e+01 1.001535000000000064e+00
3.186100000000000065e+01 1.001530999999999949e+00
3.192099999999999937e+01 1.001524999999999999e+00
3.198100000000000165e+01 1.001516999999999991e+00
3.204099999999999682e+01 1.001508000000000065e+00
3.210099999999999909e+01 1.001497000000000082e+00
3.216100000000000136e+01 1.001484000000000041e+00
3.222099999999999653e+01 1.001470000000000082e+00
3.228099999999999881e+01 1.001454999999999984e+00
3.234100000000000108e+01 1.001438000000000050e+00
3.240100000000000335e+01 1.001419999999999977e+00
3.246099999999999852e+01 1.001400999999999986e+00
3.252100000000000080e+01 1.001381000000000077e+00
3.258100000000000307e+01 1.001360000000000028e+00
3.264099999999999824e+01 1.001336999999999922e+00
3.270100000000000051e+01 1.001314000000000037e+00
3.276100000000000279e+01 1.001290000000000013e+00
3.282099999999999795e+01 1.001265000000000072e+00
3.288100000000000023e+01 1.001238999999999990e+00
3.294100000000000250e+01 1.001212999999999909e+00
3.300099999999999767e+01 1.001185999999999909e+00
3.306099999999999994e+01 1.001157999999999992e+00
3.312100000000000222e+01 1.001130000000000075e+00
3.318099999999999739e+01 1.001101000000000019e+00
3.324099999999999966e+01 1.001071999999999962e+00
3.330100000000000193e+01 1.001041999999999987e+00
3.336099999999999710e+01 1.001012000000000013e+00
3.342099999999999937e+01 1.000982000000000038e+00
3.348100000000000165e+01 1.000952000000000064e+00
3.354099999999999682e+01 1.000920999999999950e+00
3.360099999999999909e+01 1.000890000000000057e+00
3.366100000000000136e+01 1.000860000000000083e+00
3.372099999999999653e+01 1.000828999999999969e+00
3.378099999999999881e+01 1.000798000000000076e+00
3.384100000000000108e+01 1.000766999999999962e+00
3.390100000000000335e+01 1.000736000000000070e+00
3.396099999999999852e+01 1.000704999999999956e+00
3.402100000000000080e+01 1.000674999999999981e+00
3.408100000000000307e+01 1.000645000000000007e+00
3.414099999999999824e+01 1.000613999999999892e+00
3.420100000000000051e+01 1.000585000000000058e+00
3.426100000000000279e+01 1.000555000000000083e+00
3.432099999999999795e+01 1.000526000000000026e+00
3.438100000000000023e+01 1.000498000000000109e+00
3.444100000000000250e+01 1.000469000000000053e+00
3.450099999999999767e+01 1.000442000000000053e+00
3.456099999999999994e+01 1.000413999999999914e+00
3.462100000000000222e+01 1.000388000000000055e+00
3.468099999999999739e+01 1.000361999999999973e+00
3.474099999999999966e+01 1.000335999999999892e+00
3.480100000000000193e+01 1.000312000000000090e+00
3.486099999999999710e+01 1.000288000000000066e+00
3.492099999999999937e+01 1.000264000000000042e+00
3.498100000000000165e+01 1.000242000000000075e+00
3.504099999999999682e+01 1.000220000000000109e+00
3.510099999999999909e+01 1.000199000000000060e+00
3.516100000000000136e+01 1.000178999999999929e+00
3.522099999999999653e+01 1.000159999999999938e+00
3.528099999999999881e+01 1.000142000000000087e+00
3.534100000000000108e+01 1.000124999999999931e+00
3.540100000000000335e+01 1.000108999999999915e+00
3.546099999999999852e+01 1.000094000000000038e+00
3.552100000000000080e+01 1.000080000000000080e+00
3.558100000000000307e+01 1.000065999999999899e+00
3.564099999999999824e+01 1.000053999999999998e+00
3.570100000000000051e+01 1.000043999999999933e+00
3.576100000000000279e+01 1.000034000000000090e+00
3.582099999999999795e+01 1.000026000000000082e+00
3.588100000000000023e+01 1.000018000000000074e+00
3.594100000000000250e+01 1.000011999999999901e+00
3.600099999999999767e+01 1.000007000000000090e+00
3.606099999999999994e+01 1.000003999999999893e+00
3.612100000000000222e+01 1.000000999999999918e+00
3.618099999999999739e+01 1.000000000000000000e+00
3.624099999999999966e+01 1.000000999999999918e+00
3.630100000000000193e+01 1.000002000000000058e+00
3.636099999999999710e+01 1.000005000000000033e+00
3.642099999999999937e+01 1.000008999999999926e+00
3.648100000000000165e+01 1.000015000000000098e+00
3.654099999999999682e+01 1.000021999999999966e+00
3.660099999999999909e+01 1.000030999999999892e+00
3.666100000000000136e+01 1.000040999999999958e+00
3.672099999999999653e+01 1.000051999999999941e+00
3.678099999999999881e+01 1.000064999999999982e+00
3.684100000000000108e+01 1.000078999999999940e+00
3.690100000000000335e+01 1.000094999999999956e+00
3.696099999999999852e+01 1.000111999999999890e+00
3.702100000000000080e+01 1.000131000000000103e+00
3.708100000000000307e+01 1.000151000000000012e+00
3.714099999999999824e+01 1.000172000000000061e+00
3.720100000000000051e+01 1.000196000000000085e+00
3.726100000000000279e+01 1.000220000000000109e+00
3.732099999999999795e+01 1.000245999999999968e+00
3.738100000000000023e+01 1.000274000000000107e+00
3.744100000000000250e+01 1.000302000000000024e+00
3.750099999999999767e+01 1.000332999999999917e+00
3.756099999999999994e+01 1.000364999999999949e+00
3.762100000000000222e+01 1.000397999999999898e+00
3.768099999999999739e+01 1.000432999999999906e+00
3.774099999999999966e+01 1.000469000000000053e+00
3.780100000000000193e+01 1.000505999999999895e+00
3.786099999999999710e+01 1.000545000000000018e+00
3.792099999999999937e+01 1.000585999999999975e+00
3.798100000000000165e+01 1.000628000000000073e+00
3.804099999999999682e+01 1.000671000000000088e+00
3.810099999999999909e+01 1.000715000000000021e+00
3.816100000000000136e+01 1.000761000000000012e+00
3.822099999999999653e+01 1.000807999999999920e+00
3.828099999999999881e+01 1.000855999999999968e+00
3.834100000000000108e+01 1.000906000000000073e+00
3.840100000000000335e+01 1.000957000000000097e+00
3.846099999999999852e+01 1.001009000000000038e+00
3.852100000000000080e+01 1.001061999999999896e+00
3.858100000000000307e+01 1.001117000000000035e+00
3.864099999999999824e+01 1.001171999999999951e+00
3.870100000000000051e+01 1.001228999999999925e+00
3.876100000000000279e+01 1.001287000000000038e+00
3.882099999999999795e+01 1.001346000000000069e+00
3.888100000000000023e+01 1.001405000000000101e+00
3.894100000000000250e+01 1.001465999999999967e+00
3.900099999999999767e+01 1.001527999999999974e+00
3.906099999999999994e+01 1.001590999999999898e+00
3.912100000000000222e+01 1.001654000000000044e+00
3.918099999999999739e+01 1.001719000000000026e+00
3.924099999999999966e+01 1.001784000000000008e+00
3.930100000000000193e+01 1.001849999999999907e+00
3.936099999999999710e+01 1.001916999999999947e+00
3.942099999999999937e+01 1.001983999999999986e+00
3.948100000000000165e+01 1.002051999999999943e+00
3.954099999999999682e+01 1.002121000000000040e+00
3.960099999999999909e+01 1.002189999999999914e+00
3.966100000000000136e+01 1.002259000000000011e+00
3.972099999999999653e+01 1.002329999999999943e+00
3.978099999999999881e+01 1.002399999999999958e+00
3.984100000000000108e+01 1.002469999999999972e+00
3.990100000000000335e+01 1.002540999999999904e+00
3.996099999999999852e+01 1.002610999999999919e+00
4.002100000000000080e+01 1.002682000000000073e+00
4.008100000000000307e+01 1.002752000000000088e+00
4.014099999999999824e+01 1.002820999999999962e+00
4.020100000000000051e+01 1.002888999999999919e+00
4.026100000000000279e+01 1.002952999999999983e+00
4.032099999999999795e+01 1.003009000000000039e+00
4.038100000000000023e+01 1.003039999999999932e+00
4.044100000000000250e+01 1.002864999999999895e+00
4.050099999999999767e+01 1.003528999999999893e+00
4.056099999999999994e+01 1.003452999999999928e+00
4.062100000000000222e+01 1.003490999999999911e+00
4.068099999999999739e+01 1.003549000000000024e+00
4.074099999999999966e+01 1.003614000000000006e+00
4.080100000000000193e+01 1.003681000000000045e+00
4.086099999999999710e+01 1.003749999999999920e+00
4.092099999999999937e+01 1.003819000000000017e+00
4.098100000000000165e+01 1.003889000000000031e+00
4.104099999999999682e+01 1.003957999999999906e+00
4.110099999999999909e+01 1.004027999999999921e+00
4.116100000000000136e+01 1.004097000000000017e+00
4.122099999999999653e+01 1.004165999999999892e+00
4.128099999999999881e+01 1.004234999999999989e+00
4.134100000000000108e+01 1.004302999999999946e+00
4.140100000000000335e+01 1.004369999999999985e+00
4.146099999999999852e+01 1.004437000000000024e+00
4.152100000000000080e+01 1.004502999999999924e+00
4.158100000000000307e+01 1.004569000000000045e+00
4.164099999999999824e+01 1.004633000000000109e+00
4.170100000000000051e+01 1.004696999999999951e+00
4.176100000000000279e+01 1.004760000000000097e+00
4.182099999999999795e+01 1.004822000000000104e+00
4.188100000000000023e+01 1.004884000000000110e+00
4.194100000000000250e+01 1.004944000000000059e+00
4.200099999999999767e+01 1.005003000000000091e+00
4.206099999999999994e+01 1.004502999999999924e+00
4.212100000000000222e+01 1.004267999999999939e+00
4.218099999999999739e+01 1.004108000000000001e+00
4.224099999999999966e+01 1.003981999999999930e+00
4.230100000000000193e+01 1.003875000000000073e+00
4.236099999999999710e+01 1.003781999999999952e+00
4.242099999999999937e+01 1.003697000000000061e+00
4.248100000000000165e+01 1.003619000000000039e+00
4.254099999999999682e+01 1.003544999999999909e+00
4.260099999999999909e+01 1.003473999999999977e+00
4.266100000000000136e+01 1.003405000000000102e+00
4.272099999999999653e+01 1.003336999999999923e+00
4.278099999999999881e+01 1.003268999999999966e+00
4.284100000000000108e+01 1.003201000000000009e+00
4.290100000000000335e+01 1.003133000000000052e+00
4.296099999999999852e+01 1.003063999999999956e+00
4.302100000000000080e+01 1.002993999999999941e+00
4.308100000000000307e+01 1.002922000000000091e+00
4.314099999999999824e+01 1.002849000000000101e+00
4.320100000000000051e+01 1.002772999999999914e+00
4.326100000000000279e+01 1.002696000000000032e+00
4.332099999999999795e+01 1.002615999999999952e+00
4.338100000000000023e+01 1.002534000000000036e+00
4.344100000000000250e+01 1.002448999999999923e+00
4.350099999999999767e+01 1.002361999999999975e+00
4.356099999999999994e+01 1.002270999999999912e+00
4.362100000000000222e+01 1.002178000000000013e+00
4.368099999999999739e+01 1.002081999999999917e+00
4.374099999999999966e+01 1.001983000000000068e+00
4.380100000000000193e+01 1.001881000000000022e+00
4.386099999999999710e+01 1.001775000000000082e+00
4.392099999999999937e+01 1.001667000000000085e+00
4.398100000000000165e+01 1.001554000000000055e+00
4.404099999999999682e+01 1.001438999999999968e+00
4.410099999999999909e+01 1.001319999999999988e+00
4.416100000000000136e+01 1.001196999999999893e+00
4.422099999999999653e+01 1.001069999999999904e+00
4.428099999999999881e+01 1.000939999999999941e+00
4.434100000000000108e+01 1.000804999999999945e+00
4.440100000000000335e+01 1.000666999999999973e+00
4.446099999999999852e+01 1.000525000000000109e+00
4.452100000000000080e+01 1.000378999999999907e+00
4.458100000000000307e+01 1.000229000000000035e+00
4.464099999999999824e+01 1.000073999999999907e+00
4.470100000000000051e+01 9.999160000000000270e-01
4.476100000000000279e+01 9.997540000000000315e-01
4.482099999999999795e+01 9.995870000000000033e-01
4.488100000000000023e+01 9.994159999999999711e-01
4.494100000000000250e+01 9.992419999999999636e-01
4.500099999999999767e+01 9.990630000000000344e-01
4.506099999999999994e+01 9.988799999999999901e-01
4.512100000000000222e+01 9.986930000000000529e-01
4.518099999999999739e+01 9.985020000000000007e-01
4.524099999999999966e+01 9.983070000000000555e-01
4.530100000000000193e+01 9.981069999999999665e-01
4.536099999999999710e+01 9.979029999999999845e-01
4.542099999999999937e+01 9.976949999999999985e-01
4.548100000000000165e+01 9.974830000000000085e-01
4.554099999999999682e+01 9.972659999999999858e-01
4.560099999999999909e+01 9.970440000000000413e-01
4.566100000000000136e+01 9.968179999999999819e-01
4.572099999999999653e+01 9.965870000000000006e-01
4.578099999999999881e+01 9.963499999999999579e-01
4.584100000000000108e+01 9.961100000000000509e-01
4.590100000000000335e+01 9.958639999999999715e-01
4.596099999999999852e+01 9.956129999999999702e-01
4.602100000000000080e+01 9.953570000000000473e-01
4.608100000000000307e+01 9.950959999999999805e-01
4.614099999999999824e+01 9.948299999999999921e-01
4.620100000000000051e+01 9.945580000000000531e-01
4.626100000000000279e+01 9.942819999999999991e-01
4.632099999999999795e+01 9.939989999999999659e-01
4.638100000000000023e+01 9.937120000000000397e-01
4.644100000000000250e+01 9.934199999999999697e-01
4.650099999999999767e+01 9.931219999999999493e-01
4.656099999999999994e+01 9.928190000000000071e-01
4.662100000000000222e+01 9.925100000000000033e-01
4.668099999999999739e+01 9.921959999999999669e-01
4.674099999999999966e+01 9.918759999999999799e-01
4.680100000000000193e+01 9.915519999999999889e-01
4.686099999999999710e+01 9.912210000000000187e-01
4.692099999999999937e+01 9.908860000000000445e-01
4.698100000000000165e+01 9.905439999999999801e-01
4.704099999999999682e+01 9.901969999999999938e-01
4.710099999999999909e+01 9.898449999999999749e-01
4.716100000000000136e+01 9.894859999999999767e-01
4.722099999999999653e+01 9.891219999999999457e-01
4.728099999999999881e+01 9.887510000000000465e-01
4.734100000000000108e+01 9.883750000000000036e-01
4.740100000000000335e+01 9.879919999999999813e-01
4.746099999999999852e+01 9.876030000000000086e-01
4.752100000000000080e+01 9.872069999999999457e-01
4.758100000000000307e+01 9.868040000000000145e-01
4.764099999999999824e+01 9.863950000000000218e-01
4.770100000000000051e+01 9.859790000000000498e-01
4.776100000000000279e+01 9.855559999999999876e-01
4.782099999999999795e+01 9.851250000000000284e-01
4.788100000000000023e+01 9.846859999999999502e-01
4.794100000000000250e+01 9.842400000000000038e-01
4.800099999999999767e+01 9.837869999999999671e-01
4.806099999999999994e+01 9.833250000000000046e-01
4.812100000000000222e+01 9.828550000000000342e-01
4.818099999999999739e+01 9.823779999999999735e-01
4.824099999999999966e+01 9.818919999999999870e-01
4.830100000000000193e+01 9.813969999999999638e-01
4.836099999999999710e+01 9.808940000000000436e-01
4.842099999999999937e+01 9.803830000000000044e-01
4.848100000000000165e+01 9.798630000000000395e-01
4.854099999999999682e+01 9.793349999999999556e-01
4.860099999999999909e+01 9.787979999999999459e-01
4.866100000000000136e+01 9.782520000000000104e-01
4.872099999999999653e+01 9.776979999999999560e-01
4.878099999999999881e+01 9.771349999999999758e-01
4.884100000000000108e+01 9.765629999999999589e-01
4.890100000000000335e+01 9.759820000000000162e-01
4.896099999999999852e+01 9.753929999999999545e-01
4.902100000000000080e+01 9.747949999999999671e-01
4.908100000000000307e+01 9.741880000000000539e-01
4.914099999999999824e+01 9.735719999999999930e-01
4.920100000000000051e+01 9.729480000000000350e-01
4.926100000000000279e+01 9.723150000000000404e-01
4.932099999999999795e+01 9.716730000000000089e-01
4.938100000000000023e+01 9.710220000000000518e-01
4.944100000000000250e+01 9.703629999999999756e-01
4.950099999999999767e+01 9.696939999999999449e-01
4.956099999999999994e+01 9.690159999999999885e-01
4.962100000000000222e+01 9.683289999999999953e-01
4.968099999999999739e+01 9.676329999999999654e-01
4.974099999999999966e+01 9.669280000000000097e-01
4.980100000000000193e+01 9.662119999999999598e-01
4.986099999999999710e+01 9.654880000000000129e-01
4.992099999999999937e+01 9.647529999999999717e-01
4.998100000000000165e+01 9.640090000000000048e-01
5.004099999999999682e+01 9.632540000000000546e-01
5.010099999999999909e+01 9.624890000000000390e-01
5.016100000000000136e+01 9.617130000000000400e-01
5.022099999999999653e+01 9.609259999999999469e-01
5.028099999999999881e+01 9.601290000000000102e-01
5.034100000000000108e+01 9.593190000000000328e-01
5.040100000000000335e+01 9.584989999999999899e-01
5.046099999999999852e+01 9.576649999999999885e-01
5.052100000000000080e+01 9.568200000000000038e-01
5.058100000000000307e+01 9.559619999999999784e-01
5.064099999999999824e+01 9.550910000000000233e-01
5.070100000000000051e+01 9.542079999999999451e-01
5.076100000000000279e+01 9.533099999999999907e-01
5.082099999999999795e+01 9.523989999999999956e-01
5.088100000000000023e+01 9.514730000000000132e-01
5.094100000000000250e+01 9.505329999999999613e-01
5.100099999999999767e+01 9.495789999999999509e-01
5.106099999999999994e+01 9.486090000000000355e-01
5.112100000000000222e+01 9.476240000000000219e-01
5.118099999999999739e+01 9.466240000000000210e-01
5.124099999999999966e+01 9.456069999999999753e-01
5.130100000000000193e+01 9.445750000000000535e-01
5.136099999999999710e+01 9.435259999999999758e-01
5.142099999999999937e+01 9.424599999999999644e-01
5.148100000000000165e+01 9.413770000000000193e-01
5.154099999999999682e+01 9.402770000000000294e-01
5.160099999999999909e+01 9.391610000000000236e-01
5.166100000000000136e+01 9.380260000000000264e-01
5.172099999999999653e+01 9.368750000000000133e-01
5.178099999999999881e+01 9.357039999999999802e-01
5.184100000000000108e+01 9.345170000000000421e-01
5.190100000000000335e+01 9.333110000000000017e-01
5.196099999999999852e+01 9.320859999999999701e-01
5.202100000000000080e+01 9.308429999999999760e-01
5.208100000000000307e+01 9.295820000000000194e-01
5.214099999999999824e+01 9.283019999999999605e-01
5.220100000000000051e+01 9.270040000000000502e-01
5.226100000000000279e+01 9.256870000000000376e-01
5.232099999999999795e+01 9.243500000000000050e-01
5.238100000000000023e+01 9.229939999999999811e-01
5.244100000000000250e+01 9.216199999999999948e-01
5.250099999999999767e+01 9.202259999999999884e-01
5.256099999999999994e+01 9.188129999999999908e-01
5.262100000000000222e+01 9.173799999999999732e-01
5.268099999999999739e+01 9.159279999999999644e-01
5.274099999999999966e+01 9.144569999999999643e-01
5.280100000000000193e+01 9.129650000000000265e-01
5.286099999999999710e+01 9.114539999999999864e-01
5.292099999999999937e+01 9.099230000000000373e-01
5.298100000000000165e+01 9.083710000000000395e-01
5.304099999999999682e+01 9.067990000000000217e-01
5.310099999999999909e+01 9.052069999999999839e-01
5.316100000000000136e+01 9.035940000000000083e-01
5.322099999999999653e+01 9.019599999999999840e-01
5.328099999999999881e+01 9.003050000000000219e-01
5.334100000000000108e+01 8.986279999999999824e-01
5.340100000000000335e+01 8.969300000000000050e-01
5.346099999999999852e+01 8.952099999999999502e-01
5.352100000000000080e+01 8.934670000000000112e-01
5.358100000000000307e+01 8.917019999999999946e-01
5.364099999999999824e+01 8.899139999999999828e-01
5.370100000000000051e+01 8.881019999999999470e-01
5.376100000000000279e+01 8.862659999999999982e-01
5.382099999999999795e+01 8.844060000000000255e-01
5.388100000000000023e+01 8.825209999999999999e-01
5.394100000000000250e+01 8.806110000000000326e-01
5.400099999999999767e+01 8.786760000000000126e-01
5.406099999999999994e+01 8.767129999999999646e-01
5.412100000000000222e+01 8.747249999999999748e-01
5.418099999999999739e+01 8.727080000000000393e-01
5.424099999999999966e+01 8.706639999999999935e-01
5.430100000000000193e+01 8.685910000000000020e-01
5.436099999999999710e+01 8.664880000000000360e-01
5.442099999999999937e+01 8.643560000000000132e-01
5.448100000000000165e+01 8.621929999999999872e-01
5.454099999999999682e+01 8.599989999999999579e-01
5.460099999999999909e+01 8.577719999999999789e-01
5.466100000000000136e+01 8.555129999999999679e-01
5.472099999999999653e+01 8.532199999999999784e-01
5.478099999999999881e+01 8.508930000000000105e-01
5.484100000000000108e+01 8.485310000000000352e-01
5.490100000000000335e+01 8.461330000000000240e-01
5.496099999999999852e+01 8.436989999999999768e-01
5.502100000000000080e+01 8.412260000000000293e-01
5.508100000000000307e+01 8.387149999999999883e-01
5.514099999999999824e+01 8.361659999999999648e-01
5.520100000000000051e+01 8.335770000000000124e-01
5.526100000000000279e+01 8.309459999999999624e-01
5.532099999999999795e+01 8.282739999999999547e-01
5.538100000000000023e+01 8.255590000000000428e-01
5.544100000000000250e+01 8.228020000000000334e-01
5.550099999999999767e+01 8.199980000000000047e-01
5.556099999999999994e+01 8.171509999999999607e-01
5.562100000000000222e+01 8.142570000000000086e-01
5.568099999999999739e+01 8.113150000000000084e-01
5.574099999999999966e+01 8.083259999999999890e-01
5.580100000000000193e+01 8.052890000000000326e-01
5.586099999999999710e+01 8.022000000000000242e-01
5.592099999999999937e+01 7.990620000000000500e-01
5.598100000000000165e+01 7.958690000000000486e-01
5.604099999999999682e+01 7.926269999999999705e-01
5.610099999999999909e+01 7.893289999999999473e-01
5.616100000000000136e+01 7.859779999999999545e-01
5.622099999999999653e+01 7.825689999999999591e-01
5.628099999999999881e+01 7.791029999999999900e-01
5.634100000000000108e+01 7.755800000000000471e-01
5.640100000000000335e+01 7.719989999999999908e-01
5.646099999999999852e+01 7.683550000000000102e-01
5.652100000000000080e+01 7.646519999999999984e-01
5.658100000000000307e+01 7.608869999999999800e-01
5.664099999999999824e+01 7.570569999999999800e-01
5.670100000000000051e+01 7.531619999999999981e-01
5.676100000000000279e+01 7.492029999999999523e-01
5.682099999999999795e+01 7.451759999999999495e-01
5.688100000000000023e+01 7.410809999999999897e-01
5.694100000000000250e+01 7.369149999999999867e-01
5.700099999999999767e+01 7.326799999999999979e-01
5.706099999999999994e+01 7.283720000000000194e-01
5.712100000000000222e+01 7.239900000000000224e-01
5.718099999999999739e+01 7.195329999999999782e-01
5.724099999999999966e+01 7.149990000000000512e-01
5.730100000000000193e+01 7.103890000000000482e-01
5.736099999999999710e+01 7.056970000000000187e-01
5.742099999999999937e+01 7.009250000000000203e-01
5.748100000000000165e+01 6.960699999999999665e-01
5.754099999999999682e+01 6.911310000000000509e-01
5.760099999999999909e+01 6.861070000000000224e-01
5.766100000000000136e+01 6.809960000000000457e-01
5.772099999999999653e+01 6.757929999999999771e-01
5.778099999999999881e+01 6.705010000000000137e-01
5.784100000000000108e+01 6.651160000000000405e-01
5.790100000000000335e+01 6.596349999999999714e-01
5.796099999999999852e+01 6.540589999999999460e-01
5.802100000000000080e+01 6.483849999999999891e-01
5.808100000000000307e+01 6.426100000000000145e-01
5.814099999999999824e+01 6.367329999999999934e-01
5.820100000000000051e+01 6.307519999999999794e-01
5.826100000000000279e+01 6.246669999999999723e-01
5.832099999999999795e+01 6.184739999999999682e-01
5.838100000000000023e+01 6.121710000000000207e-01
5.844100000000000250e+01 6.057580000000000187e-01
5.850099999999999767e+01 5.992330000000000156e-01
5.856099999999999994e+01 5.925930000000000364e-01
5.862100000000000222e+01 5.858379999999999699e-01
5.868099999999999739e+01 5.789659999999999807e-01
5.874099999999999966e+01 5.719760000000000399e-01
5.880100000000000193e+01 5.648680000000000367e-01
5.886099999999999710e+01 5.576400000000000245e-01
5.892099999999999937e+01 5.502920000000000034e-01
5.898100000000000165e+01 5.428230000000000555e-01
5.904099999999999682e+01 5.352350000000000163e-01
5.910099999999999909e+01 5.275279999999999969e-01
5.916100000000000136e+01 5.197019999999999973e-01
5.922099999999999653e+01 5.117610000000000214e-01
5.928099999999999881e+01 5.037049999999999583e-01
5.934100000000000108e+01 4.955379999999999785e-01
