1.000000000000000021e-03 1.000358000000000080e+00
6.099999999999999867e-02 1.000000999999999918e+00
1.209999999999999964e-01 1.000323999999999991e+00
1.809999999999999942e-01 1.000070999999999932e+00
2.409999999999999920e-01 1.000202999999999953e+00
3.009999999999999898e-01 1.000116000000000005e+00
3.609999999999999876e-01 1.000888000000000000e+00
4.209999999999999853e-01 1.000026999999999999e+00
4.809999999999999831e-01 1.000728999999999980e+00
5.410000000000000364e-01 1.000723999999999947e+00
6.009999999999999787e-01 1.000444000000000111e+00
6.610000000000000320e-01 1.000010999999999983e+00
7.209999999999999742e-01 1.000879000000000074e+00
7.810000000000000275e-01 1.003730000000000011e+00
8.409999999999999698e-01 1.005071999999999965e+00
9.010000000000000231e-01 1.002950999999999926e+00
9.609999999999999654e-01 1.000312000000000090e+00
1.020999999999999908e+00 1.000672000000000006e+00
1.080999999999999961e+00 1.003989000000000020e+00
1.141000000000000014e+00 1.007185999999999915e+00
1.201000000000000068e+00 1.007983999999999991e+00
1.260999999999999899e+00 1.006617000000000095e+00
1.320999999999999952e+00 1.004294000000000020e+00
1.381000000000000005e+00 1.001953000000000094e+00
1.441000000000000059e+00 1.000307000000000057e+00
1.500999999999999890e+00 1.000210999999999961e+00
1.560999999999999943e+00 1.002518999999999938e+00
1.620999999999999996e+00 1.007179000000000046e+00
1.681000000000000050e+00 1.012418999999999958e+00
1.741000000000000103e+00 1.015516000000000085e+00
1.800999999999999934e+00 1.014591999999999938e+00
1.860999999999999988e+00 1.009662999999999977e+00
1.921000000000000041e+00 1.003022000000000080e+00
1.981000000000000094e+00 1.000134000000000079e+00
2.040999999999999925e+00 1.009897999999999962e+00
2.100999999999999979e+00 1.036809000000000092e+00
2.161000000000000032e+00 1.065703999999999985e+00
2.221000000000000085e+00 1.076081000000000065e+00
2.281000000000000139e+00 1.068210000000000104e+00
2.341000000000000192e+00 1.052221000000000073e+00
2.400999999999999801e+00 1.035104999999999942e+00
2.460999999999999854e+00 1.020127999999999924e+00
2.520999999999999908e+00 1.008801000000000059e+00
2.580999999999999961e+00 1.001956999999999987e+00
2.641000000000000014e+00 1.000032000000000032e+00
2.701000000000000068e+00 1.002901999999999960e+00
2.761000000000000121e+00 1.009598999999999913e+00
2.821000000000000174e+00 1.018297000000000008e+00
2.880999999999999783e+00 1.026828999999999992e+00
2.940999999999999837e+00 1.033457999999999988e+00
3.000999999999999890e+00 1.037341000000000069e+00
3.060999999999999943e+00 1.038467000000000029e+00
3.120999999999999996e+00 1.037292000000000103e+00
3.181000000000000050e+00 1.034402000000000044e+00
3.241000000000000103e+00 1.030332000000000026e+00
3.301000000000000156e+00 1.025516000000000094e+00
3.361000000000000210e+00 1.020300999999999902e+00
3.420999999999999819e+00 1.014991999999999894e+00
3.480999999999999872e+00 1.009902000000000077e+00
3.540999999999999925e+00 1.005398999999999932e+00
3.600999999999999979e+00 1.001946000000000003e+00
3.661000000000000032e+00 1.000126000000000071e+00
3.721000000000000085e+00 1.000639999999999974e+00
3.781000000000000139e+00 1.004253000000000062e+00
3.841000000000000192e+00 1.011659000000000086e+00
3.900999999999999801e+00 1.023271000000000042e+00
3.960999999999999854e+00 1.038969999999999949e+00
4.020999999999999908e+00 1.057927000000000062e+00
4.081000000000000405e+00 1.078629000000000060e+00
4.141000000000000014e+00 1.099164999999999948e+00
4.200999999999999623e+00 1.117672999999999917e+00
4.261000000000000121e+00 1.132741999999999916e+00
4.320999999999999730e+00 1.143602999999999925e+00
4.381000000000000227e+00 1.150106000000000073e+00
4.440999999999999837e+00 1.152543000000000095e+00
4.501000000000000334e+00 1.151451999999999920e+00
4.560999999999999943e+00 1.147456000000000031e+00
4.621000000000000441e+00 1.141161000000000092e+00
4.681000000000000050e+00 1.133111999999999897e+00
4.740999999999999659e+00 1.123768000000000100e+00
4.801000000000000156e+00 1.113512999999999975e+00
4.860999999999999766e+00 1.102662999999999949e+00
4.921000000000000263e+00 1.091479000000000088e+00
4.980999999999999872e+00 1.080181999999999976e+00
5.041000000000000369e+00 1.068961999999999968e+00
5.100999999999999979e+00 1.057994000000000101e+00
5.160999999999999588e+00 1.047439999999999927e+00
5.221000000000000085e+00 1.037463999999999942e+00
5.280999999999999694e+00 1.028234000000000092e+00
5.341000000000000192e+00 1.019932000000000061e+00
5.400999999999999801e+00 1.012758999999999965e+00
5.461000000000000298e+00 1.006942000000000004e+00
5.520999999999999908e+00 1.002726999999999924e+00
5.581000000000000405e+00 1.000386999999999915e+00
5.641000000000000014e+00 1.000204000000000093e+00
5.700999999999999623e+00 1.002448999999999923e+00
5.761000000000000121e+00 1.007357000000000058e+00
5.820999999999999730e+00 1.015077999999999925e+00
5.881000000000000227e+00 1.025622000000000034e+00
5.940999999999999837e+00 1.038810000000000011e+00
6.001000000000000334e+00 1.054232999999999976e+00
6.060999999999999943e+00 1.071242999999999945e+00
6.121000000000000441e+00 1.088991999999999960e+00
6.181000000000000050e+00 1.106522999999999923e+00
6.240999999999999659e+00 1.122883999999999993e+00
6.301000000000000156e+00 1.137259000000000020e+00
6.360999999999999766e+00 1.149054999999999938e+00
6.421000000000000263e+00 1.157952000000000092e+00
6.480999999999999872e+00 1.163886999999999894e+00
6.541000000000000369e+00 1.167005999999999988e+00
6.600999999999999979e+00 1.167593000000000103e+00
6.660999999999999588e+00 1.166007999999999933e+00
6.721000000000000085e+00 1.162625000000000020e+00
6.780999999999999694e+00 1.157801999999999998e+00
6.841000000000000192e+00 1.151856999999999909e+00
6.900999999999999801e+00 1.145059000000000049e+00
6.961000000000000298e+00 1.137628000000000084e+00
7.020999999999999908e+00 1.129737999999999909e+00
7.081000000000000405e+00 1.121526000000000023e+00
7.141000000000000014e+00 1.113096000000000085e+00
7.200999999999999623e+00 1.104527999999999954e+00
7.261000000000000121e+00 1.095882999999999940e+00
7.320999999999999730e+00 1.087210999999999927e+00
7.381000000000000227e+00 1.078549999999999898e+00
7.440999999999999837e+00 1.069938999999999973e+00
7.501000000000000334e+00 1.061414999999999997e+00
7.560999999999999943e+00 1.053020999999999985e+00
7.621000000000000441e+00 1.044810000000000016e+00
7.681000000000000050e+00 1.036847999999999992e+00
7.740999999999999659e+00 1.029225000000000056e+00
7.801000000000000156e+00 1.022053000000000100e+00
7.860999999999999766e+00 1.015482999999999913e+00
7.921000000000000263e+00 1.009710000000000107e+00
7.980999999999999872e+00 1.004985999999999935e+00
8.041000000000000369e+00 1.001633999999999913e+00
8.101000000000000867e+00 1.000059999999999949e+00
8.160999999999999588e+00 1.000768000000000102e+00
8.221000000000000085e+00 1.004370999999999903e+00
8.281000000000000583e+00 1.011589999999999989e+00
8.340999999999999304e+00 1.023236000000000034e+00
8.400999999999999801e+00 1.040165000000000006e+00
8.461000000000000298e+00 1.063190999999999997e+00
8.521000000000000796e+00 1.092942999999999998e+00
8.580999999999999517e+00 1.129674999999999985e+00
8.641000000000000014e+00 1.173040000000000083e+00
8.701000000000000512e+00 1.221886000000000028e+00
8.760999999999999233e+00 1.274151999999999951e+00
8.820999999999999730e+00 1.326961000000000057e+00
8.881000000000000227e+00 1.376961000000000102e+00
8.941000000000000725e+00 1.420876000000000028e+00
9.000999999999999446e+00 1.456096999999999975e+00
9.060999999999999943e+00 1.481116000000000099e+00
9.121000000000000441e+00 1.495632999999999990e+00
9.180999999999999162e+00 1.500372999999999957e+00
9.240999999999999659e+00 1.496709999999999985e+00
9.301000000000000156e+00 1.486294000000000004e+00
9.361000000000000654e+00 1.470747999999999944e+00
9.420999999999999375e+00 1.451500999999999930e+00
9.480999999999999872e+00 1.429715000000000069e+00
9.541000000000000369e+00 1.406285999999999925e+00
9.601000000000000867e+00 1.381868000000000096e+00
9.660999999999999588e+00 1.356927999999999912e+00
9.721000000000000085e+00 1.331781000000000104e+00
9.781000000000000583e+00 1.306637000000000048e+00
9.840999999999999304e+00 1.281625000000000014e+00
9.900999999999999801e+00 1.256825000000000081e+00
9.961000000000000298e+00 1.232283999999999935e+00
1.002100000000000080e+01 1.208031999999999995e+00
1.008099999999999952e+01 1.184099999999999930e+00
1.014100000000000001e+01 1.160525000000000029e+00
1.020100000000000051e+01 1.137372999999999967e+00
1.026099999999999923e+01 1.114748999999999990e+00
1.032099999999999973e+01 1.092816999999999927e+00
1.038100000000000023e+01 1.071828000000000003e+00
1.044100000000000072e+01 1.052154999999999951e+00
1.050099999999999945e+01 1.034332000000000029e+00
1.056099999999999994e+01 1.019109999999999960e+00
1.062100000000000044e+01 1.007516000000000078e+00
1.068099999999999916e+01 1.000909999999999966e+00
1.074099999999999966e+01 1.001006000000000062e+00
1.080100000000000016e+01 1.009825999999999890e+00
1.086100000000000065e+01 1.029506999999999950e+00
1.092099999999999937e+01 1.061922000000000033e+00
1.098099999999999987e+01 1.108071000000000028e+00
1.104100000000000037e+01 1.167370000000000019e+00
1.110100000000000087e+01 1.237052999999999958e+00
1.116099999999999959e+01 1.312076000000000020e+00
1.122100000000000009e+01 1.385791999999999913e+00
1.128100000000000058e+01 1.451389999999999958e+00
1.134099999999999930e+01 1.503570999999999991e+00
1.140099999999999980e+01 1.539660999999999946e+00
1.146100000000000030e+01 1.559712999999999905e+00
1.152100000000000080e+01 1.565743000000000107e+00
1.158099999999999952e+01 1.560696000000000083e+00
1.164100000000000001e+01 1.547596999999999889e+00
1.170100000000000051e+01 1.529072999999999904e+00
1.176099999999999923e+01 1.507182999999999939e+00
1.182099999999999973e+01 1.483435000000000059e+00
1.188100000000000023e+01 1.458876999999999979e+00
1.194100000000000072e+01 1.434209999999999985e+00
1.200099999999999945e+01 1.409882999999999997e+00
1.206099999999999994e+01 1.386168000000000067e+00
1.212100000000000044e+01 1.363220000000000098e+00
1.218099999999999916e+01 1.341115999999999975e+00
1.224099999999999966e+01 1.319882999999999917e+00
1.230100000000000016e+01 1.299514999999999976e+00
1.236100000000000065e+01 1.279986999999999986e+00
1.242099999999999937e+01 1.261263999999999941e+00
1.248099999999999987e+01 1.243306000000000022e+00
1.254100000000000037e+01 1.226070999999999911e+00
1.260100000000000087e+01 1.209519000000000011e+00
1.266099999999999959e+01 1.193611999999999895e+00
1.272100000000000009e+01 1.178315999999999919e+00
1.278100000000000058e+01 1.163599999999999968e+00
1.284099999999999930e+01 1.149440000000000017e+00
1.290099999999999980e+01 1.135814000000000101e+00
1.296100000000000030e+01 1.122708000000000039e+00
1.302100000000000080e+01 1.110112999999999905e+00
1.308099999999999952e+01 1.098025000000000029e+00
1.314100000000000001e+01 1.086446999999999941e+00
1.320100000000000051e+01 1.075388999999999928e+00
1.326099999999999923e+01 1.064869999999999983e+00
1.332099999999999973e+01 1.054913999999999907e+00
1.338100000000000023e+01 1.045555999999999930e+00
1.344100000000000072e+01 1.036842000000000041e+00
1.350099999999999945e+01 1.028828000000000076e+00
1.356099999999999994e+01 1.021582999999999908e+00
1.362100000000000044e+01 1.015190000000000037e+00
1.368099999999999916e+01 1.009746999999999950e+00
1.374099999999999966e+01 1.005370000000000097e+00
1.380100000000000016e+01 1.002192999999999889e+00
1.386100000000000065e+01 1.000372999999999957e+00
1.392099999999999937e+01 1.000086999999999948e+00
1.398099999999999987e+01 1.001536999999999900e+00
1.404100000000000037e+01 1.004947000000000035e+00
1.410100000000000087e+01 1.010567999999999911e+00
1.416099999999999959e+01 1.018674000000000079e+00
1.422100000000000009e+01 1.029557000000000055e+00
1.428100000000000058e+01 1.043528999999999929e+00
1.434099999999999930e+01 1.060910000000000020e+00
1.440099999999999980e+01 1.082022999999999957e+00
1.446100000000000030e+01 1.107177999999999995e+00
1.452100000000000080e+01 1.136660000000000004e+00
1.458099999999999952e+01 1.170709000000000000e+00
1.464100000000000001e+01 1.209494999999999987e+00
1.470100000000000051e+01 1.253095999999999988e+00
1.476099999999999923e+01 1.301463999999999954e+00
1.482099999999999973e+01 1.354397999999999991e+00
1.488100000000000023e+01 1.411505999999999927e+00
1.494100000000000072e+01 1.472183000000000019e+00
1.500099999999999945e+01 1.535589000000000093e+00
1.506099999999999994e+01 1.600645000000000095e+00
1.512100000000000044e+01 1.666053000000000006e+00
1.518099999999999916e+01 1.730339999999999989e+00
1.524099999999999966e+01 1.791940000000000088e+00
1.530100000000000016e+01 1.849293999999999993e+00
1.536100000000000065e+01 1.900972000000000106e+00
1.542099999999999937e+01 1.945788000000000073e+00
1.548099999999999987e+01 1.982892000000000099e+00
1.554100000000000037e+01 0.000000000000000000e+00
1.560100000000000087e+01 0.000000000000000000e+00
1.566099999999999959e+01 0.000000000000000000e+00
1.572100000000000009e+01 0.000000000000000000e+00
1.578100000000000058e+01 0.000000000000000000e+00
1.584099999999999930e+01 0.000000000000000000e+00
1.590099999999999980e+01 0.000000000000000000e+00
1.596100000000000030e+01 0.000000000000000000e+00
1.602100000000000080e+01 1.997730000000000006e+00
1.608099999999999952e+01 1.977112999999999898e+00
1.614099999999999824e+01 1.954849999999999977e+00
1.620100000000000051e+01 1.931470000000000020e+00
1.626099999999999923e+01 1.907405000000000017e+00
1.632100000000000151e+01 1.883002000000000065e+00
1.638100000000000023e+01 1.858532000000000073e+00
1.644099999999999895e+01 1.834205000000000085e+00
1.650100000000000122e+01 1.810181000000000040e+00
1.656099999999999994e+01 1.786574000000000106e+00
1.662099999999999866e+01 1.763468000000000035e+00
1.668100000000000094e+01 1.740917999999999966e+00
1.674099999999999966e+01 1.718957999999999986e+00
1.680099999999999838e+01 1.697607000000000088e+00
1.686100000000000065e+01 1.676870000000000083e+00
1.692099999999999937e+01 1.656744999999999912e+00
1.698100000000000165e+01 1.637219999999999898e+00
1.704100000000000037e+01 1.618279999999999941e+00
1.710099999999999909e+01 1.599906000000000050e+00
1.716100000000000136e+01 1.582076000000000038e+00
1.722100000000000009e+01 1.564766000000000101e+00
1.728099999999999881e+01 1.547954000000000052e+00
1.734100000000000108e+01 1.531612999999999891e+00
1.740099999999999980e+01 1.515721000000000096e+00
1.746099999999999852e+01 1.500253000000000059e+00
1.752100000000000080e+01 1.485185999999999895e+00
1.758099999999999952e+01 1.470496999999999943e+00
1.764099999999999824e+01 1.456164000000000014e+00
1.770100000000000051e+01 1.442166999999999977e+00
1.776099999999999923e+01 1.428485000000000005e+00
1.782100000000000151e+01 1.415100000000000025e+00
1.788100000000000023e+01 1.401993000000000045e+00
1.794099999999999895e+01 1.389148000000000049e+00
1.800100000000000122e+01 1.376548000000000105e+00
1.806099999999999994e+01 1.364177999999999891e+00
1.812099999999999866e+01 1.352023999999999893e+00
1.818100000000000094e+01 1.340073000000000070e+00
1.824099999999999966e+01 1.328311999999999937e+00
1.830099999999999838e+01 1.316729999999999956e+00
1.836100000000000065e+01 1.305315000000000003e+00
1.842099999999999937e+01 1.294057999999999931e+00
1.848100000000000165e+01 1.282950999999999953e+00
1.854100000000000037e+01 1.271983000000000086e+00
1.860099999999999909e+01 1.261149000000000076e+00
1.866100000000000136e+01 1.250440999999999914e+00
1.872100000000000009e+01 1.239854000000000012e+00
1.878099999999999881e+01 1.229381999999999975e+00
1.884100000000000108e+01 1.219022000000000050e+00
1.890099999999999980e+01 1.208771000000000040e+00
1.896099999999999852e+01 1.198625999999999969e+00
1.902100000000000080e+01 1.188585999999999920e+00
1.908099999999999952e+01 1.178649999999999975e+00
1.914099999999999824e+01 1.168819999999999970e+00
1.920100000000000051e+01 1.159097999999999962e+00
1.926099999999999923e+01 1.149486000000000008e+00
1.932100000000000151e+01 1.139990000000000059e+00
1.938100000000000023e+01 1.130616000000000065e+00
1.944099999999999895e+01 1.121372000000000035e+00
1.950100000000000122e+01 1.112265999999999977e+00
1.956099999999999994e+01 1.103312000000000070e+00
1.962099999999999866e+01 1.094521000000000077e+00
1.968100000000000094e+01 1.085911000000000071e+00
1.974099999999999966e+01 1.077499999999999902e+00
1.980099999999999838e+01 1.069309999999999983e+00
1.986100000000000065e+01 1.061363999999999974e+00
1.992099999999999937e+01 1.053692000000000073e+00
1.998100000000000165e+01 1.046324999999999950e+00
2.004100000000000037e+01 1.039301000000000030e+00
2.010099999999999909e+01 1.032658999999999994e+00
2.016100000000000136e+01 1.026448000000000027e+00
2.022100000000000009e+01 1.020718000000000014e+00
2.028099999999999881e+01 1.015530000000000044e+00
2.034100000000000108e+01 1.010949000000000098e+00
2.040099999999999980e+01 1.007049000000000083e+00
2.046099999999999852e+01 1.003910999999999998e+00
2.052100000000000080e+01 1.001627999999999963e+00
2.058099999999999952e+01 1.000301000000000107e+00
2.064099999999999824e+01 1.000042000000000098e+00
2.070100000000000051e+01 1.000974999999999948e+00
2.076099999999999923e+01 1.003235000000000099e+00
2.082100000000000151e+01 1.006972999999999896e+00
2.088100000000000023e+01 1.012350000000000083e+00
2.094099999999999895e+01 1.019544000000000006e+00
2.100100000000000122e+01 1.028745999999999938e+00
2.106099999999999994e+01 1.040165000000000006e+00
2.112099999999999866e+01 1.054024999999999990e+00
2.118100000000000094e+01 1.070564000000000071e+00
2.124099999999999966e+01 1.090039999999999898e+00
2.130099999999999838e+01 1.112727999999999939e+00
2.136100000000000065e+01 1.138921000000000072e+00
2.142099999999999937e+01 1.168932000000000082e+00
2.148100000000000165e+01 1.203095000000000026e+00
2.154100000000000037e+01 1.241765000000000008e+00
2.160099999999999909e+01 1.285323999999999911e+00
2.166100000000000136e+01 1.334179999999999922e+00
2.172100000000000009e+01 1.388771999999999895e+00
2.178099999999999881e+01 1.449570000000000025e+00
2.184100000000000108e+01 1.517080999999999902e+00
2.190099999999999980e+01 1.591850999999999905e+00
2.196099999999999852e+01 1.674460999999999977e+00
2.202100000000000080e+01 1.765532000000000101e+00
2.208099999999999952e+01 1.865712999999999955e+00
2.214099999999999824e+01 1.975673999999999930e+00
2.220100000000000051e+01 0.000000000000000000e+00
2.226099999999999923e+01 0.000000000000000000e+00
2.232100000000000151e+01 0.000000000000000000e+00
2.238100000000000023e+01 0.000000000000000000e+00
2.244099999999999895e+01 0.000000000000000000e+00
2.250100000000000122e+01 0.000000000000000000e+00
2.256099999999999994e+01 0.000000000000000000e+00
2.262099999999999866e+01 0.000000000000000000e+00
2.268100000000000094e+01 0.000000000000000000e+00
2.274099999999999966e+01 0.000000000000000000e+00
2.280099999999999838e+01 0.000000000000000000e+00
2.286100000000000065e+01 0.000000000000000000e+00
2.292099999999999937e+01 0.000000000000000000e+00
2.298100000000000165e+01 0.000000000000000000e+00
2.304100000000000037e+01 0.000000000000000000e+00
2.310099999999999909e+01 0.000000000000000000e+00
2.316100000000000136e+01 0.000000000000000000e+00
2.322100000000000009e+01 0.000000000000000000e+00
2.328099999999999881e+01 0.000000000000000000e+00
2.334100000000000108e+01 0.000000000000000000e+00
2.340099999999999980e+01 0.000000000000000000e+00
2.346099999999999852e+01 0.000000000000000000e+00
2.352100000000000080e+01 0.000000000000000000e+00
2.358099999999999952e+01 0.000000000000000000e+00
2.364099999999999824e+01 0.000000000000000000e+00
2.370100000000000051e+01 0.000000000000000000e+00
2.376099999999999923e+01 0.000000000000000000e+00
2.382100000000000151e+01 0.000000000000000000e+00
2.388100000000000023e+01 0.000000000000000000e+00
2.394099999999999895e+01 0.000000000000000000e+00
2.400100000000000122e+01 0.000000000000000000e+00
2.406099999999999994e+01 0.000000000000000000e+00
2.412099999999999866e+01 0.000000000000000000e+00
2.418100000000000094e+01 0.000000000000000000e+00
2.424099999999999966e+01 0.000000000000000000e+00
2.430099999999999838e+01 0.000000000000000000e+00
2.436100000000000065e+01 0.000000000000000000e+00
2.442099999999999937e+01 0.000000000000000000e+00
2.448100000000000165e+01 0.000000000000000000e+00
2.454100000000000037e+01 0.000000000000000000e+00
2.460099999999999909e+01 0.000000000000000000e+00
2.466100000000000136e+01 0.000000000000000000e+00
2.472100000000000009e+01 0.000000000000000000e+00
2.478099999999999881e+01 0.000000000000000000e+00
2.484100000000000108e+01 0.000000000000000000e+00
2.490099999999999980e+01 0.000000000000000000e+00
2.496099999999999852e+01 0.000000000000000000e+00
2.502100000000000080e+01 0.000000000000000000e+00
2.508099999999999952e+01 0.000000000000000000e+00
2.514099999999999824e+01 0.000000000000000000e+00
2.520100000000000051e+01 0.000000000000000000e+00
2.526099999999999923e+01 0.000000000000000000e+00
2.532100000000000151e+01 1.979832999999999954e+00
2.538100000000000023e+01 1.946118000000000015e+00
2.544099999999999895e+01 1.913459999999999939e+00
2.550100000000000122e+01 1.881780999999999926e+00
2.556099999999999994e+01 1.851008999999999904e+00
2.562099999999999866e+01 1.821077000000000057e+00
2.568100000000000094e+01 1.791922999999999933e+00
2.574099999999999966e+01 1.763487000000000027e+00
2.580099999999999838e+01 1.735716000000000037e+00
2.586100000000000065e+01 1.708558000000000021e+00
2.592099999999999937e+01 1.681964000000000015e+00
2.598100000000000165e+01 1.655890000000000084e+00
2.604100000000000037e+01 1.630293999999999910e+00
2.610099999999999909e+01 1.605132999999999921e+00
2.616100000000000136e+01 1.580372000000000110e+00
2.622100000000000009e+01 1.555973999999999968e+00
2.628099999999999881e+01 1.531905000000000072e+00
2.634100000000000108e+01 1.508134000000000086e+00
2.640099999999999980e+01 1.484631000000000034e+00
2.646099999999999852e+01 1.461368000000000000e+00
2.652100000000000080e+01 1.438318999999999903e+00
2.658099999999999952e+01 1.415459999999999940e+00
2.664099999999999824e+01 1.392770000000000064e+00
2.670100000000000051e+01 1.370230000000000059e+00
2.676099999999999923e+01 1.347822999999999993e+00
2.682100000000000151e+01 1.325536999999999965e+00
2.688100000000000023e+01 1.303363999999999967e+00
2.694099999999999895e+01 1.281300000000000106e+00
2.700100000000000122e+01 1.259346000000000076e+00
2.706099999999999994e+01 1.237513000000000085e+00
2.712099999999999866e+01 1.215818000000000065e+00
2.718100000000000094e+01 1.194293999999999967e+00
2.724099999999999966e+01 1.172984000000000027e+00
2.730099999999999838e+01 1.151952000000000087e+00
2.736100000000000065e+01 1.131285000000000096e+00
2.742099999999999937e+01 1.111102000000000034e+00
2.748100000000000165e+01 1.091557000000000111e+00
2.754100000000000037e+01 1.072856000000000032e+00
2.760099999999999909e+01 1.055268000000000095e+00
2.766100000000000136e+01 1.039139000000000035e+00
2.772100000000000009e+01 1.024920000000000053e+00
2.778099999999999881e+01 1.013187999999999978e+00
2.784100000000000108e+01 1.004680000000000017e+00
2.790099999999999980e+01 1.000331000000000081e+00
2.796099999999999852e+01 1.001311999999999980e+00
2.802100000000000080e+01 1.009073000000000109e+00
2.808099999999999952e+01 1.025393999999999917e+00
2.814099999999999824e+01 1.052421000000000051e+00
2.820100000000000051e+01 1.092719999999999914e+00
2.826099999999999923e+01 1.149332000000000020e+00
2.832100000000000151e+01 1.225878000000000023e+00
2.838100000000000023e+01 1.326724999999999932e+00
2.844099999999999895e+01 1.457289999999999974e+00
2.850100000000000122e+01 1.624521000000000104e+00
2.856099999999999994e+01 1.837671000000000054e+00
2.862099999999999866e+01 0.000000000000000000e+00
2.868100000000000094e+01 0.000000000000000000e+00
2.874099999999999966e+01 0.000000000000000000e+00
2.880099999999999838e+01 0.000000000000000000e+00
2.886100000000000065e+01 0.000000000000000000e+00
2.892099999999999937e+01 0.000000000000000000e+00
2.898100000000000165e+01 0.000000000000000000e+00
2.904100000000000037e+01 0.000000000000000000e+00
2.910099999999999909e+01 0.000000000000000000e+00
2.916100000000000136e+01 0.000000000000000000e+00
2.922100000000000009e+01 0.000000000000000000e+00
2.928099999999999881e+01 0.000000000000000000e+00
2.934100000000000108e+01 0.000000000000000000e+00
2.940099999999999980e+01 0.000000000000000000e+00
2.946099999999999852e+01 0.000000000000000000e+00
2.952100000000000080e+01 0.000000000000000000e+00
2.958099999999999952e+01 0.000000000000000000e+00
2.964099999999999824e+01 0.000000000000000000e+00
2.970100000000000051e+01 0.000000000000000000e+00
2.976099999999999923e+01 0.000000000000000000e+00
2.982100000000000151e+01 0.000000000000000000e+00
2.988100000000000023e+01 0.000000000000000000e+00
2.994099999999999895e+01 0.000000000000000000e+00
3.000100000000000122e+01 0.000000000000000000e+00
3.006099999999999994e+01 0.000000000000000000e+00
3.012099999999999866e+01 0.000000000000000000e+00
3.018100000000000094e+01 0.000000000000000000e+00
3.024099999999999966e+01 0.000000000000000000e+00
3.030099999999999838e+01 0.000000000000000000e+00
3.036100000000000065e+01 0.000000000000000000e+00
3.042099999999999937e+01 0.000000000000000000e+00
3.048100000000000165e+01 0.000000000000000000e+00
3.054100000000000037e+01 0.000000000000000000e+00
3.060099999999999909e+01 0.000000000000000000e+00
3.066100000000000136e+01 1.963016000000000094e+00
3.072100000000000009e+01 1.923332999999999959e+00
3.078099999999999881e+01 1.885955000000000048e+00
3.084100000000000108e+01 1.850643999999999956e+00
3.090099999999999980e+01 1.817191000000000001e+00
3.096099999999999852e+01 1.785414999999999974e+00
3.102100000000000080e+01 1.755158999999999914e+00
3.108099999999999952e+01 1.726283000000000012e+00
3.114099999999999824e+01 1.698663000000000034e+00
3.120100000000000051e+01 1.672191999999999901e+00
3.126099999999999923e+01 1.646770999999999985e+00
3.132100000000000151e+01 1.622314999999999952e+00
3.138100000000000023e+01 1.598746999999999918e+00
3.144099999999999895e+01 1.575997000000000092e+00
3.150100000000000122e+01 1.554003999999999941e+00
3.156099999999999994e+01 1.532712000000000074e+00
3.162099999999999866e+01 1.512070999999999943e+00
3.168100000000000094e+01 1.492037000000000058e+00
3.174099999999999966e+01 1.472566999999999959e+00
3.180099999999999838e+01 1.453626000000000085e+00
3.186100000000000065e+01 1.435181000000000040e+00
3.192099999999999937e+01 1.417202000000000073e+00
3.198100000000000165e+01 1.399661000000000044e+00
3.204099999999999682e+01 1.382535000000000069e+00
3.210099999999999909e+01 1.365801999999999961e+00
3.216100000000000136e+01 1.349444000000000088e+00
3.222099999999999653e+01 1.333442000000000016e+00
3.228099999999999881e+01 1.317781000000000091e+00
3.234100000000000108e+01 1.302448999999999968e+00
3.240100000000000335e+01 1.287435000000000107e+00
3.246099999999999852e+01 1.272728000000000081e+00
3.252100000000000080e+01 1.258321000000000023e+00
3.258100000000000307e+01 1.244207000000000063e+00
3.264099999999999824e+01 1.230383000000000004e+00
3.270100000000000051e+01 1.216844999999999954e+00
3.276100000000000279e+01 1.203591999999999995e+00
3.282099999999999795e+01 1.190623999999999905e+00
3.288100000000000023e+01 1.177944000000000102e+00
3.294100000000000250e+01 1.165554999999999897e+00
3.300099999999999767e+01 1.153461999999999987e+00
3.306099999999999994e+01 1.141672999999999938e+00
3.312100000000000222e+01 1.130195999999999978e+00
3.318099999999999739e+01 1.119043000000000010e+00
3.324099999999999966e+01 1.108227000000000073e+00
3.330100000000000193e+01 1.097761999999999905e+00
3.336099999999999710e+01 1.087666000000000022e+00
3.342099999999999937e+01 1.077957000000000054e+00
3.348100000000000165e+01 1.068659000000000026e+00
3.354099999999999682e+01 1.059793999999999903e+00
3.360099999999999909e+01 1.051390999999999964e+00
3.366100000000000136e+01 1.043479000000000045e+00
3.372099999999999653e+01 1.036089999999999955e+00
3.378099999999999881e+01 1.029258999999999924e+00
3.384100000000000108e+01 1.023025000000000073e+00
3.390100000000000335e+01 1.017430000000000057e+00
3.396099999999999852e+01 1.012518999999999947e+00
3.402100000000000080e+01 1.008340000000000014e+00
3.408100000000000307e+01 1.004944000000000059e+00
3.414099999999999824e+01 1.002385999999999999e+00
3.420100000000000051e+01 1.000723999999999947e+00
3.426100000000000279e+01 1.000019999999999909e+00
3.432099999999999795e+01 1.000339000000000089e+00
3.438100000000000023e+01 1.001749999999999918e+00
3.444100000000000250e+01 1.004321999999999937e+00
3.450099999999999767e+01 1.008129999999999971e+00
3.456099999999999994e+01 1.013250999999999902e+00
3.462100000000000222e+01 1.019763999999999893e+00
3.468099999999999739e+01 1.027751999999999999e+00
3.474099999999999966e+01 1.037298999999999971e+00
3.480100000000000193e+01 1.048489999999999922e+00
3.486099999999999710e+01 1.061414999999999997e+00
3.492099999999999937e+01 1.076165000000000038e+00
3.498100000000000165e+01 1.092831000000000108e+00
3.504099999999999682e+01 1.111509000000000080e+00
3.510099999999999909e+01 1.132295999999999969e+00
3.516100000000000136e+01 1.155294000000000043e+00
3.522099999999999653e+01 1.180604999999999905e+00
3.528099999999999881e+01 1.208336999999999994e+00
3.534100000000000108e+01 1.238604000000000038e+00
3.540100000000000335e+01 1.271522999999999959e+00
3.546099999999999852e+01 1.307218999999999909e+00
3.552100000000000080e+01 1.345825999999999967e+00
3.558100000000000307e+01 1.387485999999999997e+00
3.564099999999999824e+01 1.432350999999999930e+00
3.570100000000000051e+01 1.480588999999999933e+00
3.576100000000000279e+01 1.532380000000000075e+00
3.582099999999999795e+01 1.587922000000000056e+00
3.588100000000000023e+01 1.647431000000000090e+00
3.594100000000000250e+01 1.711146999999999974e+00
3.600099999999999767e+01 1.779335000000000111e+00
3.606099999999999994e+01 1.852286000000000099e+00
3.612100000000000222e+01 1.930326999999999904e+00
3.618099999999999739e+01 0.000000000000000000e+00
3.624099999999999966e+01 0.000000000000000000e+00
3.630100000000000193e+01 0.000000000000000000e+00
3.636099999999999710e+01 0.000000000000000000e+00
3.642099999999999937e+01 0.000000000000000000e+00
3.648100000000000165e+01 0.000000000000000000e+00
3.654099999999999682e+01 0.000000000000000000e+00
3.660099999999999909e+01 0.000000000000000000e+00
3.666100000000000136e+01 0.000000000000000000e+00
3.672099999999999653e+01 0.000000000000000000e+00
3.678099999999999881e+01 0.000000000000000000e+00
3.684100000000000108e+01 0.000000000000000000e+00
3.690100000000000335e+01 0.000000000000000000e+00
3.696099999999999852e+01 0.000000000000000000e+00
3.702100000000000080e+01 0.000000000000000000e+00
3.708100000000000307e+01 0.000000000000000000e+00
3.714099999999999824e+01 0.000000000000000000e+00
3.720100000000000051e+01 0.000000000000000000e+00
3.726100000000000279e+01 0.000000000000000000e+00
3.732099999999999795e+01 0.000000000000000000e+00
3.738100000000000023e+01 0.000000000000000000e+00
3.744100000000000250e+01 0.000000000000000000e+00
3.750099999999999767e+01 0.000000000000000000e+00
3.756099999999999994e+01 0.000000000000000000e+00
3.762100000000000222e+01 0.000000000000000000e+00
3.768099999999999739e+01 0.000000000000000000e+00
3.774099999999999966e+01 0.000000000000000000e+00
3.780100000000000193e+01 0.000000000000000000e+00
3.786099999999999710e+01 0.000000000000000000e+00
3.792099999999999937e+01 0.000000000000000000e+00
3.798100000000000165e+01 0.000000000000000000e+00
3.804099999999999682e+01 0.000000000000000000e+00
3.810099999999999909e+01 0.000000000000000000e+00
3.816100000000000136e+01 0.000000000000000000e+00
3.822099999999999653e+01 0.000000000000000000e+00
3.828099999999999881e+01 0.000000000000000000e+00
3.834100000000000108e+01 0.000000000000000000e+00
3.840100000000000335e+01 0.000000000000000000e+00
3.846099999999999852e+01 0.000000000000000000e+00
3.852100000000000080e+01 0.000000000000000000e+00
3.858100000000000307e+01 0.000000000000000000e+00
3.864099999999999824e+01 0.000000000000000000e+00
3.870100000000000051e+01 0.000000000000000000e+00
3.876100000000000279e+01 0.000000000000000000e+00
3.882099999999999795e+01 0.000000000000000000e+00
3.888100000000000023e+01 0.000000000000000000e+00
3.894100000000000250e+01 0.000000000000000000e+00
3.900099999999999767e+01 0.000000000000000000e+00
3.906099999999999994e+01 0.000000000000000000e+00
3.912100000000000222e+01 0.000000000000000000e+00
3.918099999999999739e+01 0.000000000000000000e+00
3.924099999999999966e+01 0.000000000000000000e+00
3.930100000000000193e+01 0.000000000000000000e+00
3.936099999999999710e+01 0.000000000000000000e+00
3.942099999999999937e+01 0.000000000000000000e+00
3.948100000000000165e+01 0.000000000000000000e+00
3.954099999999999682e+01 0.000000000000000000e+00
3.960099999999999909e+01 0.000000000000000000e+00
3.966100000000000136e+01 0.000000000000000000e+00
3.972099999999999653e+01 0.000000000000000000e+00
3.978099999999999881e+01 0.000000000000000000e+00
3.984100000000000108e+01 0.000000000000000000e+00
3.990100000000000335e+01 0.000000000000000000e+00
3.996099999999999852e+01 0.000000000000000000e+00
4.002100000000000080e+01 0.000000000000000000e+00
4.008100000000000307e+01 0.000000000000000000e+00
4.014099999999999824e+01 0.000000000000000000e+00
4.020100000000000051e+01 0.000000000000000000e+00
4.026100000000000279e+01 0.000000000000000000e+00
4.032099999999999795e+01 0.000000000000000000e+00
4.038100000000000023e+01 0.000000000000000000e+00
4.044100000000000250e+01 0.000000000000000000e+00
4.050099999999999767e+01 0.000000000000000000e+00
4.056099999999999994e+01 0.000000000000000000e+00
4.062100000000000222e+01 0.000000000000000000e+00
4.068099999999999739e+01 0.000000000000000000e+00
4.074099999999999966e+01 0.000000000000000000e+00
4.080100000000000193e+01 0.000000000000000000e+00
4.086099999999999710e+01 0.000000000000000000e+00
4.092099999999999937e+01 0.000000000000000000e+00
4.098100000000000165e+01 0.000000000000000000e+00
4.104099999999999682e+01 0.000000000000000000e+00
4.110099999999999909e+01 0.000000000000000000e+00
4.116100000000000136e+01 0.000000000000000000e+00
4.122099999999999653e+01 0.000000000000000000e+00
4.128099999999999881e+01 0.000000000000000000e+00
4.134100000000000108e+01 0.000000000000000000e+00
4.140100000000000335e+01 0.000000000000000000e+00
4.146099999999999852e+01 0.000000000000000000e+00
4.152100000000000080e+01 0.000000000000000000e+00
4.158100000000000307e+01 0.000000000000000000e+00
4.164099999999999824e+01 0.000000000000000000e+00
4.170100000000000051e+01 0.000000000000000000e+00
4.176100000000000279e+01 0.000000000000000000e+00
4.182099999999999795e+01 0.000000000000000000e+00
4.188100000000000023e+01 0.000000000000000000e+00
4.194100000000000250e+01 0.000000000000000000e+00
4.200099999999999767e+01 0.000000000000000000e+00
4.206099999999999994e+01 0.000000000000000000e+00
4.212100000000000222e+01 0.000000000000000000e+00
4.218099999999999739e+01 0.000000000000000000e+00
4.224099999999999966e+01 0.000000000000000000e+00
4.230100000000000193e+01 0.000000000000000000e+00
4.236099999999999710e+01 0.000000000000000000e+00
4.242099999999999937e+01 0.000000000000000000e+00
4.248100000000000165e+01 0.000000000000000000e+00
4.254099999999999682e+01 0.000000000000000000e+00
4.260099999999999909e+01 0.000000000000000000e+00
4.266100000000000136e+01 0.000000000000000000e+00
4.272099999999999653e+01 0.000000000000000000e+00
4.278099999999999881e+01 0.000000000000000000e+00
4.284100000000000108e+01 0.000000000000000000e+00
4.290100000000000335e+01 0.000000000000000000e+00
4.296099999999999852e+01 0.000000000000000000e+00
4.302100000000000080e+01 0.000000000000000000e+00
4.308100000000000307e+01 0.000000000000000000e+00
4.314099999999999824e+01 0.000000000000000000e+00
4.320100000000000051e+01 0.000000000000000000e+00
4.326100000000000279e+01 0.000000000000000000e+00
4.332099999999999795e+01 0.000000000000000000e+00
4.338100000000000023e+01 0.000000000000000000e+00
4.344100000000000250e+01 0.000000000000000000e+00
4.350099999999999767e+01 0.000000000000000000e+00
4.356099999999999994e+01 0.000000000000000000e+00
4.362100000000000222e+01 0.000000000000000000e+00
4.368099999999999739e+01 0.000000000000000000e+00
4.374099999999999966e+01 0.000000000000000000e+00
4.380100000000000193e+01 0.000000000000000000e+00
4.386099999999999710e+01 0.000000000000000000e+00
4.392099999999999937e+01 0.000000000000000000e+00
4.398100000000000165e+01 0.000000000000000000e+00
4.404099999999999682e+01 0.000000000000000000e+00
4.410099999999999909e+01 0.000000000000000000e+00
4.416100000000000136e+01 0.000000000000000000e+00
4.422099999999999653e+01 0.000000000000000000e+00
4.428099999999999881e+01 0.000000000000000000e+00
4.434100000000000108e+01 0.000000000000000000e+00
4.440100000000000335e+01 0.000000000000000000e+00
4.446099999999999852e+01 0.000000000000000000e+00
4.452100000000000080e+01 0.000000000000000000e+00
4.458100000000000307e+01 0.000000000000000000e+00
4.464099999999999824e+01 0.000000000000000000e+00
4.470100000000000051e+01 0.000000000000000000e+00
4.476100000000000279e+01 0.000000000000000000e+00
4.482099999999999795e+01 1.987200999999999995e+00
4.488100000000000023e+01 1.973063000000000011e+00
4.494100000000000250e+01 1.959020999999999901e+00
4.500099999999999767e+01 1.945073000000000052e+00
4.506099999999999994e+01 1.931214999999999904e+00
4.512100000000000222e+01 1.917446999999999901e+00
4.518099999999999739e+01 1.903766999999999987e+00
4.524099999999999966e+01 1.890173000000000103e+00
4.530100000000000193e+01 1.876662000000000052e+00
4.536099999999999710e+01 1.863234000000000057e+00
4.542099999999999937e+01 1.849885000000000002e+00
4.548100000000000165e+01 1.836613999999999969e+00
4.554099999999999682e+01 1.823417999999999983e+00
4.560099999999999909e+01 1.810294000000000070e+00
4.566100000000000136e+01 1.797239999999999949e+00
4.572099999999999653e+01 1.784253000000000089e+00
4.578099999999999881e+01 1.771328999999999931e+00
4.584100000000000108e+01 1.758466000000000085e+00
4.590100000000000335e+01 1.745660999999999907e+00
4.596099999999999852e+01 1.732909999999999950e+00
4.602100000000000080e+01 1.720210999999999935e+00
4.608100000000000307e+01 1.707562000000000024e+00
4.614099999999999824e+01 1.694959000000000104e+00
4.620100000000000051e+01 1.682399999999999896e+00
4.626100000000000279e+01 1.669885000000000064e+00
4.632099999999999795e+01 1.657410000000000050e+00
4.638100000000000023e+01 1.644973999999999936e+00
4.644100000000000250e+01 1.632576000000000027e+00
4.650099999999999767e+01 1.620216000000000101e+00
4.656099999999999994e+01 1.607890999999999959e+00
4.662100000000000222e+01 1.595603000000000105e+00
4.668099999999999739e+01 1.583348999999999895e+00
4.674099999999999966e+01 1.571131000000000055e+00
4.680100000000000193e+01 1.558947000000000083e+00
4.686099999999999710e+01 1.546799000000000035e+00
4.692099999999999937e+01 1.534685999999999995e+00
4.698100000000000165e+01 1.522609000000000101e+00
4.704099999999999682e+01 1.510567999999999911e+00
4.710099999999999909e+01 1.498564999999999925e+00
4.716100000000000136e+01 1.486599999999999921e+00
4.722099999999999653e+01 1.474672999999999901e+00
4.728099999999999881e+01 1.462787000000000059e+00
4.734100000000000108e+01 1.450941000000000036e+00
4.740100000000000335e+01 1.439137000000000111e+00
4.746099999999999852e+01 1.427375999999999978e+00
4.752100000000000080e+01 1.415659000000000001e+00
4.758100000000000307e+01 1.403987000000000096e+00
4.764099999999999824e+01 1.392362000000000100e+00
4.770100000000000051e+01 1.380784000000000011e+00
4.776100000000000279e+01 1.369255000000000111e+00
4.782099999999999795e+01 1.357776000000000094e+00
4.788100000000000023e+01 1.346349000000000018e+00
4.794100000000000250e+01 1.334974000000000105e+00
4.800099999999999767e+01 1.323652000000000051e+00
4.806099999999999994e+01 1.312386999999999970e+00
4.812100000000000222e+01 1.301177999999999946e+00
4.818099999999999739e+01 1.290027999999999953e+00
4.824099999999999966e+01 1.278939000000000048e+00
4.830100000000000193e+01 1.267913999999999985e+00
4.836099999999999710e+01 1.256952999999999987e+00
4.842099999999999937e+01 1.246061000000000085e+00
4.848100000000000165e+01 1.235238999999999976e+00
4.854099999999999682e+01 1.224491999999999914e+00
4.860099999999999909e+01 1.213821999999999957e+00
4.866100000000000136e+01 1.203233999999999915e+00
4.872099999999999653e+01 1.192730999999999986e+00
4.878099999999999881e+01 1.182317999999999980e+00
4.884100000000000108e+01 1.171999999999999931e+00
4.890100000000000335e+01 1.161783000000000010e+00
4.896099999999999852e+01 1.151670999999999889e+00
4.902100000000000080e+01 1.141669999999999963e+00
4.908100000000000307e+01 1.131788000000000016e+00
4.914099999999999824e+01 1.122031000000000001e+00
4.920100000000000051e+01 1.112406999999999924e+00
4.926100000000000279e+01 1.102921999999999958e+00
4.932099999999999795e+01 1.093585999999999947e+00
4.938100000000000023e+01 1.084406999999999899e+00
4.944100000000000250e+01 1.075393000000000043e+00
4.950099999999999767e+01 1.066554999999999920e+00
4.956099999999999994e+01 1.057901999999999898e+00
4.962100000000000222e+01 1.049446000000000101e+00
4.968099999999999739e+01 1.041196000000000010e+00
4.974099999999999966e+01 1.033163999999999971e+00
4.980100000000000193e+01 1.025363000000000024e+00
4.986099999999999710e+01 1.017805000000000071e+00
4.992099999999999937e+01 1.010502000000000011e+00
4.998100000000000165e+01 1.003468000000000027e+00
5.004099999999999682e+01 9.967169999999999641e-01
5.010099999999999909e+01 9.902640000000000331e-01
5.016100000000000136e+01 9.841210000000000235e-01
5.022099999999999653e+01 9.783060000000000089e-01
5.028099999999999881e+01 9.728329999999999478e-01
5.034100000000000108e+01 9.677170000000000494e-01
5.040100000000000335e+01 9.629760000000000542e-01
5.046099999999999852e+01 9.586249999999999494e-01
5.052100000000000080e+01 9.546810000000000018e-01
5.058100000000000307e+01 9.511600000000000055e-01
5.064099999999999824e+01 9.480790000000000051e-01
5.070100000000000051e+01 9.454550000000000454e-01
5.076100000000000279e+01 9.433040000000000314e-01
5.082099999999999795e+01 9.416440000000000365e-01
5.088100000000000023e+01 9.404900000000000482e-01
5.094100000000000250e+01 9.398600000000000287e-01
5.100099999999999767e+01 9.397670000000000190e-01
5.106099999999999994e+01 9.402300000000000102e-01
5.112100000000000222e+01 9.412610000000000143e-01
5.118099999999999739e+01 9.428769999999999651e-01
5.124099999999999966e+01 9.450899999999999856e-01
5.130100000000000193e+01 9.479159999999999808e-01
5.136099999999999710e+01 9.513650000000000162e-01
5.142099999999999937e+01 9.554510000000000502e-01
5.148100000000000165e+01 9.601849999999999552e-01
5.154099999999999682e+01 9.655770000000000186e-01
5.160099999999999909e+01 9.716380000000000017e-01
5.166100000000000136e+01 9.783760000000000234e-01
5.172099999999999653e+01 9.858000000000000096e-01
5.178099999999999881e+01 9.939179999999999682e-01
5.184100000000000108e+01 1.002736000000000072e+00
5.190100000000000335e+01 1.012261000000000077e+00
5.196099999999999852e+01 1.022499000000000047e+00
5.202100000000000080e+01 1.033454000000000095e+00
5.208100000000000307e+01 1.045131000000000032e+00
5.214099999999999824e+01 1.057533999999999974e+00
5.220100000000000051e+01 1.070667000000000035e+00
5.226100000000000279e+01 1.084532000000000052e+00
5.232099999999999795e+01 1.099134000000000055e+00
5.238100000000000023e+01 1.114473000000000047e+00
5.244100000000000250e+01 1.130552999999999919e+00
5.250099999999999767e+01 1.147375999999999951e+00
5.256099999999999994e+01 1.164944999999999897e+00
5.262100000000000222e+01 1.183260999999999896e+00
5.268099999999999739e+01 1.202328000000000063e+00
5.274099999999999966e+01 1.222148000000000012e+00
5.280100000000000193e+01 1.242723000000000022e+00
5.286099999999999710e+01 1.264056999999999986e+00
5.292099999999999937e+01 1.286154000000000019e+00
5.298100000000000165e+01 1.309017000000000097e+00
5.304099999999999682e+01 1.332651000000000030e+00
5.310099999999999909e+01 1.357059999999999933e+00
5.316100000000000136e+01 1.382249000000000061e+00
5.322099999999999653e+01 1.408223999999999920e+00
5.328099999999999881e+01 1.434992999999999963e+00
5.334100000000000108e+01 1.462561000000000000e+00
5.340100000000000335e+01 1.490936999999999957e+00
5.346099999999999852e+01 1.520129000000000064e+00
5.352100000000000080e+01 1.550146000000000024e+00
5.358100000000000307e+01 1.580997999999999903e+00
5.364099999999999824e+01 1.612697000000000047e+00
5.370100000000000051e+01 1.645253000000000076e+00
5.376100000000000279e+01 1.678679000000000032e+00
5.382099999999999795e+01 1.712990000000000013e+00
5.388100000000000023e+01 1.748197999999999919e+00
5.394100000000000250e+01 1.784318999999999988e+00
5.400099999999999767e+01 1.821371000000000073e+00
5.406099999999999994e+01 1.859369000000000050e+00
5.412100000000000222e+01 1.898333999999999966e+00
5.418099999999999739e+01 1.938282999999999978e+00
5.424099999999999966e+01 1.979238999999999971e+00
5.430100000000000193e+01 0.000000000000000000e+00
5.436099999999999710e+01 0.000000000000000000e+00
5.442099999999999937e+01 0.000000000000000000e+00
5.448100000000000165e+01 0.000000000000000000e+00
5.454099999999999682e+01 0.000000000000000000e+00
5.460099999999999909e+01 0.000000000000000000e+00
5.466100000000000136e+01 0.000000000000000000e+00
5.472099999999999653e+01 0.000000000000000000e+00
5.478099999999999881e+01 0.000000000000000000e+00
5.484100000000000108e+01 0.000000000000000000e+00
5.490100000000000335e+01 0.000000000000000000e+00
5.496099999999999852e+01 0.000000000000000000e+00
5.502100000000000080e+01 0.000000000000000000e+00
5.508100000000000307e+01 0.000000000000000000e+00
5.514099999999999824e+01 0.000000000000000000e+00
5.520100000000000051e+01 0.000000000000000000e+00
5.526100000000000279e+01 0.000000000000000000e+00
5.532099999999999795e+01 0.000000000000000000e+00
5.538100000000000023e+01 0.000000000000000000e+00
5.544100000000000250e+01 0.000000000000000000e+00
5.550099999999999767e+01 0.000000000000000000e+00
5.556099999999999994e+01 0.000000000000000000e+00
5.562100000000000222e+01 0.000000000000000000e+00
5.568099999999999739e+01 0.000000000000000000e+00
5.574099999999999966e+01 0.000000000000000000e+00
5.580100000000000193e+01 0.000000000000000000e+00
5.586099999999999710e+01 0.000000000000000000e+00
5.592099999999999937e+01 0.000000000000000000e+00
5.598100000000000165e+01 0.000000000000000000e+00
5.604099999999999682e+01 0.000000000000000000e+00
5.610099999999999909e+01 0.000000000000000000e+00
5.616100000000000136e+01 0.000000000000000000e+00
5.622099999999999653e+01 0.000000000000000000e+00
5.628099999999999881e+01 0.000000000000000000e+00
5.634100000000000108e+01 0.000000000000000000e+00
5.640100000000000335e+01 0.000000000000000000e+00
5.646099999999999852e+01 0.000000000000000000e+00
5.652100000000000080e+01 0.000000000000000000e+00
5.658100000000000307e+01 0.000000000000000000e+00
5.664099999999999824e+01 0.000000000000000000e+00
5.670100000000000051e+01 0.000000000000000000e+00
5.676100000000000279e+01 0.000000000000000000e+00
5.682099999999999795e+01 0.000000000000000000e+00
5.688100000000000023e+01 0.000000000000000000e+00
5.694100000000000250e+01 0.000000000000000000e+00
5.700099999999999767e+01 0.000000000000000000e+00
5.706099999999999994e+01 0.000000000000000000e+00
5.712100000000000222e+01 0.000000000000000000e+00
5.718099999999999739e+01 0.000000000000000000e+00
5.724099999999999966e+01 0.000000000000000000e+00
5.730100000000000193e+01 0.000000000000000000e+00
5.736099999999999710e+01 0.000000000000000000e+00
5.742099999999999937e+01 0.000000000000000000e+00
5.748100000000000165e+01 0.000000000000000000e+00
5.754099999999999682e+01 0.000000000000000000e+00
5.760099999999999909e+01 0.000000000000000000e+00
5.766100000000000136e+01 0.000000000000000000e+00
5.772099999999999653e+01 0.000000000000000000e+00
5.778099999999999881e+01 0.000000000000000000e+00
5.784100000000000108e+01 0.000000000000000000e+00
5.790100000000000335e+01 0.000000000000000000e+00
5.796099999999999852e+01 0.000000000000000000e+00
5.802100000000000080e+01 0.000000000000000000e+00
5.808100000000000307e+01 0.000000000000000000e+00
5.814099999999999824e+01 0.000000000000000000e+00
5.820100000000000051e+01 0.000000000000000000e+00
5.826100000000000279e+01 0.000000000000000000e+00
5.832099999999999795e+01 0.000000000000000000e+00
5.838100000000000023e+01 0.000000000000000000e+00
5.844100000000000250e+01 0.000000000000000000e+00
5.850099999999999767e+01 0.000000000000000000e+00
5.856099999999999994e+01 0.000000000000000000e+00
5.862100000000000222e+01 0.000000000000000000e+00
5.868099999999999739e+01 0.000000000000000000e+00
5.874099999999999966e+01 0.000000000000000000e+00
5.880100000000000193e+01 0.000000000000000000e+00
5.886099999999999710e+01 0.000000000000000000e+00
5.892099999999999937e+01 0.000000000000000000e+00
5.898100000000000165e+01 0.000000000000000000e+00
5.904099999999999682e+01 0.000000000000000000e+00
5.910099999999999909e+01 0.000000000000000000e+00
5.916100000000000136e+01 0.000000000000000000e+00
5.922099999999999653e+01 0.000000000000000000e+00
5.928099999999999881e+01 0.000000000000000000e+00
5.934100000000000108e+01 0.000000000000000000e+00
