 10  8  9  3 00  0  0  0  0
nnn_pot
  8
  8 28
                                                19.910114   19.910114   
                                                19.910114   16.646962   
                                                19.910114   5.585553    
                                                19.910114   1.774670    
                                                19.910114   1.180028    
                                                19.910114   0.435502    
                                                19.910114   0.119606    
                                                16.646962   16.646962   
   59.666084   21.160337    7.504428    3.170525    2.661415    1.586646
    0.943860    0.794016    0.397354    0.334736    0.198851    0.118713
    0.099512    0.049799    0.042101    0.024921    0.014931    0.012472
    0.006241    0.005295    0.003123    0.001878    0.001563    0.000782
    0.000666    0.000391    0.000236    0.000084
  1  1
          1.

  1  1
                      1.

  1  1
                                  1.

  1  1
                                              1.

  1  1
                                                          1.

  1  1
                                                                      1.

  1  1

          1.
  1  1

                      1.
  8
  8 28
                                                16.646962   5.585553    
                                                16.646962   1.774670    
                                                16.646962   1.180028    
                                                16.646962   0.435502    
                                                16.646962   0.119606    
                                                5.585553    5.585553    
                                                5.585553    1.774670    
                                                5.585553    1.180028    
   59.666084   21.160337    7.504428    3.170525    2.661415    1.586646
    0.943860    0.794016    0.397354    0.334736    0.198851    0.118713
    0.099512    0.049799    0.042101    0.024921    0.014931    0.012472
    0.006241    0.005295    0.003123    0.001878    0.001563    0.000782
    0.000666    0.000391    0.000236    0.000084
  1  1
          1.

  1  1
                      1.

  1  1
                                  1.

  1  1
                                              1.

  1  1
                                                          1.

  1  1
                                                                      1.

  1  1

          1.
  1  1

                      1.
  8
  8 28
                                                5.585553    0.435502    
                                                5.585553    0.119606    
                                                1.774670    1.774670    
                                                1.774670    1.180028    
                                                1.774670    0.435502    
                                                1.774670    0.119606    
                                                1.180028    1.180028    
                                                1.180028    0.435502    
   59.666084   21.160337    7.504428    3.170525    2.661415    1.586646
    0.943860    0.794016    0.397354    0.334736    0.198851    0.118713
    0.099512    0.049799    0.042101    0.024921    0.014931    0.012472
    0.006241    0.005295    0.003123    0.001878    0.001563    0.000782
    0.000666    0.000391    0.000236    0.000084
  1  1
          1.

  1  1
                      1.

  1  1
                                  1.

  1  1
                                              1.

  1  1
                                                          1.

  1  1
                                                                      1.

  1  1

          1.
  1  1

                      1.
  4
  4 28
                                                1.180028    0.119606    
                                                0.435502    0.435502    
                                                0.435502    0.119606    
                                                0.119606    0.119606    
   59.666084   21.160337    7.504428    3.170525    2.661415    1.586646
    0.943860    0.794016    0.397354    0.334736    0.198851    0.118713
    0.099512    0.049799    0.042101    0.024921    0.014931    0.012472
    0.006241    0.005295    0.003123    0.001878    0.001563    0.000782
    0.000666    0.000391    0.000236    0.000084
  1  1
          1.
  1  1
                      1.
  1  1
                                  1.
  1  1
                                              1.
  8
  8 28
                                                20.978754   12.872994   
                                                20.978754   1.219117    
                                                20.978754   0.192126    
                                                7.854012    12.872994   
                                                7.854012    1.219117    
                                                7.854012    0.192126    
                                                5.685627    12.872994   
                                                5.685627    1.219117    
   59.666084   21.160337    7.504428    3.170525    2.661415    1.586646
    0.943860    0.794016    0.397354    0.334736    0.198851    0.118713
    0.099512    0.049799    0.042101    0.024921    0.014931    0.012472
    0.006241    0.005295    0.003123    0.001878    0.001563    0.000782
    0.000666    0.000391    0.000236    0.000084
  1  1
          1.

  1  1
                      1.

  1  1
                                  1.

  1  1
                                              1.

  1  1
                                                          1.

  1  1
                                                                      1.

  1  1

          1.
  1  1

                      1.
  8
  8 28
                                                5.685627    0.192126    
                                                2.166914    12.872994   
                                                2.166914    1.219117    
                                                2.166914    0.192126    
                                                1.136475    12.872994   
                                                1.136475    1.219117    
                                                1.136475    0.192126    
                                                1.011532    12.872994   
   59.666084   21.160337    7.504428    3.170525    2.661415    1.586646
    0.943860    0.794016    0.397354    0.334736    0.198851    0.118713
    0.099512    0.049799    0.042101    0.024921    0.014931    0.012472
    0.006241    0.005295    0.003123    0.001878    0.001563    0.000782
    0.000666    0.000391    0.000236    0.000084
  1  1
          1.

  1  1
                      1.

  1  1
                                  1.

  1  1
                                              1.

  1  1
                                                          1.

  1  1
                                                                      1.

  1  1

          1.
  1  1

                      1.
  8
  8 28
                                                1.011532    1.219117    
                                                1.011532    0.192126    
                                                0.001693    12.872994   
                                                0.001693    1.219117    
                                                0.001693    0.192126    
                                                18.702414   11.670082   
                                                18.702414   0.452489    
                                                18.702414   0.165631    
   59.666084   21.160337    7.504428    3.170525    2.661415    1.586646
    0.943860    0.794016    0.397354    0.334736    0.198851    0.118713
    0.099512    0.049799    0.042101    0.024921    0.014931    0.012472
    0.006241    0.005295    0.003123    0.001878    0.001563    0.000782
    0.000666    0.000391    0.000236    0.000084
  1  1
          1.

  1  1
                      1.

  1  1
                                  1.

  1  1
                                              1.

  1  1
                                                          1.

  1  1
                                                                      1.

  1  1

          1.
  1  1

                      1.
  8
  8 28
                                                18.327114   11.670082   
                                                18.327114   0.452489    
                                                18.327114   0.165631    
                                                4.951362    11.670082   
                                                4.951362    0.452489    
                                                4.951362    0.165631    
                                                2.209300    11.670082   
                                                2.209300    0.452489    
   59.666084   21.160337    7.504428    3.170525    2.661415    1.586646
    0.943860    0.794016    0.397354    0.334736    0.198851    0.118713
    0.099512    0.049799    0.042101    0.024921    0.014931    0.012472
    0.006241    0.005295    0.003123    0.001878    0.001563    0.000782
    0.000666    0.000391    0.000236    0.000084
  1  1
          1.

  1  1
                      1.

  1  1
                                  1.

  1  1
                                              1.

  1  1
                                                          1.

  1  1
                                                                      1.

  1  1

          1.
  1  1

                      1.
  8
  8 28
                                                2.209300    0.165631    
                                                1.628075    11.670082   
                                                1.628075    0.452489    
                                                1.628075    0.165631    
                                                0.837302    11.670082   
                                                0.837302    0.452489    
                                                0.837302    0.165631    
                                                0.087826    11.670082   
   59.666084   21.160337    7.504428    3.170525    2.661415    1.586646
    0.943860    0.794016    0.397354    0.334736    0.198851    0.118713
    0.099512    0.049799    0.042101    0.024921    0.014931    0.012472
    0.006241    0.005295    0.003123    0.001878    0.001563    0.000782
    0.000666    0.000391    0.000236    0.000084
  1  1
          1.

  1  1
                      1.

  1  1
                                  1.

  1  1
                                              1.

  1  1
                                                          1.

  1  1
                                                                      1.

  1  1

          1.
  1  1

                      1.
  2
  2 28
                                                0.087826    0.452489    
                                                0.087826    0.165631    
   59.666084   21.160337    7.504428    3.170525    2.661415    1.586646
    0.943860    0.794016    0.397354    0.334736    0.198851    0.118713
    0.099512    0.049799    0.042101    0.024921    0.014931    0.012472
    0.006241    0.005295    0.003123    0.001878    0.001563    0.000782
    0.000666    0.000391    0.000236    0.000084
  1  1
          1.
  1  1
                      1.
  8                                                            Z1  BVs 1 - 8
  8 12
                                                15.324831   2.348833    
                                                6.810355    2.317491    
                                                6.810346    2.022578    
                                                4.774459    1.830666    
                                                4.660348    1.641693    
                                                4.374559    1.080793    
                                                4.348823    0.732534    
                                                2.365050    0.571401    
    6.572798    5.876770    2.519290    0.465488    0.427577    0.091171
    0.081574    0.020536    0.010443    0.002778    0.001779    0.001016
  1  1
          1.

  1  1
                      1.

  1  1
                                  1.

  1  1
                                              1.

  1  1
                                                          1.

  1  1
                                                                      1.

  1  1

          1.
  1  1

                      1.
  8                                                            Z2  BVs 9 - 16
  8 12
                                                22.964502   0.104628    
                                                4.540952    0.091490    
                                                1.352138    0.091227    
                                                0.494559    0.078001    
                                                0.369548    0.051394    
                                                0.289430    0.040854    
                                                0.257933    0.021448    
                                                0.105491    0.018455    
   35.961475   34.694902   25.349096    6.413139    3.975702    1.098789
    0.415884    0.064990    0.008505    0.008505    0.002777    0.002307
  1  1
          1.

  1  1
                      1.

  1  1
                                  1.

  1  1
                                              1.

  1  1
                                                          1.

  1  1
                                                                      1.

  1  1

          1.
  1  1

                      1.
  8                                                            Z3  BVs 17 - 24
  8 12
                                                32.831498   0.099783    
                                                10.101609   0.067443    
                                                1.099087    0.030866    
                                                0.603569    0.019160    
                                                0.426783    0.017207    
                                                0.228556    0.014285    
                                                0.215341    0.009022    
                                                0.106231    0.007372    
   49.498501   26.854383   19.617640   16.045574    5.686938    0.427184
    0.120636    0.039643    0.009422    0.003849    0.001772    0.001154
  1  1
          1.

  1  1
                      1.

  1  1
                                  1.

  1  1
                                              1.

  1  1
                                                          1.

  1  1
                                                                      1.

  1  1

          1.
  1  1

                      1.
  2                                                            Z4  BVs 25 - 26
  2 12
                                                0.487846    0.017627    
                                                0.026709    0.007512    
   23.391008   19.820658    6.565296    3.999159    0.431632    0.122541
    0.120640    0.014849    0.014166    0.002826    0.001190    0.001016
  1  1
          1.
  1  1
                      1.
  8                                                            Z5  BVs 27 - 34
  8 12
                                                30.234740   7.234736    
                                                27.489122   5.122065    
                                                26.848815   5.065352    
                                                21.356200   4.934274    
                                                18.232586   2.534152    
                                                10.046409   1.867891    
                                                7.892015    1.025124    
                                                7.235894    0.512540    
   26.017290   12.982978    6.906992    2.541370    0.739500    0.739407
    0.321326    0.137318    0.018561    0.014990    0.012965    0.006470
  1  1
          1.

  1  1
                      1.

  1  1
                                  1.

  1  1
                                              1.

  1  1
                                                          1.

  1  1
                                                                      1.

  1  1

          1.
  1  1

                      1.
  8                                                            Z6  BVs 35 - 42
  8 12
                                                26.117912   0.067600    
                                                5.418948    0.064643    
                                                1.662191    0.064547    
                                                0.622947    0.048594    
                                                0.517476    0.034228    
                                                0.488544    0.030874    
                                                0.121460    0.006860    
                                                0.090140    0.004597    
   18.909170    7.243339    7.210208    1.359560    0.427218    0.302046
    0.189674    0.055231    0.014990    0.013561    0.007453    0.001334
  1  1
          1.

  1  1
                      1.

  1  1
                                  1.

  1  1
                                              1.

  1  1
                                                          1.

  1  1
                                                                      1.

  1  1

          1.
  1  1

                      1.
  8                                                            Z7  BVs 43 - 50
  8 12
                                                34.236323   0.124089    
                                                28.806839   0.102120    
                                                12.677288   0.027177    
                                                9.449976    0.025609    
                                                0.780433    0.010965    
                                                0.276604    0.008252    
                                                0.231193    0.003490    
                                                0.124776    0.002521    
   28.432066   13.993083   11.703012    9.275140    2.542045    0.755957
    0.337585    0.321326    0.019294    0.013072    0.008609    0.006296
  1  1
          1.

  1  1
                      1.

  1  1
                                  1.

  1  1
                                              1.

  1  1
                                                          1.

  1  1
                                                                      1.

  1  1

          1.
  1  1

                      1.
  2                                                            Z8  BVs 51 - 52
  2 12
                                                31.634947   0.014747    
                                                8.782648    0.010872    
   27.864004   19.015663    3.852910    3.594122    0.729690    0.321692
    0.302046    0.301024    0.019302    0.018826    0.013089    0.008661
  1  1
          1.
  1  1
                      1.
eob-tni/np3s_np3s_12-34_np3s_np3s_12-34
elu-tni/000-0_000-0
eob-tni/np3s_np3s_12-34_np3s_np3s_12-34
elu-tni/000-0_000-0
eob-tni/np3s_np3s_12-34_np3s_np3s_12-34
elu-tni/000-0_000-0
eob-tni/np3s_np3s_12-34_np3s_np3s_12-34
elu-tni/000-0_000-0
eob-tni/np3s_np3s_12-34_np3s_np3s_12-34
elu-tni/000-0_000-0
eob-tni/np3s_np3s_12-34_np3s_np3s_12-34
elu-tni/000-0_000-0
eob-tni/np3s_np3s_12-34_np3s_np3s_12-34
elu-tni/000-0_000-0
eob-tni/np3s_np3s_12-34_np3s_np3s_12-34
elu-tni/000-0_000-0
eob-tni/np3s_np3s_12-34_np3s_np3s_12-34
elu-tni/000-0_000-0
eob-tni/np3s_np3s_12-34_np3s_np3s_12-34
elu-tni/000-0_000-0
eob-tni/tp_123-4_np3s_np3s_12-34
elu-tni/000-0_000-0
eob-tni/tp_123-4_np3s_np3s_12-34
elu-tni/000-0_000-0
eob-tni/tp_123-4_np3s_np3s_12-34
elu-tni/000-0_000-0
eob-tni/tp_123-4_np3s_np3s_12-34
elu-tni/000-0_000-0
eob-tni/tp_123-4_tp_123-4
elu-tni/000-0_000-0
eob-tni/tp_123-4_np3s_np3s_12-34
elu-tni/000-0_000-0
eob-tni/tp_123-4_np3s_np3s_12-34
elu-tni/000-0_000-0
eob-tni/tp_123-4_np3s_np3s_12-34
elu-tni/000-0_000-0
eob-tni/tp_123-4_np3s_np3s_12-34
elu-tni/000-0_000-0
eob-tni/tp_123-4_tp_123-4
elu-tni/000-0_000-0
eob-tni/tp_123-4_tp_123-4
elu-tni/000-0_000-0
eob-tni/tp_123-4_np3s_np3s_12-34
elu-tni/000-0_000-0
eob-tni/tp_123-4_np3s_np3s_12-34
elu-tni/000-0_000-0
eob-tni/tp_123-4_np3s_np3s_12-34
elu-tni/000-0_000-0
eob-tni/tp_123-4_np3s_np3s_12-34
elu-tni/000-0_000-0
eob-tni/tp_123-4_tp_123-4
elu-tni/000-0_000-0
eob-tni/tp_123-4_tp_123-4
elu-tni/000-0_000-0
eob-tni/tp_123-4_tp_123-4
elu-tni/000-0_000-0
eob-tni/tp_123-4_np3s_np3s_12-34
elu-tni/000-0_000-0
eob-tni/tp_123-4_np3s_np3s_12-34
elu-tni/000-0_000-0
eob-tni/tp_123-4_np3s_np3s_12-34
elu-tni/000-0_000-0
eob-tni/tp_123-4_np3s_np3s_12-34
elu-tni/000-0_000-0
eob-tni/tp_123-4_tp_123-4
elu-tni/000-0_000-0
eob-tni/tp_123-4_tp_123-4
elu-tni/000-0_000-0
eob-tni/tp_123-4_tp_123-4
elu-tni/000-0_000-0
eob-tni/tp_123-4_tp_123-4
elu-tni/000-0_000-0
eob-tni/tp_123-4_np3s_np3s_12-34
elu-tni/000-0_000-0
eob-tni/tp_123-4_np3s_np3s_12-34
elu-tni/000-0_000-0
eob-tni/tp_123-4_np3s_np3s_12-34
elu-tni/000-0_000-0
eob-tni/tp_123-4_np3s_np3s_12-34
elu-tni/000-0_000-0
eob-tni/tp_123-4_tp_123-4
elu-tni/000-0_000-0
eob-tni/tp_123-4_tp_123-4
elu-tni/000-0_000-0
eob-tni/tp_123-4_tp_123-4
elu-tni/000-0_000-0
eob-tni/tp_123-4_tp_123-4
elu-tni/000-0_000-0
eob-tni/tp_123-4_tp_123-4
elu-tni/000-0_000-0
eob-tni/tp_123-4_np3s_np3s_12-34
elu-tni/000-0_000-0
eob-tni/tp_123-4_np3s_np3s_12-34
elu-tni/000-0_000-0
eob-tni/tp_123-4_np3s_np3s_12-34
elu-tni/000-0_000-0
eob-tni/tp_123-4_np3s_np3s_12-34
elu-tni/000-0_000-0
eob-tni/tp_123-4_tp_123-4
elu-tni/000-0_000-0
eob-tni/tp_123-4_tp_123-4
elu-tni/000-0_000-0
eob-tni/tp_123-4_tp_123-4
elu-tni/000-0_000-0
eob-tni/tp_123-4_tp_123-4
elu-tni/000-0_000-0
eob-tni/tp_123-4_tp_123-4
elu-tni/000-0_000-0
eob-tni/tp_123-4_tp_123-4
elu-tni/000-0_000-0
eob-tni/np3s_np3s_12-34_np3s_np3s_12-34
elu-tni/000-0_000-0
eob-tni/np3s_np3s_12-34_np3s_np3s_12-34
elu-tni/000-0_000-0
eob-tni/np3s_np3s_12-34_np3s_np3s_12-34
elu-tni/000-0_000-0
eob-tni/np3s_np3s_12-34_np3s_np3s_12-34
elu-tni/000-0_000-0
eob-tni/np3s_np3s_12-34_tp_123-4
elu-tni/000-0_000-0
eob-tni/np3s_np3s_12-34_tp_123-4
elu-tni/000-0_000-0
eob-tni/np3s_np3s_12-34_tp_123-4
elu-tni/000-0_000-0
eob-tni/np3s_np3s_12-34_tp_123-4
elu-tni/000-0_000-0
eob-tni/np3s_np3s_12-34_tp_123-4
elu-tni/000-0_000-0
eob-tni/np3s_np3s_12-34_tp_123-4
elu-tni/000-0_000-0
eob-tni/np3s_np3s_12-34_np3s_np3s_12-34
elu-tni/000-0_000-0
eob-tni/np3s_np3s_12-34_np3s_np3s_12-34
elu-tni/000-0_000-0
eob-tni/np3s_np3s_12-34_np3s_np3s_12-34
elu-tni/000-0_000-0
eob-tni/np3s_np3s_12-34_np3s_np3s_12-34
elu-tni/000-0_000-0
eob-tni/np3s_np3s_12-34_np3s_np3s_12-34
elu-tni/000-0_000-0
eob-tni/np3s_np3s_12-34_tp_123-4
elu-tni/000-0_000-0
eob-tni/np3s_np3s_12-34_tp_123-4
elu-tni/000-0_000-0
eob-tni/np3s_np3s_12-34_tp_123-4
elu-tni/000-0_000-0
eob-tni/np3s_np3s_12-34_tp_123-4
elu-tni/000-0_000-0
eob-tni/np3s_np3s_12-34_tp_123-4
elu-tni/000-0_000-0
eob-tni/np3s_np3s_12-34_tp_123-4
elu-tni/000-0_000-0
eob-tni/np3s_np3s_12-34_np3s_np3s_12-34
elu-tni/000-0_000-0
eob-tni/np3s_np3s_12-34_np3s_np3s_12-34
elu-tni/000-0_000-0
eob-tni/np3s_np3s_12-34_np3s_np3s_12-34
elu-tni/000-0_000-0
eob-tni/np3s_np3s_12-34_np3s_np3s_12-34
elu-tni/000-0_000-0
eob-tni/np3s_np3s_12-34_np3s_np3s_12-34
elu-tni/000-0_000-0
eob-tni/np3s_np3s_12-34_np3s_np3s_12-34
elu-tni/000-0_000-0
eob-tni/np3s_np3s_12-34_tp_123-4
elu-tni/000-0_000-0
eob-tni/np3s_np3s_12-34_tp_123-4
elu-tni/000-0_000-0
eob-tni/np3s_np3s_12-34_tp_123-4
elu-tni/000-0_000-0
eob-tni/np3s_np3s_12-34_tp_123-4
elu-tni/000-0_000-0
eob-tni/np3s_np3s_12-34_tp_123-4
elu-tni/000-0_000-0
eob-tni/np3s_np3s_12-34_tp_123-4
elu-tni/000-0_000-0
eob-tni/np3s_np3s_12-34_np3s_np3s_12-34
elu-tni/000-0_000-0
eob-tni/np3s_np3s_12-34_np3s_np3s_12-34
elu-tni/000-0_000-0
eob-tni/np3s_np3s_12-34_np3s_np3s_12-34
elu-tni/000-0_000-0
eob-tni/np3s_np3s_12-34_np3s_np3s_12-34
elu-tni/000-0_000-0
eob-tni/np3s_np3s_12-34_np3s_np3s_12-34
elu-tni/000-0_000-0
eob-tni/np3s_np3s_12-34_np3s_np3s_12-34
elu-tni/000-0_000-0
eob-tni/np3s_np3s_12-34_np3s_np3s_12-34
elu-tni/000-0_000-0
eob-tni/np3s_np3s_12-34_tp_123-4
elu-tni/000-0_000-0
eob-tni/np3s_np3s_12-34_tp_123-4
elu-tni/000-0_000-0
eob-tni/np3s_np3s_12-34_tp_123-4
elu-tni/000-0_000-0
eob-tni/np3s_np3s_12-34_tp_123-4
elu-tni/000-0_000-0
eob-tni/np3s_np3s_12-34_tp_123-4
elu-tni/000-0_000-0
eob-tni/np3s_np3s_12-34_tp_123-4
elu-tni/000-0_000-0
eob-tni/np3s_np3s_12-34_np3s_np3s_12-34
elu-tni/000-0_000-0
eob-tni/np3s_np3s_12-34_np3s_np3s_12-34
elu-tni/000-0_000-0
eob-tni/np3s_np3s_12-34_np3s_np3s_12-34
elu-tni/000-0_000-0
eob-tni/np3s_np3s_12-34_np3s_np3s_12-34
elu-tni/000-0_000-0
eob-tni/tp_123-4_np3s_np3s_12-34
elu-tni/000-0_000-0
eob-tni/tp_123-4_np3s_np3s_12-34
elu-tni/000-0_000-0
eob-tni/tp_123-4_np3s_np3s_12-34
elu-tni/000-0_000-0
eob-tni/tp_123-4_np3s_np3s_12-34
elu-tni/000-0_000-0
eob-tni/tp_123-4_tp_123-4
elu-tni/000-0_000-0
eob-tni/tp_123-4_tp_123-4
elu-tni/000-0_000-0
eob-tni/tp_123-4_tp_123-4
elu-tni/000-0_000-0
eob-tni/tp_123-4_tp_123-4
elu-tni/000-0_000-0
eob-tni/tp_123-4_tp_123-4
elu-tni/000-0_000-0
eob-tni/tp_123-4_tp_123-4
elu-tni/000-0_000-0
eob-tni/tp_123-4_np3s_np3s_12-34
elu-tni/000-0_000-0
eob-tni/tp_123-4_np3s_np3s_12-34
elu-tni/000-0_000-0
eob-tni/tp_123-4_np3s_np3s_12-34
elu-tni/000-0_000-0
eob-tni/tp_123-4_np3s_np3s_12-34
elu-tni/000-0_000-0
eob-tni/tp_123-4_tp_123-4
elu-tni/000-0_000-0
eob-tni/tp_123-4_np3s_np3s_12-34
elu-tni/000-0_000-0
eob-tni/tp_123-4_np3s_np3s_12-34
elu-tni/000-0_000-0
eob-tni/tp_123-4_np3s_np3s_12-34
elu-tni/000-0_000-0
eob-tni/tp_123-4_np3s_np3s_12-34
elu-tni/000-0_000-0
eob-tni/tp_123-4_tp_123-4
elu-tni/000-0_000-0
eob-tni/tp_123-4_tp_123-4
elu-tni/000-0_000-0
eob-tni/tp_123-4_tp_123-4
elu-tni/000-0_000-0
eob-tni/tp_123-4_tp_123-4
elu-tni/000-0_000-0
eob-tni/tp_123-4_tp_123-4
elu-tni/000-0_000-0
eob-tni/tp_123-4_tp_123-4
elu-tni/000-0_000-0
eob-tni/tp_123-4_np3s_np3s_12-34
elu-tni/000-0_000-0
eob-tni/tp_123-4_np3s_np3s_12-34
elu-tni/000-0_000-0
eob-tni/tp_123-4_np3s_np3s_12-34
elu-tni/000-0_000-0
eob-tni/tp_123-4_np3s_np3s_12-34
elu-tni/000-0_000-0
eob-tni/tp_123-4_tp_123-4
elu-tni/000-0_000-0
eob-tni/tp_123-4_tp_123-4
elu-tni/000-0_000-0
eob-tni/tp_123-4_np3s_np3s_12-34
elu-tni/000-0_000-0
eob-tni/tp_123-4_np3s_np3s_12-34
elu-tni/000-0_000-0
eob-tni/tp_123-4_np3s_np3s_12-34
elu-tni/000-0_000-0
eob-tni/tp_123-4_np3s_np3s_12-34
elu-tni/000-0_000-0
eob-tni/tp_123-4_tp_123-4
elu-tni/000-0_000-0
eob-tni/tp_123-4_tp_123-4
elu-tni/000-0_000-0
eob-tni/tp_123-4_tp_123-4
elu-tni/000-0_000-0
eob-tni/tp_123-4_tp_123-4
elu-tni/000-0_000-0
eob-tni/tp_123-4_tp_123-4
elu-tni/000-0_000-0
eob-tni/tp_123-4_tp_123-4
elu-tni/000-0_000-0
eob-tni/tp_123-4_np3s_np3s_12-34
elu-tni/000-0_000-0
eob-tni/tp_123-4_np3s_np3s_12-34
elu-tni/000-0_000-0
eob-tni/tp_123-4_np3s_np3s_12-34
elu-tni/000-0_000-0
eob-tni/tp_123-4_np3s_np3s_12-34
elu-tni/000-0_000-0
eob-tni/tp_123-4_tp_123-4
elu-tni/000-0_000-0
eob-tni/tp_123-4_tp_123-4
elu-tni/000-0_000-0
eob-tni/tp_123-4_tp_123-4
elu-tni/000-0_000-0
eob-tni/tp_123-4_np3s_np3s_12-34
elu-tni/000-0_000-0
eob-tni/tp_123-4_np3s_np3s_12-34
elu-tni/000-0_000-0
eob-tni/tp_123-4_np3s_np3s_12-34
elu-tni/000-0_000-0
eob-tni/tp_123-4_np3s_np3s_12-34
elu-tni/000-0_000-0
eob-tni/tp_123-4_tp_123-4
elu-tni/000-0_000-0
eob-tni/tp_123-4_tp_123-4
elu-tni/000-0_000-0
eob-tni/tp_123-4_tp_123-4
elu-tni/000-0_000-0
eob-tni/tp_123-4_tp_123-4
elu-tni/000-0_000-0
eob-tni/tp_123-4_tp_123-4
elu-tni/000-0_000-0
eob-tni/tp_123-4_tp_123-4
elu-tni/000-0_000-0
eob-tni/tp_123-4_np3s_np3s_12-34
elu-tni/000-0_000-0
eob-tni/tp_123-4_np3s_np3s_12-34
elu-tni/000-0_000-0
eob-tni/tp_123-4_np3s_np3s_12-34
elu-tni/000-0_000-0
eob-tni/tp_123-4_np3s_np3s_12-34
elu-tni/000-0_000-0
eob-tni/tp_123-4_tp_123-4
elu-tni/000-0_000-0
eob-tni/tp_123-4_tp_123-4
elu-tni/000-0_000-0
eob-tni/tp_123-4_tp_123-4
elu-tni/000-0_000-0
eob-tni/tp_123-4_tp_123-4
elu-tni/000-0_000-0
