3.360000000000000209e-01 2.519140000000000268e-01
3.380000000000000226e-01 2.987079999999999735e-01
3.430000000000000271e-01 3.247030000000000194e-01
3.480000000000000315e-01 3.416690000000000005e-01
3.530000000000000360e-01 3.533769999999999967e-01
3.579999999999999849e-01 3.616940000000000155e-01
3.629999999999999893e-01 3.677150000000000141e-01
3.679999999999999938e-01 3.721280000000000143e-01
3.729999999999999982e-01 3.753770000000000162e-01
3.780000000000000027e-01 3.777559999999999807e-01
3.830000000000000071e-01 3.794640000000000235e-01
3.880000000000000115e-01 3.806410000000000071e-01
3.930000000000000160e-01 3.813860000000000028e-01
3.980000000000000204e-01 3.817760000000000042e-01
4.030000000000000249e-01 3.818699999999999872e-01
4.079999999999999738e-01 3.817159999999999997e-01
4.129999999999999782e-01 3.813549999999999995e-01
4.179999999999999827e-01 3.808219999999999938e-01
4.229999999999999871e-01 3.801470000000000127e-01
4.279999999999999916e-01 3.793560000000000265e-01
4.329999999999999960e-01 3.784730000000000039e-01
4.380000000000000004e-01 3.775169999999999915e-01
4.430000000000000049e-01 3.765049999999999786e-01
4.480000000000000093e-01 3.754529999999999812e-01
4.530000000000000138e-01 3.743730000000000113e-01
4.580000000000000182e-01 3.732739999999999947e-01
4.630000000000000226e-01 3.721670000000000256e-01
4.680000000000000271e-01 3.710570000000000257e-01
4.730000000000000315e-01 3.699509999999999743e-01
4.780000000000000360e-01 3.688529999999999864e-01
4.829999999999999849e-01 3.677679999999999838e-01
4.879999999999999893e-01 3.666969999999999952e-01
4.929999999999999938e-01 3.656429999999999958e-01
4.979999999999999982e-01 3.646079999999999877e-01
5.030000000000000027e-01 3.635920000000000263e-01
5.080000000000000071e-01 3.625959999999999739e-01
5.130000000000000115e-01 3.616199999999999970e-01
5.180000000000000160e-01 3.606650000000000134e-01
5.230000000000000204e-01 3.597299999999999942e-01
5.280000000000000249e-01 3.588149999999999951e-01
5.330000000000000293e-01 3.579189999999999872e-01
5.380000000000000338e-01 3.570420000000000260e-01
5.430000000000000382e-01 3.561830000000000274e-01
5.480000000000000426e-01 3.553419999999999912e-01
5.530000000000000471e-01 3.545179999999999998e-01
5.580000000000000515e-01 3.537100000000000244e-01
5.630000000000000560e-01 3.529169999999999807e-01
5.680000000000000604e-01 3.521389999999999798e-01
5.729999999999999538e-01 3.513760000000000217e-01
5.780000000000000693e-01 3.506250000000000200e-01
5.829999999999999627e-01 3.498870000000000036e-01
5.880000000000000782e-01 3.491609999999999991e-01
5.929999999999999716e-01 3.484459999999999780e-01
5.980000000000000870e-01 3.477410000000000223e-01
6.029999999999999805e-01 3.470469999999999944e-01
6.079999999999999849e-01 3.463609999999999745e-01
6.129999999999999893e-01 3.456850000000000200e-01
6.179999999999999938e-01 3.450159999999999894e-01
6.229999999999999982e-01 3.443539999999999934e-01
6.280000000000000027e-01 3.436989999999999768e-01
6.330000000000000071e-01 3.430500000000000216e-01
6.380000000000000115e-01 3.424059999999999881e-01
6.430000000000000160e-01 3.417680000000000162e-01
6.480000000000000204e-01 3.411330000000000195e-01
6.530000000000000249e-01 3.405020000000000269e-01
6.580000000000000293e-01 3.398749999999999827e-01
6.630000000000000338e-01 3.392490000000000228e-01
6.680000000000000382e-01 3.386259999999999826e-01
6.729999999999999316e-01 3.380040000000000266e-01
6.779999999999999361e-01 3.373820000000000152e-01
6.829999999999999405e-01 3.367609999999999770e-01
6.879999999999999449e-01 3.361399999999999944e-01
6.929999999999999494e-01 3.355179999999999829e-01
6.979999999999999538e-01 3.348949999999999982e-01
7.029999999999999583e-01 3.342689999999999828e-01
7.079999999999999627e-01 3.336419999999999941e-01
7.129999999999999671e-01 3.330119999999999747e-01
7.179999999999999716e-01 3.323780000000000068e-01
7.229999999999999760e-01 3.317410000000000081e-01
7.279999999999999805e-01 3.311000000000000054e-01
7.329999999999999849e-01 3.304540000000000255e-01
7.379999999999999893e-01 3.298039999999999861e-01
7.429999999999999938e-01 3.291479999999999961e-01
7.479999999999999982e-01 3.284860000000000002e-01
7.530000000000000027e-01 3.278190000000000270e-01
7.580000000000000071e-01 3.271450000000000191e-01
7.630000000000000115e-01 3.264639999999999764e-01
7.680000000000000160e-01 3.257769999999999833e-01
7.730000000000000204e-01 3.250819999999999821e-01
7.780000000000000249e-01 3.243800000000000017e-01
7.830000000000000293e-01 3.236700000000000133e-01
7.880000000000000338e-01 3.229520000000000168e-01
7.930000000000000382e-01 3.222260000000000124e-01
7.979999999999999316e-01 3.214920000000000000e-01
8.029999999999999361e-01 3.207490000000000063e-01
8.079999999999999405e-01 3.199969999999999759e-01
8.129999999999999449e-01 3.192369999999999930e-01
8.179999999999999494e-01 3.184670000000000001e-01
8.229999999999999538e-01 3.176889999999999992e-01
8.279999999999999583e-01 3.169009999999999883e-01
8.329999999999999627e-01 3.161039999999999961e-01
8.379999999999999671e-01 3.152980000000000227e-01
8.429999999999999716e-01 3.144819999999999838e-01
8.479999999999999760e-01 3.136570000000000191e-01
8.529999999999999805e-01 3.128230000000000177e-01
8.579999999999999849e-01 3.119790000000000063e-01
8.629999999999999893e-01 3.111260000000000137e-01
8.679999999999999938e-01 3.102630000000000110e-01
8.729999999999999982e-01 3.093910000000000271e-01
8.780000000000000027e-01 3.085100000000000064e-01
8.830000000000000071e-01 3.076189999999999758e-01
8.880000000000000115e-01 3.067199999999999926e-01
8.930000000000000160e-01 3.058109999999999995e-01
8.979999999999999094e-01 3.048930000000000251e-01
9.030000000000000249e-01 3.039669999999999872e-01
9.079999999999999183e-01 3.030309999999999948e-01
9.130000000000000338e-01 3.020869999999999944e-01
9.179999999999999272e-01 3.011349999999999860e-01
9.229999999999999316e-01 3.001739999999999964e-01
9.279999999999999361e-01 2.992040000000000255e-01
9.329999999999999405e-01 2.982270000000000199e-01
9.379999999999999449e-01 2.972420000000000062e-01
9.429999999999999494e-01 2.962480000000000113e-01
9.479999999999999538e-01 2.952480000000000104e-01
9.529999999999999583e-01 2.942389999999999728e-01
9.579999999999999627e-01 2.932239999999999847e-01
9.629999999999999671e-01 2.922009999999999885e-01
9.679999999999999716e-01 2.911719999999999864e-01
9.729999999999999760e-01 2.901360000000000050e-01
9.779999999999999805e-01 2.890929999999999889e-01
9.829999999999999849e-01 2.880449999999999955e-01
9.879999999999999893e-01 2.869900000000000229e-01
9.929999999999999938e-01 2.859289999999999887e-01
9.979999999999999982e-01 2.848620000000000041e-01
1.003000000000000114e+00 2.837899999999999867e-01
1.008000000000000007e+00 2.827129999999999921e-01
1.012999999999999901e+00 2.816310000000000202e-01
1.018000000000000016e+00 2.805440000000000156e-01
1.022999999999999909e+00 2.794530000000000070e-01
1.028000000000000025e+00 2.783570000000000211e-01
1.032999999999999918e+00 2.772569999999999757e-01
1.038000000000000034e+00 2.761529999999999818e-01
1.042999999999999927e+00 2.750460000000000127e-01
1.048000000000000043e+00 2.739349999999999841e-01
1.052999999999999936e+00 2.728200000000000069e-01
1.057999999999999829e+00 2.717029999999999723e-01
1.062999999999999945e+00 2.705830000000000179e-01
1.068000000000000060e+00 2.694610000000000061e-01
1.072999999999999954e+00 2.683360000000000190e-01
1.077999999999999847e+00 2.672089999999999743e-01
1.082999999999999963e+00 2.660799999999999832e-01
1.088000000000000078e+00 2.649489999999999901e-01
1.092999999999999972e+00 2.638170000000000237e-01
1.097999999999999865e+00 2.626829999999999998e-01
1.102999999999999980e+00 2.615489999999999760e-01
1.108000000000000096e+00 2.604130000000000056e-01
1.112999999999999989e+00 2.592769999999999797e-01
1.117999999999999883e+00 2.581399999999999806e-01
1.122999999999999998e+00 2.570029999999999815e-01
1.128000000000000114e+00 2.558650000000000091e-01
1.133000000000000007e+00 2.547280000000000100e-01
1.137999999999999901e+00 2.535910000000000108e-01
1.143000000000000016e+00 2.524540000000000117e-01
1.147999999999999909e+00 2.513179999999999858e-01
1.153000000000000025e+00 2.501820000000000155e-01
1.157999999999999918e+00 2.490479999999999916e-01
1.163000000000000034e+00 2.479139999999999955e-01
1.167999999999999927e+00 2.467810000000000004e-01
1.173000000000000043e+00 2.456500000000000072e-01
1.177999999999999936e+00 2.445199999999999874e-01
1.182999999999999829e+00 2.433909999999999962e-01
1.187999999999999945e+00 2.422640000000000071e-01
1.193000000000000060e+00 2.411389999999999922e-01
1.197999999999999954e+00 2.400160000000000071e-01
1.202999999999999847e+00 2.388939999999999952e-01
1.207999999999999963e+00 2.377749999999999864e-01
1.213000000000000078e+00 2.366570000000000062e-01
1.217999999999999972e+00 2.355420000000000014e-01
1.222999999999999865e+00 2.344289999999999985e-01
1.227999999999999980e+00 2.333179999999999976e-01
1.233000000000000096e+00 2.322099999999999997e-01
1.237999999999999989e+00 2.311040000000000039e-01
1.242999999999999883e+00 2.300000000000000100e-01
1.247999999999999998e+00 2.288989999999999914e-01
1.253000000000000114e+00 2.278000000000000025e-01
1.258000000000000007e+00 2.267039999999999889e-01
1.262999999999999901e+00 2.256100000000000050e-01
1.268000000000000016e+00 2.245179999999999954e-01
1.272999999999999909e+00 2.234289999999999887e-01
1.278000000000000025e+00 2.223420000000000119e-01
1.282999999999999918e+00 2.212580000000000102e-01
1.288000000000000034e+00 2.201760000000000106e-01
1.292999999999999927e+00 2.190960000000000130e-01
1.298000000000000043e+00 2.180179999999999896e-01
1.302999999999999936e+00 2.169429999999999970e-01
1.307999999999999829e+00 2.158690000000000053e-01
1.312999999999999945e+00 2.147969999999999879e-01
1.318000000000000060e+00 2.137270000000000003e-01
1.322999999999999954e+00 2.126589999999999869e-01
1.327999999999999847e+00 2.115920000000000023e-01
1.332999999999999963e+00 2.105269999999999919e-01
1.338000000000000078e+00 2.094630000000000103e-01
1.342999999999999972e+00 2.084000000000000019e-01
1.347999999999999865e+00 2.073369999999999935e-01
1.352999999999999980e+00 2.062759999999999871e-01
1.358000000000000096e+00 2.052150000000000085e-01
1.362999999999999989e+00 2.041550000000000031e-01
1.367999999999999883e+00 2.030939999999999968e-01
1.372999999999999998e+00 2.020339999999999914e-01
1.378000000000000114e+00 2.009730000000000127e-01
1.383000000000000007e+00 1.999110000000000054e-01
1.387999999999999901e+00 1.988479999999999970e-01
1.393000000000000016e+00 1.977849999999999886e-01
1.398000000000000131e+00 1.967190000000000050e-01
1.403000000000000025e+00 1.956529999999999936e-01
1.407999999999999918e+00 1.945830000000000060e-01
1.413000000000000034e+00 1.935119999999999896e-01
1.418000000000000149e+00 1.924369999999999969e-01
1.423000000000000043e+00 1.913600000000000023e-01
1.427999999999999936e+00 1.902790000000000037e-01
1.432999999999999829e+00 1.891930000000000001e-01
1.438000000000000167e+00 1.881039999999999934e-01
1.443000000000000060e+00 1.870090000000000086e-01
1.447999999999999954e+00 1.859099999999999919e-01
1.452999999999999847e+00 1.848039999999999961e-01
1.458000000000000185e+00 1.836929999999999952e-01
1.463000000000000078e+00 1.825739999999999863e-01
1.467999999999999972e+00 1.814479999999999982e-01
1.472999999999999865e+00 1.803150000000000031e-01
1.477999999999999980e+00 1.791729999999999989e-01
1.483000000000000096e+00 1.780220000000000136e-01
1.487999999999999989e+00 1.768609999999999904e-01
1.492999999999999883e+00 1.756900000000000128e-01
1.497999999999999998e+00 1.745079999999999965e-01
1.503000000000000114e+00 1.733149999999999968e-01
1.508000000000000007e+00 1.721090000000000120e-01
1.512999999999999901e+00 1.708899999999999864e-01
1.518000000000000016e+00 1.696570000000000022e-01
1.523000000000000131e+00 1.684090000000000031e-01
1.528000000000000025e+00 1.671459999999999890e-01
1.532999999999999918e+00 1.658660000000000134e-01
1.538000000000000034e+00 1.645689999999999931e-01
1.543000000000000149e+00 1.632540000000000102e-01
1.548000000000000043e+00 1.619190000000000074e-01
1.552999999999999936e+00 1.605640000000000123e-01
1.557999999999999829e+00 1.591869999999999952e-01
1.563000000000000167e+00 1.577880000000000116e-01
1.568000000000000060e+00 1.563650000000000040e-01
1.572999999999999954e+00 1.549169999999999991e-01
1.577999999999999847e+00 1.534419999999999951e-01
1.583000000000000185e+00 1.519399999999999917e-01
1.588000000000000078e+00 1.504079999999999862e-01
1.592999999999999972e+00 1.488460000000000061e-01
1.597999999999999865e+00 1.472509999999999930e-01
1.602999999999999980e+00 1.456230000000000024e-01
1.608000000000000096e+00 1.439580000000000026e-01
1.612999999999999989e+00 1.422569999999999946e-01
1.617999999999999883e+00 1.405150000000000010e-01
1.622999999999999998e+00 1.387319999999999942e-01
1.628000000000000114e+00 1.369059999999999999e-01
1.633000000000000007e+00 1.350329999999999864e-01
1.637999999999999901e+00 1.331120000000000081e-01
1.643000000000000016e+00 1.311400000000000066e-01
1.648000000000000131e+00 1.291140000000000065e-01
1.653000000000000025e+00 1.270320000000000060e-01
1.657999999999999918e+00 1.248900000000000010e-01
1.663000000000000034e+00 1.226850000000000024e-01
1.667999999999999927e+00 1.204139999999999933e-01
1.673000000000000043e+00 1.180729999999999974e-01
1.677999999999999936e+00 1.156589999999999979e-01
1.682999999999999829e+00 1.131660000000000027e-01
1.687999999999999945e+00 1.105909999999999949e-01
1.693000000000000060e+00 1.079289999999999972e-01
1.697999999999999954e+00 1.051740000000000036e-01
1.702999999999999847e+00 1.023219999999999963e-01
1.707999999999999963e+00 9.936599999999999600e-02
1.713000000000000078e+00 9.630099999999999771e-02
1.717999999999999972e+00 9.311800000000000632e-02
1.722999999999999865e+00 8.981200000000000294e-02
1.727999999999999758e+00 8.637400000000000633e-02
1.733000000000000096e+00 8.279599999999999460e-02
1.737999999999999989e+00 7.906799999999999939e-02
1.742999999999999883e+00 7.518099999999999783e-02
1.747999999999999776e+00 7.112300000000000566e-02
1.753000000000000114e+00 6.688399999999999901e-02
1.758000000000000007e+00 6.244999999999999857e-02
1.762999999999999901e+00 5.780799999999999828e-02
1.767999999999999794e+00 5.294100000000000195e-02
1.773000000000000131e+00 4.783500000000000252e-02
1.778000000000000025e+00 4.247100000000000181e-02
1.782999999999999918e+00 3.682900000000000063e-02
1.787999999999999812e+00 3.088700000000000126e-02
1.792999999999999927e+00 2.462200000000000152e-02
1.798000000000000043e+00 1.800799999999999970e-02
1.802999999999999936e+00 1.101599999999999975e-02
1.807999999999999829e+00 3.615000000000000158e-03
1.812999999999999945e+00 4.231999999999999651e-03
1.818000000000000060e+00 1.255799999999999972e-02
1.822999999999999954e+00 2.140900000000000095e-02
1.827999999999999847e+00 3.082899999999999877e-02
1.832999999999999963e+00 4.086999999999999661e-02
1.838000000000000078e+00 5.158599999999999991e-02
1.842999999999999972e+00 6.303899999999999781e-02
1.847999999999999865e+00 7.529199999999999782e-02
1.852999999999999758e+00 8.841899999999999760e-02
1.858000000000000096e+00 1.024940000000000018e-01
1.862999999999999989e+00 1.175979999999999942e-01
1.867999999999999883e+00 1.338139999999999885e-01
1.872999999999999776e+00 1.512280000000000013e-01
1.878000000000000114e+00 1.699219999999999897e-01
1.883000000000000007e+00 1.899710000000000010e-01
1.887999999999999901e+00 2.114379999999999871e-01
1.892999999999999794e+00 2.343610000000000138e-01
1.898000000000000131e+00 2.587450000000000028e-01
1.903000000000000025e+00 2.845400000000000151e-01
1.907999999999999918e+00 3.116269999999999873e-01
1.912999999999999812e+00 3.397979999999999889e-01
1.917999999999999927e+00 3.687309999999999754e-01
1.923000000000000043e+00 3.979809999999999737e-01
1.927999999999999936e+00 4.269749999999999934e-01
1.932999999999999829e+00 4.550319999999999920e-01
1.937999999999999945e+00 4.814010000000000233e-01
1.943000000000000060e+00 5.053279999999999994e-01
1.947999999999999954e+00 5.261379999999999946e-01
1.952999999999999847e+00 5.433120000000000172e-01
1.957999999999999963e+00 5.565499999999999892e-01
1.963000000000000078e+00 5.657959999999999656e-01
1.967999999999999972e+00 5.712190000000000323e-01
1.972999999999999865e+00 5.731699999999999573e-01
1.977999999999999758e+00 5.721180000000000154e-01
1.983000000000000096e+00 5.685820000000000318e-01
1.987999999999999989e+00 5.630810000000000537e-01
1.992999999999999883e+00 5.560950000000000060e-01
1.997999999999999776e+00 5.480420000000000291e-01
2.003000000000000114e+00 5.392740000000000311e-01
2.008000000000000007e+00 5.300730000000000164e-01
2.012999999999999901e+00 5.206619999999999582e-01
2.017999999999999794e+00 5.112100000000000533e-01
2.023000000000000131e+00 5.018420000000000103e-01
2.028000000000000025e+00 4.926490000000000036e-01
2.032999999999999918e+00 4.836929999999999841e-01
2.037999999999999812e+00 4.750170000000000226e-01
2.043000000000000149e+00 4.666449999999999765e-01
2.048000000000000043e+00 4.585919999999999996e-01
2.052999999999999936e+00 4.508619999999999850e-01
2.057999999999999829e+00 4.434529999999999861e-01
2.062999999999999723e+00 4.363609999999999989e-01
2.068000000000000060e+00 4.295740000000000114e-01
2.072999999999999954e+00 4.230829999999999869e-01
2.077999999999999847e+00 4.168760000000000243e-01
2.083000000000000185e+00 4.109380000000000255e-01
2.088000000000000078e+00 4.052580000000000071e-01
2.092999999999999972e+00 3.998209999999999820e-01
2.097999999999999865e+00 3.946149999999999936e-01
2.102999999999999758e+00 3.896270000000000011e-01
2.108000000000000096e+00 3.848460000000000214e-01
2.112999999999999989e+00 3.802599999999999869e-01
2.117999999999999883e+00 3.758569999999999967e-01
2.122999999999999776e+00 3.716289999999999871e-01
2.128000000000000114e+00 3.675640000000000018e-01
2.133000000000000007e+00 3.636550000000000060e-01
2.137999999999999901e+00 3.598910000000000164e-01
2.142999999999999794e+00 3.562660000000000271e-01
2.148000000000000131e+00 3.527719999999999745e-01
2.153000000000000025e+00 3.494019999999999904e-01
2.157999999999999918e+00 3.461480000000000112e-01
2.162999999999999812e+00 3.430050000000000043e-01
2.168000000000000149e+00 3.399679999999999924e-01
2.173000000000000043e+00 3.370299999999999963e-01
2.177999999999999936e+00 3.341870000000000118e-01
2.182999999999999829e+00 3.314329999999999776e-01
2.187999999999999723e+00 3.287649999999999739e-01
2.193000000000000060e+00 3.261780000000000235e-01
2.197999999999999954e+00 3.236680000000000113e-01
2.202999999999999847e+00 3.212320000000000175e-01
2.208000000000000185e+00 3.188659999999999828e-01
2.213000000000000078e+00 3.165660000000000140e-01
2.217999999999999972e+00 3.143310000000000271e-01
2.222999999999999865e+00 3.121559999999999890e-01
2.227999999999999758e+00 3.100399999999999823e-01
2.233000000000000096e+00 3.079790000000000028e-01
2.237999999999999989e+00 3.059720000000000217e-01
2.242999999999999883e+00 3.040160000000000085e-01
2.247999999999999776e+00 3.021090000000000164e-01
2.253000000000000114e+00 3.002489999999999881e-01
2.258000000000000007e+00 2.984330000000000038e-01
2.262999999999999901e+00 2.966619999999999813e-01
2.267999999999999794e+00 2.949309999999999987e-01
2.273000000000000131e+00 2.932409999999999739e-01
2.278000000000000025e+00 2.915889999999999871e-01
2.282999999999999918e+00 2.899740000000000095e-01
2.287999999999999812e+00 2.883950000000000125e-01
2.293000000000000149e+00 2.868510000000000226e-01
2.298000000000000043e+00 2.853390000000000093e-01
2.302999999999999936e+00 2.838600000000000012e-01
2.307999999999999829e+00 2.824119999999999964e-01
2.312999999999999723e+00 2.809929999999999928e-01
2.318000000000000060e+00 2.796040000000000192e-01
2.322999999999999954e+00 2.782430000000000181e-01
2.327999999999999847e+00 2.769079999999999875e-01
2.333000000000000185e+00 2.756000000000000116e-01
2.338000000000000078e+00 2.743169999999999775e-01
2.342999999999999972e+00 2.730600000000000249e-01
2.347999999999999865e+00 2.718249999999999833e-01
2.352999999999999758e+00 2.706149999999999944e-01
2.358000000000000096e+00 2.694259999999999988e-01
2.362999999999999989e+00 2.682599999999999985e-01
2.367999999999999883e+00 2.671149999999999913e-01
2.373000000000000220e+00 2.659909999999999775e-01
2.378000000000000114e+00 2.648869999999999836e-01
2.383000000000000007e+00 2.638019999999999810e-01
2.387999999999999901e+00 2.627369999999999983e-01
2.392999999999999794e+00 2.616899999999999782e-01
2.398000000000000131e+00 2.606620000000000048e-01
2.403000000000000025e+00 2.596510000000000207e-01
2.407999999999999918e+00 2.586570000000000258e-01
2.413000000000000256e+00 2.576800000000000201e-01
2.418000000000000149e+00 2.567200000000000037e-01
2.423000000000000043e+00 2.557760000000000034e-01
2.427999999999999936e+00 2.548469999999999902e-01
2.432999999999999829e+00 2.539339999999999931e-01
2.437999999999999723e+00 2.530350000000000099e-01
2.443000000000000060e+00 2.521519999999999873e-01
2.447999999999999954e+00 2.512820000000000054e-01
2.453000000000000291e+00 2.504270000000000107e-01
2.458000000000000185e+00 2.495850000000000013e-01
2.463000000000000078e+00 2.487570000000000059e-01
2.467999999999999972e+00 2.479419999999999957e-01
2.472999999999999865e+00 2.471389999999999976e-01
2.477999999999999758e+00 2.463500000000000134e-01
2.483000000000000096e+00 2.455720000000000125e-01
2.487999999999999989e+00 2.448069999999999968e-01
2.492999999999999883e+00 2.440539999999999932e-01
2.498000000000000220e+00 2.433120000000000005e-01
2.503000000000000114e+00 2.425809999999999911e-01
2.508000000000000007e+00 2.418619999999999937e-01
2.512999999999999901e+00 2.411540000000000072e-01
2.517999999999999794e+00 2.404560000000000031e-01
2.523000000000000131e+00 2.397690000000000099e-01
2.528000000000000025e+00 2.390919999999999990e-01
2.532999999999999918e+00 2.384249999999999980e-01
2.538000000000000256e+00 2.377680000000000071e-01
2.543000000000000149e+00 2.371209999999999984e-01
2.548000000000000043e+00 2.364839999999999998e-01
2.552999999999999936e+00 2.358560000000000101e-01
2.557999999999999829e+00 2.352370000000000017e-01
2.562999999999999723e+00 2.346270000000000022e-01
2.568000000000000060e+00 2.340260000000000118e-01
2.572999999999999954e+00 2.334330000000000016e-01
2.578000000000000291e+00 2.328490000000000004e-01
2.583000000000000185e+00 2.322730000000000072e-01
2.588000000000000078e+00 2.317059999999999953e-01
2.592999999999999972e+00 2.311459999999999904e-01
2.597999999999999865e+00 2.305949999999999944e-01
2.602999999999999758e+00 2.300510000000000055e-01
2.608000000000000096e+00 2.295149999999999968e-01
2.612999999999999989e+00 2.289859999999999951e-01
2.617999999999999883e+00 2.284640000000000004e-01
2.623000000000000220e+00 2.279490000000000127e-01
2.628000000000000114e+00 2.274420000000000053e-01
2.633000000000000007e+00 2.269410000000000038e-01
2.637999999999999901e+00 2.264470000000000094e-01
2.642999999999999794e+00 2.259589999999999932e-01
2.648000000000000131e+00 2.254780000000000117e-01
2.653000000000000025e+00 2.250030000000000086e-01
2.657999999999999918e+00 2.245340000000000114e-01
2.663000000000000256e+00 2.240709999999999924e-01
2.668000000000000149e+00 2.236140000000000072e-01
2.673000000000000043e+00 2.231630000000000003e-01
2.677999999999999936e+00 2.227169999999999983e-01
2.682999999999999829e+00 2.222770000000000024e-01
2.687999999999999723e+00 2.218420000000000114e-01
2.693000000000000060e+00 2.214119999999999977e-01
2.697999999999999954e+00 2.209869999999999890e-01
2.703000000000000291e+00 2.205670000000000130e-01
2.708000000000000185e+00 2.201519999999999866e-01
2.713000000000000078e+00 2.197409999999999919e-01
2.717999999999999972e+00 2.193350000000000022e-01
2.722999999999999865e+00 2.189339999999999897e-01
2.727999999999999758e+00 2.185370000000000090e-01
2.733000000000000096e+00 2.181430000000000036e-01
2.737999999999999989e+00 2.177540000000000031e-01
2.742999999999999883e+00 2.173690000000000067e-01
2.748000000000000220e+00 2.169870000000000132e-01
2.753000000000000114e+00 2.166089999999999960e-01
2.758000000000000007e+00 2.162350000000000105e-01
2.762999999999999901e+00 2.158640000000000003e-01
2.767999999999999794e+00 2.154959999999999931e-01
2.773000000000000131e+00 2.151309999999999889e-01
2.778000000000000025e+00 2.147699999999999887e-01
2.782999999999999918e+00 2.144109999999999905e-01
2.788000000000000256e+00 2.140549999999999953e-01
2.793000000000000149e+00 2.137020000000000031e-01
2.798000000000000043e+00 2.133510000000000129e-01
2.802999999999999936e+00 2.130019999999999969e-01
2.807999999999999829e+00 2.126560000000000117e-01
2.812999999999999723e+00 2.123120000000000007e-01
2.818000000000000060e+00 2.119699999999999918e-01
2.822999999999999954e+00 2.116300000000000125e-01
2.828000000000000291e+00 2.112920000000000076e-01
2.833000000000000185e+00 2.109560000000000046e-01
2.838000000000000078e+00 2.106210000000000027e-01
2.842999999999999972e+00 2.102870000000000017e-01
2.847999999999999865e+00 2.099550000000000027e-01
2.852999999999999758e+00 2.096240000000000048e-01
2.858000000000000096e+00 2.092940000000000078e-01
2.862999999999999989e+00 2.089660000000000128e-01
2.867999999999999883e+00 2.086379999999999901e-01
2.873000000000000220e+00 2.083099999999999952e-01
2.878000000000000114e+00 2.079840000000000022e-01
2.883000000000000007e+00 2.076580000000000092e-01
2.887999999999999901e+00 2.073319999999999885e-01
2.892999999999999794e+00 2.070069999999999966e-01
2.898000000000000131e+00 2.066820000000000046e-01
2.903000000000000025e+00 2.063570000000000126e-01
2.907999999999999918e+00 2.060319999999999929e-01
2.913000000000000256e+00 2.057070000000000010e-01
2.918000000000000149e+00 2.053820000000000090e-01
2.923000000000000043e+00 2.050559999999999883e-01
2.927999999999999936e+00 2.047299999999999953e-01
2.932999999999999829e+00 2.044030000000000014e-01
2.937999999999999723e+00 2.040760000000000074e-01
2.943000000000000060e+00 2.037480000000000124e-01
2.947999999999999954e+00 2.034189999999999887e-01
2.953000000000000291e+00 2.030889999999999918e-01
2.958000000000000185e+00 2.027579999999999938e-01
2.963000000000000078e+00 2.024259999999999948e-01
2.967999999999999972e+00 2.020929999999999949e-01
2.972999999999999865e+00 2.017579999999999929e-01
2.977999999999999758e+00 2.014219999999999899e-01
2.983000000000000096e+00 2.010840000000000127e-01
2.987999999999999989e+00 2.007450000000000068e-01
2.992999999999999883e+00 2.004039999999999988e-01
2.998000000000000220e+00 2.000609999999999888e-01
3.003000000000000114e+00 1.997160000000000046e-01
3.008000000000000007e+00 1.993689999999999907e-01
3.012999999999999901e+00 1.990200000000000025e-01
3.017999999999999794e+00 1.986690000000000123e-01
3.023000000000000131e+00 1.983159999999999923e-01
3.028000000000000025e+00 1.979599999999999971e-01
3.032999999999999918e+00 1.976019999999999999e-01
3.038000000000000256e+00 1.972409999999999997e-01
3.043000000000000149e+00 1.968769999999999964e-01
3.048000000000000043e+00 1.965109999999999912e-01
3.052999999999999936e+00 1.961420000000000108e-01
3.057999999999999829e+00 1.957699999999999996e-01
3.062999999999999723e+00 1.953959999999999864e-01
3.068000000000000060e+00 1.950179999999999969e-01
3.072999999999999954e+00 1.946370000000000045e-01
3.078000000000000291e+00 1.942530000000000090e-01
3.083000000000000185e+00 1.938660000000000105e-01
3.088000000000000078e+00 1.934750000000000081e-01
3.092999999999999972e+00 1.930820000000000036e-01
3.097999999999999865e+00 1.926839999999999942e-01
3.102999999999999758e+00 1.922830000000000095e-01
3.108000000000000096e+00 1.918789999999999940e-01
3.112999999999999989e+00 1.914710000000000023e-01
3.117999999999999883e+00 1.910590000000000066e-01
3.123000000000000220e+00 1.906440000000000079e-01
3.128000000000000114e+00 1.902240000000000042e-01
3.133000000000000007e+00 1.898009999999999975e-01
3.137999999999999901e+00 1.893739999999999868e-01
3.142999999999999794e+00 1.889429999999999998e-01
3.148000000000000131e+00 1.885080000000000089e-01
3.153000000000000025e+00 1.880689999999999862e-01
3.157999999999999918e+00 1.876249999999999862e-01
3.163000000000000256e+00 1.871780000000000110e-01
3.168000000000000149e+00 1.867260000000000031e-01
3.173000000000000043e+00 1.862699999999999911e-01
3.177999999999999936e+00 1.858100000000000029e-01
3.182999999999999829e+00 1.853450000000000097e-01
3.187999999999999723e+00 1.848760000000000125e-01
3.193000000000000060e+00 1.844030000000000113e-01
3.197999999999999954e+00 1.839250000000000052e-01
3.203000000000000291e+00 1.834419999999999940e-01
3.208000000000000185e+00 1.829550000000000065e-01
3.213000000000000078e+00 1.824639999999999873e-01
3.217999999999999972e+00 1.819669999999999899e-01
3.222999999999999865e+00 1.814669999999999894e-01
3.227999999999999758e+00 1.809610000000000107e-01
3.233000000000000096e+00 1.804510000000000003e-01
3.237999999999999989e+00 1.799360000000000126e-01
3.242999999999999883e+00 1.794169999999999932e-01
3.248000000000000220e+00 1.788919999999999955e-01
3.253000000000000114e+00 1.783629999999999938e-01
3.258000000000000007e+00 1.778289999999999871e-01
3.262999999999999901e+00 1.772910000000000041e-01
3.267999999999999794e+00 1.767469999999999875e-01
3.273000000000000131e+00 1.761989999999999945e-01
3.278000000000000025e+00 1.756459999999999966e-01
3.282999999999999918e+00 1.750879999999999936e-01
3.288000000000000256e+00 1.745250000000000135e-01
3.293000000000000149e+00 1.739580000000000015e-01
3.298000000000000043e+00 1.733850000000000113e-01
3.302999999999999936e+00 1.728079999999999894e-01
3.307999999999999829e+00 1.722259999999999902e-01
3.312999999999999723e+00 1.716390000000000138e-01
3.318000000000000060e+00 1.710470000000000046e-01
3.322999999999999954e+00 1.704509999999999914e-01
3.328000000000000291e+00 1.698490000000000000e-01
3.333000000000000185e+00 1.692430000000000045e-01
3.338000000000000078e+00 1.686320000000000041e-01
3.342999999999999972e+00 1.680159999999999987e-01
3.347999999999999865e+00 1.673949999999999882e-01
3.352999999999999758e+00 1.667700000000000016e-01
3.358000000000000096e+00 1.661400000000000099e-01
3.362999999999999989e+00 1.655050000000000132e-01
3.367999999999999883e+00 1.648650000000000115e-01
3.373000000000000220e+00 1.642210000000000059e-01
3.378000000000000114e+00 1.635709999999999942e-01
3.383000000000000007e+00 1.629180000000000073e-01
3.387999999999999901e+00 1.622589999999999866e-01
3.392999999999999794e+00 1.615959999999999896e-01
3.398000000000000131e+00 1.609289999999999887e-01
3.403000000000000025e+00 1.602570000000000106e-01
3.407999999999999918e+00 1.595799999999999996e-01
3.413000000000000256e+00 1.588990000000000125e-01
3.418000000000000149e+00 1.582129999999999925e-01
3.423000000000000043e+00 1.575229999999999964e-01
3.427999999999999936e+00 1.568289999999999962e-01
3.432999999999999829e+00 1.561299999999999910e-01
3.437999999999999723e+00 1.554270000000000096e-01
3.443000000000000060e+00 1.547199999999999964e-01
3.447999999999999954e+00 1.540080000000000060e-01
3.453000000000000291e+00 1.532920000000000116e-01
3.458000000000000185e+00 1.525720000000000132e-01
3.463000000000000078e+00 1.518480000000000107e-01
3.467999999999999972e+00 1.511200000000000043e-01
3.472999999999999865e+00 1.503869999999999929e-01
3.477999999999999758e+00 1.496510000000000062e-01
3.483000000000000096e+00 1.489109999999999878e-01
3.487999999999999989e+00 1.481659999999999922e-01
3.492999999999999883e+00 1.474179999999999935e-01
3.498000000000000220e+00 1.466659999999999908e-01
3.503000000000000114e+00 1.459110000000000129e-01
3.508000000000000007e+00 1.451510000000000022e-01
3.512999999999999901e+00 1.443879999999999886e-01
3.517999999999999794e+00 1.436219999999999997e-01
3.523000000000000131e+00 1.428510000000000058e-01
3.528000000000000025e+00 1.420780000000000098e-01
3.532999999999999918e+00 1.413000000000000089e-01
3.538000000000000256e+00 1.405200000000000060e-01
3.543000000000000149e+00 1.397359999999999991e-01
3.548000000000000043e+00 1.389479999999999882e-01
3.552999999999999936e+00 1.381580000000000030e-01
3.557999999999999829e+00 1.373640000000000139e-01
3.562999999999999723e+00 1.365669999999999940e-01
3.568000000000000060e+00 1.357669999999999988e-01
3.572999999999999954e+00 1.349640000000000006e-01
3.578000000000000291e+00 1.341569999999999985e-01
3.583000000000000185e+00 1.333479999999999943e-01
3.588000000000000078e+00 1.325359999999999872e-01
3.592999999999999972e+00 1.317210000000000047e-01
3.597999999999999865e+00 1.309039999999999926e-01
3.602999999999999758e+00 1.300830000000000042e-01
3.608000000000000096e+00 1.292600000000000138e-01
3.612999999999999989e+00 1.284349999999999936e-01
3.617999999999999883e+00 1.276059999999999972e-01
3.623000000000000220e+00 1.267759999999999998e-01
3.628000000000000114e+00 1.259419999999999984e-01
3.633000000000000007e+00 1.251059999999999950e-01
3.637999999999999901e+00 1.242680000000000035e-01
3.642999999999999794e+00 1.234279999999999961e-01
3.648000000000000131e+00 1.225849999999999995e-01
3.653000000000000025e+00 1.217400000000000010e-01
3.657999999999999918e+00 1.208930000000000005e-01
3.663000000000000256e+00 1.200439999999999979e-01
3.668000000000000149e+00 1.191929999999999934e-01
3.673000000000000043e+00 1.183389999999999997e-01
3.677999999999999936e+00 1.174840000000000051e-01
3.683000000000000274e+00 1.166259999999999936e-01
3.688000000000000167e+00 1.157669999999999949e-01
3.693000000000000060e+00 1.149059999999999943e-01
3.697999999999999954e+00 1.140430000000000055e-01
3.703000000000000291e+00 1.131780000000000008e-01
3.708000000000000185e+00 1.123119999999999952e-01
3.713000000000000078e+00 1.114440000000000014e-01
3.717999999999999972e+00 1.105740000000000056e-01
3.722999999999999865e+00 1.097019999999999940e-01
3.728000000000000203e+00 1.088289999999999952e-01
3.733000000000000096e+00 1.079539999999999944e-01
3.737999999999999989e+00 1.070780000000000065e-01
3.742999999999999883e+00 1.062000000000000027e-01
3.748000000000000220e+00 1.053209999999999980e-01
3.753000000000000114e+00 1.044400000000000051e-01
3.758000000000000007e+00 1.035579999999999973e-01
3.762999999999999901e+00 1.026740000000000014e-01
3.768000000000000238e+00 1.017890000000000045e-01
3.773000000000000131e+00 1.009030000000000066e-01
3.778000000000000025e+00 1.000150000000000067e-01
3.782999999999999918e+00 9.912600000000000577e-02
3.788000000000000256e+00 9.823500000000000287e-02
3.793000000000000149e+00 9.734399999999999997e-02
3.798000000000000043e+00 9.644999999999999407e-02
3.802999999999999936e+00 9.555600000000000205e-02
3.808000000000000274e+00 9.465999999999999415e-02
3.813000000000000167e+00 9.376299999999999912e-02
3.818000000000000060e+00 9.286400000000000210e-02
3.822999999999999954e+00 9.196500000000000508e-02
3.828000000000000291e+00 9.106300000000000505e-02
3.833000000000000185e+00 9.016100000000000503e-02
3.838000000000000078e+00 8.925700000000000300e-02
3.842999999999999972e+00 8.835199999999999998e-02
3.847999999999999865e+00 8.744499999999999496e-02
3.853000000000000203e+00 8.653700000000000281e-02
3.858000000000000096e+00 8.562699999999999478e-02
3.862999999999999989e+00 8.471599999999999964e-02
3.867999999999999883e+00 8.380400000000000349e-02
3.873000000000000220e+00 8.288900000000000434e-02
3.878000000000000114e+00 8.197400000000000519e-02
3.883000000000000007e+00 8.105700000000000405e-02
3.887999999999999901e+00 8.013800000000000090e-02
3.893000000000000238e+00 7.921699999999999575e-02
3.898000000000000131e+00 7.829500000000000348e-02
3.903000000000000025e+00 7.736999999999999433e-02
3.907999999999999918e+00 7.644399999999999806e-02
3.913000000000000256e+00 7.551599999999999979e-02
3.918000000000000149e+00 7.458599999999999952e-02
3.923000000000000043e+00 7.365399999999999725e-02
3.927999999999999936e+00 7.272000000000000686e-02
3.933000000000000274e+00 7.178299999999999959e-02
3.938000000000000167e+00 7.084400000000000419e-02
3.943000000000000060e+00 6.990300000000000680e-02
3.947999999999999954e+00 6.895900000000000640e-02
3.953000000000000291e+00 6.801300000000000401e-02
3.958000000000000185e+00 6.706399999999999861e-02
3.963000000000000078e+00 6.611200000000000410e-02
3.967999999999999972e+00 6.515700000000000658e-02
3.972999999999999865e+00 6.419900000000000606e-02
3.978000000000000203e+00 6.323800000000000254e-02
3.983000000000000096e+00 6.227400000000000296e-02
3.987999999999999989e+00 6.130599999999999938e-02
3.992999999999999883e+00 6.033499999999999974e-02
3.998000000000000220e+00 5.936000000000000304e-02
4.003000000000000114e+00 5.838100000000000234e-02
4.008000000000000007e+00 5.739799999999999763e-02
4.012999999999999901e+00 5.641100000000000281e-02
4.018000000000000682e+00 5.541999999999999704e-02
4.022999999999999687e+00 5.442400000000000015e-02
4.028000000000000469e+00 5.342399999999999927e-02
4.032999999999999474e+00 5.241900000000000032e-02
4.038000000000000256e+00 5.140800000000000231e-02
4.043000000000000149e+00 5.039300000000000029e-02
4.048000000000000043e+00 4.937199999999999922e-02
4.052999999999999936e+00 4.834499999999999909e-02
4.057999999999999829e+00 4.731199999999999989e-02
4.063000000000000611e+00 4.627400000000000263e-02
4.067999999999999616e+00 4.522899999999999837e-02
4.073000000000000398e+00 4.417700000000000099e-02
4.078000000000000291e+00 4.311899999999999761e-02
4.083000000000000185e+00 4.205300000000000010e-02
4.088000000000000078e+00 4.098099999999999660e-02
4.092999999999999972e+00 3.989999999999999797e-02
4.097999999999999865e+00 3.881199999999999928e-02
4.102999999999999758e+00 3.771499999999999853e-02
4.108000000000000540e+00 3.660999999999999671e-02
4.112999999999999545e+00 3.549700000000000077e-02
4.118000000000000327e+00 3.437400000000000178e-02
4.123000000000000220e+00 3.324200000000000071e-02
4.128000000000000114e+00 3.209999999999999659e-02
4.133000000000000007e+00 3.094799999999999982e-02
4.137999999999999901e+00 2.978499999999999898e-02
4.143000000000000682e+00 2.861199999999999855e-02
4.147999999999999687e+00 2.742800000000000099e-02
4.153000000000000469e+00 2.623199999999999837e-02
4.157999999999999474e+00 2.502400000000000110e-02
4.163000000000000256e+00 2.380499999999999977e-02
4.168000000000000149e+00 2.257199999999999832e-02
4.173000000000000043e+00 2.132600000000000121e-02
4.177999999999999936e+00 2.006700000000000150e-02
4.182999999999999829e+00 1.879400000000000168e-02
4.188000000000000611e+00 1.750700000000000173e-02
4.192999999999999616e+00 1.620500000000000065e-02
4.198000000000000398e+00 1.488800000000000019e-02
4.203000000000000291e+00 1.355600000000000034e-02
4.208000000000000185e+00 1.220800000000000010e-02
4.213000000000000078e+00 1.084399999999999947e-02
4.217999999999999972e+00 9.464000000000000190e-03
4.222999999999999865e+00 8.068999999999999784e-03
4.227999999999999758e+00 6.658999999999999989e-03
4.233000000000000540e+00 5.237999999999999601e-03
4.237999999999999545e+00 3.812999999999999983e-03
4.243000000000000327e+00 2.415000000000000046e-03
4.248000000000000220e+00 1.221999999999999996e-03
4.253000000000000114e+00 1.307000000000000002e-03
4.258000000000000007e+00 2.585000000000000058e-03
4.262999999999999901e+00 4.076999999999999895e-03
4.268000000000000682e+00 5.635000000000000252e-03
4.272999999999999687e+00 7.231999999999999713e-03
4.278000000000000469e+00 8.861000000000000820e-03
4.282999999999999474e+00 1.051900000000000057e-02
4.288000000000000256e+00 1.220599999999999984e-02
4.293000000000000149e+00 1.392099999999999935e-02
4.298000000000000043e+00 1.566499999999999837e-02
4.302999999999999936e+00 1.743799999999999864e-02
4.307999999999999829e+00 1.924000000000000016e-02
4.313000000000000611e+00 2.107200000000000045e-02
4.317999999999999616e+00 2.293500000000000053e-02
4.323000000000000398e+00 2.482900000000000038e-02
4.328000000000000291e+00 2.675500000000000100e-02
4.333000000000000185e+00 2.871399999999999994e-02
4.337999999999999190e+00 3.070700000000000165e-02
4.342999999999999972e+00 3.273299999999999821e-02
4.348000000000000753e+00 3.479399999999999854e-02
4.352999999999999758e+00 3.689100000000000018e-02
4.358000000000000540e+00 3.902400000000000313e-02
4.362999999999999545e+00 4.119400000000000145e-02
4.368000000000000327e+00 4.340200000000000308e-02
4.372999999999999332e+00 4.564800000000000108e-02
4.378000000000000114e+00 4.793300000000000338e-02
4.383000000000000007e+00 5.025700000000000306e-02
4.387999999999999901e+00 5.262100000000000111e-02
4.393000000000000682e+00 5.502699999999999952e-02
4.397999999999999687e+00 5.747300000000000325e-02
4.403000000000000469e+00 5.996200000000000141e-02
4.407999999999999474e+00 6.249199999999999894e-02
4.413000000000000256e+00 6.506499999999999784e-02
4.417999999999999261e+00 6.768100000000000505e-02
4.423000000000000043e+00 7.034100000000000075e-02
4.427999999999999936e+00 7.304399999999999782e-02
4.432999999999999829e+00 7.579099999999999726e-02
4.438000000000000611e+00 7.858099999999999807e-02
4.442999999999999616e+00 8.141500000000000126e-02
4.448000000000000398e+00 8.429300000000000681e-02
4.452999999999999403e+00 8.721500000000000086e-02
4.458000000000000185e+00 9.017999999999999627e-02
4.462999999999999190e+00 9.318700000000000594e-02
4.467999999999999972e+00 9.623700000000000310e-02
4.473000000000000753e+00 9.932799999999999963e-02
4.477999999999999758e+00 1.024599999999999955e-01
4.483000000000000540e+00 1.056320000000000037e-01
4.487999999999999545e+00 1.088419999999999943e-01
4.493000000000000327e+00 1.120899999999999952e-01
4.497999999999999332e+00 1.153740000000000043e-01
4.503000000000000114e+00 1.186920000000000058e-01
4.508000000000000007e+00 1.220419999999999977e-01
4.512999999999999901e+00 1.254240000000000077e-01
4.518000000000000682e+00 1.288330000000000031e-01
4.522999999999999687e+00 1.322689999999999977e-01
4.528000000000000469e+00 1.357279999999999875e-01
4.532999999999999474e+00 1.392079999999999984e-01
4.538000000000000256e+00 1.427049999999999985e-01
4.542999999999999261e+00 1.462170000000000136e-01
4.548000000000000043e+00 1.497400000000000120e-01
4.552999999999999936e+00 1.532699999999999896e-01
4.557999999999999829e+00 1.568049999999999999e-01
4.563000000000000611e+00 1.603390000000000093e-01
4.567999999999999616e+00 1.638689999999999869e-01
4.573000000000000398e+00 1.673910000000000120e-01
4.577999999999999403e+00 1.708999999999999964e-01
4.583000000000000185e+00 1.743919999999999915e-01
4.587999999999999190e+00 1.778619999999999923e-01
4.592999999999999972e+00 1.813059999999999949e-01
4.598000000000000753e+00 1.847189999999999943e-01
4.602999999999999758e+00 1.880960000000000132e-01
4.608000000000000540e+00 1.914329999999999921e-01
