# Energy/B2 CrossSection/a^2
6.700000000000000400e-01 1.034474581990896258e+00
6.740000000000000435e-01 9.947348425938142835e-01
6.780000000000000471e-01 9.670625394596517044e-01
6.820000000000000506e-01 9.483849228617299287e-01
6.860000000000000542e-01 9.349972988316093137e-01
6.899999999999999467e-01 9.240809883165252980e-01
6.939999999999999503e-01 9.141255391587450596e-01
6.979999999999999538e-01 9.045588526399289675e-01
7.019999999999999574e-01 8.953167615347360497e-01
7.059999999999999609e-01 8.865161045850278310e-01
7.099999999999999645e-01 8.783023229122466358e-01
7.139999999999999680e-01 8.707661280178211616e-01
7.179999999999999716e-01 8.639383294084649334e-01
7.219999999999999751e-01 8.577828122801423039e-01
7.259999999999999787e-01 8.522318223134988102e-01
7.299999999999999822e-01 8.471904486219145047e-01
7.339999999999999858e-01 8.425572232672805528e-01
7.379999999999999893e-01 8.382367679681648198e-01
7.419999999999999929e-01 8.341412687524552005e-01
7.459999999999999964e-01 8.301973367915808089e-01
7.500000000000000000e-01 8.263455772607422034e-01
7.540000000000000036e-01 8.225473073486677666e-01
7.580000000000000071e-01 8.187699072936055478e-01
7.620000000000000107e-01 8.149989710022741418e-01
7.660000000000000142e-01 8.112238738293398033e-01
7.700000000000000178e-01 8.074429020501615595e-01
7.740000000000000213e-01 8.036613045190796889e-01
7.780000000000000249e-01 7.998825075791741179e-01
7.820000000000000284e-01 7.961184448465664643e-01
7.860000000000000320e-01 7.923757004716294183e-01
7.900000000000000355e-01 7.886607312698145078e-01
7.940000000000000391e-01 7.849849375729102130e-01
7.980000000000000426e-01 7.813527750283384421e-01
8.020000000000000462e-01 7.777686143397727347e-01
8.060000000000000497e-01 7.742384089400921043e-01
8.100000000000000533e-01 7.707630285558111360e-01
8.139999999999999458e-01 7.673449777058886090e-01
8.179999999999999494e-01 7.639834319716310995e-01
8.219999999999999529e-01 7.606775840139616829e-01
8.259999999999999565e-01 7.574266431598687399e-01
8.299999999999999600e-01 7.542265956550361361e-01
8.339999999999999636e-01 7.510767265423853312e-01
8.379999999999999671e-01 7.479731248059133808e-01
8.419999999999999707e-01 7.449119502236020152e-01
8.459999999999999742e-01 7.418894313866842838e-01
8.499999999999999778e-01 7.389034480030568508e-01
8.539999999999999813e-01 7.359487629228437244e-01
8.579999999999999849e-01 7.330249416477135904e-01
8.619999999999999885e-01 7.301253028558827296e-01
8.659999999999999920e-01 7.272495082449578208e-01
8.699999999999999956e-01 7.243941249576070218e-01
8.739999999999999991e-01 7.215573226902548543e-01
8.780000000000000027e-01 7.187357652847317091e-01
8.820000000000000062e-01 7.159307657057430996e-01
8.860000000000000098e-01 7.131390422773247195e-01
8.900000000000000133e-01 7.103588867903254389e-01
8.940000000000000169e-01 7.075901317640580501e-01
8.980000000000000204e-01 7.048326130925001154e-01
9.020000000000000240e-01 7.020861699694656011e-01
9.060000000000000275e-01 6.993491520277776985e-01
9.100000000000000311e-01 6.966229100117805606e-01
9.140000000000000346e-01 6.939072924654701158e-01
9.180000000000000382e-01 6.912021509546867337e-01
9.220000000000000417e-01 6.885088082651565911e-01
9.260000000000000453e-01 6.858256414819251523e-01
9.300000000000000488e-01 6.831554234425107897e-01
9.340000000000000524e-01 6.804979815506695395e-01
9.379999999999999449e-01 6.778531463804408075e-01
9.419999999999999485e-01 6.752221901180320840e-01
9.459999999999999520e-01 6.726063646671636143e-01
9.499999999999999556e-01 6.700040482003413178e-01
9.539999999999999591e-01 6.674193298541302166e-01
9.579999999999999627e-01 6.648491561521238102e-01
9.619999999999999662e-01 6.622961617920331001e-01
9.659999999999999698e-01 6.597615355185941777e-01
9.699999999999999734e-01 6.572436501795096975e-01
9.739999999999999769e-01 6.547450837155349701e-01
9.779999999999999805e-01 6.522642108692010554e-01
9.819999999999999840e-01 6.498035784387286018e-01
9.859999999999999876e-01 6.473615633559428595e-01
9.899999999999999911e-01 6.449406820928830220e-01
9.939999999999999947e-01 6.425379479998283294e-01
9.979999999999999982e-01 6.401558638487629960e-01
1.002000000000000002e+00 6.377941829486724057e-01
1.006000000000000005e+00 6.354540129220099809e-01
1.010000000000000009e+00 6.331324089434900992e-01
1.014000000000000012e+00 6.308331717387202220e-01
1.018000000000000016e+00 6.285533693480964690e-01
1.022000000000000020e+00 6.262941042876404296e-01
1.026000000000000023e+00 6.240551376292801100e-01
1.030000000000000027e+00 6.218362341732649456e-01
1.034000000000000030e+00 6.196384776725391008e-01
1.038000000000000034e+00 6.174603151792695810e-01
1.042000000000000037e+00 6.153028280182349929e-01
1.046000000000000041e+00 6.131631792584234519e-01
1.050000000000000044e+00 6.110450541675543912e-01
1.054000000000000048e+00 6.089456275148916742e-01
1.058000000000000052e+00 6.068646886114504868e-01
1.062000000000000055e+00 6.048033121699706305e-01
1.066000000000000059e+00 6.027600024668701151e-01
1.070000000000000062e+00 6.007358314233387508e-01
1.074000000000000066e+00 5.987293187663021987e-01
1.078000000000000069e+00 5.967402693896407539e-01
1.082000000000000073e+00 5.947697508127798294e-01
1.086000000000000076e+00 5.928163051753545520e-01
1.090000000000000080e+00 5.908797460201102858e-01
1.094000000000000083e+00 5.889598896326052602e-01
1.098000000000000087e+00 5.870565549912505343e-01
1.102000000000000091e+00 5.851695637184379795e-01
1.106000000000000094e+00 5.832999739417988883e-01
1.110000000000000098e+00 5.814451404260055911e-01
1.114000000000000101e+00 5.796061305694868437e-01
1.118000000000000105e+00 5.777815546510570721e-01
1.122000000000000108e+00 5.759724764448037604e-01
1.125999999999999890e+00 5.741787323730632719e-01
1.129999999999999893e+00 5.724001611896440966e-01
1.133999999999999897e+00 5.706353986584919991e-01
1.137999999999999901e+00 5.688842999728168648e-01
1.141999999999999904e+00 5.671479197325431931e-01
1.145999999999999908e+00 5.654249119682331903e-01
1.149999999999999911e+00 5.637163275373711091e-01
1.153999999999999915e+00 5.620196466123863477e-01
1.157999999999999918e+00 5.603371096637136395e-01
1.161999999999999922e+00 5.586673941404319832e-01
1.165999999999999925e+00 5.570103689066655539e-01
1.169999999999999929e+00 5.553670752325972071e-01
1.173999999999999932e+00 5.537350406134015079e-01
1.177999999999999936e+00 5.521153135627852038e-01
1.181999999999999940e+00 5.505089294980024528e-01
1.185999999999999943e+00 5.489134432391769014e-01
1.189999999999999947e+00 5.473298971932261114e-01
1.193999999999999950e+00 5.457593208985779265e-01
1.197999999999999954e+00 5.441992957775571016e-01
1.201999999999999957e+00 5.426508581171096690e-01
1.205999999999999961e+00 5.411127553318466621e-01
1.209999999999999964e+00 5.395871541786126935e-01
1.213999999999999968e+00 5.380716704068922995e-01
1.217999999999999972e+00 5.365673320630622856e-01
1.221999999999999975e+00 5.350740305250543116e-01
1.225999999999999979e+00 5.335916585919125987e-01
1.229999999999999982e+00 5.321189929105281102e-01
1.233999999999999986e+00 5.306570532952294972e-01
1.237999999999999989e+00 5.292057366031780452e-01
1.241999999999999993e+00 5.277638334460251768e-01
1.245999999999999996e+00 5.263323574603807620e-01
1.250000000000000000e+00 5.249112093698936610e-01
1.254000000000000004e+00 5.234991933652838325e-01
1.258000000000000007e+00 5.220973169227016708e-01
1.262000000000000011e+00 5.207054844514462655e-01
1.266000000000000014e+00 5.193225133517883618e-01
1.270000000000000018e+00 5.179483198942326228e-01
1.274000000000000021e+00 5.165839033340742237e-01
1.278000000000000025e+00 5.152291726894442370e-01
1.282000000000000028e+00 5.138829623873130137e-01
1.286000000000000032e+00 5.125451929221515046e-01
1.290000000000000036e+00 5.112168553771992974e-01
1.294000000000000039e+00 5.098978631014197127e-01
1.298000000000000043e+00 5.085870669588709037e-01
1.302000000000000046e+00 5.072843914091548223e-01
1.306000000000000050e+00 5.059897618373294659e-01
1.310000000000000053e+00 5.047041591635095248e-01
1.314000000000000057e+00 5.034264500763327987e-01
1.318000000000000060e+00 5.021576114693216963e-01
1.322000000000000064e+00 5.008954719142770795e-01
1.326000000000000068e+00 4.996420559250088211e-01
1.330000000000000071e+00 4.983972855968573090e-01
1.334000000000000075e+00 4.971590094545663696e-01
1.338000000000000078e+00 4.959282028729740666e-01
1.342000000000000082e+00 4.947058306617686529e-01
1.346000000000000085e+00 4.934907896208984845e-01
1.350000000000000089e+00 4.922830145844046545e-01
1.354000000000000092e+00 4.910814179043517247e-01
1.358000000000000096e+00 4.898879851980101896e-01
1.362000000000000099e+00 4.887016275571842150e-01
1.366000000000000103e+00 4.875222828290287636e-01
1.370000000000000107e+00 4.863498895865714933e-01
1.374000000000000110e+00 4.851843871181470425e-01
1.377999999999999892e+00 4.840247084288771262e-01
1.381999999999999895e+00 4.828728108385761941e-01
1.385999999999999899e+00 4.817266243695921268e-01
1.389999999999999902e+00 4.805870980119954505e-01
1.393999999999999906e+00 4.794541744334070432e-01
1.397999999999999909e+00 4.783268031004537790e-01
1.401999999999999913e+00 4.772059270043923496e-01
1.405999999999999917e+00 4.760914907093459769e-01
1.409999999999999920e+00 4.749834394084974099e-01
1.413999999999999924e+00 4.738807353004728107e-01
1.417999999999999927e+00 4.727843134742477638e-01
1.421999999999999931e+00 4.716931423373902921e-01
1.425999999999999934e+00 4.706081530420324621e-01
1.429999999999999938e+00 4.695283201181658095e-01
1.433999999999999941e+00 4.684545708047015977e-01
1.437999999999999945e+00 4.673858856695056740e-01
1.441999999999999948e+00 4.663231880620056224e-01
1.445999999999999952e+00 4.652654645052996529e-01
1.449999999999999956e+00 4.642136344831634398e-01
1.453999999999999959e+00 4.631657314315666962e-01
1.457999999999999963e+00 4.621245913089704893e-01
1.461999999999999966e+00 4.610872967552791524e-01
1.465999999999999970e+00 4.600557185173267394e-01
1.469999999999999973e+00 4.590288604716353249e-01
1.473999999999999977e+00 4.580066834943274379e-01
1.477999999999999980e+00 4.569900936684925252e-01
1.481999999999999984e+00 4.559771608343123894e-01
1.485999999999999988e+00 4.549697343930627080e-01
1.489999999999999991e+00 4.539668321463554146e-01
1.493999999999999995e+00 4.529684170799321841e-01
1.497999999999999998e+00 4.519744525777716349e-01
1.502000000000000002e+00 4.509858334415457470e-01
1.506000000000000005e+00 4.500006595330086068e-01
1.510000000000000009e+00 4.490207552184560802e-01
1.514000000000000012e+00 4.480451544305408818e-01
1.518000000000000016e+00 4.470729004191383305e-01
1.522000000000000020e+00 4.461058052496794657e-01
1.526000000000000023e+00 4.451429106822228920e-01
1.530000000000000027e+00 4.441841831340569424e-01
1.534000000000000030e+00 4.432286760692956129e-01
1.538000000000000034e+00 4.422781853863377299e-01
1.542000000000000037e+00 4.413317630645276490e-01
1.546000000000000041e+00 4.403893769063640384e-01
1.550000000000000044e+00 4.394500903504701683e-01
1.554000000000000048e+00 4.385156833896088902e-01
1.558000000000000052e+00 4.375852179836419720e-01
1.562000000000000055e+00 4.366577649007659101e-01
1.566000000000000059e+00 4.357350923720808011e-01
1.570000000000000062e+00 4.348153755267879506e-01
1.574000000000000066e+00 4.339003748329399723e-01
1.578000000000000069e+00 4.329882743853651350e-01
1.582000000000000073e+00 4.320808269511605126e-01
1.586000000000000076e+00 4.311762254980454623e-01
1.590000000000000080e+00 4.302753312805719932e-01
1.594000000000000083e+00 4.293789976671776865e-01
1.598000000000000087e+00 4.284854307655405203e-01
1.602000000000000091e+00 4.275954865465993460e-01
1.606000000000000094e+00 4.267091373889898565e-01
1.610000000000000098e+00 4.258263559485361283e-01
1.614000000000000101e+00 4.249471151548147585e-01
1.618000000000000105e+00 4.240722580598818570e-01
1.622000000000000108e+00 4.232000164593460179e-01
1.625999999999999890e+00 4.223312359119916759e-01
1.629999999999999893e+00 4.214658904090003433e-01
1.633999999999999897e+00 4.206039541988794150e-01
1.637999999999999901e+00 4.197454017843216811e-01
1.641999999999999904e+00 4.188902079191080818e-01
1.645999999999999908e+00 4.180392038703467650e-01
1.649999999999999911e+00 4.171906504473519295e-01
1.653999999999999915e+00 4.163453813196374420e-01
1.657999999999999918e+00 4.155042227854947035e-01
1.661999999999999922e+00 4.146662964756105407e-01
1.665999999999999925e+00 4.138307317961847365e-01
1.669999999999999929e+00 4.129992006968185025e-01
1.673999999999999932e+00 4.121708311687745097e-01
1.677999999999999936e+00 4.113464413626079508e-01
1.681999999999999940e+00 4.105243240743156607e-01
1.685999999999999943e+00 4.097061373172785070e-01
1.689999999999999947e+00 4.088910174338594161e-01
1.693999999999999950e+00 4.080789422259505916e-01
1.697999999999999954e+00 4.072698897071639346e-01
1.701999999999999957e+00 4.064646684220122874e-01
1.705999999999999961e+00 4.056624228919289421e-01
1.709999999999999964e+00 4.048631317735326696e-01
1.713999999999999968e+00 4.040675988917858952e-01
1.717999999999999972e+00 4.032749747980161614e-01
1.721999999999999975e+00 4.024860602050226999e-01
1.725999999999999979e+00 4.017000096399291342e-01
1.729999999999999982e+00 4.009168027885943175e-01
1.733999999999999986e+00 4.001372357232405030e-01
1.737999999999999989e+00 3.993612833130095741e-01
1.741999999999999993e+00 3.985881079147753359e-01
1.745999999999999996e+00 3.978176900035592101e-01
1.750000000000000000e+00 3.970508195525787043e-01
1.754000000000000004e+00 3.962874722918658943e-01
1.758000000000000007e+00 3.955276241723407749e-01
1.762000000000000011e+00 3.947704471253624114e-01
1.766000000000000014e+00 3.940167251303937079e-01
1.770000000000000018e+00 3.932656338757751779e-01
1.774000000000000021e+00 3.925179543639686353e-01
1.778000000000000025e+00 3.917744611351411943e-01
1.782000000000000028e+00 3.910335345872172352e-01
1.786000000000000032e+00 3.902951570529800129e-01
1.790000000000000036e+00 3.895608963044837059e-01
1.794000000000000039e+00 3.888299342113379908e-01
1.798000000000000043e+00 3.881022487580458868e-01
1.802000000000000046e+00 3.873770303449833863e-01
1.806000000000000050e+00 3.866558345103817684e-01
1.810000000000000053e+00 3.859378504262707676e-01
1.814000000000000057e+00 3.852230568462305937e-01
1.818000000000000060e+00 3.845114327108282160e-01
1.822000000000000064e+00 3.838029571455654487e-01
1.826000000000000068e+00 3.830983877095650580e-01
1.830000000000000071e+00 3.823961458268755331e-01
1.834000000000000075e+00 3.816977661177596293e-01
1.838000000000000078e+00 3.810032237790213494e-01
1.842000000000000082e+00 3.803117221844913853e-01
1.846000000000000085e+00 3.796232415676855099e-01
1.850000000000000089e+00 3.789377623330723033e-01
1.854000000000000092e+00 3.782560325090494335e-01
1.858000000000000096e+00 3.775780282923562048e-01
1.862000000000000099e+00 3.769029616523622561e-01
1.866000000000000103e+00 3.762315766311672416e-01
1.870000000000000107e+00 3.755638500179172556e-01
1.874000000000000110e+00 3.748989988478329538e-01
1.877999999999999892e+00 3.742377632215870276e-01
1.881999999999999895e+00 3.735801205022313831e-01
1.885999999999999899e+00 3.729252927109747984e-01
1.889999999999999902e+00 3.722747701283446453e-01
1.893999999999999906e+00 3.716270210673098262e-01
1.897999999999999909e+00 3.709835303514866789e-01
1.901999999999999913e+00 3.703427724764185025e-01
1.905999999999999917e+00 3.697062268561081555e-01
1.909999999999999920e+00 3.690723741059800389e-01
1.913999999999999924e+00 3.684426882772253720e-01
1.917999999999999927e+00 3.678164000999775141e-01
1.921999999999999931e+00 3.671934887913412271e-01
1.925999999999999934e+00 3.665739337433205902e-01
1.929999999999999938e+00 3.659584543851670535e-01
1.933999999999999941e+00 3.653462878204818409e-01
1.937999999999999945e+00 3.647374139745606092e-01
1.941999999999999948e+00 3.641325486727367555e-01
1.945999999999999952e+00 3.635309337127819451e-01
1.949999999999999956e+00 3.629332825483247427e-01
1.953999999999999959e+00 3.623395717320303522e-01
1.957999999999999963e+00 3.617490476981042313e-01
1.961999999999999966e+00 3.611616914079784357e-01
1.965999999999999970e+00 3.605789392816415306e-01
1.969999999999999973e+00 3.599993119945037456e-01
1.973999999999999977e+00 3.594235160219659275e-01
1.977999999999999980e+00 3.588508053479746440e-01
1.981999999999999984e+00 3.582818841540206800e-01
1.985999999999999988e+00 3.577167304805282666e-01
1.989999999999999991e+00 3.571553225531848841e-01
1.993999999999999995e+00 3.565976387810840254e-01
1.997999999999999998e+00 3.560436577548878878e-01
2.001999999999999780e+00 3.554926422690199428e-01
2.005999999999999783e+00 3.549452897772323867e-01
2.009999999999999787e+00 3.544015793846901352e-01
2.013999999999999790e+00 3.538614903711549964e-01
2.017999999999999794e+00 3.533250021892558324e-01
2.021999999999999797e+00 3.527913847484063781e-01
2.025999999999999801e+00 3.522613300230885147e-01
2.029999999999999805e+00 3.517348179555039867e-01
2.033999999999999808e+00 3.512111226230276162e-01
2.037999999999999812e+00 3.506902279460701322e-01
2.041999999999999815e+00 3.501728215768342145e-01
2.045999999999999819e+00 3.496581816766376472e-01
2.049999999999999822e+00 3.491462925627056291e-01
2.053999999999999826e+00 3.486371386765355629e-01
2.057999999999999829e+00 3.481300057660567382e-01
2.061999999999999833e+00 3.476255797018422133e-01
2.065999999999999837e+00 3.471231488221587780e-01
2.069999999999999840e+00 3.466227015607193929e-01
2.073999999999999844e+00 3.461235323335414837e-01
2.077999999999999847e+00 3.456256332517839147e-01
2.081999999999999851e+00 3.451283047139079851e-01
2.085999999999999854e+00 3.446315424371971803e-01
2.089999999999999858e+00 3.441346527244953379e-01
2.093999999999999861e+00 3.436376348419710181e-01
2.097999999999999865e+00 3.431391137919073686e-01
2.101999999999999869e+00 3.426390958071451887e-01
2.105999999999999872e+00 3.421369022895505707e-01
2.109999999999999876e+00 3.416311755795809479e-01
2.113999999999999879e+00 3.411212497855891645e-01
2.117999999999999883e+00 3.406057822925964151e-01
2.121999999999999886e+00 3.400834398002254844e-01
2.125999999999999890e+00 3.395535774253918837e-01
2.129999999999999893e+00 3.390141993672871057e-01
2.133999999999999897e+00 3.384633241355265998e-01
2.137999999999999901e+00 3.378989847909846245e-01
2.141999999999999904e+00 3.373185549874125333e-01
2.145999999999999908e+00 3.367207745499014582e-01
2.149999999999999911e+00 3.361010351169883004e-01
2.153999999999999915e+00 3.354561057044165295e-01
2.157999999999999918e+00 3.347827828136788475e-01
2.161999999999999922e+00 3.340765558325924922e-01
2.165999999999999925e+00 3.333316219735736330e-01
2.169999999999999929e+00 3.325422328147154549e-01
2.173999999999999932e+00 3.317020340922747224e-01
2.177999999999999936e+00 3.308034150327509582e-01
2.181999999999999940e+00 3.298375291312597435e-01
2.185999999999999943e+00 3.287943176797929468e-01
2.189999999999999947e+00 3.276618794432137327e-01
2.193999999999999950e+00 3.264284769136193143e-01
2.197999999999999954e+00 3.250773263182799022e-01
2.201999999999999957e+00 3.235938651585972270e-01
2.205999999999999961e+00 3.219573135275408116e-01
2.209999999999999964e+00 3.201479405984778981e-01
2.213999999999999968e+00 3.181413095510620126e-01
2.217999999999999972e+00 3.159110152470481769e-01
2.221999999999999975e+00 3.134301077022508819e-01
2.225999999999999979e+00 3.106667891836317197e-01
2.229999999999999982e+00 3.075903851887884510e-01
2.233999999999999986e+00 3.041683791178312890e-01
2.237999999999999989e+00 3.003704468823762963e-01
2.241999999999999993e+00 2.961692775579459758e-01
2.245999999999999996e+00 2.915438246759899932e-01
2.250000000000000000e+00 2.864842051165428227e-01
2.254000000000000004e+00 2.809938555357455736e-01
2.258000000000000007e+00 2.750961636471082050e-01
2.262000000000000011e+00 2.688404329617673505e-01
2.266000000000000014e+00 2.623018775534077807e-01
2.270000000000000018e+00 2.555875094077933452e-01
2.274000000000000021e+00 2.488310848294289779e-01
2.278000000000000025e+00 2.421915823649386512e-01
2.282000000000000028e+00 2.358382268324611952e-01
2.286000000000000032e+00 2.299425579886707482e-01
2.290000000000000036e+00 2.246595897737966585e-01
2.294000000000000039e+00 2.201132188389951505e-01
2.298000000000000043e+00 2.163892890700312155e-01
2.302000000000000046e+00 2.135263547256747718e-01
2.306000000000000050e+00 2.115184829467238736e-01
2.310000000000000053e+00 2.103193103669772912e-01
2.314000000000000057e+00 2.098544271765019065e-01
2.318000000000000060e+00 2.100289696618175828e-01
2.322000000000000064e+00 2.107386675395865328e-01
2.326000000000000068e+00 2.118802156707407236e-01
2.330000000000000071e+00 2.133552024938816238e-01
2.334000000000000075e+00 2.150749075621599948e-01
2.338000000000000078e+00 2.169629147747977604e-01
2.342000000000000082e+00 2.189554591848869858e-01
2.346000000000000085e+00 2.209998972177658338e-01
2.350000000000000089e+00 2.230548386632524027e-01
2.354000000000000092e+00 2.250887735113338561e-01
2.358000000000000096e+00 2.270771140283133205e-01
2.362000000000000099e+00 2.290028812984903350e-01
2.366000000000000103e+00 2.308531520339399679e-01
2.370000000000000107e+00 2.326212793668847312e-01
2.374000000000000110e+00 2.343016664456186171e-01
2.378000000000000114e+00 2.358919319078327248e-01
2.382000000000000117e+00 2.373929567179993705e-01
2.386000000000000121e+00 2.388046209252031593e-01
2.390000000000000124e+00 2.401295595394849214e-01
2.394000000000000128e+00 2.413704868427132277e-01
2.398000000000000131e+00 2.425307302245848506e-01
2.402000000000000135e+00 2.436136866162370851e-01
2.406000000000000139e+00 2.446228156758551431e-01
2.410000000000000142e+00 2.455627180544572019e-01
2.414000000000000146e+00 2.464364200667204241e-01
2.418000000000000149e+00 2.472475331552422551e-01
2.422000000000000153e+00 2.479997074397699564e-01
2.426000000000000156e+00 2.486960827060613610e-01
2.430000000000000160e+00 2.493403709865636142e-01
2.434000000000000163e+00 2.499352203879032508e-01
2.438000000000000167e+00 2.504838433833665445e-01
2.442000000000000171e+00 2.509889251148302303e-01
2.446000000000000174e+00 2.514526200565371239e-01
2.450000000000000178e+00 2.518781839023869762e-01
2.454000000000000181e+00 2.522672476708778255e-01
2.458000000000000185e+00 2.526219949678250032e-01
2.462000000000000188e+00 2.529446156832448334e-01
2.466000000000000192e+00 2.532367600320232781e-01
2.470000000000000195e+00 2.535006266141934250e-01
2.474000000000000199e+00 2.537373280892725735e-01
2.478000000000000203e+00 2.539485238833060210e-01
2.482000000000000206e+00 2.541364184029618611e-01
2.486000000000000210e+00 2.543010418078500146e-01
2.490000000000000213e+00 2.544445998353669913e-01
2.494000000000000217e+00 2.545676678110861402e-01
2.498000000000000220e+00 2.546719072087246794e-01
2.501999999999999780e+00 2.547584354884437907e-01
2.505999999999999783e+00 2.548278273224020563e-01
2.509999999999999787e+00 2.548806575454984902e-01
2.513999999999999790e+00 2.549180420169757100e-01
2.517999999999999794e+00 2.549416354155276121e-01
2.521999999999999797e+00 2.549509277388971595e-01
2.525999999999999801e+00 2.549475708337844426e-01
2.529999999999999805e+00 2.549315942164693261e-01
2.533999999999999808e+00 2.549035670902763395e-01
2.537999999999999812e+00 2.548651344273379360e-01
2.541999999999999815e+00 2.548152464553963270e-01
2.545999999999999819e+00 2.547560825771454374e-01
2.549999999999999822e+00 2.546865930978922665e-01
2.553999999999999826e+00 2.546084150684637670e-01
2.557999999999999829e+00 2.545215720386824199e-01
2.561999999999999833e+00 2.544266233344029682e-01
2.565999999999999837e+00 2.543235916064015556e-01
2.569999999999999840e+00 2.542130341719634479e-01
2.573999999999999844e+00 2.540949726404582165e-01
2.577999999999999847e+00 2.539704954481528110e-01
2.581999999999999851e+00 2.538396213800998003e-01
2.585999999999999854e+00 2.537023693881205189e-01
2.589999999999999858e+00 2.535587585895182627e-01
2.593999999999999861e+00 2.534098703801835883e-01
2.597999999999999865e+00 2.532557207755063433e-01
2.601999999999999869e+00 2.530963258937681815e-01
2.605999999999999872e+00 2.529322312891523206e-01
2.609999999999999876e+00 2.527629227833441683e-01
2.613999999999999879e+00 2.525894731150676309e-01
2.617999999999999883e+00 2.524113676760437741e-01
2.621999999999999886e+00 2.522291482493999593e-01
2.625999999999999890e+00 2.520433543077364447e-01
2.629999999999999893e+00 2.518534714059849633e-01
2.633999999999999897e+00 2.516600379147170830e-01
2.637999999999999901e+00 2.514635898414685489e-01
2.641999999999999904e+00 2.512630888717017341e-01
2.645999999999999908e+00 2.510595950571546386e-01
2.649999999999999911e+00 2.508536408551141350e-01
2.653999999999999915e+00 2.506441898533584012e-01
2.657999999999999918e+00 2.504322966959939278e-01
2.661999999999999922e+00 2.502174483792396487e-01
2.665999999999999925e+00 2.500001749811512908e-01
2.669999999999999929e+00 2.497804844427215232e-01
2.673999999999999932e+00 2.495583847157269164e-01
2.677999999999999936e+00 2.493338837626472015e-01
2.681999999999999940e+00 2.491075073765222359e-01
2.685999999999999943e+00 2.488787444738151389e-01
2.689999999999999947e+00 2.486486361898744002e-01
2.693999999999999950e+00 2.484161548776173123e-01
2.697999999999999954e+00 2.481818238617696237e-01
2.701999999999999957e+00 2.479456492737196205e-01
2.705999999999999961e+00 2.477081513171162375e-01
2.709999999999999964e+00 2.474688208062980066e-01
2.713999999999999968e+00 2.472281766941478443e-01
2.717999999999999972e+00 2.469862232380072298e-01
2.721999999999999975e+00 2.467424531397734988e-01
2.725999999999999979e+00 2.464973834717360812e-01
2.729999999999999982e+00 2.462510184933283108e-01
2.733999999999999986e+00 2.460038721313378973e-01
2.737999999999999989e+00 2.457549286819640244e-01
2.741999999999999993e+00 2.455052111095637202e-01
2.745999999999999996e+00 2.452542140074727983e-01
2.750000000000000000e+00 2.450024487830839426e-01
2.754000000000000004e+00 2.447499178068878178e-01
2.758000000000000007e+00 2.444961175621372662e-01
2.762000000000000011e+00 2.442415575665437544e-01
2.766000000000000014e+00 2.439857355629828084e-01
2.770000000000000018e+00 2.437296638078172706e-01
2.774000000000000021e+00 2.434723360458793950e-01
2.778000000000000025e+00 2.432147620165360236e-01
2.782000000000000028e+00 2.429559379820866172e-01
2.786000000000000032e+00 2.426968711669206524e-01
2.790000000000000036e+00 2.424370612039320749e-01
2.794000000000000039e+00 2.421765104665493662e-01
2.798000000000000043e+00 2.419157209291421529e-01
2.802000000000000046e+00 2.416541941114279946e-01
2.806000000000000050e+00 2.413919323886299373e-01
2.810000000000000053e+00 2.411294358581614616e-01
2.814000000000000057e+00 2.408667050196684478e-01
2.818000000000000060e+00 2.406032439033292392e-01
2.822000000000000064e+00 2.403390548871582599e-01
2.826000000000000068e+00 2.400751307982912364e-01
2.830000000000000071e+00 2.398104810727760827e-01
2.834000000000000075e+00 2.395456020704927746e-01
2.838000000000000078e+00 2.392804943061990208e-01
2.842000000000000082e+00 2.390151582978492506e-01
2.846000000000000085e+00 2.387495945665722430e-01
2.850000000000000089e+00 2.384833121386400745e-01
2.854000000000000092e+00 2.382172951560348473e-01
2.858000000000000096e+00 2.379510520319911282e-01
2.862000000000000099e+00 2.376845833001170749e-01
2.866000000000000103e+00 2.374178894970854492e-01
2.870000000000000107e+00 2.371509711626125783e-01
2.874000000000000110e+00 2.368838288394367886e-01
2.878000000000000114e+00 2.366164630732978391e-01
2.882000000000000117e+00 2.363493609825206565e-01
2.886000000000000121e+00 2.360820353239459213e-01
2.890000000000000124e+00 2.358149720003498151e-01
2.894000000000000128e+00 2.355476850038252246e-01
2.898000000000000131e+00 2.352801748989460928e-01
2.902000000000000135e+00 2.350124422531420232e-01
2.906000000000000139e+00 2.347449705454477398e-01
2.910000000000000142e+00 2.344777585272118103e-01
2.914000000000000146e+00 2.342103232616833675e-01
2.918000000000000149e+00 2.339426653315604676e-01
2.922000000000000153e+00 2.336757462953850117e-01
2.926000000000000156e+00 2.334081234701917695e-01
2.930000000000000160e+00 2.331412371019720153e-01
2.934000000000000163e+00 2.328741268170878009e-01
2.938000000000000167e+00 2.326067932176391073e-01
2.942000000000000171e+00 2.323401918687294787e-01
2.946000000000000174e+00 2.320733660219843342e-01
2.950000000000000178e+00 2.318063162911614961e-01
2.954000000000000181e+00 2.315399946687635158e-01
2.958000000000000185e+00 2.312734480137153825e-01
2.962000000000000188e+00 2.310071514497495093e-01
2.966000000000000192e+00 2.307411038234147838e-01
2.970000000000000195e+00 2.304753039889325117e-01
2.974000000000000199e+00 2.302097508081439314e-01
2.978000000000000203e+00 2.299439710179982110e-01
2.982000000000000206e+00 2.296789083491238836e-01
2.986000000000000210e+00 2.294136180080675880e-01
2.990000000000000213e+00 2.291490413842770801e-01
2.994000000000000217e+00 2.288842360508085982e-01
2.998000000000000220e+00 2.286201410644710108e-01
3.001999999999999780e+00 2.283558163559280541e-01
3.005999999999999783e+00 2.280917306259009070e-01
3.009999999999999787e+00 2.278283502496024904e-01
3.013999999999999790e+00 2.275647386780583203e-01
3.017999999999999794e+00 2.273018291729350382e-01
3.021999999999999797e+00 2.270391532334299634e-01
3.025999999999999801e+00 2.267767098159626515e-01
3.029999999999999805e+00 2.265144978838922740e-01
3.033999999999999808e+00 2.262525164074721262e-01
3.037999999999999812e+00 2.259907643638044972e-01
3.041999999999999815e+00 2.257297035753185466e-01
3.045999999999999819e+00 2.254688690510622817e-01
3.049999999999999822e+00 2.252082597914926987e-01
3.053999999999999826e+00 2.249478748037212761e-01
3.057999999999999829e+00 2.246881736613633440e-01
3.061999999999999833e+00 2.244282336976905212e-01
3.065999999999999837e+00 2.241694339219370835e-01
3.069999999999999840e+00 2.239103933910182309e-01
3.073999999999999844e+00 2.236520294401451725e-01
3.077999999999999847e+00 2.233938816940473360e-01
3.081999999999999851e+00 2.231364063873946812e-01
3.085999999999999854e+00 2.228786876721229049e-01
3.089999999999999858e+00 2.226220944713371286e-01
3.093999999999999861e+00 2.223652560159418978e-01
3.097999999999999865e+00 2.221095378954990873e-01
3.101999999999999869e+00 2.218535727048886186e-01
3.105999999999999872e+00 2.215982688797466515e-01
3.109999999999999876e+00 2.213436238681806556e-01
3.113999999999999879e+00 2.210891824010319806e-01
3.117999999999999883e+00 2.208349436032733260e-01
3.121999999999999886e+00 2.205813582356661862e-01
3.125999999999999890e+00 2.203284237898414655e-01
3.129999999999999893e+00 2.200756872347094939e-01
3.133999999999999897e+00 2.198231477241216481e-01
3.137999999999999901e+00 2.195712538620724352e-01
3.141999999999999904e+00 2.193200031826858243e-01
3.145999999999999908e+00 2.190693932326266136e-01
3.149999999999999911e+00 2.188185259337077360e-01
3.153999999999999915e+00 2.185687439314101255e-01
3.157999999999999918e+00 2.183191497058784847e-01
3.161999999999999922e+00 2.180701886634141828e-01
3.165999999999999925e+00 2.178218584040816364e-01
3.169999999999999929e+00 2.175737114081031098e-01
3.173999999999999932e+00 2.173261914985663013e-01
3.177999999999999936e+00 2.170788522421470412e-01
3.181999999999999940e+00 2.168325799448447833e-01
3.185999999999999943e+00 2.165864846603924310e-01
3.189999999999999947e+00 2.163410081179164002e-01
3.193999999999999950e+00 2.160957060451484391e-01
3.197999999999999954e+00 2.158514605504818773e-01
3.201999999999999957e+00 2.156073859611814802e-01
3.205999999999999961e+00 2.153634815592113672e-01
3.209999999999999964e+00 2.151206263283068909e-01
3.213999999999999968e+00 2.148783771016317679e-01
3.217999999999999972e+00 2.146362928121735292e-01
3.221999999999999975e+00 2.143948110565654652e-01
3.225999999999999979e+00 2.141539295935160347e-01
3.229999999999999982e+00 2.139136461928364263e-01
3.233999999999999986e+00 2.136739586353710585e-01
3.237999999999999989e+00 2.134344284894793553e-01
3.241999999999999993e+00 2.131959265176081586e-01
3.245999999999999996e+00 2.129575785971483948e-01
3.250000000000000000e+00 2.127198187720745759e-01
3.254000000000000004e+00 2.124830790519637302e-01
3.258000000000000007e+00 2.122464884137821306e-01
3.262000000000000011e+00 2.120104793978403457e-01
3.266000000000000014e+00 2.117750498671306103e-01
3.270000000000000018e+00 2.115401976951016283e-01
3.274000000000000021e+00 2.113059207655945404e-01
3.278000000000000025e+00 2.110722169727795305e-01
3.282000000000000028e+00 2.108390842210927651e-01
3.286000000000000032e+00 2.106065204251741096e-01
3.290000000000000036e+00 2.103745235098049005e-01
3.294000000000000039e+00 2.101430914098466329e-01
3.298000000000000043e+00 2.099122220701794272e-01
3.302000000000000046e+00 2.096823416066794510e-01
3.306000000000000050e+00 2.094525911684169683e-01
3.310000000000000053e+00 2.092233973857878515e-01
3.314000000000000057e+00 2.089947582431410933e-01
3.318000000000000060e+00 2.087670979287953588e-01
3.322000000000000064e+00 2.085395615691356397e-01
3.326000000000000068e+00 2.083129990799353348e-01
3.330000000000000071e+00 2.080869822933366642e-01
3.334000000000000075e+00 2.078615092452029411e-01
3.338000000000000078e+00 2.076365779808124479e-01
3.342000000000000082e+00 2.074121865548016752e-01
3.346000000000000085e+00 2.071883330311092841e-01
3.350000000000000089e+00 2.069650154829211497e-01
3.354000000000000092e+00 2.067426538331060826e-01
3.358000000000000096e+00 2.065208233771398116e-01
3.362000000000000099e+00 2.062995222190300015e-01
3.366000000000000103e+00 2.060787484717967466e-01
3.370000000000000107e+00 2.058585002574191414e-01
3.374000000000000110e+00 2.056387757067821842e-01
3.378000000000000114e+00 2.054199919521548512e-01
3.382000000000000117e+00 2.052017272083689614e-01
3.386000000000000121e+00 2.049839796360476141e-01
3.390000000000000124e+00 2.047667474044953806e-01
3.394000000000000128e+00 2.045504458097572864e-01
3.398000000000000131e+00 2.043346549887556374e-01
3.402000000000000135e+00 2.041193731398193989e-01
3.406000000000000139e+00 2.039045984697410718e-01
3.410000000000000142e+00 2.036903291937269544e-01
3.414000000000000146e+00 2.034769783371473684e-01
3.418000000000000149e+00 2.032641284103243740e-01
3.422000000000000153e+00 2.030521915405897049e-01
3.426000000000000156e+00 2.028403377540939356e-01
3.430000000000000160e+00 2.026293926235099851e-01
3.434000000000000163e+00 2.024189405359206051e-01
3.438000000000000167e+00 2.022093918323219219e-01
3.442000000000000171e+00 2.020003318325752084e-01
3.446000000000000174e+00 2.017917588348677183e-01
3.450000000000000178e+00 2.015836711452793362e-01
3.454000000000000181e+00 2.013764773365820937e-01
3.458000000000000185e+00 2.011697645755471942e-01
3.462000000000000188e+00 2.009635311947650660e-01
3.466000000000000192e+00 2.007581844533451454e-01
3.470000000000000195e+00 2.005533128913149499e-01
3.474000000000000199e+00 2.003489148672949194e-01
3.478000000000000203e+00 2.001449887474563982e-01
3.482000000000000206e+00 1.999419400534895308e-01
3.486000000000000210e+00 1.997397658469811932e-01
3.490000000000000213e+00 1.995376506635315739e-01
3.494000000000000217e+00 1.993364058828221153e-01
3.498000000000000220e+00 1.991360286018510062e-01
3.501999999999999780e+00 1.989357060091608842e-01
3.505999999999999783e+00 1.987362468880752575e-01
3.509999999999999787e+00 1.985376483704468231e-01
3.513999999999999790e+00 1.983391002768649103e-01
3.517999999999999794e+00 1.981414088142285923e-01
3.521999999999999797e+00 1.979445711486996773e-01
3.525999999999999801e+00 1.977481820861769490e-01
3.529999999999999805e+00 1.975522401016644169e-01
3.533999999999999808e+00 1.973567436770703454e-01
3.537999999999999812e+00 1.971620923964430283e-01
3.541999999999999815e+00 1.969678828116502578e-01
3.545999999999999819e+00 1.967745136765400860e-01
3.549999999999999822e+00 1.965815824106958709e-01
3.553999999999999826e+00 1.963890875356622823e-01
3.557999999999999829e+00 1.961974265663441186e-01
3.561999999999999833e+00 1.960061982134964631e-01
3.565999999999999837e+00 1.958154010213151441e-01
3.569999999999999840e+00 1.956254312750524971e-01
3.573999999999999844e+00 1.954358889664702115e-01
3.577999999999999847e+00 1.952471695673683172e-01
3.581999999999999851e+00 1.950584774264893795e-01
3.585999999999999854e+00 1.948710006028779307e-01
3.589999999999999858e+00 1.946835482077763912e-01
3.593999999999999861e+00 1.944969105874001514e-01
3.597999999999999865e+00 1.943106902650494072e-01
3.601999999999999869e+00 1.941252802932226795e-01
3.605999999999999872e+00 1.939402840313111387e-01
3.609999999999999876e+00 1.937557001041018412e-01
3.613999999999999879e+00 1.935719203681356138e-01
3.617999999999999883e+00 1.933885494270286831e-01
3.621999999999999886e+00 1.932055859264083242e-01
3.625999999999999890e+00 1.930230285178779759e-01
3.629999999999999893e+00 1.928412674758861745e-01
3.633999999999999897e+00 1.926603002648515917e-01
3.637999999999999901e+00 1.924793427227081966e-01
3.641999999999999904e+00 1.922991755658496060e-01
3.645999999999999908e+00 1.921197962879136745e-01
3.649999999999999911e+00 1.919404231350421985e-01
3.653999999999999915e+00 1.917618344613482850e-01
3.657999999999999918e+00 1.915836389478035306e-01
3.661999999999999922e+00 1.914062237547053957e-01
3.665999999999999925e+00 1.912291983671889628e-01
3.669999999999999929e+00 1.910525615106855313e-01
3.673999999999999932e+00 1.908763119161770994e-01
3.677999999999999936e+00 1.907008352081009384e-01
3.681999999999999940e+00 1.905257424645957764e-01
3.685999999999999943e+00 1.903510324356413597e-01
3.689999999999999947e+00 1.901770896041943826e-01
3.693999999999999950e+00 1.900035262333843178e-01
3.697999999999999954e+00 1.898303410918624201e-01
3.701999999999999957e+00 1.896575329536017429e-01
3.705999999999999961e+00 1.894854847913725882e-01
3.709999999999999964e+00 1.893134266211549399e-01
3.713999999999999968e+00 1.891421252402130937e-01
3.717999999999999972e+00 1.889715783049771558e-01
3.721999999999999975e+00 1.888010181343446336e-01
3.725999999999999979e+00 1.886312092643779859e-01
3.729999999999999982e+00 1.884617674578621394e-01
3.733999999999999986e+00 1.882926915351610664e-01
3.737999999999999989e+00 1.881243614907314177e-01
3.741999999999999993e+00 1.879560134426455642e-01
3.745999999999999996e+00 1.877884081921298576e-01
3.750000000000000000e+00 1.876211634129292538e-01
3.754000000000000004e+00 1.874542779527647862e-01
3.758000000000000007e+00 1.872881299718158477e-01
3.762000000000000011e+00 1.871219593425607342e-01
3.766000000000000014e+00 1.869565231744972356e-01
3.770000000000000018e+00 1.867914410296101502e-01
3.774000000000000021e+00 1.866267117822295041e-01
3.778000000000000025e+00 1.864623343114528708e-01
3.782000000000000028e+00 1.862983075011195588e-01
3.786000000000000032e+00 1.861350069769610316e-01
3.790000000000000036e+00 1.859716777937794330e-01
3.794000000000000039e+00 1.858090719616599662e-01
3.798000000000000043e+00 1.856468116482812014e-01
3.802000000000000046e+00 1.854848957631053119e-01
3.806000000000000050e+00 1.853233232201788594e-01
3.810000000000000053e+00 1.851620929381090352e-01
3.814000000000000057e+00 1.850012038400393743e-01
3.818000000000000060e+00 1.848406548536262184e-01
3.822000000000000064e+00 1.846808184021567767e-01
3.826000000000000068e+00 1.845209460830592729e-01
3.830000000000000071e+00 1.843617834646386899e-01
3.834000000000000075e+00 1.842025835800246147e-01
3.838000000000000078e+00 1.840440905824594076e-01
3.842000000000000082e+00 1.838855589347304365e-01
3.846000000000000085e+00 1.837277313808586277e-01
3.850000000000000089e+00 1.835698638072842115e-01
3.854000000000000092e+00 1.834126975546121752e-01
3.858000000000000096e+00 1.832558602345264465e-01
3.862000000000000099e+00 1.830989808673119112e-01
3.866000000000000103e+00 1.829427986996300104e-01
3.870000000000000107e+00 1.827869424103041873e-01
3.874000000000000110e+00 1.826310420779880817e-01
3.878000000000000114e+00 1.824758348682611608e-01
3.882000000000000117e+00 1.823205823021309679e-01
3.886000000000000121e+00 1.821660201646285449e-01
3.890000000000000124e+00 1.820114113709534187e-01
3.894000000000000128e+00 1.818574903312188407e-01
3.898000000000000131e+00 1.817035213490341694e-01
3.902000000000000135e+00 1.815498709689452317e-01
3.906000000000000139e+00 1.813965382121437708e-01
3.910000000000000142e+00 1.812438879159201099e-01
3.914000000000000146e+00 1.810911871442421883e-01
3.918000000000000149e+00 1.809388010840734529e-01
3.922000000000000153e+00 1.807863639814054624e-01
3.926000000000000156e+00 1.806346047983907466e-01
3.930000000000000160e+00 1.804831574492143098e-01
3.934000000000000163e+00 1.803316572067163448e-01
3.938000000000000167e+00 1.801804675736573269e-01
3.942000000000000171e+00 1.800299507066514260e-01
3.946000000000000174e+00 1.798793791238075812e-01
3.950000000000000178e+00 1.797291153259493734e-01
3.954000000000000181e+00 1.795787962824304529e-01
3.958000000000000185e+00 1.794291455898744947e-01
