Energy Eta
3.350000000000000200e-01 2.058869999999999867e-01
3.370000000000000218e-01 2.630850000000000133e-01
3.390000000000000235e-01 2.895490000000000008e-01
3.410000000000000253e-01 3.043359999999999954e-01
3.430000000000000271e-01 3.130510000000000237e-01
3.449999999999999734e-01 3.182860000000000134e-01
3.469999999999999751e-01 3.214150000000000063e-01
3.489999999999999769e-01 3.232539999999999858e-01
3.509999999999999787e-01 3.243269999999999764e-01
3.529999999999999805e-01 3.249819999999999931e-01
3.549999999999999822e-01 3.254500000000000171e-01
3.569999999999999840e-01 3.258739999999999970e-01
3.589999999999999858e-01 3.263420000000000210e-01
3.609999999999999876e-01 3.268989999999999951e-01
3.629999999999999893e-01 3.275710000000000011e-01
3.649999999999999911e-01 3.283659999999999912e-01
3.669999999999999929e-01 3.292860000000000231e-01
3.689999999999999947e-01 3.303260000000000085e-01
3.709999999999999964e-01 3.314779999999999949e-01
3.729999999999999982e-01 3.327309999999999990e-01
3.750000000000000000e-01 3.340719999999999801e-01
3.770000000000000018e-01 3.354860000000000064e-01
3.790000000000000036e-01 3.369570000000000065e-01
3.810000000000000053e-01 3.384690000000000198e-01
3.830000000000000071e-01 3.400079999999999769e-01
3.850000000000000089e-01 3.415590000000000015e-01
3.870000000000000107e-01 3.431130000000000013e-01
3.890000000000000124e-01 3.446600000000000219e-01
3.910000000000000142e-01 3.461960000000000037e-01
3.930000000000000160e-01 3.477149999999999963e-01
3.950000000000000178e-01 3.492160000000000264e-01
3.970000000000000195e-01 3.506989999999999830e-01
3.990000000000000213e-01 3.521630000000000038e-01
4.010000000000000231e-01 3.536119999999999819e-01
4.030000000000000249e-01 3.550490000000000035e-01
4.050000000000000266e-01 3.564760000000000151e-01
4.069999999999999729e-01 3.578970000000000207e-01
4.089999999999999747e-01 3.593180000000000263e-01
4.109999999999999765e-01 3.607409999999999783e-01
4.129999999999999782e-01 3.621710000000000207e-01
4.149999999999999800e-01 3.636119999999999908e-01
4.169999999999999818e-01 3.650680000000000036e-01
4.189999999999999836e-01 3.665399999999999769e-01
4.209999999999999853e-01 3.680320000000000258e-01
4.229999999999999871e-01 3.695450000000000124e-01
4.249999999999999889e-01 3.710809999999999942e-01
4.269999999999999907e-01 3.726419999999999733e-01
4.289999999999999925e-01 3.742280000000000051e-01
4.309999999999999942e-01 3.758389999999999787e-01
4.329999999999999960e-01 3.774759999999999782e-01
4.349999999999999978e-01 3.791390000000000038e-01
4.369999999999999996e-01 3.808250000000000246e-01
4.390000000000000013e-01 3.825359999999999872e-01
4.410000000000000031e-01 3.842690000000000272e-01
4.430000000000000049e-01 3.860230000000000050e-01
4.450000000000000067e-01 3.877970000000000028e-01
4.470000000000000084e-01 3.895879999999999899e-01
4.490000000000000102e-01 3.913949999999999929e-01
4.510000000000000120e-01 3.932149999999999812e-01
4.530000000000000138e-01 3.950469999999999815e-01
4.550000000000000155e-01 3.968869999999999898e-01
4.570000000000000173e-01 3.987330000000000041e-01
4.590000000000000191e-01 4.005819999999999936e-01
4.610000000000000209e-01 4.024320000000000119e-01
4.630000000000000226e-01 4.042799999999999727e-01
4.650000000000000244e-01 4.061239999999999850e-01
4.670000000000000262e-01 4.079590000000000161e-01
4.689999999999999725e-01 4.097819999999999796e-01
4.709999999999999742e-01 4.115920000000000134e-01
4.729999999999999760e-01 4.133839999999999737e-01
4.749999999999999778e-01 4.151569999999999983e-01
4.769999999999999796e-01 4.169050000000000256e-01
4.789999999999999813e-01 4.186259999999999981e-01
4.809999999999999831e-01 4.203169999999999962e-01
4.829999999999999849e-01 4.219749999999999890e-01
4.849999999999999867e-01 4.235970000000000013e-01
4.869999999999999885e-01 4.251789999999999736e-01
4.889999999999999902e-01 4.267179999999999862e-01
4.909999999999999920e-01 4.282130000000000103e-01
4.929999999999999938e-01 4.296590000000000131e-01
4.949999999999999956e-01 4.310539999999999927e-01
4.969999999999999973e-01 4.323949999999999738e-01
4.989999999999999991e-01 4.336800000000000099e-01
5.010000000000000009e-01 4.349060000000000148e-01
5.030000000000000027e-01 4.360700000000000132e-01
5.050000000000000044e-01 4.371709999999999763e-01
5.070000000000000062e-01 4.382050000000000112e-01
5.090000000000000080e-01 4.391689999999999761e-01
5.110000000000000098e-01 4.400640000000000107e-01
5.130000000000000115e-01 4.408839999999999981e-01
5.150000000000000133e-01 4.416280000000000205e-01
5.170000000000000151e-01 4.422940000000000205e-01
5.190000000000000169e-01 4.428799999999999959e-01
5.210000000000000187e-01 4.433830000000000271e-01
5.230000000000000204e-01 4.438019999999999743e-01
5.250000000000000222e-01 4.441330000000000000e-01
5.270000000000000240e-01 4.443759999999999932e-01
5.290000000000000258e-01 4.445290000000000075e-01
5.310000000000000275e-01 4.445890000000000120e-01
5.330000000000000293e-01 4.445549999999999780e-01
5.350000000000000311e-01 4.444250000000000145e-01
5.370000000000000329e-01 4.441979999999999817e-01
5.390000000000000346e-01 4.438730000000000175e-01
5.410000000000000364e-01 4.434469999999999801e-01
5.430000000000000382e-01 4.429210000000000091e-01
5.450000000000000400e-01 4.422920000000000185e-01
5.470000000000000417e-01 4.415620000000000100e-01
5.490000000000000435e-01 4.407280000000000086e-01
5.510000000000000453e-01 4.397909999999999875e-01
5.530000000000000471e-01 4.387510000000000021e-01
5.550000000000000488e-01 4.376070000000000237e-01
5.570000000000000506e-01 4.363600000000000256e-01
5.590000000000000524e-01 4.350100000000000078e-01
5.610000000000000542e-01 4.335579999999999989e-01
5.629999999999999449e-01 4.320060000000000011e-01
5.649999999999999467e-01 4.303540000000000143e-01
5.669999999999999485e-01 4.286019999999999830e-01
5.689999999999999503e-01 4.267540000000000222e-01
5.709999999999999520e-01 4.248109999999999942e-01
5.729999999999999538e-01 4.227750000000000119e-01
5.749999999999999556e-01 4.206469999999999931e-01
5.769999999999999574e-01 4.184320000000000261e-01
5.789999999999999591e-01 4.161299999999999999e-01
5.809999999999999609e-01 4.137449999999999739e-01
5.829999999999999627e-01 4.112790000000000057e-01
5.849999999999999645e-01 4.087359999999999882e-01
5.869999999999999662e-01 4.061179999999999790e-01
5.889999999999999680e-01 4.034289999999999821e-01
5.909999999999999698e-01 4.006730000000000014e-01
5.929999999999999716e-01 3.978519999999999834e-01
5.949999999999999734e-01 3.949699999999999878e-01
5.969999999999999751e-01 3.920310000000000183e-01
5.989999999999999769e-01 3.890370000000000217e-01
6.009999999999999787e-01 3.859929999999999750e-01
6.029999999999999805e-01 3.829029999999999934e-01
6.049999999999999822e-01 3.797690000000000232e-01
6.069999999999999840e-01 3.765959999999999863e-01
6.089999999999999858e-01 3.733870000000000244e-01
6.109999999999999876e-01 3.701439999999999730e-01
6.129999999999999893e-01 3.668739999999999779e-01
6.149999999999999911e-01 3.635769999999999835e-01
6.169999999999999929e-01 3.602580000000000227e-01
6.189999999999999947e-01 3.569189999999999863e-01
6.209999999999999964e-01 3.535639999999999894e-01
6.229999999999999982e-01 3.501949999999999785e-01
6.250000000000000000e-01 3.468189999999999884e-01
6.270000000000000018e-01 3.434329999999999883e-01
6.290000000000000036e-01 3.400429999999999842e-01
6.310000000000000053e-01 3.366520000000000068e-01
6.330000000000000071e-01 3.332609999999999739e-01
6.350000000000000089e-01 3.298719999999999986e-01
6.370000000000000107e-01 3.264900000000000024e-01
6.390000000000000124e-01 3.231140000000000123e-01
6.410000000000000142e-01 3.197490000000000054e-01
6.430000000000000160e-01 3.163940000000000086e-01
6.450000000000000178e-01 3.130539999999999989e-01
6.470000000000000195e-01 3.097289999999999766e-01
6.490000000000000213e-01 3.064200000000000257e-01
6.510000000000000231e-01 3.031289999999999818e-01
6.530000000000000249e-01 2.998589999999999867e-01
6.550000000000000266e-01 2.966099999999999848e-01
6.570000000000000284e-01 2.933830000000000049e-01
6.590000000000000302e-01 2.901799999999999935e-01
6.610000000000000320e-01 2.870019999999999794e-01
6.630000000000000338e-01 2.838510000000000200e-01
6.650000000000000355e-01 2.807270000000000043e-01
6.670000000000000373e-01 2.776299999999999879e-01
6.690000000000000391e-01 2.745619999999999727e-01
6.710000000000000409e-01 2.715239999999999876e-01
6.730000000000000426e-01 2.685159999999999769e-01
6.750000000000000444e-01 2.655399999999999983e-01
6.770000000000000462e-01 2.625959999999999961e-01
6.790000000000000480e-01 2.596849999999999992e-01
6.810000000000000497e-01 2.568079999999999807e-01
6.830000000000000515e-01 2.539640000000000231e-01
6.850000000000000533e-01 2.511550000000000171e-01
6.870000000000000551e-01 2.483819999999999917e-01
6.889999999999999458e-01 2.456440000000000012e-01
6.909999999999999476e-01 2.429439999999999933e-01
6.929999999999999494e-01 2.402799999999999936e-01
6.949999999999999512e-01 2.376540000000000041e-01
6.969999999999999529e-01 2.350659999999999972e-01
6.989999999999999547e-01 2.325149999999999995e-01
7.009999999999999565e-01 2.300049999999999872e-01
7.029999999999999583e-01 2.275349999999999873e-01
7.049999999999999600e-01 2.251029999999999975e-01
7.069999999999999618e-01 2.227109999999999923e-01
7.089999999999999636e-01 2.203630000000000033e-01
7.109999999999999654e-01 2.180549999999999988e-01
7.129999999999999671e-01 2.157880000000000076e-01
7.149999999999999689e-01 2.135650000000000048e-01
7.169999999999999707e-01 2.113829999999999876e-01
7.189999999999999725e-01 2.092449999999999866e-01
7.209999999999999742e-01 2.071489999999999998e-01
7.229999999999999760e-01 2.050990000000000035e-01
7.249999999999999778e-01 2.030929999999999958e-01
7.269999999999999796e-01 2.011280000000000012e-01
7.289999999999999813e-01 1.992099999999999982e-01
7.309999999999999831e-01 1.973389999999999866e-01
7.329999999999999849e-01 1.955099999999999894e-01
7.349999999999999867e-01 1.937290000000000123e-01
7.369999999999999885e-01 1.919939999999999980e-01
7.389999999999999902e-01 1.903029999999999999e-01
7.409999999999999920e-01 1.886589999999999934e-01
7.429999999999999938e-01 1.870600000000000041e-01
7.449999999999999956e-01 1.855090000000000072e-01
7.469999999999999973e-01 1.840050000000000019e-01
7.489999999999999991e-01 1.825479999999999881e-01
7.510000000000000009e-01 1.811339999999999895e-01
7.530000000000000027e-01 1.797700000000000131e-01
7.550000000000000044e-01 1.784509999999999985e-01
7.570000000000000062e-01 1.771800000000000042e-01
7.590000000000000080e-01 1.759550000000000003e-01
7.610000000000000098e-01 1.747779999999999889e-01
7.630000000000000115e-01 1.736449999999999938e-01
7.650000000000000133e-01 1.725589999999999902e-01
7.670000000000000151e-01 1.715190000000000048e-01
7.690000000000000169e-01 1.705260000000000109e-01
7.710000000000000187e-01 1.695790000000000075e-01
7.730000000000000204e-01 1.686759999999999926e-01
7.750000000000000222e-01 1.678199999999999970e-01
7.770000000000000240e-01 1.670069999999999888e-01
7.790000000000000258e-01 1.662389999999999979e-01
7.810000000000000275e-01 1.655169999999999975e-01
7.830000000000000293e-01 1.648360000000000103e-01
7.850000000000000311e-01 1.642019999999999869e-01
7.870000000000000329e-01 1.636090000000000044e-01
7.890000000000000346e-01 1.630580000000000085e-01
7.910000000000000364e-01 1.625520000000000020e-01
7.930000000000000382e-01 1.620840000000000058e-01
7.950000000000000400e-01 1.616579999999999961e-01
7.970000000000000417e-01 1.612750000000000017e-01
7.990000000000000435e-01 1.609309999999999907e-01
8.010000000000000453e-01 1.606259999999999910e-01
8.030000000000000471e-01 1.603600000000000025e-01
8.050000000000000488e-01 1.601319999999999966e-01
8.070000000000000506e-01 1.599420000000000008e-01
8.090000000000000524e-01 1.597860000000000114e-01
8.110000000000000542e-01 1.596710000000000074e-01
8.129999999999999449e-01 1.595880000000000076e-01
8.149999999999999467e-01 1.595399999999999874e-01
8.169999999999999485e-01 1.595239999999999991e-01
8.189999999999999503e-01 1.595459999999999934e-01
8.209999999999999520e-01 1.595949999999999869e-01
8.229999999999999538e-01 1.596770000000000134e-01
8.249999999999999556e-01 1.597919999999999896e-01
8.269999999999999574e-01 1.599339999999999928e-01
8.289999999999999591e-01 1.601039999999999963e-01
8.309999999999999609e-01 1.603040000000000020e-01
8.329999999999999627e-01 1.605280000000000040e-01
8.349999999999999645e-01 1.607810000000000072e-01
8.369999999999999662e-01 1.610560000000000047e-01
8.389999999999999680e-01 1.613570000000000004e-01
8.409999999999999698e-01 1.616809999999999914e-01
8.429999999999999716e-01 1.620280000000000054e-01
8.449999999999999734e-01 1.623920000000000086e-01
8.469999999999999751e-01 1.627800000000000080e-01
8.489999999999999769e-01 1.631839999999999957e-01
8.509999999999999787e-01 1.636070000000000024e-01
8.529999999999999805e-01 1.640469999999999984e-01
8.549999999999999822e-01 1.645030000000000103e-01
8.569999999999999840e-01 1.649760000000000115e-01
8.589999999999999858e-01 1.654619999999999980e-01
8.609999999999999876e-01 1.659579999999999944e-01
8.629999999999999893e-01 1.664670000000000039e-01
8.649999999999999911e-01 1.669869999999999965e-01
8.669999999999999929e-01 1.675180000000000002e-01
8.689999999999999947e-01 1.680580000000000129e-01
8.709999999999999964e-01 1.686060000000000059e-01
8.729999999999999982e-01 1.691590000000000038e-01
8.750000000000000000e-01 1.697210000000000107e-01
8.770000000000000018e-01 1.702849999999999919e-01
8.790000000000000036e-01 1.708560000000000079e-01
8.810000000000000053e-01 1.714299999999999990e-01
8.830000000000000071e-01 1.720049999999999912e-01
8.850000000000000089e-01 1.725829999999999864e-01
8.870000000000000107e-01 1.731610000000000094e-01
8.890000000000000124e-01 1.737380000000000035e-01
8.910000000000000142e-01 1.743159999999999987e-01
8.930000000000000160e-01 1.748919999999999919e-01
8.950000000000000178e-01 1.754630000000000078e-01
8.970000000000000195e-01 1.760359999999999980e-01
8.990000000000000213e-01 1.766010000000000080e-01
9.010000000000000231e-01 1.771629999999999872e-01
9.030000000000000249e-01 1.777199999999999891e-01
9.050000000000000266e-01 1.782700000000000118e-01
9.070000000000000284e-01 1.788150000000000017e-01
9.090000000000000302e-01 1.793530000000000124e-01
9.110000000000000320e-01 1.798839999999999884e-01
9.130000000000000338e-01 1.804040000000000088e-01
9.150000000000000355e-01 1.809189999999999965e-01
9.170000000000000373e-01 1.814250000000000029e-01
9.190000000000000391e-01 1.819189999999999974e-01
9.210000000000000409e-01 1.824030000000000096e-01
9.230000000000000426e-01 1.828770000000000118e-01
9.250000000000000444e-01 1.833400000000000030e-01
9.270000000000000462e-01 1.837910000000000099e-01
9.290000000000000480e-01 1.842290000000000039e-01
9.310000000000000497e-01 1.846569999999999878e-01
9.330000000000000515e-01 1.850719999999999865e-01
9.350000000000000533e-01 1.854719999999999980e-01
9.370000000000000551e-01 1.858579999999999954e-01
9.389999999999999458e-01 1.862330000000000096e-01
9.409999999999999476e-01 1.865950000000000109e-01
9.429999999999999494e-01 1.869359999999999911e-01
9.449999999999999512e-01 1.872640000000000138e-01
9.469999999999999529e-01 1.875769999999999937e-01
9.489999999999999547e-01 1.878740000000000132e-01
9.509999999999999565e-01 1.881539999999999879e-01
9.529999999999999583e-01 1.884170000000000011e-01
9.549999999999999600e-01 1.886599999999999944e-01
9.569999999999999618e-01 1.888869999999999993e-01
9.589999999999999636e-01 1.890940000000000121e-01
9.609999999999999654e-01 1.892840000000000078e-01
9.629999999999999671e-01 1.894500000000000073e-01
9.649999999999999689e-01 1.895999999999999908e-01
9.669999999999999707e-01 1.897270000000000068e-01
9.689999999999999725e-01 1.898320000000000007e-01
9.709999999999999742e-01 1.899160000000000015e-01
9.729999999999999760e-01 1.899720000000000020e-01
9.749999999999999778e-01 1.900050000000000072e-01
9.769999999999999796e-01 1.900129999999999875e-01
9.789999999999999813e-01 1.900000000000000022e-01
9.809999999999999831e-01 1.899530000000000107e-01
9.829999999999999849e-01 1.898779999999999912e-01
9.849999999999999867e-01 1.897770000000000012e-01
9.869999999999999885e-01 1.896410000000000040e-01
9.889999999999999902e-01 1.894750000000000045e-01
9.909999999999999920e-01 1.892729999999999968e-01
9.929999999999999938e-01 1.890419999999999878e-01
9.949999999999999956e-01 1.887669999999999904e-01
9.969999999999999973e-01 1.884579999999999866e-01
9.989999999999999991e-01 1.881029999999999924e-01
1.000999999999999890e+00 1.877089999999999870e-01
1.002999999999999892e+00 1.872679999999999900e-01
1.004999999999999893e+00 1.867810000000000026e-01
1.006999999999999895e+00 1.862439999999999929e-01
1.008999999999999897e+00 1.856520000000000115e-01
1.010999999999999899e+00 1.850090000000000068e-01
1.012999999999999901e+00 1.843059999999999976e-01
1.014999999999999902e+00 1.835390000000000077e-01
1.016999999999999904e+00 1.827080000000000093e-01
1.018999999999999906e+00 1.818099999999999994e-01
1.020999999999999908e+00 1.808359999999999967e-01
1.022999999999999909e+00 1.797870000000000024e-01
1.024999999999999911e+00 1.786540000000000072e-01
1.026999999999999913e+00 1.774320000000000064e-01
1.028999999999999915e+00 1.761179999999999968e-01
1.030999999999999917e+00 1.747120000000000062e-01
1.032999999999999918e+00 1.731969999999999898e-01
1.034999999999999920e+00 1.715710000000000013e-01
1.036999999999999922e+00 1.698240000000000027e-01
1.038999999999999924e+00 1.679549999999999932e-01
1.040999999999999925e+00 1.659499999999999864e-01
1.042999999999999927e+00 1.638000000000000012e-01
1.044999999999999929e+00 1.615000000000000047e-01
1.046999999999999931e+00 1.590360000000000107e-01
1.048999999999999932e+00 1.563950000000000062e-01
1.050999999999999934e+00 1.535690000000000111e-01
1.052999999999999936e+00 1.505430000000000101e-01
1.054999999999999938e+00 1.473029999999999895e-01
1.056999999999999940e+00 1.438349999999999906e-01
1.058999999999999941e+00 1.401229999999999976e-01
1.060999999999999943e+00 1.361410000000000120e-01
1.062999999999999945e+00 1.318819999999999992e-01
1.064999999999999947e+00 1.273150000000000115e-01
1.066999999999999948e+00 1.224200000000000010e-01
1.068999999999999950e+00 1.171829999999999955e-01
1.070999999999999952e+00 1.115619999999999945e-01
1.072999999999999954e+00 1.055360000000000048e-01
1.074999999999999956e+00 9.907699999999999840e-02
1.076999999999999957e+00 9.215399999999999980e-02
1.078999999999999959e+00 8.472200000000000564e-02
1.080999999999999961e+00 7.675099999999999978e-02
1.082999999999999963e+00 6.820400000000000074e-02
1.084999999999999964e+00 5.903699999999999920e-02
1.086999999999999966e+00 4.920700000000000074e-02
1.088999999999999968e+00 3.866800000000000098e-02
1.090999999999999970e+00 2.737500000000000003e-02
1.092999999999999972e+00 1.528000000000000018e-02
1.094999999999999973e+00 2.344999999999999862e-03
1.096999999999999975e+00 1.148199999999999915e-02
1.098999999999999977e+00 2.622999999999999984e-02
1.100999999999999979e+00 4.193700000000000205e-02
1.102999999999999980e+00 5.863600000000000062e-02
1.104999999999999982e+00 7.631999999999999895e-02
1.106999999999999984e+00 9.500599999999999323e-02
1.108999999999999986e+00 1.146579999999999960e-01
1.110999999999999988e+00 1.352369999999999961e-01
1.112999999999999989e+00 1.566680000000000017e-01
1.114999999999999991e+00 1.788490000000000080e-01
1.116999999999999993e+00 2.016509999999999969e-01
1.118999999999999995e+00 2.249130000000000018e-01
1.120999999999999996e+00 2.484310000000000129e-01
1.122999999999999998e+00 2.719969999999999888e-01
1.125000000000000000e+00 2.953760000000000274e-01
1.127000000000000002e+00 3.183239999999999958e-01
1.129000000000000004e+00 3.406060000000000199e-01
1.131000000000000005e+00 3.619970000000000132e-01
1.133000000000000007e+00 3.823150000000000159e-01
1.135000000000000009e+00 4.013860000000000205e-01
1.137000000000000011e+00 4.191010000000000013e-01
1.139000000000000012e+00 4.353819999999999912e-01
1.141000000000000014e+00 4.502010000000000178e-01
1.143000000000000016e+00 4.635529999999999928e-01
1.145000000000000018e+00 4.754829999999999890e-01
1.147000000000000020e+00 4.860590000000000188e-01
1.149000000000000021e+00 4.953600000000000225e-01
1.151000000000000023e+00 5.034859999999999891e-01
1.153000000000000025e+00 5.105330000000000146e-01
1.155000000000000027e+00 5.166079999999999561e-01
1.157000000000000028e+00 5.218209999999999793e-01
1.159000000000000030e+00 5.262620000000000076e-01
1.161000000000000032e+00 5.300270000000000259e-01
1.163000000000000034e+00 5.331970000000000320e-01
1.165000000000000036e+00 5.358509999999999662e-01
1.167000000000000037e+00 5.380559999999999787e-01
1.169000000000000039e+00 5.398749999999999938e-01
1.171000000000000041e+00 5.413630000000000386e-01
1.173000000000000043e+00 5.425579999999999847e-01
1.175000000000000044e+00 5.435149999999999704e-01
1.177000000000000046e+00 5.442590000000000483e-01
1.179000000000000048e+00 5.448290000000000077e-01
1.181000000000000050e+00 5.452430000000000332e-01
1.183000000000000052e+00 5.455229999999999801e-01
1.185000000000000053e+00 5.456969999999999876e-01
1.187000000000000055e+00 5.457790000000000141e-01
1.189000000000000057e+00 5.457769999999999566e-01
1.191000000000000059e+00 5.457070000000000531e-01
1.193000000000000060e+00 5.455790000000000362e-01
1.195000000000000062e+00 5.453949999999999632e-01
1.197000000000000064e+00 5.451749999999999652e-01
1.199000000000000066e+00 5.449190000000000422e-01
1.201000000000000068e+00 5.446239999999999970e-01
1.203000000000000069e+00 5.443019999999999525e-01
1.205000000000000071e+00 5.439490000000000158e-01
1.207000000000000073e+00 5.435799999999999521e-01
1.209000000000000075e+00 5.431810000000000249e-01
1.211000000000000076e+00 5.427659999999999707e-01
1.213000000000000078e+00 5.423270000000000035e-01
1.215000000000000080e+00 5.418690000000000451e-01
1.217000000000000082e+00 5.413940000000000419e-01
1.219000000000000083e+00 5.408960000000000434e-01
1.221000000000000085e+00 5.403810000000000002e-01
1.223000000000000087e+00 5.398450000000000193e-01
1.225000000000000089e+00 5.392869999999999608e-01
1.227000000000000091e+00 5.387060000000000182e-01
1.229000000000000092e+00 5.381010000000000515e-01
1.231000000000000094e+00 5.374780000000000113e-01
1.233000000000000096e+00 5.368260000000000254e-01
1.235000000000000098e+00 5.361479999999999579e-01
1.237000000000000099e+00 5.354440000000000310e-01
1.239000000000000101e+00 5.347129999999999939e-01
1.241000000000000103e+00 5.339500000000000357e-01
1.243000000000000105e+00 5.331580000000000208e-01
1.245000000000000107e+00 5.323329999999999451e-01
1.247000000000000108e+00 5.314740000000000020e-01
1.249000000000000110e+00 5.305790000000000228e-01
1.250999999999999890e+00 5.296520000000000117e-01
1.252999999999999892e+00 5.286849999999999605e-01
1.254999999999999893e+00 5.276800000000000379e-01
1.256999999999999895e+00 5.266319999999999890e-01
1.258999999999999897e+00 5.255459999999999576e-01
1.260999999999999899e+00 5.244189999999999685e-01
1.262999999999999901e+00 5.232459999999999889e-01
1.264999999999999902e+00 5.220289999999999653e-01
1.266999999999999904e+00 5.207680000000000087e-01
1.268999999999999906e+00 5.194590000000000041e-01
1.270999999999999908e+00 5.181010000000000337e-01
1.272999999999999909e+00 5.166960000000000441e-01
1.274999999999999911e+00 5.152400000000000313e-01
1.276999999999999913e+00 5.137319999999999665e-01
1.278999999999999915e+00 5.121759999999999646e-01
1.280999999999999917e+00 5.105699999999999683e-01
1.282999999999999918e+00 5.089099999999999735e-01
1.284999999999999920e+00 5.071980000000000377e-01
1.286999999999999922e+00 5.054330000000000211e-01
1.288999999999999924e+00 5.036119999999999486e-01
1.290999999999999925e+00 5.017359999999999598e-01
1.292999999999999927e+00 4.998090000000000033e-01
1.294999999999999929e+00 4.978290000000000215e-01
1.296999999999999931e+00 4.957900000000000085e-01
1.298999999999999932e+00 4.937010000000000010e-01
1.300999999999999934e+00 4.915550000000000197e-01
1.302999999999999936e+00 4.893549999999999844e-01
1.304999999999999938e+00 4.871039999999999814e-01
1.306999999999999940e+00 4.847940000000000027e-01
1.308999999999999941e+00 4.824359999999999760e-01
1.310999999999999943e+00 4.800240000000000062e-01
1.312999999999999945e+00 4.775599999999999845e-01
1.314999999999999947e+00 4.750429999999999930e-01
1.316999999999999948e+00 4.724760000000000071e-01
1.318999999999999950e+00 4.698609999999999731e-01
1.320999999999999952e+00 4.671980000000000022e-01
1.322999999999999954e+00 4.644840000000000080e-01
1.324999999999999956e+00 4.617240000000000233e-01
1.326999999999999957e+00 4.589190000000000214e-01
1.328999999999999959e+00 4.560660000000000269e-01
1.330999999999999961e+00 4.531729999999999925e-01
1.332999999999999963e+00 4.502360000000000251e-01
1.334999999999999964e+00 4.472579999999999889e-01
1.336999999999999966e+00 4.442429999999999990e-01
1.338999999999999968e+00 4.411869999999999958e-01
1.340999999999999970e+00 4.380930000000000102e-01
1.342999999999999972e+00 4.349640000000000173e-01
1.344999999999999973e+00 4.318080000000000251e-01
1.346999999999999975e+00 4.286130000000000217e-01
1.348999999999999977e+00 4.253919999999999924e-01
1.350999999999999979e+00 4.221409999999999885e-01
1.352999999999999980e+00 4.188580000000000081e-01
1.354999999999999982e+00 4.155539999999999790e-01
1.356999999999999984e+00 4.122299999999999853e-01
1.358999999999999986e+00 4.088689999999999825e-01
1.360999999999999988e+00 4.054949999999999943e-01
1.362999999999999989e+00 4.021020000000000150e-01
1.364999999999999991e+00 3.986959999999999948e-01
1.366999999999999993e+00 3.952680000000000082e-01
1.368999999999999995e+00 3.918289999999999829e-01
1.370999999999999996e+00 3.883730000000000238e-01
1.372999999999999998e+00 3.849130000000000051e-01
1.375000000000000000e+00 3.814350000000000240e-01
1.377000000000000002e+00 3.779549999999999854e-01
1.379000000000000004e+00 3.744649999999999923e-01
1.381000000000000005e+00 3.709689999999999932e-01
1.383000000000000007e+00 3.674709999999999921e-01
1.385000000000000009e+00 3.639700000000000157e-01
1.387000000000000011e+00 3.604740000000000166e-01
1.389000000000000012e+00 3.569720000000000115e-01
1.391000000000000014e+00 3.534709999999999797e-01
1.393000000000000016e+00 3.499729999999999785e-01
1.395000000000000018e+00 3.464809999999999834e-01
1.397000000000000020e+00 3.429909999999999903e-01
1.399000000000000021e+00 3.395139999999999825e-01
1.401000000000000023e+00 3.360389999999999766e-01
1.403000000000000025e+00 3.325790000000000135e-01
1.405000000000000027e+00 3.291279999999999761e-01
1.407000000000000028e+00 3.256820000000000270e-01
1.409000000000000030e+00 3.222539999999999849e-01
1.411000000000000032e+00 3.188289999999999735e-01
1.413000000000000034e+00 3.154210000000000069e-01
1.415000000000000036e+00 3.120330000000000048e-01
1.417000000000000037e+00 3.086559999999999859e-01
1.419000000000000039e+00 3.052969999999999851e-01
1.421000000000000041e+00 3.019510000000000249e-01
1.423000000000000043e+00 2.986260000000000026e-01
1.425000000000000044e+00 2.953180000000000249e-01
1.427000000000000046e+00 2.920229999999999770e-01
1.429000000000000048e+00 2.887520000000000087e-01
1.431000000000000050e+00 2.854970000000000008e-01
1.433000000000000052e+00 2.822660000000000169e-01
1.435000000000000053e+00 2.790560000000000263e-01
1.437000000000000055e+00 2.758619999999999961e-01
1.439000000000000057e+00 2.726919999999999900e-01
1.441000000000000059e+00 2.695469999999999811e-01
1.443000000000000060e+00 2.664199999999999902e-01
1.445000000000000062e+00 2.633090000000000153e-01
1.447000000000000064e+00 2.602280000000000149e-01
1.449000000000000066e+00 2.571689999999999809e-01
1.451000000000000068e+00 2.541320000000000245e-01
1.453000000000000069e+00 2.511189999999999811e-01
1.455000000000000071e+00 2.481309999999999905e-01
1.457000000000000073e+00 2.451629999999999920e-01
1.459000000000000075e+00 2.422179999999999889e-01
1.461000000000000076e+00 2.392960000000000087e-01
1.463000000000000078e+00 2.364040000000000030e-01
1.465000000000000080e+00 2.335339999999999916e-01
1.467000000000000082e+00 2.306860000000000022e-01
1.469000000000000083e+00 2.278650000000000120e-01
1.471000000000000085e+00 2.250649999999999873e-01
1.473000000000000087e+00 2.222889999999999866e-01
1.475000000000000089e+00 2.195390000000000119e-01
1.477000000000000091e+00 2.168110000000000037e-01
1.479000000000000092e+00 2.141129999999999978e-01
1.481000000000000094e+00 2.114340000000000108e-01
1.483000000000000096e+00 2.087769999999999904e-01
1.485000000000000098e+00 2.061489999999999989e-01
1.487000000000000099e+00 2.035430000000000017e-01
1.489000000000000101e+00 2.009599999999999997e-01
1.491000000000000103e+00 1.984009999999999940e-01
1.493000000000000105e+00 1.958709999999999896e-01
1.495000000000000107e+00 1.933570000000000011e-01
1.497000000000000108e+00 1.908680000000000099e-01
1.499000000000000110e+00 1.884079999999999921e-01
1.500999999999999890e+00 1.859659999999999924e-01
1.502999999999999892e+00 1.835469999999999879e-01
1.504999999999999893e+00 1.811550000000000105e-01
1.506999999999999895e+00 1.787849999999999995e-01
1.508999999999999897e+00 1.764390000000000125e-01
1.510999999999999899e+00 1.741109999999999880e-01
1.512999999999999901e+00 1.718109999999999915e-01
1.514999999999999902e+00 1.695309999999999873e-01
1.516999999999999904e+00 1.672730000000000050e-01
1.518999999999999906e+00 1.650379999999999903e-01
1.520999999999999908e+00 1.628269999999999995e-01
1.522999999999999909e+00 1.606360000000000010e-01
1.524999999999999911e+00 1.584679999999999978e-01
1.526999999999999913e+00 1.563190000000000135e-01
1.528999999999999915e+00 1.541970000000000007e-01
1.530999999999999917e+00 1.520920000000000050e-01
1.532999999999999918e+00 1.500060000000000004e-01
1.534999999999999920e+00 1.479550000000000032e-01
1.536999999999999922e+00 1.459129999999999872e-01
1.538999999999999924e+00 1.438889999999999891e-01
1.540999999999999925e+00 1.418949999999999934e-01
1.542999999999999927e+00 1.399179999999999868e-01
1.544999999999999929e+00 1.379630000000000023e-01
1.546999999999999931e+00 1.360240000000000060e-01
1.548999999999999932e+00 1.341120000000000090e-01
1.550999999999999934e+00 1.322129999999999972e-01
1.552999999999999936e+00 1.303360000000000074e-01
1.554999999999999938e+00 1.284879999999999911e-01
1.556999999999999940e+00 1.266500000000000126e-01
1.558999999999999941e+00 1.248319999999999985e-01
1.560999999999999943e+00 1.230360000000000065e-01
1.562999999999999945e+00 1.212619999999999948e-01
1.564999999999999947e+00 1.195050000000000001e-01
1.566999999999999948e+00 1.177659999999999957e-01
1.568999999999999950e+00 1.160439999999999944e-01
1.570999999999999952e+00 1.143529999999999963e-01
1.572999999999999954e+00 1.126709999999999934e-01
1.574999999999999956e+00 1.110069999999999946e-01
1.576999999999999957e+00 1.093620000000000009e-01
1.578999999999999959e+00 1.077400000000000024e-01
1.580999999999999961e+00 1.061330000000000051e-01
1.582999999999999963e+00 1.045439999999999980e-01
1.584999999999999964e+00 1.029749999999999971e-01
1.586999999999999966e+00 1.014240000000000003e-01
1.588999999999999968e+00 9.988800000000000456e-02
1.590999999999999970e+00 9.837300000000000211e-02
1.592999999999999972e+00 9.687500000000000278e-02
1.594999999999999973e+00 9.539400000000000657e-02
1.596999999999999975e+00 9.393500000000000461e-02
1.598999999999999977e+00 9.249000000000000277e-02
1.600999999999999979e+00 9.106400000000000605e-02
1.602999999999999980e+00 8.966000000000000358e-02
1.604999999999999982e+00 8.826299999999999424e-02
1.606999999999999984e+00 8.688500000000000389e-02
1.608999999999999986e+00 8.552800000000000680e-02
1.610999999999999988e+00 8.418699999999999795e-02
1.612999999999999989e+00 8.286899999999999822e-02
1.614999999999999991e+00 8.155500000000000249e-02
1.616999999999999993e+00 8.026500000000000301e-02
1.618999999999999995e+00 7.899399999999999478e-02
1.620999999999999996e+00 7.773900000000000254e-02
1.622999999999999998e+00 7.649699999999999556e-02
1.625000000000000000e+00 7.527399999999999369e-02
1.627000000000000002e+00 7.406500000000000583e-02
1.629000000000000004e+00 7.287799999999999834e-02
1.631000000000000005e+00 7.170200000000000184e-02
1.633000000000000007e+00 7.055000000000000160e-02
1.635000000000000009e+00 6.939800000000000135e-02
1.637000000000000011e+00 6.827800000000000535e-02
1.639000000000000012e+00 6.716500000000000248e-02
1.641000000000000014e+00 6.606900000000000273e-02
1.643000000000000016e+00 6.499399999999999622e-02
1.645000000000000018e+00 6.392799999999999871e-02
1.647000000000000020e+00 6.288599999999999746e-02
1.649000000000000021e+00 6.185600000000000126e-02
1.651000000000000023e+00 6.083899999999999725e-02
1.653000000000000025e+00 5.983600000000000030e-02
1.655000000000000027e+00 5.885499999999999760e-02
1.657000000000000028e+00 5.788499999999999895e-02
1.659000000000000030e+00 5.693899999999999656e-02
1.661000000000000032e+00 5.599400000000000210e-02
1.663000000000000034e+00 5.507499999999999896e-02
1.665000000000000036e+00 5.416499999999999787e-02
1.667000000000000037e+00 5.327099999999999891e-02
1.669000000000000039e+00 5.239699999999999913e-02
1.671000000000000041e+00 5.153900000000000148e-02
1.673000000000000043e+00 5.069599999999999801e-02
1.675000000000000044e+00 4.985799999999999954e-02
1.677000000000000046e+00 4.904000000000000026e-02
1.679000000000000048e+00 4.824400000000000216e-02
1.681000000000000050e+00 4.745200000000000112e-02
1.683000000000000052e+00 4.668900000000000133e-02
1.685000000000000053e+00 4.593200000000000061e-02
1.687000000000000055e+00 4.518599999999999700e-02
1.689000000000000057e+00 4.446300000000000252e-02
1.691000000000000059e+00 4.374900000000000316e-02
1.693000000000000060e+00 4.305599999999999705e-02
1.695000000000000062e+00 4.237599999999999700e-02
1.697000000000000064e+00 4.170600000000000002e-02
1.699000000000000066e+00 4.105099999999999721e-02
1.701000000000000068e+00 4.041499999999999954e-02
1.703000000000000069e+00 3.979200000000000098e-02
1.705000000000000071e+00 3.918599999999999861e-02
1.707000000000000073e+00 3.858099999999999724e-02
1.709000000000000075e+00 3.801000000000000212e-02
1.711000000000000076e+00 3.744100000000000206e-02
1.713000000000000078e+00 3.688999999999999918e-02
1.715000000000000080e+00 3.636000000000000343e-02
1.717000000000000082e+00 3.583599999999999980e-02
1.719000000000000083e+00 3.533200000000000229e-02
1.721000000000000085e+00 3.484399999999999997e-02
1.723000000000000087e+00 3.436700000000000171e-02
1.725000000000000089e+00 3.390599999999999864e-02
1.727000000000000091e+00 3.345900000000000263e-02
1.729000000000000092e+00 3.302599999999999980e-02
1.731000000000000094e+00 3.260500000000000204e-02
1.733000000000000096e+00 3.219999999999999946e-02
1.735000000000000098e+00 3.181599999999999706e-02
1.737000000000000099e+00 3.143599999999999867e-02
1.739000000000000101e+00 3.108100000000000099e-02
1.741000000000000103e+00 3.073400000000000090e-02
1.743000000000000105e+00 3.040400000000000047e-02
1.745000000000000107e+00 3.008600000000000163e-02
1.747000000000000108e+00 2.978599999999999998e-02
1.749000000000000110e+00 2.949500000000000038e-02
1.750999999999999890e+00 2.922699999999999951e-02
1.752999999999999892e+00 2.897200000000000122e-02
1.754999999999999893e+00 2.872699999999999906e-02
1.756999999999999895e+00 2.850300000000000056e-02
1.758999999999999897e+00 2.828400000000000011e-02
1.760999999999999899e+00 2.808700000000000085e-02
1.762999999999999901e+00 2.790199999999999972e-02
1.764999999999999902e+00 2.773199999999999971e-02
1.766999999999999904e+00 2.757700000000000082e-02
1.768999999999999906e+00 2.743800000000000058e-02
1.770999999999999908e+00 2.731099999999999847e-02
1.772999999999999909e+00 2.719600000000000142e-02
1.774999999999999911e+00 2.709699999999999956e-02
1.776999999999999913e+00 2.701299999999999882e-02
1.778999999999999915e+00 2.694600000000000120e-02
1.780999999999999917e+00 2.689199999999999924e-02
1.782999999999999918e+00 2.685999999999999846e-02
1.784999999999999920e+00 2.682800000000000115e-02
1.786999999999999922e+00 2.681400000000000103e-02
1.788999999999999924e+00 2.682000000000000009e-02
1.790999999999999925e+00 2.684100000000000028e-02
1.792999999999999927e+00 2.687300000000000105e-02
1.794999999999999929e+00 2.691500000000000142e-02
1.796999999999999931e+00 2.697599999999999998e-02
1.798999999999999932e+00 2.704900000000000013e-02
1.800999999999999934e+00 2.714000000000000093e-02
1.802999999999999936e+00 2.724199999999999885e-02
1.804999999999999938e+00 2.735599999999999837e-02
1.806999999999999940e+00 2.748199999999999948e-02
1.808999999999999941e+00 2.762099999999999972e-02
1.810999999999999943e+00 2.778600000000000167e-02
1.812999999999999945e+00 2.794800000000000062e-02
1.814999999999999947e+00 2.813200000000000076e-02
1.816999999999999948e+00 2.833199999999999955e-02
1.818999999999999950e+00 2.854200000000000140e-02
1.820999999999999952e+00 2.877199999999999896e-02
1.822999999999999954e+00 2.900300000000000100e-02
1.824999999999999956e+00 2.925099999999999922e-02
1.826999999999999957e+00 2.951300000000000104e-02
1.828999999999999959e+00 2.978000000000000091e-02
1.830999999999999961e+00 3.007999999999999910e-02
1.832999999999999963e+00 3.038099999999999828e-02
1.834999999999999964e+00 3.069300000000000153e-02
1.836999999999999966e+00 3.100999999999999937e-02
1.838999999999999968e+00 3.135799999999999699e-02
1.840999999999999970e+00 3.170499999999999707e-02
1.842999999999999972e+00 3.207000000000000128e-02
1.844999999999999973e+00 3.244099999999999762e-02
1.846999999999999975e+00 3.283099999999999907e-02
1.848999999999999977e+00 3.322699999999999959e-02
1.850999999999999979e+00 3.362899999999999917e-02
1.852999999999999980e+00 3.404800000000000187e-02
1.854999999999999982e+00 3.448999999999999982e-02
1.856999999999999984e+00 3.492699999999999971e-02
1.858999999999999986e+00 3.538199999999999679e-02
1.860999999999999988e+00 3.585100000000000092e-02
1.862999999999999989e+00 3.632900000000000018e-02
1.864999999999999991e+00 3.682099999999999956e-02
1.866999999999999993e+00 3.731600000000000195e-02
1.868999999999999995e+00 3.783000000000000251e-02
1.870999999999999996e+00 3.834599999999999814e-02
1.872999999999999998e+00 3.887199999999999683e-02
1.875000000000000000e+00 3.940899999999999959e-02
1.877000000000000002e+00 3.996100000000000346e-02
1.879000000000000004e+00 4.052599999999999952e-02
1.881000000000000005e+00 4.109600000000000058e-02
1.883000000000000007e+00 4.167099999999999971e-02
1.885000000000000009e+00 4.225799999999999695e-02
1.887000000000000011e+00 4.286800000000000332e-02
1.889000000000000012e+00 4.346300000000000163e-02
1.891000000000000014e+00 4.408399999999999819e-02
1.893000000000000016e+00 4.470699999999999674e-02
1.895000000000000018e+00 4.534500000000000336e-02
1.897000000000000020e+00 4.598499999999999810e-02
1.899000000000000021e+00 4.663599999999999690e-02
1.901000000000000023e+00 4.729099999999999970e-02
1.903000000000000025e+00 4.796000000000000263e-02
1.905000000000000027e+00 4.863200000000000162e-02
1.907000000000000028e+00 4.932500000000000079e-02
1.909000000000000030e+00 5.000299999999999884e-02
1.911000000000000032e+00 5.069599999999999801e-02
1.913000000000000034e+00 5.140999999999999737e-02
1.915000000000000036e+00 5.211699999999999666e-02
1.917000000000000037e+00 5.283999999999999808e-02
1.919000000000000039e+00 5.356500000000000150e-02
1.921000000000000041e+00 5.429599999999999704e-02
1.923000000000000043e+00 5.503700000000000259e-02
1.925000000000000044e+00 5.577700000000000019e-02
1.927000000000000046e+00 5.653099999999999792e-02
1.929000000000000048e+00 5.729299999999999671e-02
1.931000000000000050e+00 5.804999999999999744e-02
1.933000000000000052e+00 5.881999999999999729e-02
1.935000000000000053e+00 5.958999999999999714e-02
1.937000000000000055e+00 6.037499999999999811e-02
1.939000000000000057e+00 6.115500000000000103e-02
1.941000000000000059e+00 6.194899999999999712e-02
1.943000000000000060e+00 6.273900000000000310e-02
1.945000000000000062e+00 6.353000000000000314e-02
1.947000000000000064e+00 6.434299999999999742e-02
1.949000000000000066e+00 6.515600000000000558e-02
1.951000000000000068e+00 6.597500000000000586e-02
1.953000000000000069e+00 6.677600000000000202e-02
1.955000000000000071e+00 6.761399999999999355e-02
1.957000000000000073e+00 6.842700000000000171e-02
1.959000000000000075e+00 6.926100000000000312e-02
1.961000000000000076e+00 7.008999999999999952e-02
1.963000000000000078e+00 7.092500000000000193e-02
1.965000000000000080e+00 7.176699999999999746e-02
1.967000000000000082e+00 7.261499999999999899e-02
1.969000000000000083e+00 7.345400000000000540e-02
1.971000000000000085e+00 7.431200000000000305e-02
1.973000000000000087e+00 7.516000000000000458e-02
1.975000000000000089e+00 7.602100000000000524e-02
1.977000000000000091e+00 7.687399999999999789e-02
1.979000000000000092e+00 7.773800000000000154e-02
