# Energy CrossSection
1.970000000000000084e-01 2.295622283048223355e+00
1.980000000000000093e-01 2.148120545707070228e+00
1.990000000000000102e-01 2.046538932364321717e+00
2.000000000000000111e-01 1.965503556000000041e+00
2.010000000000000120e-01 1.896916226390547244e+00
2.020000000000000129e-01 1.836926981111385970e+00
2.030000000000000138e-01 1.783339693125615355e+00
2.039999999999999869e-01 1.734764724022058946e+00
2.049999999999999878e-01 1.690251148839024387e+00
2.059999999999999887e-01 1.649120190291262222e+00
2.069999999999999896e-01 1.610851988466183826e+00
2.079999999999999905e-01 1.575057386252403990e+00
2.089999999999999913e-01 1.541425962318181853e+00
2.099999999999999922e-01 1.509701378438095265e+00
2.109999999999999931e-01 1.479673842691943353e+00
2.119999999999999940e-01 1.451177000235849501e+00
2.129999999999999949e-01 1.424059580115023538e+00
2.139999999999999958e-01 1.398198856831775583e+00
2.149999999999999967e-01 1.373488220988372088e+00
2.159999999999999976e-01 1.349829155391203406e+00
2.169999999999999984e-01 1.327144738147465253e+00
2.179999999999999993e-01 1.305361159963302597e+00
2.190000000000000002e-01 1.284414389043378790e+00
2.200000000000000011e-01 1.264246262627272577e+00
2.210000000000000020e-01 1.244804178843891496e+00
2.220000000000000029e-01 1.226044135360360166e+00
2.230000000000000038e-01 1.207927013892376777e+00
2.240000000000000047e-01 1.190408562892857347e+00
2.250000000000000056e-01 1.173459012499999954e+00
2.260000000000000064e-01 1.157046401170353844e+00
2.270000000000000073e-01 1.141139846202642971e+00
2.280000000000000082e-01 1.125712636160087543e+00
2.290000000000000091e-01 1.110738930185589668e+00
2.300000000000000100e-01 1.096202981878260818e+00
2.310000000000000109e-01 1.082074217318181875e+00
2.320000000000000118e-01 1.068341251053879226e+00
2.330000000000000127e-01 1.054980984225321938e+00
2.340000000000000135e-01 1.041976999692307837e+00
2.349999999999999867e-01 1.029316327157446809e+00
2.359999999999999876e-01 1.016980496951271240e+00
2.369999999999999885e-01 1.004957410888185798e+00
2.379999999999999893e-01 9.932353111344539576e-01
2.389999999999999902e-01 9.817999017259413375e-01
2.399999999999999911e-01 9.706401364083334649e-01
2.409999999999999920e-01 9.597452718360995894e-01
2.419999999999999929e-01 9.491076576219008576e-01
2.429999999999999938e-01 9.387142818292180113e-01
2.439999999999999947e-01 9.285580076147542661e-01
2.449999999999999956e-01 9.186264025000001610e-01
2.459999999999999964e-01 9.089155252032520282e-01
2.469999999999999973e-01 8.994188231255062504e-01
2.479999999999999982e-01 8.901245482580646406e-01
2.489999999999999991e-01 8.810265837128515853e-01
2.500000000000000000e-01 8.721189622080001147e-01
2.510000000000000009e-01 8.633984844641434675e-01
2.520000000000000018e-01 8.548542050019840577e-01
2.530000000000000027e-01 8.464832202450591758e-01
2.540000000000000036e-01 8.382775484724410697e-01
2.550000000000000044e-01 8.302345095078432768e-01
2.560000000000000053e-01 8.223489431328123711e-01
2.570000000000000062e-01 8.146132922976652146e-01
2.580000000000000071e-01 8.070276874437983805e-01
2.590000000000000080e-01 7.995823012374517758e-01
2.600000000000000089e-01 7.922774223076921585e-01
2.610000000000000098e-01 7.851084125076628339e-01
2.620000000000000107e-01 7.780683022900762857e-01
2.630000000000000115e-01 7.711551298878327465e-01
2.640000000000000124e-01 7.643645645625000151e-01
2.650000000000000133e-01 7.576971551113207415e-01
2.660000000000000142e-01 7.511439197669171897e-01
2.670000000000000151e-01 7.447055351479399121e-01
2.680000000000000160e-01 7.383779563600745277e-01
2.690000000000000169e-01 7.321572271840149915e-01
2.700000000000000178e-01 7.260417966685183133e-01
2.710000000000000187e-01 7.200278369298892533e-01
2.720000000000000195e-01 7.141116026488970592e-01
2.730000000000000204e-01 7.082962625934065004e-01
2.740000000000000213e-01 7.025713158412408843e-01
2.750000000000000222e-01 6.969422584163634804e-01
2.760000000000000231e-01 6.914010216684782772e-01
2.770000000000000240e-01 6.859463920740072052e-01
2.780000000000000249e-01 6.805793898129496311e-01
2.790000000000000258e-01 6.752944048458779935e-01
2.800000000000000266e-01 6.700925108642855621e-01
2.810000000000000275e-01 6.649682249110319132e-01
2.819999999999999729e-01 6.599226706400710407e-01
2.829999999999999738e-01 6.549526383674911800e-01
2.839999999999999747e-01 6.500571232834507773e-01
2.849999999999999756e-01 6.452330094754386014e-01
2.859999999999999765e-01 6.404814764493006463e-01
2.869999999999999774e-01 6.357973586777003749e-01
2.879999999999999782e-01 6.311818777777778999e-01
2.889999999999999791e-01 6.266320599048444961e-01
2.899999999999999800e-01 6.221470614068966842e-01
2.909999999999999809e-01 6.177260522491410111e-01
2.919999999999999818e-01 6.133661661113013475e-01
2.929999999999999827e-01 6.090686705273038459e-01
2.939999999999999836e-01 6.048287177295917916e-01
2.949999999999999845e-01 6.006476101694916414e-01
2.959999999999999853e-01 5.965226048125000791e-01
2.969999999999999862e-01 5.924550059410773617e-01
2.979999999999999871e-01 5.884401262818791389e-01
2.989999999999999880e-01 5.844793016739130431e-01
2.999999999999999889e-01 5.805718707266667167e-01
3.009999999999999898e-01 5.767152247242526286e-01
3.019999999999999907e-01 5.729087516572848315e-01
3.029999999999999916e-01 5.691518487937293758e-01
3.039999999999999925e-01 5.654439225263158120e-01
3.049999999999999933e-01 5.617824688934426325e-01
3.059999999999999942e-01 5.581688500408497067e-01
3.069999999999999951e-01 5.546005977605862336e-01
3.079999999999999960e-01 5.510771805600649387e-01
3.089999999999999969e-01 5.475961921618122119e-01
3.099999999999999978e-01 5.441590171758065031e-01
3.109999999999999987e-01 5.407651470160771412e-01
3.119999999999999996e-01 5.374122245192307634e-01
3.130000000000000004e-01 5.340997819952076897e-01
3.140000000000000013e-01 5.308273584856688654e-01
3.150000000000000022e-01 5.275944996571428902e-01
3.160000000000000031e-01 5.243989358876581797e-01
3.170000000000000040e-01 5.212438777539433188e-01
3.180000000000000049e-01 5.181234495849056376e-01
3.190000000000000058e-01 5.150408656567397880e-01
3.200000000000000067e-01 5.119939139062499311e-01
3.210000000000000075e-01 5.089822012850467869e-01
3.220000000000000084e-01 5.060053402236024400e-01
3.230000000000000093e-01 5.030629485464397366e-01
3.240000000000000102e-01 5.001546493888888723e-01
3.250000000000000111e-01 4.972783217784615406e-01
3.260000000000000120e-01 4.944336222837423245e-01
3.270000000000000129e-01 4.916219461529051649e-01
3.280000000000000138e-01 4.888412100548779615e-01
3.290000000000000147e-01 4.860910845000000480e-01
3.300000000000000155e-01 4.833712444378787110e-01
3.310000000000000164e-01 4.806813691903322749e-01
3.320000000000000173e-01 4.780194454352409417e-01
3.330000000000000182e-01 4.753885621621620761e-01
3.340000000000000191e-01 4.727850246122754507e-01
3.350000000000000200e-01 4.702085502328358091e-01
3.360000000000000209e-01 4.676605285952380453e-01
3.370000000000000218e-01 4.651390020712166673e-01
3.380000000000000226e-01 4.626453537292899987e-01
3.390000000000000235e-01 4.601759996474925618e-01
3.400000000000000244e-01 4.577339776999999610e-01
3.410000000000000253e-01 4.553173724354838137e-01
3.420000000000000262e-01 4.529242988435672190e-01
3.430000000000000271e-01 4.505561434416908706e-01
3.439999999999999725e-01 4.482126551177326168e-01
3.449999999999999734e-01 4.458935859840579274e-01
3.459999999999999742e-01 4.435970900346821177e-01
3.469999999999999751e-01 4.413229449221903189e-01
3.479999999999999760e-01 4.390741081163794246e-01
3.489999999999999769e-01 4.368455782750716443e-01
3.499999999999999778e-01 4.346403122414286280e-01
3.509999999999999787e-01 4.324565102920227555e-01
3.519999999999999796e-01 4.302939638409090661e-01
3.529999999999999805e-01 4.281524668781869214e-01
3.539999999999999813e-01 4.260318159336157762e-01
3.549999999999999822e-01 4.239318100408450696e-01
3.559999999999999831e-01 4.218522507022472445e-01
3.569999999999999840e-01 4.197914083039215316e-01
3.579999999999999849e-01 4.177521621508379912e-01
3.589999999999999858e-01 4.157312596225627432e-01
3.599999999999999867e-01 4.137300451680555602e-01
3.609999999999999876e-01 4.117468216412742410e-01
3.619999999999999885e-01 4.097829262375691228e-01
3.629999999999999893e-01 4.078381765344352705e-01
3.639999999999999902e-01 4.059094054958791165e-01
3.649999999999999911e-01 4.040009319945206401e-01
3.659999999999999920e-01 4.021081163333333208e-01
3.669999999999999929e-01 4.002337711839237255e-01
3.679999999999999938e-01 3.983762530652173450e-01
3.689999999999999947e-01 3.965354081639566597e-01
3.699999999999999956e-01 3.947110844594594603e-01
3.709999999999999964e-01 3.929031316994608392e-01
3.719999999999999973e-01 3.911128514637097764e-01
3.729999999999999982e-01 3.893371915549598272e-01
3.739999999999999991e-01 3.875774622473261988e-01
3.750000000000000000e-01 3.858335201279999294e-01
3.760000000000000009e-01 3.841052234374999208e-01
3.770000000000000018e-01 3.823910077572945099e-01
3.780000000000000027e-01 3.806935881957672074e-01
3.790000000000000036e-01 3.790099842163587862e-01
3.800000000000000044e-01 3.773414846368421949e-01
3.810000000000000053e-01 3.756865512139107022e-01
3.820000000000000062e-01 3.740464656753927919e-01
3.830000000000000071e-01 3.724197024804177247e-01
3.840000000000000080e-01 3.708075363333333541e-01
3.850000000000000089e-01 3.692098390909091532e-01
3.860000000000000098e-01 3.676237237772020938e-01
3.870000000000000107e-01 3.660532197532298526e-01
3.880000000000000115e-01 3.644940767474226795e-01
3.890000000000000124e-01 3.629489322892031078e-01
3.900000000000000133e-01 3.614163036012819630e-01
3.910000000000000142e-01 3.598974412800511891e-01
3.920000000000000151e-01 3.583895221033163159e-01
3.930000000000000160e-01 3.568951512480916244e-01
3.940000000000000169e-01 3.554128692182741411e-01
3.950000000000000178e-01 3.539425744253164030e-01
3.960000000000000187e-01 3.524841663750000187e-01
3.970000000000000195e-01 3.510375456536524164e-01
3.980000000000000204e-01 3.496026139145729239e-01
3.990000000000000213e-01 3.481805949486216356e-01
4.000000000000000222e-01 3.467687460049999615e-01
