 10  8  9  3 00  0  0  0  0
nnn_pot
  7                                                            Z1  BVs 1 - 7
  7  6
                                    38.935397   
                                    37.784904   
                                    9.277035    
                                    2.028808    
                                    1.836732    
                                    1.066771    
                                    0.002580    
   14.374824    2.598198    0.201849    0.057881    0.045894    0.005093
  1  1
          1.

  1  1
                      1.

  1  1
                                  1.

  1  1
                                              1.

  1  1
                                                          1.

  1  1
                                                                      1.

  1  1

          1.
  7                                                            Z2  BVs 8 - 14
  7  6
                                    58.098194   
                                    11.023427   
                                    3.766811    
                                    1.717772    
                                    0.267225    
                                    0.021416    
                                    0.020304    
    7.253077    3.659636    0.135061    0.087749    0.029163    0.015807
  1  1
          1.

  1  1
                      1.

  1  1
                                  1.

  1  1
                                              1.

  1  1
                                                          1.

  1  1
                                                                      1.

  1  1

          1.
eob-tni/123_123
elu-tni/000_000
eob-tni/123_123
elu-tni/000_000
eob-tni/123_123
elu-tni/000_000
