 10  8  9  3 00  0  0  0  0
nnn_pot
  8                                                            Z1  BVs 1 - 8
  8 12
                                                48.427139   2.997436    
                                                36.616191   1.680342    
                                                33.802467   1.180338    
                                                19.396854   0.681900    
                                                15.670142   0.671767    
                                                14.680411   0.377011    
                                                8.365038    0.171079    
                                                6.545015    0.030790    
   36.431973   11.529741    7.031920    2.859800    1.278531    1.028517
    0.389385    0.210315    0.058120    0.015527    0.006766    0.005348
  1  1
          1.

  1  1
                      1.

  1  1
                                  1.

  1  1
                                              1.

  1  1
                                                          1.

  1  1
                                                                      1.

  1  1

          1.
  1  1

                      1.
  8                                                            Z2  BVs 9 - 16
  8 12
                                                17.611406   0.049242    
                                                1.964504    0.049232    
                                                1.676170    0.044717    
                                                1.218115    0.030029    
                                                0.593727    0.026223    
                                                0.113154    0.012634    
                                                0.109340    0.005880    
                                                0.091047    0.005300    
   57.112976   37.908652   31.496264   25.289343   19.491884    5.190055
    0.218105    0.215473    0.214200    0.024391    0.005670    0.002814
  1  1
          1.

  1  1
                      1.

  1  1
                                  1.

  1  1
                                              1.

  1  1
                                                          1.

  1  1
                                                                      1.

  1  1

          1.
  1  1

                      1.
  2                                                            Z3  BVs 17 - 18
  2 12
                                                5.608744    0.025845    
                                                0.029966    0.011945    
   34.944557   22.746698   18.022772    8.498655    1.870253    1.751957
    0.430478    0.385248    0.196174    0.058279    0.014587    0.004305
  1  1
          1.
  1  1
                      1.
  8                                                            Z4  BVs 19 - 26
  8 12
                                                30.083931   8.166961    
                                                23.356966   7.793601    
                                                22.933651   5.941912    
                                                21.511599   1.213423    
                                                17.662533   0.713102    
                                                12.235987   0.648524    
                                                12.185895   0.249861    
                                                11.721008   0.037801    
   25.742348   24.283833   23.223642   22.568094   14.862969   14.862164
    7.220126    0.093104    0.054727    0.026080    0.024060    0.001600
  1  1
          1.

  1  1
                      1.

  1  1
                                  1.

  1  1
                                              1.

  1  1
                                                          1.

  1  1
                                                                      1.

  1  1

          1.
  1  1

                      1.
  8                                                            Z5  BVs 27 - 34
  8 12
                                                40.405392   0.070243    
                                                35.950082   0.062071    
                                                16.784405   0.050810    
                                                4.043994    0.047461    
                                                1.335724    0.024584    
                                                0.435139    0.008066    
                                                0.220635    0.007106    
                                                0.209209    0.005999    
   48.748840   30.939802   23.565098    9.926986    1.288878    1.006088
    0.447118    0.054423    0.039697    0.010663    0.002892    0.002770
  1  1
          1.

  1  1
                      1.

  1  1
                                  1.

  1  1
                                              1.

  1  1
                                                          1.

  1  1
                                                                      1.

  1  1

          1.
  1  1

                      1.
  2                                                            Z6  BVs 35 - 36
  2 12
                                                3.358472    0.210735    
                                                2.862467    0.001312    
   32.452351   24.120880    8.953445    5.475186    1.395428    0.683472
    0.629846    0.043622    0.040537    0.010782    0.009361    0.004925
  1  1
          1.
  1  1
                      1.
eob-tni/np3s_np3s_12-34_np3s_np3s_12-34
elu-tni/000-0_000-0
eob-tni/np3s_np3s_12-34_np3s_np3s_12-34
elu-tni/000-0_000-0
eob-tni/np3s_np3s_12-34_np3s_np3s_12-34
elu-tni/000-0_000-0
eob-tni/np3s_np3s_12-34_np3s_np3s_12-34
elu-tni/000-0_000-0
eob-tni/np3s_np3s_12-34_np3s_np3s_12-34
elu-tni/000-0_000-0
eob-tni/np3s_np3s_12-34_np3s_np3s_12-34
elu-tni/000-0_000-0
eob-tni/tp_123-4_np3s_np3s_12-34
elu-tni/000-0_000-0
eob-tni/tp_123-4_np3s_np3s_12-34
elu-tni/000-0_000-0
eob-tni/tp_123-4_np3s_np3s_12-34
elu-tni/000-0_000-0
eob-tni/tp_123-4_tp_123-4
elu-tni/000-0_000-0
eob-tni/tp_123-4_np3s_np3s_12-34
elu-tni/000-0_000-0
eob-tni/tp_123-4_np3s_np3s_12-34
elu-tni/000-0_000-0
eob-tni/tp_123-4_np3s_np3s_12-34
elu-tni/000-0_000-0
eob-tni/tp_123-4_tp_123-4
elu-tni/000-0_000-0
eob-tni/tp_123-4_tp_123-4
elu-tni/000-0_000-0
eob-tni/tp_123-4_np3s_np3s_12-34
elu-tni/000-0_000-0
eob-tni/tp_123-4_np3s_np3s_12-34
elu-tni/000-0_000-0
eob-tni/tp_123-4_np3s_np3s_12-34
elu-tni/000-0_000-0
eob-tni/tp_123-4_tp_123-4
elu-tni/000-0_000-0
eob-tni/tp_123-4_tp_123-4
elu-tni/000-0_000-0
eob-tni/tp_123-4_tp_123-4
elu-tni/000-0_000-0
