2.530000000000000027e-01 3.108009999999999939e-01
2.540000000000000036e-01 3.675479999999999858e-01
2.550000000000000044e-01 4.025310000000000277e-01
2.560000000000000053e-01 4.279189999999999938e-01
2.570000000000000062e-01 4.477610000000000201e-01
2.580000000000000071e-01 4.639519999999999755e-01
2.590000000000000080e-01 4.775420000000000220e-01
2.600000000000000089e-01 4.891789999999999750e-01
2.610000000000000098e-01 4.992960000000000176e-01
2.620000000000000107e-01 5.081930000000000058e-01
2.630000000000000115e-01 5.160900000000000487e-01
2.640000000000000124e-01 5.231529999999999792e-01
2.650000000000000133e-01 5.295100000000000362e-01
2.660000000000000142e-01 5.352609999999999868e-01
2.670000000000000151e-01 5.404870000000000507e-01
2.680000000000000160e-01 5.452559999999999629e-01
2.690000000000000169e-01 5.496210000000000262e-01
2.700000000000000178e-01 5.536290000000000378e-01
2.710000000000000187e-01 5.573179999999999801e-01
2.720000000000000195e-01 5.607210000000000250e-01
2.730000000000000204e-01 5.638659999999999783e-01
2.740000000000000213e-01 5.667790000000000328e-01
2.750000000000000222e-01 5.694799999999999862e-01
2.760000000000000231e-01 5.719880000000000519e-01
2.770000000000000240e-01 5.743200000000000527e-01
2.780000000000000249e-01 5.764909999999999757e-01
2.790000000000000258e-01 5.785130000000000550e-01
2.800000000000000266e-01 5.803979999999999695e-01
2.810000000000000275e-01 5.821570000000000356e-01
2.819999999999999729e-01 5.837980000000000391e-01
2.829999999999999738e-01 5.853310000000000457e-01
2.839999999999999747e-01 5.867630000000000345e-01
2.849999999999999756e-01 5.881009999999999849e-01
2.859999999999999765e-01 5.893519999999999870e-01
2.869999999999999774e-01 5.905209999999999626e-01
2.879999999999999782e-01 5.916130000000000555e-01
2.889999999999999791e-01 5.926329999999999654e-01
2.899999999999999800e-01 5.935859999999999470e-01
2.909999999999999809e-01 5.944760000000000044e-01
2.919999999999999818e-01 5.953070000000000306e-01
2.929999999999999827e-01 5.960820000000000007e-01
2.939999999999999836e-01 5.968050000000000299e-01
2.949999999999999845e-01 5.974779999999999536e-01
2.959999999999999853e-01 5.981039999999999690e-01
2.969999999999999862e-01 5.986860000000000515e-01
2.979999999999999871e-01 5.992260000000000364e-01
2.989999999999999880e-01 5.997270000000000101e-01
2.999999999999999889e-01 6.001910000000000300e-01
3.009999999999999898e-01 6.006190000000000140e-01
3.019999999999999907e-01 6.010130000000000194e-01
3.029999999999999916e-01 6.013760000000000217e-01
3.039999999999999925e-01 6.017080000000000206e-01
3.049999999999999933e-01 6.020119999999999916e-01
3.059999999999999942e-01 6.022889999999999633e-01
3.069999999999999951e-01 6.025399999999999645e-01
3.079999999999999960e-01 6.027660000000000240e-01
3.089999999999999969e-01 6.029679999999999485e-01
3.099999999999999978e-01 6.031490000000000462e-01
3.109999999999999987e-01 6.033079999999999554e-01
3.119999999999999996e-01 6.034460000000000379e-01
3.130000000000000004e-01 6.035660000000000469e-01
3.140000000000000013e-01 6.036669999999999536e-01
3.150000000000000022e-01 6.037500000000000089e-01
3.160000000000000031e-01 6.038170000000000481e-01
3.170000000000000040e-01 6.038679999999999604e-01
3.180000000000000049e-01 6.039029999999999676e-01
3.190000000000000058e-01 6.039240000000000164e-01
3.200000000000000067e-01 6.039309999999999956e-01
3.210000000000000075e-01 6.039250000000000451e-01
3.220000000000000084e-01 6.039060000000000539e-01
3.230000000000000093e-01 6.038740000000000219e-01
3.240000000000000102e-01 6.038310000000000066e-01
3.250000000000000111e-01 6.037770000000000081e-01
3.260000000000000120e-01 6.037130000000000551e-01
3.270000000000000129e-01 6.036380000000000079e-01
3.280000000000000138e-01 6.035530000000000062e-01
3.290000000000000147e-01 6.034589999999999677e-01
3.300000000000000155e-01 6.033570000000000322e-01
3.310000000000000164e-01 6.032450000000000312e-01
3.320000000000000173e-01 6.031260000000000510e-01
3.330000000000000182e-01 6.029980000000000340e-01
3.340000000000000191e-01 6.028630000000000377e-01
3.350000000000000200e-01 6.027209999999999512e-01
3.360000000000000209e-01 6.025719999999999965e-01
3.370000000000000218e-01 6.024169999999999803e-01
3.380000000000000226e-01 6.022549999999999848e-01
3.390000000000000235e-01 6.020870000000000388e-01
3.400000000000000244e-01 6.019130000000000313e-01
3.410000000000000253e-01 6.017339999999999911e-01
3.420000000000000262e-01 6.015490000000000004e-01
3.430000000000000271e-01 6.013600000000000056e-01
3.439999999999999725e-01 6.011649999999999494e-01
3.449999999999999734e-01 6.009660000000000002e-01
3.459999999999999742e-01 6.007630000000000470e-01
3.469999999999999751e-01 6.005549999999999500e-01
3.479999999999999760e-01 6.003429999999999600e-01
3.489999999999999769e-01 6.001269999999999660e-01
3.499999999999999778e-01 5.999069999999999681e-01
3.509999999999999787e-01 5.996839999999999948e-01
3.519999999999999796e-01 5.994580000000000464e-01
3.529999999999999805e-01 5.992279999999999829e-01
3.539999999999999813e-01 5.989950000000000552e-01
3.549999999999999822e-01 5.987590000000000412e-01
3.559999999999999831e-01 5.985200000000000520e-01
3.569999999999999840e-01 5.982779999999999765e-01
3.579999999999999849e-01 5.980339999999999545e-01
3.589999999999999858e-01 5.977869999999999573e-01
3.599999999999999867e-01 5.975380000000000136e-01
3.609999999999999876e-01 5.972870000000000124e-01
3.619999999999999885e-01 5.970330000000000359e-01
3.629999999999999893e-01 5.967780000000000307e-01
3.639999999999999902e-01 5.965200000000000502e-01
3.649999999999999911e-01 5.962610000000000410e-01
3.659999999999999920e-01 5.959999999999999742e-01
3.669999999999999929e-01 5.957369999999999610e-01
3.679999999999999938e-01 5.954730000000000301e-01
3.689999999999999947e-01 5.952070000000000416e-01
3.699999999999999956e-01 5.949389999999999956e-01
3.709999999999999964e-01 5.946709999999999496e-01
3.719999999999999973e-01 5.944000000000000394e-01
3.729999999999999982e-01 5.941290000000000182e-01
3.739999999999999991e-01 5.938569999999999682e-01
3.750000000000000000e-01 5.935829999999999718e-01
3.760000000000000009e-01 5.933089999999999753e-01
3.770000000000000018e-01 5.930330000000000323e-01
3.780000000000000027e-01 5.927569999999999784e-01
3.790000000000000036e-01 5.924789999999999779e-01
3.800000000000000044e-01 5.922009999999999774e-01
3.810000000000000053e-01 5.919219999999999482e-01
3.820000000000000062e-01 5.916430000000000300e-01
3.830000000000000071e-01 5.913620000000000543e-01
3.840000000000000080e-01 5.910819999999999963e-01
3.850000000000000089e-01 5.907999999999999918e-01
3.860000000000000098e-01 5.905179999999999874e-01
3.870000000000000107e-01 5.902359999999999829e-01
3.880000000000000115e-01 5.899529999999999497e-01
3.890000000000000124e-01 5.896700000000000275e-01
3.900000000000000133e-01 5.893859999999999655e-01
3.910000000000000142e-01 5.891020000000000145e-01
3.920000000000000151e-01 5.888179999999999525e-01
3.930000000000000160e-01 5.885340000000000016e-01
3.940000000000000169e-01 5.882490000000000219e-01
3.950000000000000178e-01 5.879640000000000422e-01
3.960000000000000187e-01 5.876789999999999514e-01
3.970000000000000195e-01 5.873939999999999717e-01
3.980000000000000204e-01 5.871089999999999920e-01
3.990000000000000213e-01 5.868240000000000123e-01
4.000000000000000222e-01 5.865390000000000326e-01
4.010000000000000231e-01 5.862530000000000241e-01
4.020000000000000240e-01 5.859680000000000444e-01
4.030000000000000249e-01 5.856829999999999536e-01
4.040000000000000258e-01 5.853969999999999452e-01
4.050000000000000266e-01 5.851119999999999655e-01
4.060000000000000275e-01 5.848269999999999857e-01
4.069999999999999729e-01 5.845420000000000060e-01
4.079999999999999738e-01 5.842570000000000263e-01
4.089999999999999747e-01 5.839729999999999643e-01
4.099999999999999756e-01 5.836879999999999846e-01
4.109999999999999765e-01 5.834040000000000337e-01
4.119999999999999774e-01 5.831199999999999717e-01
4.129999999999999782e-01 5.828360000000000207e-01
4.139999999999999791e-01 5.825529999999999875e-01
4.149999999999999800e-01 5.822690000000000365e-01
4.159999999999999809e-01 5.819860000000000033e-01
4.169999999999999818e-01 5.817029999999999701e-01
4.179999999999999827e-01 5.814209999999999656e-01
4.189999999999999836e-01 5.811389999999999612e-01
4.199999999999999845e-01 5.808569999999999567e-01
4.209999999999999853e-01 5.805759999999999810e-01
4.219999999999999862e-01 5.802939999999999765e-01
4.229999999999999871e-01 5.800140000000000295e-01
4.239999999999999880e-01 5.797330000000000538e-01
4.249999999999999889e-01 5.794529999999999959e-01
4.259999999999999898e-01 5.791739999999999666e-01
4.269999999999999907e-01 5.788940000000000197e-01
4.279999999999999916e-01 5.786160000000000192e-01
4.289999999999999925e-01 5.783369999999999900e-01
4.299999999999999933e-01 5.780589999999999895e-01
4.309999999999999942e-01 5.777820000000000178e-01
4.319999999999999951e-01 5.775050000000000461e-01
4.329999999999999960e-01 5.772279999999999633e-01
4.339999999999999969e-01 5.769520000000000204e-01
4.349999999999999978e-01 5.766769999999999952e-01
4.359999999999999987e-01 5.764010000000000522e-01
4.369999999999999996e-01 5.761269999999999447e-01
4.380000000000000004e-01 5.758520000000000305e-01
4.390000000000000013e-01 5.755789999999999518e-01
4.400000000000000022e-01 5.753059999999999841e-01
4.410000000000000031e-01 5.750330000000000163e-01
4.420000000000000040e-01 5.747609999999999664e-01
4.430000000000000049e-01 5.744890000000000274e-01
4.440000000000000058e-01 5.742180000000000062e-01
4.450000000000000067e-01 5.739469999999999850e-01
4.460000000000000075e-01 5.736769999999999925e-01
4.470000000000000084e-01 5.734080000000000288e-01
4.480000000000000093e-01 5.731389999999999540e-01
4.490000000000000102e-01 5.728699999999999903e-01
4.500000000000000111e-01 5.726020000000000554e-01
4.510000000000000120e-01 5.723350000000000382e-01
4.520000000000000129e-01 5.720680000000000209e-01
4.530000000000000138e-01 5.718020000000000325e-01
4.540000000000000147e-01 5.715360000000000440e-01
4.550000000000000155e-01 5.712709999999999733e-01
4.560000000000000164e-01 5.710060000000000136e-01
4.570000000000000173e-01 5.707419999999999716e-01
4.580000000000000182e-01 5.704789999999999583e-01
4.590000000000000191e-01 5.702159999999999451e-01
4.600000000000000200e-01 5.699530000000000429e-01
4.610000000000000209e-01 5.696919999999999762e-01
4.620000000000000218e-01 5.694310000000000205e-01
4.630000000000000226e-01 5.691699999999999537e-01
4.640000000000000235e-01 5.689100000000000268e-01
4.650000000000000244e-01 5.686499999999999888e-01
4.660000000000000253e-01 5.683920000000000083e-01
4.670000000000000262e-01 5.681329999999999991e-01
4.680000000000000271e-01 5.678760000000000474e-01
4.689999999999999725e-01 5.676179999999999559e-01
4.699999999999999734e-01 5.673620000000000330e-01
4.709999999999999742e-01 5.671059999999999990e-01
4.719999999999999751e-01 5.668509999999999938e-01
4.729999999999999760e-01 5.665959999999999885e-01
4.739999999999999769e-01 5.663420000000000121e-01
4.749999999999999778e-01 5.660880000000000356e-01
4.759999999999999787e-01 5.658349999999999769e-01
4.769999999999999796e-01 5.655829999999999469e-01
4.779999999999999805e-01 5.653310000000000279e-01
4.789999999999999813e-01 5.650789999999999980e-01
4.799999999999999822e-01 5.648290000000000255e-01
4.809999999999999831e-01 5.645790000000000530e-01
4.819999999999999840e-01 5.643289999999999695e-01
4.829999999999999849e-01 5.640800000000000258e-01
4.839999999999999858e-01 5.638319999999999999e-01
4.849999999999999867e-01 5.635839999999999739e-01
4.859999999999999876e-01 5.633369999999999767e-01
4.869999999999999885e-01 5.630899999999999794e-01
4.879999999999999893e-01 5.628440000000000110e-01
4.889999999999999902e-01 5.625989999999999602e-01
4.899999999999999911e-01 5.623540000000000205e-01
4.909999999999999920e-01 5.621099999999999985e-01
4.919999999999999929e-01 5.618659999999999766e-01
4.929999999999999938e-01 5.616229999999999833e-01
4.939999999999999947e-01 5.613810000000000189e-01
4.949999999999999956e-01 5.611390000000000544e-01
4.959999999999999964e-01 5.608969999999999789e-01
4.969999999999999973e-01 5.606560000000000432e-01
4.979999999999999982e-01 5.604160000000000252e-01
4.989999999999999991e-01 5.601770000000000360e-01
5.000000000000000000e-01 5.599380000000000468e-01
