 11  2 12 31  1  1 +2  0  0 -1
  1  1  1  1  0  0  0  0  0  0  0  0  0  0  1  1
   0.0000000   1.0000000   1.0000000   1.0000000   1.0000000   1.0000000   1.0000000
   1.0000000   1.0000000   1.0000000   1.0000000   1.0000000   1.0000000   1.0000000
   1.0000000   1.0000000   1.0000000   1.0000000   1.0000000   1.0000000   1.0000000
   1.0000000   1.0000000   1.0000000   1.0000000   1.0000000   1.0000000   1.0000000
   1.0000000   1.0000000
   0  87   0   0   0   1
  77
0.257191671         
0.976222397         
0.549102960         
0.274870114         
0.139496391         
0.057925511         
0.021439262         
0.926361810         
1.042115021         
0.521662230         
0.264743218         
0.109933927         
0.040688503         
0.293083034         
0.293423174         
0.148912057         
0.061835341         
0.022886360         
0.073440928         
0.074542439         
0.030953552         
0.011456461         
0.018915118         
0.015708906         
0.005814146         
0.003261541         
0.002414309         
0.000446789         
0.283749800         
0.050042450         
0.001245895         
0.000447963         
-0.079185170        
0.093871940         
-0.020233590        
-0.006838211        
0.112294900         
0.039714470         
-0.011235110        
-0.003753611        
-0.003130141        
0.003125749         
-0.004572828        
-0.001664211        
0.000615703         
-0.001356972        
0.000121085         
-0.000633451        
-0.000015950        
0.000061269         
-0.000659305        
-0.000240308        
-0.000010405        
0.000016282         
0.000000613         
-0.000019563        
-0.078781160        
0.017095050         
-0.007232100        
-0.042268370        
0.035362700         
-0.013893100        
0.048855710         
-0.005549347        
0.006890344         
-0.025880020        
0.022347050         
-0.007445533        
0.004506923         
0.002675566         
-0.000899971        
-0.001959605        
0.004436509         
-0.001608151        
0.000005563         
-0.000015172        
-0.000040832        
  2  2  0
  28   1   2   3   4   5   6   7   8   9  10  11  12  13  14  15  16  17  18  19
  20  21  22  23  24  25  26  27  28
   1   2   3   4   5   6   7   8   9  10  11  12  13  14  15  16  17  18  19  20
  21  22  23  24  25  26  27  28
  1  1  1  1  1  1  1  1  1  1  1  1  1  1  1  1  1  1  1  1  1  1  1  1  1  1  1  1  1  1  1  1
  1  1  0
  49  29  30  31  32  33  34  35  36  37  38  39  40  41  42  43  44  45  46  47
  48  49  50  51  52  53  54  55  56  57  58  59  60  61  62  63  64  65  66  67
  68  69  70  71  72  73  74  75  76  77
  29  30  31  32  33  34  35  36  37  38  39  40  41  42  43  44  45  46  47  48
  49  50  51  52  53  54  55  56  57  58  59  60  61  62  63  64  65  66  67  68
  69  70  71  72  73  74  75  76  77
  1  1  1  1  1  1  1  1  1  1  1  1  1  1  1  1  1  1  1  1  1  1  1  1  1  1  1  1  1  1  1  1
  2  2  0 -1
   1   1
37  
  0  1  0  1  0  1  0  1  0  1  0  1  0  1  0  1  0  0  0  0  0  0  0  0  0  0  0  0  0  0  0  0
  2  2  0
   1   2
9   
  0  1  0  1  0  1  0  1  0  1  0  1  0  1  0  1  0  0  0  0  0  0  0  0  0  0  0  0  0  0  0  0
  2  2  0
   1   3
2   
  0  1  0  1  0  1  0  1  0  1  0  1  0  1  0  1  0  0  0  0  0  0  0  0  0  0  0  0  0  0  0  0
  2  2  0
   1   4
3   
  0  1  0  1  0  1  0  1  0  1  0  1  0  1  0  1  0  0  0  0  0  0  0  0  0  0  0  0  0  0  0  0
  2  2  0
   1   5
9   
  0  1  0  1  0  1  0  1  0  1  0  1  0  1  0  1  0  0  0  0  0  0  0  0  0  0  0  0  0  0  0  0
  2  2  0
   1   6
16  
  0  1  0  1  0  1  0  1  0  1  0  1  0  1  0  1  0  0  0  0  0  0  0  0  0  0  0  0  0  0  0  0
  2  2  0
   1   7
1   
  0  1  0  1  0  1  0  1  0  1  0  1  0  1  0  1  0  0  0  0  0  0  0  0  0  0  0  0  0  0  0  0
  2  2  0
   1   8
12  
  0  1  0  1  0  1  0  1  0  1  0  1  0  1  0  1  0  0  0  0  0  0  0  0  0  0  0  0  0  0  0  0
  2  2  0
   1   9
4   
  1  0  1  0  1  0  1  0  1  0  1  0  1  0  1  0  1  0  0  0  0  0  0  0  0  0  0  0  0  0  0  0
  2  2  0
   1  10
3   
  1  0  1  0  1  0  1  0  1  0  1  0  1  0  1  0  1  0  0  0  0  0  0  0  0  0  0  0  0  0  0  0
  2  2  0
   1  11
29  
  1  0  1  0  1  0  1  0  1  0  1  0  1  0  1  0  1  0  0  0  0  0  0  0  0  0  0  0  0  0  0  0
  2  2  0
   1  12
37  
  1  0  1  0  1  0  1  0  1  0  1  0  1  0  1  0  1  0  0  0  0  0  0  0  0  0  0  0  0  0  0  0
  2  2  0
   1  13
14  
  1  0  1  0  1  0  1  0  1  0  1  0  1  0  1  0  1  0  0  0  0  0  0  0  0  0  0  0  0  0  0  0
  2  2  0
   1  14
5   
  1  0  1  0  1  0  1  0  1  0  1  0  1  0  1  0  1  0  0  0  0  0  0  0  0  0  0  0  0  0  0  0
  2  2  0
   1  15
14  
  1  0  1  0  1  0  1  0  1  0  1  0  1  0  1  0  1  0  0  0  0  0  0  0  0  0  0  0  0  0  0  0
  2  2  0
   1  16
8   
  1  0  1  0  1  0  1  0  1  0  1  0  1  0  1  0  1  0  0  0  0  0  0  0  0  0  0  0  0  0  0  0
  2  2  0
   1  17
14  
  0  1  0  1  0  1  0  1  0  1  0  1  0  1  0  1  0  0  0  0  0  0  0  0  0  0  0  0  0  0  0  0
  2  2  0
   1  18
14  
  0  1  0  1  0  1  0  1  0  1  0  1  0  1  0  1  0  0  0  0  0  0  0  0  0  0  0  0  0  0  0  0
  2  2  0
   1  19
9   
  0  1  0  1  0  1  0  1  0  1  0  1  0  1  0  1  0  0  0  0  0  0  0  0  0  0  0  0  0  0  0  0
  2  2  0
   1  20
9   
  0  1  0  1  0  1  0  1  0  1  0  1  0  1  0  1  0  0  0  0  0  0  0  0  0  0  0  0  0  0  0  0
  2  2  0
   1  21
1   
  0  1  0  1  0  1  0  1  0  1  0  1  0  1  0  1  0  0  0  0  0  0  0  0  0  0  0  0  0  0  0  0
  2  2  0
   1  22
5   
  0  1  0  1  0  1  0  1  0  1  0  1  0  1  0  1  0  0  0  0  0  0  0  0  0  0  0  0  0  0  0  0
  2  2  0
   1  23
1   
  0  1  0  1  0  1  0  1  0  1  0  1  0  1  0  1  0  0  0  0  0  0  0  0  0  0  0  0  0  0  0  0
  2  2  0
   1  24
16  
  0  1  0  1  0  1  0  1  0  1  0  1  0  1  0  1  0  0  0  0  0  0  0  0  0  0  0  0  0  0  0  0
  1  1  0
   1  29
16  
  0  1  0  1  0  1  0  1  0  1  0  1  0  1  0  1  0  0  0  0  0  0  0  0  0  0  0  0  0  0  0  0
  1  1  0
   1  30
1   
  0  1  0  1  0  1  0  1  0  1  0  1  0  1  0  1  0  0  0  0  0  0  0  0  0  0  0  0  0  0  0  0
  1  1  0
   1  31
4   
  0  1  0  1  0  1  0  1  0  1  0  1  0  1  0  1  0  0  0  0  0  0  0  0  0  0  0  0  0  0  0  0
  1  1  0
   1  32
11  
  0  1  0  1  0  1  0  1  0  1  0  1  0  1  0  1  0  0  0  0  0  0  0  0  0  0  0  0  0  0  0  0
  1  1  0
   1  33
14  
  0  1  0  1  0  1  0  1  0  1  0  1  0  1  0  1  0  0  0  0  0  0  0  0  0  0  0  0  0  0  0  0
  1  1  0
   1  34
10  
  0  1  0  1  0  1  0  1  0  1  0  1  0  1  0  1  0  0  0  0  0  0  0  0  0  0  0  0  0  0  0  0
  1  1  0
   1  35
14  
  0  1  0  1  0  1  0  1  0  1  0  1  0  1  0  1  0  0  0  0  0  0  0  0  0  0  0  0  0  0  0  0
  1  1  0
   1  36
15  
  0  1  0  1  0  1  0  1  0  1  0  1  0  1  0  1  0  0  0  0  0  0  0  0  0  0  0  0  0  0  0  0
  1  1  0
   1  37
5   
  1  0  1  0  1  0  1  0  1  0  1  0  1  0  1  0  1  0  0  0  0  0  0  0  0  0  0  0  0  0  0  0
  1  1  0
   1  38
29  
  1  0  1  0  1  0  1  0  1  0  1  0  1  0  1  0  1  0  0  0  0  0  0  0  0  0  0  0  0  0  0  0
  1  1  0
   1  39
1   
  1  0  1  0  1  0  1  0  1  0  1  0  1  0  1  0  1  0  0  0  0  0  0  0  0  0  0  0  0  0  0  0
  1  1  0
   1  40
2   
  1  0  1  0  1  0  1  0  1  0  1  0  1  0  1  0  1  0  0  0  0  0  0  0  0  0  0  0  0  0  0  0
  1  1  0
   1  41
8   
  1  0  1  0  1  0  1  0  1  0  1  0  1  0  1  0  1  0  0  0  0  0  0  0  0  0  0  0  0  0  0  0
  1  1  0
   1  42
9   
  1  0  1  0  1  0  1  0  1  0  1  0  1  0  1  0  1  0  0  0  0  0  0  0  0  0  0  0  0  0  0  0
  1  1  0
   1  43
1   
  1  0  1  0  1  0  1  0  1  0  1  0  1  0  1  0  1  0  0  0  0  0  0  0  0  0  0  0  0  0  0  0
  1  1  0
   1  44
9   
  1  0  1  0  1  0  1  0  1  0  1  0  1  0  1  0  1  0  0  0  0  0  0  0  0  0  0  0  0  0  0  0
  1  1  0
   1  45
12  
  0  1  0  1  0  1  0  1  0  1  0  1  0  1  0  1  0  0  0  0  0  0  0  0  0  0  0  0  0  0  0  0
  1  1  0
   1  46
8   
  0  1  0  1  0  1  0  1  0  1  0  1  0  1  0  1  0  0  0  0  0  0  0  0  0  0  0  0  0  0  0  0
  1  1  0
   1  47
5   
  0  1  0  1  0  1  0  1  0  1  0  1  0  1  0  1  0  0  0  0  0  0  0  0  0  0  0  0  0  0  0  0
  1  1  0
   1  48
5   
  0  1  0  1  0  1  0  1  0  1  0  1  0  1  0  1  0  0  0  0  0  0  0  0  0  0  0  0  0  0  0  0
  1  1  0
   1  49
12  
  0  1  0  1  0  1  0  1  0  1  0  1  0  1  0  1  0  0  0  0  0  0  0  0  0  0  0  0  0  0  0  0
  1  1  0
   1  50
12  
  0  1  0  1  0  1  0  1  0  1  0  1  0  1  0  1  0  0  0  0  0  0  0  0  0  0  0  0  0  0  0  0
  1  1  0
   1  51
12  
  0  1  0  1  0  1  0  1  0  1  0  1  0  1  0  1  0  0  0  0  0  0  0  0  0  0  0  0  0  0  0  0
  1  1  0
   1  52
5   
  0  1  0  1  0  1  0  1  0  1  0  1  0  1  0  1  0  0  0  0  0  0  0  0  0  0  0  0  0  0  0  0
  1  1  0
   1  53
12  
  1  0  1  0  1  0  1  0  1  0  1  0  1  0  1  0  1  0  0  0  0  0  0  0  0  0  0  0  0  0  0  0
  1  1  0
   1  54
1   
  1  0  1  0  1  0  1  0  1  0  1  0  1  0  1  0  1  0  0  0  0  0  0  0  0  0  0  0  0  0  0  0
  1  1  0
   1  55
1   
  1  0  1  0  1  0  1  0  1  0  1  0  1  0  1  0  1  0  0  0  0  0  0  0  0  0  0  0  0  0  0  0
  1  1  0
   1  56
16  
  1  0  1  0  1  0  1  0  1  0  1  0  1  0  1  0  1  0  0  0  0  0  0  0  0  0  0  0  0  0  0  0
  1  1  0
   1  57
37  
  1  0  1  0  1  0  1  0  1  0  1  0  1  0  1  0  1  0  0  0  0  0  0  0  0  0  0  0  0  0  0  0
  1  1  0
   1  58
15  
  1  0  1  0  1  0  1  0  1  0  1  0  1  0  1  0  1  0  0  0  0  0  0  0  0  0  0  0  0  0  0  0
  1  1  0
   1  59
1   
  1  0  1  0  1  0  1  0  1  0  1  0  1  0  1  0  1  0  0  0  0  0  0  0  0  0  0  0  0  0  0  0
  1  1  0
   1  60
3   
  1  0  1  0  1  0  1  0  1  0  1  0  1  0  1  0  1  0  0  0  0  0  0  0  0  0  0  0  0  0  0  0
  1  1  0
   1  61
37  
  0  1  0  1  0  1  0  1  0  1  0  1  0  1  0  1  0  0  0  0  0  0  0  0  0  0  0  0  0  0  0  0
  1  1  0
   1  62
8   
  0  1  0  1  0  1  0  1  0  1  0  1  0  1  0  1  0  0  0  0  0  0  0  0  0  0  0  0  0  0  0  0
  1  1  0
   1  63
9   
  0  1  0  1  0  1  0  1  0  1  0  1  0  1  0  1  0  0  0  0  0  0  0  0  0  0  0  0  0  0  0  0
  1  1  0
   1  64
9   
  0  1  0  1  0  1  0  1  0  1  0  1  0  1  0  1  0  0  0  0  0  0  0  0  0  0  0  0  0  0  0  0
  1  1  0
   1  65
9   
  0  1  0  1  0  1  0  1  0  1  0  1  0  1  0  1  0  0  0  0  0  0  0  0  0  0  0  0  0  0  0  0
  1  1  0
   1  66
29  
  0  1  0  1  0  1  0  1  0  1  0  1  0  1  0  1  0  0  0  0  0  0  0  0  0  0  0  0  0  0  0  0
  1  1  0
   1  67
2   
  0  1  0  1  0  1  0  1  0  1  0  1  0  1  0  1  0  0  0  0  0  0  0  0  0  0  0  0  0  0  0  0
  1  1  0
   1  68
37  
  0  1  0  1  0  1  0  1  0  1  0  1  0  1  0  1  0  0  0  0  0  0  0  0  0  0  0  0  0  0  0  0
  1  1  0
   1  69
10  
  1  0  1  0  1  0  1  0  1  0  1  0  1  0  1  0  1  0  0  0  0  0  0  0  0  0  0  0  0  0  0  0
  1  1  0
   1  70
16  
  1  0  1  0  1  0  1  0  1  0  1  0  1  0  1  0  1  0  0  0  0  0  0  0  0  0  0  0  0  0  0  0
  1  1  0
   1  71
3   
  1  0  1  0  1  0  1  0  1  0  1  0  1  0  1  0  1  0  0  0  0  0  0  0  0  0  0  0  0  0  0  0
  1  1  0
   1  72
9   
  1  0  1  0  1  0  1  0  1  0  1  0  1  0  1  0  1  0  0  0  0  0  0  0  0  0  0  0  0  0  0  0
  1  1  0
   1  73
5   
  1  0  1  0  1  0  1  0  1  0  1  0  1  0  1  0  1  0  0  0  0  0  0  0  0  0  0  0  0  0  0  0
  2  2  0
   1  78
1   
  0  1  0  1  0  1  0  1  0  0  0  0
  2  2  0
   1  79
8   
  0  1  0  1  0  1  0  1  0  0  0  0
  2  2  0
   1  80
4   
  0  1  0  1  0  1  0  1  0  0  0  0
  2  2  0
   1  81
2   
  0  1  0  1  0  1  0  1  0  0  0  0
  2  2  0
   1  82
29  
  0  1  0  1  0  1  0  1  0  0  0  0
  2  2  0
   1  83
11  
  0  1  0  1  0  1  0  1  0  0  0  0
  2  2  0
   1  84
14  
  0  1  0  1  0  1  0  1  0  0  0  0
  2  2  0
   1  85
29  
  0  1  0  1  0  1  0  1  0  0  0  0
  2  2  0
   1  86
37  
  1  0  1  0  1  0  1  0  0  0  0  0
  2  2  0
   1  87
37  
  1  0  1  0  1  0  1  0  0  0  0  0
  2  2  0
   1  88
12  
  1  0  1  0  1  0  1  0  1  0  0  0
  2  2  0
   1  89
8   
  1  0  1  0  1  0  1  0  1  0  0  0
  2  2  0
   1  90
14  
  1  0  1  0  1  0  1  0  1  0  0  0
  2  2  0
   1  91
10  
  1  0  1  0  1  0  1  0  1  0  0  0
  2  2  0
   1  92
12  
  1  0  1  0  1  0  1  0  1  0  0  0
  2  2  0
   1  93
14  
  1  0  1  0  1  0  1  0  1  0  0  0
  2  2  0
   1  94
2   
  0  1  0  1  0  1  0  1  0  1  0  0
  2  2  0
   1  95
8   
  0  1  0  1  0  1  0  1  0  1  0  0
  2  2  0
   1  96
9   
  0  1  0  1  0  1  0  1  0  0  0  0
  2  2  0
   1  97
29  
  0  1  0  1  0  1  0  1  0  0  0  0
  1  1  0
   1  98
12  
  1  0  1  0  1  0  1  0  0  0  0  0
  1  1  0
   1  99
8   
  1  0  1  0  1  0  1  0  0  0  0  0
  1  1  0
   1 100
9   
  1  0  1  0  1  0  1  0  0  0  0  0
  1  1  0
   1 101
9   
  1  0  1  0  1  0  1  0  0  0  0  0
  1  1  0
   1 102
16  
  1  0  1  0  1  0  1  0  0  0  0  0
  1  1  0
   1 103
2   
  1  0  1  0  1  0  1  0  0  0  0  0
  1  1  0
   1 104
10  
  1  0  1  0  1  0  1  0  0  0  0  0
  1  1  0
   1 105
2   
  1  0  1  0  1  0  1  0  0  0  0  0
  1  1  0
   1 106
16  
  0  1  0  1  0  1  0  1  0  0  0  0
  1  1  0
   1 107
16  
  0  1  0  1  0  1  0  1  0  0  0  0
  1  1  0
   1 108
9   
  0  1  0  1  0  1  0  1  0  0  0  0
  1  1  0
   1 109
1   
  0  1  0  1  0  1  0  1  0  0  0  0
  1  1  0
   1 110
16  
  0  1  0  1  0  1  0  1  0  0  0  0
  1  1  0
   1 111
1   
  0  1  0  1  0  1  0  1  0  0  0  0
  1  1  0
   1 112
4   
  0  1  0  1  0  1  0  1  0  0  0  0
  1  1  0
   1 113
8   
  0  1  0  1  0  1  0  1  0  0  0  0
  1  1  0
   1 114
37  
  1  0  1  0  1  0  1  0  0  0  0  0
  1  1  0
   1 115
2   
  1  0  1  0  1  0  1  0  0  0  0  0
  1  1  0
   1 116
37  
  1  0  1  0  1  0  1  0  0  0  0  0
  1  1  0
   1 117
10  
  1  0  1  0  1  0  1  0  0  0  0  0
