 10  8  9  3 00  0  0  0  0
nnn_pot
  7                                                            Z1  BVs 1 - 7
  7  6
                                    20.013321   
                                    5.031759    
                                    1.359581    
                                    0.242730    
                                    0.067850    
                                    0.024592    
                                    0.006589    
    1.145301    0.233592    0.091033    0.009030    0.007636    0.007002
  1  1
          1.

  1  1
                      1.

  1  1
                                  1.

  1  1
                                              1.

  1  1
                                                          1.

  1  1
                                                                      1.

  1  1

          1.
  7                                                            Z2  BVs 8 - 14
  7  6
                                    14.976832   
                                    12.709622   
                                    6.445034    
                                    1.637746    
                                    0.428444    
                                    0.088514    
                                    0.021021    
   15.296710    4.907784    0.566022    0.031173    0.013830    0.008580
  1  1
          1.

  1  1
                      1.

  1  1
                                  1.

  1  1
                                              1.

  1  1
                                                          1.

  1  1
                                                                      1.

  1  1

          1.
eob-tni/123_123
elu-tni/000_000
eob-tni/123_123
elu-tni/000_000
eob-tni/123_123
elu-tni/000_000
