Energy Eta
1.000000000000000021e-03 1.000000000000000000e+00
3.000000000000000062e-03 1.000000000000000000e+00
5.000000000000000104e-03 1.000000000000000000e+00
7.000000000000000146e-03 1.000000000000000000e+00
8.999999999999999320e-03 1.000000000000000000e+00
1.099999999999999936e-02 1.000000000000000000e+00
1.299999999999999940e-02 1.000000000000000000e+00
1.499999999999999944e-02 1.000000000000000000e+00
1.700000000000000122e-02 1.000000000000000000e+00
1.899999999999999953e-02 1.000000000000000000e+00
2.100000000000000130e-02 1.000000000000000000e+00
2.299999999999999961e-02 1.000000000000000000e+00
2.500000000000000139e-02 1.000000000000000000e+00
2.699999999999999969e-02 1.000000000000000000e+00
2.900000000000000147e-02 1.000000000000000000e+00
3.099999999999999978e-02 1.000000000000000000e+00
3.300000000000000155e-02 1.000000000000000000e+00
3.500000000000000333e-02 1.000000000000000000e+00
3.699999999999999817e-02 1.000000000000000000e+00
3.899999999999999994e-02 1.000000000000000000e+00
4.100000000000000172e-02 1.000000000000000000e+00
4.299999999999999656e-02 1.000000000000000000e+00
4.499999999999999833e-02 1.000000000000000000e+00
4.700000000000000011e-02 1.000000000000000000e+00
4.900000000000000189e-02 1.000000000000000000e+00
5.099999999999999672e-02 1.000000000000000000e+00
5.299999999999999850e-02 1.000000000000000000e+00
5.500000000000000028e-02 1.000000000000000000e+00
5.700000000000000205e-02 1.000000000000000000e+00
5.899999999999999689e-02 1.000000000000000000e+00
6.099999999999999867e-02 1.000000000000000000e+00
6.300000000000000044e-02 1.000000000000000000e+00
6.500000000000000222e-02 1.000000000000000000e+00
6.700000000000000400e-02 1.000000000000000000e+00
6.900000000000000577e-02 1.000000000000000000e+00
7.099999999999999367e-02 1.000000000000000000e+00
7.299999999999999545e-02 1.000000000000000000e+00
7.499999999999999722e-02 1.000000000000000000e+00
7.699999999999999900e-02 1.000000000000000000e+00
7.900000000000000078e-02 1.000000000000000000e+00
8.100000000000000255e-02 1.000000000000000000e+00
8.300000000000000433e-02 1.000000000000000000e+00
8.500000000000000611e-02 1.000000000000000000e+00
8.699999999999999400e-02 1.000000000000000000e+00
8.899999999999999578e-02 1.000000000000000000e+00
9.099999999999999756e-02 1.000000000000000000e+00
9.299999999999999933e-02 1.000000000000000000e+00
9.500000000000000111e-02 1.000000000000000000e+00
9.700000000000000289e-02 1.000000000000000000e+00
9.900000000000000466e-02 1.000000000000000000e+00
1.010000000000000064e-01 1.000000000000000000e+00
1.029999999999999943e-01 1.000000000000000000e+00
1.049999999999999961e-01 1.000000000000000000e+00
1.069999999999999979e-01 1.000000000000000000e+00
1.089999999999999997e-01 1.000000000000000000e+00
1.110000000000000014e-01 1.000000000000000000e+00
1.130000000000000032e-01 1.000000000000000000e+00
1.150000000000000050e-01 1.000000000000000000e+00
1.170000000000000068e-01 1.000000000000000000e+00
1.189999999999999947e-01 1.000000000000000000e+00
1.209999999999999964e-01 1.000000000000000000e+00
1.229999999999999982e-01 1.000000000000000000e+00
1.250000000000000000e-01 1.000000000000000000e+00
1.270000000000000018e-01 1.000000000000000000e+00
1.290000000000000036e-01 1.000000000000000000e+00
1.310000000000000053e-01 1.000000000000000000e+00
1.330000000000000071e-01 1.000000000000000000e+00
1.350000000000000089e-01 1.000000000000000000e+00
1.370000000000000107e-01 1.000000000000000000e+00
1.390000000000000124e-01 1.000000000000000000e+00
1.409999999999999865e-01 1.000000000000000000e+00
1.429999999999999882e-01 1.000000000000000000e+00
1.449999999999999900e-01 1.000000000000000000e+00
1.469999999999999918e-01 1.000000000000000000e+00
1.489999999999999936e-01 1.000000000000000000e+00
1.509999999999999953e-01 1.000000000000000000e+00
1.529999999999999971e-01 1.000000000000000000e+00
1.549999999999999989e-01 1.000000000000000000e+00
1.570000000000000007e-01 1.000000000000000000e+00
1.590000000000000024e-01 1.000000000000000000e+00
1.610000000000000042e-01 1.000000000000000000e+00
1.630000000000000060e-01 1.000000000000000000e+00
1.650000000000000078e-01 1.000000000000000000e+00
1.670000000000000095e-01 1.000000000000000000e+00
1.690000000000000113e-01 1.000000000000000000e+00
1.710000000000000131e-01 1.000000000000000000e+00
1.729999999999999871e-01 1.000000000000000000e+00
1.749999999999999889e-01 1.000000000000000000e+00
1.769999999999999907e-01 1.000000000000000000e+00
1.789999999999999925e-01 1.000000000000000000e+00
1.809999999999999942e-01 1.000000000000000000e+00
1.829999999999999960e-01 1.000000000000000000e+00
1.849999999999999978e-01 1.000000000000000000e+00
1.869999999999999996e-01 1.000000000000000000e+00
1.890000000000000013e-01 1.000000000000000000e+00
1.910000000000000031e-01 1.000000000000000000e+00
1.930000000000000049e-01 1.000000000000000000e+00
1.950000000000000067e-01 1.000000000000000000e+00
1.970000000000000084e-01 1.000000000000000000e+00
1.990000000000000102e-01 1.000000000000000000e+00
2.010000000000000120e-01 1.000000000000000000e+00
2.030000000000000138e-01 1.000000000000000000e+00
2.049999999999999878e-01 1.000000000000000000e+00
2.069999999999999896e-01 1.000000000000000000e+00
2.089999999999999913e-01 1.000000000000000000e+00
2.109999999999999931e-01 1.000000000000000000e+00
2.129999999999999949e-01 1.000000000000000000e+00
2.149999999999999967e-01 1.000000000000000000e+00
2.169999999999999984e-01 1.000000000000000000e+00
2.190000000000000002e-01 1.000000000000000000e+00
2.210000000000000020e-01 1.000000000000000000e+00
2.230000000000000038e-01 1.000000000000000000e+00
2.250000000000000056e-01 1.000000000000000000e+00
2.270000000000000073e-01 1.000000000000000000e+00
2.290000000000000091e-01 1.000000000000000000e+00
2.310000000000000109e-01 1.000000000000000000e+00
2.330000000000000127e-01 1.000000000000000000e+00
2.349999999999999867e-01 1.000000000000000000e+00
2.369999999999999885e-01 1.000000000000000000e+00
2.389999999999999902e-01 1.000000000000000000e+00
2.409999999999999920e-01 1.000000000000000000e+00
2.429999999999999938e-01 1.000000000000000000e+00
2.449999999999999956e-01 1.000000000000000000e+00
2.469999999999999973e-01 1.000000000000000000e+00
2.489999999999999991e-01 1.000000000000000000e+00
2.510000000000000009e-01 1.000000000000000000e+00
2.530000000000000027e-01 1.000000000000000000e+00
2.550000000000000044e-01 1.000000000000000000e+00
2.570000000000000062e-01 1.000000000000000000e+00
2.590000000000000080e-01 1.000000000000000000e+00
2.610000000000000098e-01 1.000000000000000000e+00
2.630000000000000115e-01 1.000000000000000000e+00
2.650000000000000133e-01 1.000000000000000000e+00
2.670000000000000151e-01 1.000000000000000000e+00
2.690000000000000169e-01 1.000000000000000000e+00
2.710000000000000187e-01 1.000000000000000000e+00
2.730000000000000204e-01 1.000000000000000000e+00
2.750000000000000222e-01 1.000000000000000000e+00
2.770000000000000240e-01 1.000000000000000000e+00
2.790000000000000258e-01 1.000000000000000000e+00
2.810000000000000275e-01 1.000000000000000000e+00
2.829999999999999738e-01 1.000000000000000000e+00
2.849999999999999756e-01 1.000000000000000000e+00
2.869999999999999774e-01 1.000000000000000000e+00
2.889999999999999791e-01 1.000000000000000000e+00
2.909999999999999809e-01 1.000000000000000000e+00
2.929999999999999827e-01 1.000000000000000000e+00
2.949999999999999845e-01 1.000000000000000000e+00
2.969999999999999862e-01 1.000000000000000000e+00
2.989999999999999880e-01 1.000000000000000000e+00
3.009999999999999898e-01 1.000000000000000000e+00
3.029999999999999916e-01 1.000000000000000000e+00
3.049999999999999933e-01 1.000000000000000000e+00
3.069999999999999951e-01 1.000000000000000000e+00
3.089999999999999969e-01 1.000000000000000000e+00
3.109999999999999987e-01 1.000000000000000000e+00
3.130000000000000004e-01 1.000000000000000000e+00
3.150000000000000022e-01 1.000000000000000000e+00
3.170000000000000040e-01 1.000000000000000000e+00
3.190000000000000058e-01 1.000000000000000000e+00
3.210000000000000075e-01 1.000000000000000000e+00
3.230000000000000093e-01 1.000000000000000000e+00
3.250000000000000111e-01 1.000000000000000000e+00
3.270000000000000129e-01 1.000000000000000000e+00
3.290000000000000147e-01 1.000000999999999918e+00
3.310000000000000164e-01 1.000000999999999918e+00
3.330000000000000182e-01 1.000000999999999918e+00
3.350000000000000200e-01 1.000000999999999918e+00
3.370000000000000218e-01 1.000000999999999918e+00
3.390000000000000235e-01 1.000000999999999918e+00
3.410000000000000253e-01 1.000000999999999918e+00
3.430000000000000271e-01 1.000000999999999918e+00
3.449999999999999734e-01 1.000002000000000058e+00
3.469999999999999751e-01 9.783990000000000187e-01
3.489999999999999769e-01 9.639739999999999975e-01
3.509999999999999787e-01 9.558060000000000445e-01
3.529999999999999805e-01 9.502770000000000383e-01
3.549999999999999822e-01 9.462949999999999973e-01
3.569999999999999840e-01 9.433430000000000426e-01
3.589999999999999858e-01 9.411239999999999606e-01
3.609999999999999876e-01 9.394500000000000073e-01
3.629999999999999893e-01 9.381930000000000547e-01
3.649999999999999911e-01 9.372620000000000395e-01
3.669999999999999929e-01 9.365890000000000049e-01
3.689999999999999947e-01 9.361239999999999561e-01
3.709999999999999964e-01 9.358269999999999644e-01
3.729999999999999982e-01 9.356670000000000265e-01
3.750000000000000000e-01 9.356200000000000072e-01
3.770000000000000018e-01 9.356649999999999689e-01
3.790000000000000036e-01 9.357870000000000354e-01
3.810000000000000053e-01 9.359730000000000549e-01
3.830000000000000071e-01 9.362110000000000154e-01
3.850000000000000089e-01 9.364919999999999911e-01
3.870000000000000107e-01 9.368090000000000028e-01
3.890000000000000124e-01 9.371559999999999890e-01
3.910000000000000142e-01 9.375269999999999992e-01
3.930000000000000160e-01 9.379180000000000295e-01
3.950000000000000178e-01 9.383240000000000469e-01
3.970000000000000195e-01 9.387429999999999941e-01
3.990000000000000213e-01 9.391720000000000068e-01
4.010000000000000231e-01 9.396079999999999988e-01
4.030000000000000249e-01 9.400490000000000235e-01
4.050000000000000266e-01 9.404940000000000522e-01
4.069999999999999729e-01 9.409410000000000274e-01
4.089999999999999747e-01 9.413890000000000313e-01
4.109999999999999765e-01 9.418370000000000353e-01
4.129999999999999782e-01 9.422829999999999817e-01
4.149999999999999800e-01 9.427280000000000104e-01
4.169999999999999818e-01 9.431699999999999529e-01
4.189999999999999836e-01 9.436080000000000023e-01
4.209999999999999853e-01 9.440429999999999655e-01
4.229999999999999871e-01 9.444740000000000357e-01
4.249999999999999889e-01 9.448999999999999622e-01
4.269999999999999907e-01 9.453219999999999956e-01
4.289999999999999925e-01 9.457379999999999676e-01
4.309999999999999942e-01 9.461490000000000178e-01
4.329999999999999960e-01 9.465550000000000352e-01
4.349999999999999978e-01 9.469549999999999912e-01
4.369999999999999996e-01 9.473500000000000254e-01
4.390000000000000013e-01 9.477389999999999981e-01
4.410000000000000031e-01 9.481230000000000491e-01
4.430000000000000049e-01 9.485000000000000098e-01
4.450000000000000067e-01 9.488729999999999665e-01
4.470000000000000084e-01 9.492390000000000549e-01
4.490000000000000102e-01 9.495999999999999996e-01
4.510000000000000120e-01 9.499549999999999939e-01
4.530000000000000138e-01 9.503049999999999553e-01
4.550000000000000155e-01 9.506489999999999663e-01
4.570000000000000173e-01 9.509880000000000555e-01
4.590000000000000191e-01 9.513209999999999722e-01
4.610000000000000209e-01 9.516499999999999959e-01
4.630000000000000226e-01 9.519729999999999581e-01
4.650000000000000244e-01 9.522909999999999986e-01
4.670000000000000262e-01 9.526040000000000063e-01
4.689999999999999725e-01 9.529119999999999813e-01
4.709999999999999742e-01 9.532150000000000345e-01
4.729999999999999760e-01 9.535139999999999727e-01
4.749999999999999778e-01 9.538079999999999892e-01
4.769999999999999796e-01 9.540969999999999729e-01
4.789999999999999813e-01 9.543819999999999526e-01
4.809999999999999831e-01 9.546630000000000393e-01
4.829999999999999849e-01 9.549400000000000110e-01
4.849999999999999867e-01 9.552119999999999500e-01
4.869999999999999885e-01 9.554810000000000247e-01
4.889999999999999902e-01 9.557449999999999557e-01
4.909999999999999920e-01 9.560060000000000224e-01
4.929999999999999938e-01 9.562629999999999741e-01
4.949999999999999956e-01 9.565160000000000329e-01
4.969999999999999973e-01 9.567660000000000053e-01
4.989999999999999991e-01 9.570130000000000026e-01
5.010000000000000009e-01 9.572559999999999958e-01
5.030000000000000027e-01 9.574949999999999850e-01
5.050000000000000044e-01 9.577320000000000277e-01
5.070000000000000062e-01 9.579649999999999554e-01
5.090000000000000080e-01 9.581960000000000477e-01
5.110000000000000098e-01 9.584230000000000249e-01
5.130000000000000115e-01 9.586479999999999446e-01
5.150000000000000133e-01 9.588700000000000001e-01
5.170000000000000151e-01 9.590889999999999693e-01
5.190000000000000169e-01 9.593049999999999633e-01
5.210000000000000187e-01 9.595190000000000108e-01
5.230000000000000204e-01 9.597310000000000008e-01
5.250000000000000222e-01 9.599400000000000155e-01
5.270000000000000240e-01 9.601469999999999727e-01
5.290000000000000258e-01 9.603509999999999547e-01
5.310000000000000275e-01 9.605529999999999902e-01
5.330000000000000293e-01 9.607529999999999681e-01
5.350000000000000311e-01 9.609509999999999996e-01
5.370000000000000329e-01 9.611469999999999736e-01
5.390000000000000346e-01 9.613410000000000011e-01
5.410000000000000364e-01 9.615329999999999711e-01
5.430000000000000382e-01 9.617229999999999945e-01
5.450000000000000400e-01 9.619119999999999893e-01
5.470000000000000417e-01 9.620980000000000087e-01
5.490000000000000435e-01 9.622829999999999995e-01
5.510000000000000453e-01 9.624660000000000437e-01
5.530000000000000471e-01 9.626479999999999482e-01
5.550000000000000488e-01 9.628280000000000172e-01
5.570000000000000506e-01 9.630069999999999464e-01
5.590000000000000524e-01 9.631840000000000401e-01
5.610000000000000542e-01 9.633589999999999653e-01
5.629999999999999449e-01 9.635340000000000016e-01
5.649999999999999467e-01 9.637069999999999803e-01
5.669999999999999485e-01 9.638780000000000125e-01
5.689999999999999503e-01 9.640490000000000448e-01
5.709999999999999520e-01 9.642180000000000195e-01
5.729999999999999538e-01 9.643859999999999655e-01
5.749999999999999556e-01 9.645519999999999650e-01
5.769999999999999574e-01 9.647179999999999644e-01
5.789999999999999591e-01 9.648830000000000462e-01
5.809999999999999609e-01 9.650459999999999594e-01
5.829999999999999627e-01 9.652089999999999836e-01
5.849999999999999645e-01 9.653699999999999504e-01
5.869999999999999662e-01 9.655299999999999994e-01
5.889999999999999680e-01 9.656900000000000484e-01
5.909999999999999698e-01 9.658489999999999576e-01
5.929999999999999716e-01 9.660060000000000313e-01
5.949999999999999734e-01 9.661629999999999940e-01
5.969999999999999751e-01 9.663190000000000390e-01
5.989999999999999769e-01 9.664740000000000553e-01
6.009999999999999787e-01 9.666280000000000427e-01
6.029999999999999805e-01 9.667820000000000302e-01
6.049999999999999822e-01 9.669349999999999890e-01
6.069999999999999840e-01 9.670870000000000299e-01
6.089999999999999858e-01 9.672380000000000422e-01
6.109999999999999876e-01 9.673890000000000544e-01
6.129999999999999893e-01 9.675380000000000091e-01
6.149999999999999911e-01 9.676879999999999926e-01
6.169999999999999929e-01 9.678360000000000296e-01
6.189999999999999947e-01 9.679839999999999556e-01
6.209999999999999964e-01 9.681309999999999638e-01
6.229999999999999982e-01 9.682779999999999720e-01
6.250000000000000000e-01 9.684239999999999515e-01
6.270000000000000018e-01 9.685690000000000133e-01
6.290000000000000036e-01 9.687139999999999640e-01
6.310000000000000053e-01 9.688590000000000257e-01
6.330000000000000071e-01 9.690020000000000300e-01
6.350000000000000089e-01 9.691450000000000342e-01
6.370000000000000107e-01 9.692880000000000384e-01
6.390000000000000124e-01 9.694300000000000139e-01
6.410000000000000142e-01 9.695719999999999894e-01
6.430000000000000160e-01 9.697130000000000472e-01
6.450000000000000178e-01 9.698529999999999651e-01
6.470000000000000195e-01 9.699929999999999941e-01
6.490000000000000213e-01 9.701330000000000231e-01
6.510000000000000231e-01 9.702720000000000233e-01
6.530000000000000249e-01 9.704099999999999948e-01
6.550000000000000266e-01 9.705479999999999663e-01
6.570000000000000284e-01 9.706860000000000488e-01
6.590000000000000302e-01 9.708229999999999915e-01
6.610000000000000320e-01 9.709590000000000165e-01
6.630000000000000338e-01 9.710950000000000415e-01
6.650000000000000355e-01 9.712309999999999555e-01
6.670000000000000373e-01 9.713659999999999517e-01
6.690000000000000391e-01 9.715009999999999479e-01
6.710000000000000409e-01 9.716350000000000264e-01
6.730000000000000426e-01 9.717689999999999939e-01
6.750000000000000444e-01 9.719020000000000437e-01
6.770000000000000462e-01 9.720349999999999824e-01
6.790000000000000480e-01 9.721670000000000034e-01
6.810000000000000497e-01 9.722990000000000244e-01
6.830000000000000515e-01 9.724310000000000453e-01
6.850000000000000533e-01 9.725620000000000376e-01
6.870000000000000551e-01 9.726930000000000298e-01
6.889999999999999458e-01 9.728229999999999933e-01
6.909999999999999476e-01 9.729529999999999568e-01
6.929999999999999494e-01 9.730820000000000025e-01
6.949999999999999512e-01 9.732110000000000483e-01
6.969999999999999529e-01 9.733389999999999542e-01
6.989999999999999547e-01 9.734669999999999712e-01
7.009999999999999565e-01 9.735939999999999594e-01
7.029999999999999583e-01 9.737209999999999477e-01
7.049999999999999600e-01 9.738480000000000469e-01
7.069999999999999618e-01 9.739740000000000064e-01
7.089999999999999636e-01 9.740999999999999659e-01
7.109999999999999654e-01 9.742250000000000076e-01
7.129999999999999671e-01 9.743500000000000494e-01
7.149999999999999689e-01 9.744739999999999513e-01
7.169999999999999707e-01 9.745979999999999643e-01
7.189999999999999725e-01 9.747209999999999486e-01
7.209999999999999742e-01 9.748440000000000438e-01
7.229999999999999760e-01 9.749659999999999993e-01
7.249999999999999778e-01 9.750879999999999548e-01
7.269999999999999796e-01 9.752100000000000213e-01
7.289999999999999813e-01 9.753309999999999480e-01
7.309999999999999831e-01 9.754509999999999570e-01
7.329999999999999849e-01 9.755719999999999947e-01
7.349999999999999867e-01 9.756909999999999750e-01
7.369999999999999885e-01 9.758099999999999552e-01
7.389999999999999902e-01 9.759290000000000465e-01
7.409999999999999920e-01 9.760469999999999979e-01
7.429999999999999938e-01 9.761649999999999494e-01
7.449999999999999956e-01 9.762819999999999832e-01
7.469999999999999973e-01 9.763990000000000169e-01
7.489999999999999991e-01 9.765150000000000219e-01
7.510000000000000009e-01 9.766310000000000269e-01
7.530000000000000027e-01 9.767460000000000031e-01
7.550000000000000044e-01 9.768609999999999793e-01
7.570000000000000062e-01 9.769750000000000378e-01
7.590000000000000080e-01 9.770889999999999853e-01
7.610000000000000098e-01 9.772020000000000151e-01
7.630000000000000115e-01 9.773150000000000448e-01
7.650000000000000133e-01 9.774279999999999635e-01
7.670000000000000151e-01 9.775390000000000468e-01
7.690000000000000169e-01 9.776510000000000478e-01
7.710000000000000187e-01 9.777620000000000200e-01
7.730000000000000204e-01 9.778719999999999635e-01
7.750000000000000222e-01 9.779820000000000180e-01
7.770000000000000240e-01 9.780910000000000437e-01
7.790000000000000258e-01 9.781999999999999584e-01
7.810000000000000275e-01 9.783089999999999842e-01
7.830000000000000293e-01 9.784159999999999524e-01
7.850000000000000311e-01 9.785239999999999494e-01
7.870000000000000329e-01 9.786310000000000286e-01
7.890000000000000346e-01 9.787369999999999681e-01
7.910000000000000364e-01 9.788430000000000186e-01
7.930000000000000382e-01 9.789480000000000404e-01
7.950000000000000400e-01 9.790529999999999511e-01
7.970000000000000417e-01 9.791579999999999728e-01
7.990000000000000435e-01 9.792619999999999658e-01
8.010000000000000453e-01 9.793650000000000411e-01
8.030000000000000471e-01 9.794680000000000053e-01
8.050000000000000488e-01 9.795700000000000518e-01
8.070000000000000506e-01 9.796719999999999873e-01
8.090000000000000524e-01 9.797740000000000338e-01
8.110000000000000542e-01 9.798750000000000515e-01
8.129999999999999449e-01 9.799750000000000405e-01
8.149999999999999467e-01 9.800750000000000295e-01
8.169999999999999485e-01 9.801750000000000185e-01
8.189999999999999503e-01 9.802729999999999499e-01
8.209999999999999520e-01 9.803720000000000212e-01
8.229999999999999538e-01 9.804699999999999527e-01
8.249999999999999556e-01 9.805679999999999952e-01
8.269999999999999574e-01 9.806650000000000089e-01
8.289999999999999591e-01 9.807609999999999939e-01
8.309999999999999609e-01 9.808569999999999789e-01
8.329999999999999627e-01 9.809529999999999639e-01
8.349999999999999645e-01 9.810480000000000311e-01
8.369999999999999662e-01 9.811429999999999874e-01
8.389999999999999680e-01 9.812370000000000259e-01
8.409999999999999698e-01 9.813300000000000356e-01
8.429999999999999716e-01 9.814239999999999631e-01
8.449999999999999734e-01 9.815160000000000551e-01
8.469999999999999751e-01 9.816089999999999538e-01
8.489999999999999769e-01 9.817010000000000458e-01
8.509999999999999787e-01 9.817919999999999980e-01
8.529999999999999805e-01 9.818829999999999503e-01
8.549999999999999822e-01 9.819729999999999848e-01
8.569999999999999840e-01 9.820630000000000193e-01
8.589999999999999858e-01 9.821530000000000538e-01
8.609999999999999876e-01 9.822419999999999485e-01
8.629999999999999893e-01 9.823309999999999542e-01
8.649999999999999911e-01 9.824190000000000422e-01
8.669999999999999929e-01 9.825070000000000192e-01
8.689999999999999947e-01 9.825939999999999674e-01
8.709999999999999964e-01 9.826810000000000267e-01
8.729999999999999982e-01 9.827679999999999749e-01
8.750000000000000000e-01 9.828540000000000054e-01
8.770000000000000018e-01 9.829400000000000359e-01
8.790000000000000036e-01 9.830250000000000377e-01
8.810000000000000053e-01 9.831100000000000394e-01
8.830000000000000071e-01 9.831940000000000124e-01
8.850000000000000089e-01 9.832779999999999854e-01
8.870000000000000107e-01 9.833619999999999584e-01
8.890000000000000124e-01 9.834450000000000136e-01
8.910000000000000142e-01 9.835279999999999578e-01
8.930000000000000160e-01 9.836099999999999843e-01
8.950000000000000178e-01 9.836920000000000108e-01
8.970000000000000195e-01 9.837740000000000373e-01
8.990000000000000213e-01 9.838550000000000351e-01
9.010000000000000231e-01 9.839360000000000328e-01
9.030000000000000249e-01 9.840170000000000305e-01
9.050000000000000266e-01 9.840969999999999995e-01
9.070000000000000284e-01 9.841769999999999685e-01
9.090000000000000302e-01 9.842560000000000198e-01
9.110000000000000320e-01 9.843349999999999600e-01
9.130000000000000338e-01 9.844140000000000112e-01
9.150000000000000355e-01 9.844920000000000337e-01
9.170000000000000373e-01 9.845699999999999452e-01
9.190000000000000391e-01 9.846479999999999677e-01
9.210000000000000409e-01 9.847249999999999615e-01
9.230000000000000426e-01 9.848019999999999552e-01
9.250000000000000444e-01 9.848789999999999489e-01
9.270000000000000462e-01 9.849550000000000249e-01
9.290000000000000480e-01 9.850309999999999899e-01
9.310000000000000497e-01 9.851069999999999549e-01
9.330000000000000515e-01 9.851820000000000022e-01
9.350000000000000533e-01 9.852570000000000494e-01
9.370000000000000551e-01 9.853319999999999856e-01
9.389999999999999458e-01 9.854060000000000041e-01
9.409999999999999476e-01 9.854810000000000514e-01
9.429999999999999494e-01 9.855540000000000411e-01
9.449999999999999512e-01 9.856279999999999486e-01
9.469999999999999529e-01 9.857010000000000494e-01
9.489999999999999547e-01 9.857740000000000391e-01
9.509999999999999565e-01 9.858470000000000288e-01
9.529999999999999583e-01 9.859189999999999898e-01
9.549999999999999600e-01 9.859909999999999508e-01
9.569999999999999618e-01 9.860630000000000228e-01
9.589999999999999636e-01 9.861349999999999838e-01
9.609999999999999654e-01 9.862060000000000271e-01
9.629999999999999671e-01 9.862769999999999593e-01
9.649999999999999689e-01 9.863480000000000025e-01
9.669999999999999707e-01 9.864180000000000170e-01
9.689999999999999725e-01 9.864889999999999493e-01
9.709999999999999742e-01 9.865589999999999637e-01
9.729999999999999760e-01 9.866279999999999495e-01
9.749999999999999778e-01 9.866979999999999640e-01
9.769999999999999796e-01 9.867669999999999497e-01
9.789999999999999813e-01 9.868360000000000465e-01
9.809999999999999831e-01 9.869050000000000322e-01
9.829999999999999849e-01 9.869740000000000180e-01
9.849999999999999867e-01 9.870419999999999749e-01
9.869999999999999885e-01 9.871100000000000430e-01
9.889999999999999902e-01 9.871779999999999999e-01
9.909999999999999920e-01 9.872459999999999569e-01
9.929999999999999938e-01 9.873140000000000249e-01
9.949999999999999956e-01 9.873809999999999532e-01
9.969999999999999973e-01 9.874479999999999924e-01
9.989999999999999991e-01 9.875150000000000317e-01
1.000999999999999890e+00 9.875819999999999599e-01
1.002999999999999892e+00 9.876489999999999991e-01
1.004999999999999893e+00 9.877150000000000096e-01
1.006999999999999895e+00 9.877810000000000201e-01
1.008999999999999897e+00 9.878470000000000306e-01
1.010999999999999899e+00 9.879130000000000411e-01
1.012999999999999901e+00 9.879790000000000516e-01
1.014999999999999902e+00 9.880440000000000333e-01
1.016999999999999904e+00 9.881090000000000151e-01
1.018999999999999906e+00 9.881739999999999968e-01
1.020999999999999908e+00 9.882389999999999786e-01
1.022999999999999909e+00 9.883039999999999603e-01
1.024999999999999911e+00 9.883690000000000531e-01
1.026999999999999913e+00 9.884330000000000060e-01
1.028999999999999915e+00 9.884979999999999878e-01
1.030999999999999917e+00 9.885620000000000518e-01
1.032999999999999918e+00 9.886260000000000048e-01
1.034999999999999920e+00 9.886899999999999578e-01
1.036999999999999922e+00 9.887540000000000218e-01
1.038999999999999924e+00 9.888169999999999460e-01
1.040999999999999925e+00 9.888810000000000100e-01
1.042999999999999927e+00 9.889440000000000452e-01
1.044999999999999929e+00 9.890069999999999695e-01
1.046999999999999931e+00 9.890700000000000047e-01
1.048999999999999932e+00 9.891330000000000400e-01
1.050999999999999934e+00 9.891959999999999642e-01
1.052999999999999936e+00 9.892579999999999707e-01
1.054999999999999938e+00 9.893210000000000059e-01
1.056999999999999940e+00 9.893830000000000124e-01
1.058999999999999941e+00 9.894450000000000189e-01
1.060999999999999943e+00 9.895080000000000542e-01
1.062999999999999945e+00 9.895699999999999497e-01
1.064999999999999947e+00 9.896310000000000384e-01
1.066999999999999948e+00 9.896930000000000449e-01
1.068999999999999950e+00 9.897550000000000514e-01
1.070999999999999952e+00 9.898160000000000291e-01
1.072999999999999954e+00 9.898780000000000356e-01
1.074999999999999956e+00 9.899390000000000134e-01
1.076999999999999957e+00 9.899999999999999911e-01
1.078999999999999959e+00 9.900609999999999689e-01
1.080999999999999961e+00 9.901219999999999466e-01
1.082999999999999963e+00 9.901830000000000354e-01
1.084999999999999964e+00 9.902440000000000131e-01
1.086999999999999966e+00 9.903049999999999908e-01
1.088999999999999968e+00 9.903650000000000508e-01
1.090999999999999970e+00 9.904260000000000286e-01
1.092999999999999972e+00 9.904859999999999776e-01
1.094999999999999973e+00 9.905460000000000376e-01
1.096999999999999975e+00 9.906059999999999865e-01
1.098999999999999977e+00 9.906660000000000466e-01
1.100999999999999979e+00 9.907259999999999955e-01
1.102999999999999980e+00 9.907859999999999445e-01
1.104999999999999982e+00 9.908460000000000045e-01
1.106999999999999984e+00 9.909050000000000358e-01
1.108999999999999986e+00 9.909649999999999848e-01
1.110999999999999988e+00 9.910240000000000160e-01
1.112999999999999989e+00 9.910839999999999650e-01
1.114999999999999991e+00 9.911429999999999962e-01
1.116999999999999993e+00 9.912020000000000275e-01
1.118999999999999995e+00 9.912609999999999477e-01
1.120999999999999996e+00 9.913199999999999790e-01
1.122999999999999998e+00 9.913790000000000102e-01
1.125000000000000000e+00 9.914380000000000415e-01
1.127000000000000002e+00 9.914960000000000440e-01
1.129000000000000004e+00 9.915549999999999642e-01
1.131000000000000005e+00 9.916129999999999667e-01
1.133000000000000007e+00 9.916719999999999979e-01
1.135000000000000009e+00 9.917300000000000004e-01
1.137000000000000011e+00 9.917880000000000029e-01
1.139000000000000012e+00 9.918460000000000054e-01
1.141000000000000014e+00 9.919040000000000079e-01
1.143000000000000016e+00 9.919620000000000104e-01
1.145000000000000018e+00 9.920200000000000129e-01
1.147000000000000020e+00 9.920769999999999866e-01
1.149000000000000021e+00 9.921349999999999891e-01
1.151000000000000023e+00 9.921919999999999629e-01
1.153000000000000025e+00 9.922490000000000476e-01
1.155000000000000027e+00 9.923070000000000501e-01
1.157000000000000028e+00 9.923640000000000239e-01
1.159000000000000030e+00 9.924209999999999976e-01
1.161000000000000032e+00 9.924779999999999713e-01
1.163000000000000034e+00 9.925349999999999451e-01
1.165000000000000036e+00 9.925910000000000011e-01
1.167000000000000037e+00 9.926479999999999748e-01
1.169000000000000039e+00 9.927040000000000308e-01
1.171000000000000041e+00 9.927610000000000046e-01
1.173000000000000043e+00 9.928169999999999495e-01
1.175000000000000044e+00 9.928730000000000055e-01
1.177000000000000046e+00 9.929289999999999505e-01
1.179000000000000048e+00 9.929850000000000065e-01
1.181000000000000050e+00 9.930409999999999515e-01
1.183000000000000052e+00 9.930970000000000075e-01
1.185000000000000053e+00 9.931529999999999525e-01
1.187000000000000055e+00 9.932079999999999798e-01
1.189000000000000057e+00 9.932630000000000070e-01
1.191000000000000059e+00 9.933189999999999520e-01
1.193000000000000060e+00 9.933739999999999792e-01
1.195000000000000062e+00 9.934290000000000065e-01
1.197000000000000064e+00 9.934840000000000337e-01
1.199000000000000066e+00 9.935389999999999500e-01
1.201000000000000068e+00 9.935929999999999485e-01
1.203000000000000069e+00 9.936479999999999757e-01
1.205000000000000071e+00 9.937019999999999742e-01
1.207000000000000073e+00 9.937559999999999727e-01
1.209000000000000075e+00 9.938109999999999999e-01
1.211000000000000076e+00 9.938649999999999984e-01
1.213000000000000078e+00 9.939179999999999682e-01
1.215000000000000080e+00 9.939719999999999667e-01
1.217000000000000082e+00 9.940259999999999652e-01
1.219000000000000083e+00 9.940790000000000459e-01
1.221000000000000085e+00 9.941330000000000444e-01
1.223000000000000087e+00 9.941860000000000142e-01
1.225000000000000089e+00 9.942389999999999839e-01
1.227000000000000091e+00 9.942919999999999536e-01
1.229000000000000092e+00 9.943450000000000344e-01
1.231000000000000094e+00 9.943969999999999754e-01
1.233000000000000096e+00 9.944499999999999451e-01
1.235000000000000098e+00 9.945019999999999971e-01
1.237000000000000099e+00 9.945549999999999669e-01
1.239000000000000101e+00 9.946070000000000189e-01
1.241000000000000103e+00 9.946589999999999598e-01
1.243000000000000105e+00 9.947099999999999831e-01
1.245000000000000107e+00 9.947620000000000351e-01
1.247000000000000108e+00 9.948129999999999473e-01
1.249000000000000110e+00 9.948649999999999993e-01
1.250999999999999890e+00 9.949160000000000226e-01
1.252999999999999892e+00 9.949670000000000458e-01
1.254999999999999893e+00 9.950179999999999580e-01
1.256999999999999895e+00 9.950679999999999525e-01
1.258999999999999897e+00 9.951189999999999758e-01
1.260999999999999899e+00 9.951689999999999703e-01
1.262999999999999901e+00 9.952199999999999935e-01
1.264999999999999902e+00 9.952699999999999880e-01
1.266999999999999904e+00 9.953189999999999538e-01
1.268999999999999906e+00 9.953689999999999483e-01
1.270999999999999908e+00 9.954190000000000538e-01
1.272999999999999909e+00 9.954680000000000195e-01
1.274999999999999911e+00 9.955169999999999852e-01
1.276999999999999913e+00 9.955659999999999510e-01
1.278999999999999915e+00 9.956150000000000277e-01
1.280999999999999917e+00 9.956639999999999935e-01
1.282999999999999918e+00 9.957120000000000415e-01
1.284999999999999920e+00 9.957610000000000072e-01
1.286999999999999922e+00 9.958090000000000552e-01
1.288999999999999924e+00 9.958569999999999922e-01
1.290999999999999925e+00 9.959040000000000115e-01
1.292999999999999927e+00 9.959519999999999484e-01
1.294999999999999929e+00 9.959989999999999677e-01
1.296999999999999931e+00 9.960470000000000157e-01
1.298999999999999932e+00 9.960940000000000349e-01
1.300999999999999934e+00 9.961410000000000542e-01
1.302999999999999936e+00 9.961870000000000447e-01
1.304999999999999938e+00 9.962339999999999529e-01
1.306999999999999940e+00 9.962800000000000544e-01
1.308999999999999941e+00 9.963260000000000449e-01
1.310999999999999943e+00 9.963720000000000354e-01
1.312999999999999945e+00 9.964180000000000259e-01
1.314999999999999947e+00 9.964629999999999876e-01
1.316999999999999948e+00 9.965079999999999494e-01
1.318999999999999950e+00 9.965530000000000221e-01
1.320999999999999952e+00 9.965979999999999839e-01
1.322999999999999954e+00 9.966429999999999456e-01
1.324999999999999956e+00 9.966869999999999896e-01
1.326999999999999957e+00 9.967319999999999514e-01
1.328999999999999959e+00 9.967759999999999954e-01
1.330999999999999961e+00 9.968190000000000106e-01
1.332999999999999963e+00 9.968630000000000546e-01
1.334999999999999964e+00 9.969069999999999876e-01
1.336999999999999966e+00 9.969500000000000028e-01
1.338999999999999968e+00 9.969930000000000181e-01
1.340999999999999970e+00 9.970360000000000333e-01
1.342999999999999972e+00 9.970780000000000198e-01
1.344999999999999973e+00 9.971200000000000063e-01
1.346999999999999975e+00 9.971630000000000216e-01
1.348999999999999977e+00 9.972039999999999793e-01
1.350999999999999979e+00 9.972459999999999658e-01
1.352999999999999980e+00 9.972879999999999523e-01
1.354999999999999982e+00 9.973290000000000211e-01
1.356999999999999984e+00 9.973699999999999788e-01
1.358999999999999986e+00 9.974110000000000475e-01
1.360999999999999988e+00 9.974509999999999765e-01
1.362999999999999989e+00 9.974920000000000453e-01
1.364999999999999991e+00 9.975319999999999743e-01
1.366999999999999993e+00 9.975720000000000143e-01
1.368999999999999995e+00 9.976110000000000255e-01
1.370999999999999996e+00 9.976509999999999545e-01
1.372999999999999998e+00 9.976899999999999658e-01
1.375000000000000000e+00 9.977289999999999770e-01
1.377000000000000002e+00 9.977669999999999595e-01
1.379000000000000004e+00 9.978059999999999707e-01
1.381000000000000005e+00 9.978439999999999532e-01
1.383000000000000007e+00 9.978820000000000467e-01
1.385000000000000009e+00 9.979200000000000292e-01
1.387000000000000011e+00 9.979569999999999830e-01
1.389000000000000012e+00 9.979940000000000477e-01
1.391000000000000014e+00 9.980310000000000015e-01
1.393000000000000016e+00 9.980679999999999552e-01
1.395000000000000018e+00 9.981050000000000200e-01
1.397000000000000020e+00 9.981409999999999449e-01
1.399000000000000021e+00 9.981769999999999810e-01
1.401000000000000023e+00 9.982130000000000170e-01
1.403000000000000025e+00 9.982480000000000242e-01
1.405000000000000027e+00 9.982830000000000314e-01
1.407000000000000028e+00 9.983180000000000387e-01
1.409000000000000030e+00 9.983530000000000459e-01
1.411000000000000032e+00 9.983870000000000244e-01
1.413000000000000034e+00 9.984220000000000317e-01
1.415000000000000036e+00 9.984549999999999814e-01
1.417000000000000037e+00 9.984889999999999599e-01
1.419000000000000039e+00 9.985220000000000207e-01
1.421000000000000041e+00 9.985559999999999992e-01
1.423000000000000043e+00 9.985880000000000312e-01
1.425000000000000044e+00 9.986209999999999809e-01
1.427000000000000046e+00 9.986530000000000129e-01
1.429000000000000048e+00 9.986850000000000449e-01
1.431000000000000050e+00 9.987169999999999659e-01
1.433000000000000052e+00 9.987479999999999691e-01
1.435000000000000053e+00 9.987789999999999724e-01
1.437000000000000055e+00 9.988099999999999756e-01
1.439000000000000057e+00 9.988409999999999789e-01
1.441000000000000059e+00 9.988709999999999534e-01
1.443000000000000060e+00 9.989010000000000389e-01
1.445000000000000062e+00 9.989299999999999846e-01
1.447000000000000064e+00 9.989599999999999591e-01
1.449000000000000066e+00 9.989890000000000159e-01
1.451000000000000068e+00 9.990179999999999616e-01
1.453000000000000069e+00 9.990459999999999896e-01
1.455000000000000071e+00 9.990740000000000176e-01
1.457000000000000073e+00 9.991020000000000456e-01
1.459000000000000075e+00 9.991290000000000449e-01
1.461000000000000076e+00 9.991560000000000441e-01
1.463000000000000078e+00 9.991830000000000434e-01
1.465000000000000080e+00 9.992100000000000426e-01
1.467000000000000082e+00 9.992360000000000131e-01
1.469000000000000083e+00 9.992619999999999836e-01
1.471000000000000085e+00 9.992870000000000363e-01
1.473000000000000087e+00 9.993119999999999781e-01
1.475000000000000089e+00 9.993370000000000308e-01
1.477000000000000091e+00 9.993610000000000548e-01
1.479000000000000092e+00 9.993849999999999678e-01
1.481000000000000094e+00 9.994089999999999918e-01
1.483000000000000096e+00 9.994319999999999871e-01
1.485000000000000098e+00 9.994549999999999823e-01
1.487000000000000099e+00 9.994779999999999776e-01
1.489000000000000101e+00 9.995000000000000551e-01
1.491000000000000103e+00 9.995220000000000216e-01
1.493000000000000105e+00 9.995429999999999593e-01
1.495000000000000107e+00 9.995650000000000368e-01
1.497000000000000108e+00 9.995849999999999458e-01
1.499000000000000110e+00 9.996049999999999658e-01
1.500999999999999890e+00 9.996249999999999858e-01
1.502999999999999892e+00 9.996450000000000058e-01
1.504999999999999893e+00 9.996639999999999970e-01
1.506999999999999895e+00 9.996819999999999595e-01
1.508999999999999897e+00 9.997000000000000330e-01
1.510999999999999899e+00 9.997179999999999955e-01
1.512999999999999901e+00 9.997350000000000403e-01
1.514999999999999902e+00 9.997519999999999740e-01
1.516999999999999904e+00 9.997679999999999900e-01
1.518999999999999906e+00 9.997840000000000060e-01
1.520999999999999908e+00 9.997989999999999933e-01
1.522999999999999909e+00 9.998139999999999805e-01
1.524999999999999911e+00 9.998289999999999678e-01
1.526999999999999913e+00 9.998430000000000373e-01
1.528999999999999915e+00 9.998559999999999670e-01
1.530999999999999917e+00 9.998690000000000078e-01
1.532999999999999918e+00 9.998810000000000198e-01
1.534999999999999920e+00 9.998930000000000318e-01
1.536999999999999922e+00 9.999040000000000150e-01
1.538999999999999924e+00 9.999149999999999983e-01
1.540999999999999925e+00 9.999249999999999527e-01
1.542999999999999927e+00 9.999339999999999895e-01
1.544999999999999929e+00 9.999430000000000263e-01
1.546999999999999931e+00 9.999519999999999520e-01
1.548999999999999932e+00 9.999590000000000423e-01
1.550999999999999934e+00 9.999660000000000215e-01
1.552999999999999936e+00 9.999730000000000008e-01
1.554999999999999938e+00 9.999789999999999512e-01
1.556999999999999940e+00 9.999839999999999840e-01
1.558999999999999941e+00 9.999879999999999880e-01
1.560999999999999943e+00 9.999919999999999920e-01
1.562999999999999945e+00 9.999949999999999672e-01
1.564999999999999947e+00 9.999980000000000535e-01
1.566999999999999948e+00 9.999989999999999712e-01
1.568999999999999950e+00 1.000000000000000000e+00
1.570999999999999952e+00 1.000000000000000000e+00
1.572999999999999954e+00 1.000000000000000000e+00
1.574999999999999956e+00 9.999980000000000535e-01
1.576999999999999957e+00 9.999959999999999960e-01
1.578999999999999959e+00 9.999930000000000208e-01
1.580999999999999961e+00 9.999890000000000168e-01
1.582999999999999963e+00 9.999839999999999840e-01
1.584999999999999964e+00 9.999780000000000335e-01
1.586999999999999966e+00 9.999719999999999720e-01
1.588999999999999968e+00 9.999639999999999640e-01
1.590999999999999970e+00 9.999559999999999560e-01
1.592999999999999972e+00 9.999470000000000303e-01
1.594999999999999973e+00 9.999360000000000470e-01
1.596999999999999975e+00 9.999249999999999527e-01
1.598999999999999977e+00 9.999120000000000230e-01
1.600999999999999979e+00 9.998989999999999823e-01
1.602999999999999980e+00 9.998839999999999950e-01
1.604999999999999982e+00 9.998690000000000078e-01
1.606999999999999984e+00 9.998519999999999630e-01
1.608999999999999986e+00 9.998340000000000005e-01
1.610999999999999988e+00 9.998150000000000093e-01
1.612999999999999989e+00 9.997939999999999605e-01
1.614999999999999991e+00 9.997730000000000228e-01
1.616999999999999993e+00 9.997500000000000275e-01
1.618999999999999995e+00 9.997260000000000035e-01
1.620999999999999996e+00 9.997000000000000330e-01
1.622999999999999998e+00 9.996730000000000338e-01
1.625000000000000000e+00 9.996450000000000058e-01
1.627000000000000002e+00 9.996150000000000313e-01
1.629000000000000004e+00 9.995840000000000281e-01
1.631000000000000005e+00 9.995509999999999673e-01
1.633000000000000007e+00 9.995169999999999888e-01
1.635000000000000009e+00 9.994809999999999528e-01
1.637000000000000011e+00 9.994429999999999703e-01
1.639000000000000012e+00 9.994039999999999591e-01
1.641000000000000014e+00 9.993630000000000013e-01
1.643000000000000016e+00 9.993210000000000148e-01
1.645000000000000018e+00 9.992760000000000531e-01
1.647000000000000020e+00 9.992299999999999516e-01
1.649000000000000021e+00 9.991820000000000146e-01
1.651000000000000023e+00 9.991309999999999913e-01
1.653000000000000025e+00 9.990790000000000504e-01
1.655000000000000027e+00 9.990250000000000519e-01
1.657000000000000028e+00 9.989689999999999959e-01
1.659000000000000030e+00 9.989099999999999646e-01
1.661000000000000032e+00 9.988489999999999869e-01
1.663000000000000034e+00 9.987859999999999516e-01
1.665000000000000036e+00 9.987209999999999699e-01
1.667000000000000037e+00 9.986530000000000129e-01
1.669000000000000039e+00 9.985829999999999984e-01
1.671000000000000041e+00 9.985100000000000087e-01
1.673000000000000043e+00 9.984349999999999614e-01
1.675000000000000044e+00 9.983570000000000499e-01
1.677000000000000046e+00 9.982760000000000522e-01
1.679000000000000048e+00 9.981929999999999970e-01
1.681000000000000050e+00 9.981060000000000487e-01
1.683000000000000052e+00 9.980170000000000430e-01
1.685000000000000053e+00 9.979240000000000332e-01
1.687000000000000055e+00 9.978289999999999660e-01
1.689000000000000057e+00 9.977300000000000058e-01
1.691000000000000059e+00 9.976279999999999593e-01
1.693000000000000060e+00 9.975220000000000198e-01
1.695000000000000062e+00 9.974129999999999940e-01
1.697000000000000064e+00 9.972999999999999643e-01
1.699000000000000066e+00 9.971839999999999593e-01
1.701000000000000068e+00 9.970639999999999503e-01
1.703000000000000069e+00 9.969400000000000484e-01
1.705000000000000071e+00 9.968110000000000026e-01
1.707000000000000073e+00 9.966789999999999816e-01
1.709000000000000075e+00 9.965429999999999566e-01
1.711000000000000076e+00 9.964020000000000099e-01
1.713000000000000078e+00 9.962569999999999482e-01
1.715000000000000080e+00 9.961069999999999647e-01
1.717000000000000082e+00 9.959519999999999484e-01
1.719000000000000083e+00 9.957920000000000105e-01
1.721000000000000085e+00 9.956279999999999575e-01
1.723000000000000087e+00 9.954579999999999540e-01
1.725000000000000089e+00 9.952830000000000288e-01
1.727000000000000091e+00 9.951029999999999598e-01
1.729000000000000092e+00 9.949170000000000513e-01
1.731000000000000094e+00 9.947249999999999703e-01
1.733000000000000096e+00 9.945270000000000499e-01
1.735000000000000098e+00 9.943229999999999569e-01
1.737000000000000099e+00 9.941130000000000244e-01
1.739000000000000101e+00 9.938970000000000304e-01
1.741000000000000103e+00 9.936739999999999462e-01
1.743000000000000105e+00 9.934439999999999937e-01
1.745000000000000107e+00 9.932069999999999510e-01
1.747000000000000108e+00 9.929630000000000400e-01
1.749000000000000110e+00 9.927110000000000101e-01
1.750999999999999890e+00 9.924520000000000008e-01
1.752999999999999892e+00 9.921860000000000124e-01
1.754999999999999893e+00 9.919109999999999872e-01
1.756999999999999895e+00 9.916279999999999539e-01
1.758999999999999897e+00 9.913370000000000237e-01
1.760999999999999899e+00 9.910360000000000280e-01
1.762999999999999901e+00 9.907280000000000530e-01
1.764999999999999902e+00 9.904089999999999838e-01
1.766999999999999904e+00 9.900820000000000176e-01
1.768999999999999906e+00 9.897449999999999859e-01
1.770999999999999908e+00 9.893979999999999997e-01
1.772999999999999909e+00 9.890409999999999480e-01
1.774999999999999911e+00 9.886730000000000240e-01
1.776999999999999913e+00 9.882950000000000346e-01
1.778999999999999915e+00 9.879069999999999796e-01
1.780999999999999917e+00 9.875059999999999949e-01
1.782999999999999918e+00 9.870949999999999447e-01
1.784999999999999920e+00 9.866709999999999647e-01
1.786999999999999922e+00 9.862360000000000015e-01
1.788999999999999924e+00 9.857890000000000263e-01
1.790999999999999925e+00 9.853290000000000104e-01
1.792999999999999927e+00 9.848559999999999537e-01
1.794999999999999929e+00 9.843699999999999672e-01
1.796999999999999931e+00 9.838700000000000223e-01
1.798999999999999932e+00 9.833570000000000366e-01
1.800999999999999934e+00 9.828299999999999814e-01
1.802999999999999936e+00 9.822889999999999677e-01
1.804999999999999938e+00 9.817339999999999955e-01
1.806999999999999940e+00 9.811630000000000074e-01
1.808999999999999941e+00 9.805779999999999497e-01
1.810999999999999943e+00 9.799780000000000157e-01
1.812999999999999945e+00 9.793619999999999548e-01
1.814999999999999947e+00 9.787310000000000176e-01
1.816999999999999948e+00 9.780830000000000357e-01
1.818999999999999950e+00 9.774199999999999555e-01
1.820999999999999952e+00 9.767409999999999703e-01
1.822999999999999954e+00 9.760450000000000514e-01
1.824999999999999956e+00 9.753330000000000055e-01
1.826999999999999957e+00 9.746040000000000258e-01
1.828999999999999959e+00 9.738590000000000302e-01
1.830999999999999961e+00 9.730969999999999898e-01
1.832999999999999963e+00 9.723180000000000156e-01
1.834999999999999964e+00 9.715230000000000254e-01
1.836999999999999966e+00 9.707120000000000193e-01
1.838999999999999968e+00 9.698839999999999684e-01
1.840999999999999970e+00 9.690389999999999837e-01
1.842999999999999972e+00 9.681790000000000118e-01
1.844999999999999973e+00 9.673030000000000239e-01
1.846999999999999975e+00 9.664110000000000200e-01
1.848999999999999977e+00 9.655040000000000289e-01
1.850999999999999979e+00 9.645829999999999682e-01
1.852999999999999980e+00 9.636479999999999491e-01
1.854999999999999982e+00 9.626989999999999714e-01
1.856999999999999984e+00 9.617369999999999530e-01
1.858999999999999986e+00 9.607620000000000049e-01
1.860999999999999988e+00 9.597769999999999913e-01
1.862999999999999989e+00 9.587809999999999944e-01
1.864999999999999991e+00 9.577759999999999607e-01
1.866999999999999993e+00 9.567620000000000013e-01
1.868999999999999995e+00 9.557400000000000340e-01
1.870999999999999996e+00 9.547130000000000338e-01
1.872999999999999998e+00 9.536810000000000009e-01
1.875000000000000000e+00 9.526449999999999640e-01
1.877000000000000002e+00 9.516080000000000094e-01
1.879000000000000004e+00 9.505700000000000260e-01
1.881000000000000005e+00 9.495329999999999604e-01
1.883000000000000007e+00 9.485000000000000098e-01
1.885000000000000009e+00 9.474719999999999809e-01
1.887000000000000011e+00 9.464500000000000135e-01
1.889000000000000012e+00 9.454369999999999719e-01
1.891000000000000014e+00 9.444350000000000245e-01
1.893000000000000016e+00 9.434449999999999781e-01
1.895000000000000018e+00 9.424700000000000299e-01
1.897000000000000020e+00 9.415120000000000156e-01
1.899000000000000021e+00 9.405729999999999924e-01
1.901000000000000023e+00 9.396550000000000180e-01
1.903000000000000025e+00 9.387600000000000389e-01
1.905000000000000027e+00 9.378900000000000015e-01
1.907000000000000028e+00 9.370479999999999920e-01
1.909000000000000030e+00 9.362359999999999571e-01
1.911000000000000032e+00 9.354540000000000077e-01
1.913000000000000034e+00 9.347069999999999546e-01
1.915000000000000036e+00 9.339939999999999909e-01
1.917000000000000037e+00 9.333179999999999810e-01
1.919000000000000039e+00 9.326799999999999535e-01
1.921000000000000041e+00 9.320819999999999661e-01
1.923000000000000043e+00 9.315250000000000474e-01
1.925000000000000044e+00 9.310110000000000330e-01
1.927000000000000046e+00 9.305409999999999515e-01
1.929000000000000048e+00 9.301150000000000251e-01
1.931000000000000050e+00 9.297339999999999494e-01
1.933000000000000052e+00 9.293979999999999464e-01
1.935000000000000053e+00 9.291089999999999627e-01
1.937000000000000055e+00 9.288669999999999982e-01
1.939000000000000057e+00 9.286710000000000242e-01
1.941000000000000059e+00 9.285219999999999585e-01
1.943000000000000060e+00 9.284179999999999655e-01
1.945000000000000062e+00 9.283609999999999918e-01
1.947000000000000064e+00 9.283489999999999798e-01
1.949000000000000066e+00 9.283810000000000118e-01
1.951000000000000068e+00 9.284569999999999768e-01
1.953000000000000069e+00 9.285759999999999570e-01
1.955000000000000071e+00 9.287370000000000347e-01
1.957000000000000073e+00 9.289380000000000415e-01
1.959000000000000075e+00 9.291789999999999772e-01
1.961000000000000076e+00 9.294569999999999776e-01
1.963000000000000078e+00 9.297720000000000429e-01
1.965000000000000080e+00 9.301209999999999756e-01
1.967000000000000082e+00 9.305039999999999978e-01
1.969000000000000083e+00 9.309190000000000520e-01
1.971000000000000085e+00 9.313630000000000519e-01
1.973000000000000087e+00 9.318370000000000264e-01
1.975000000000000089e+00 9.323360000000000536e-01
1.977000000000000091e+00 9.328610000000000513e-01
1.979000000000000092e+00 9.334099999999999620e-01
