3.484999999999999765e-01 -5.825800000000000090e+00
3.509299999999999642e-01 -5.973300000000000054e+00
3.559299999999999686e-01 -6.251500000000000057e+00
3.609299999999999731e-01 -6.599700000000000344e+00
3.659299999999999775e-01 -6.991500000000000270e+00
3.709299999999999820e-01 -7.412399999999999878e+00
3.759299999999999864e-01 -7.853500000000000369e+00
3.809299999999999908e-01 -8.308600000000000207e+00
3.859299999999999953e-01 -8.773600000000000065e+00
3.909299999999999997e-01 -9.245200000000000529e+00
3.959300000000000042e-01 -9.721199999999999619e+00
4.009300000000000086e-01 -1.019969999999999999e+01
4.059300000000000130e-01 -1.067960000000000065e+01
4.109300000000000175e-01 -1.115959999999999930e+01
4.159300000000000219e-01 -1.163889999999999958e+01
4.209300000000000264e-01 -1.211689999999999934e+01
4.259300000000000308e-01 -1.259299999999999997e+01
4.309300000000000352e-01 -1.306680000000000064e+01
4.359300000000000397e-01 -1.353790000000000049e+01
4.409300000000000441e-01 -1.400619999999999976e+01
4.459300000000000486e-01 -1.447129999999999939e+01
4.509299999999999975e-01 -1.493309999999999960e+01
4.559300000000000019e-01 -1.539140000000000086e+01
4.609300000000000064e-01 -1.584619999999999962e+01
4.659300000000000108e-01 -1.629739999999999966e+01
4.709299999999999597e-01 -1.674490000000000123e+01
4.759299999999999642e-01 -1.718860000000000099e+01
4.809299999999999686e-01 -1.762859999999999872e+01
4.859299999999999731e-01 -1.806469999999999843e+01
4.909299999999999775e-01 -1.849709999999999965e+01
4.959299999999999820e-01 -1.892569999999999908e+01
5.009299999999999864e-01 -1.935050000000000026e+01
5.059299999999999908e-01 -1.977159999999999940e+01
5.109299999999999953e-01 -2.018890000000000029e+01
5.159299999999999997e-01 -2.060239999999999938e+01
5.209300000000000042e-01 -2.101229999999999976e+01
5.259300000000000086e-01 -2.141850000000000165e+01
5.309300000000000130e-01 -2.182110000000000127e+01
5.359300000000000175e-01 -2.222009999999999863e+01
5.409300000000000219e-01 -2.261550000000000082e+01
5.459300000000000264e-01 -2.300740000000000052e+01
5.509300000000000308e-01 -2.339580000000000126e+01
5.559300000000000352e-01 -2.378069999999999951e+01
5.609300000000000397e-01 -2.416229999999999833e+01
5.659300000000000441e-01 -2.454040000000000177e+01
5.709300000000000486e-01 -2.491529999999999845e+01
5.759300000000000530e-01 -2.528679999999999950e+01
5.809300000000000574e-01 -2.565520000000000067e+01
5.859300000000000619e-01 -2.602029999999999887e+01
5.909300000000000663e-01 -2.638220000000000098e+01
5.959299999999999597e-01 -2.674099999999999966e+01
6.009299999999999642e-01 -2.709669999999999845e+01
6.059299999999999686e-01 -2.744940000000000069e+01
6.109299999999999731e-01 -2.779909999999999926e+01
6.159299999999999775e-01 -2.814580000000000126e+01
6.209299999999999820e-01 -2.848949999999999960e+01
6.259299999999999864e-01 -2.883040000000000092e+01
6.309299999999999908e-01 -2.916839999999999833e+01
6.359299999999999953e-01 -2.950359999999999872e+01
6.409299999999999997e-01 -2.983609999999999829e+01
6.459300000000000042e-01 -3.016580000000000084e+01
6.509300000000000086e-01 -3.049269999999999925e+01
6.559300000000000130e-01 -3.081700000000000017e+01
6.609299999999999065e-01 -3.113870000000000005e+01
6.659300000000000219e-01 -3.145779999999999887e+01
6.709299999999999153e-01 -3.177420000000000044e+01
6.759300000000000308e-01 -3.208820000000000050e+01
6.809299999999999242e-01 -3.239970000000000283e+01
6.859300000000000397e-01 -3.270859999999999701e+01
6.909299999999999331e-01 -3.301520000000000010e+01
6.959300000000000486e-01 -3.331929999999999836e+01
7.009299999999999420e-01 -3.362109999999999843e+01
7.059300000000000574e-01 -3.392049999999999699e+01
7.109299999999999509e-01 -3.421759999999999735e+01
7.159300000000000663e-01 -3.451239999999999952e+01
7.209299999999999597e-01 -3.480490000000000350e+01
7.259299999999999642e-01 -3.509530000000000172e+01
7.309299999999999686e-01 -3.538340000000000174e+01
7.359299999999999731e-01 -3.566929999999999978e+01
7.409299999999999775e-01 -3.595309999999999917e+01
7.459299999999999820e-01 -3.623479999999999990e+01
7.509299999999999864e-01 -3.651440000000000197e+01
7.559299999999999908e-01 -3.679189999999999827e+01
7.609299999999999953e-01 -3.706739999999999924e+01
7.659299999999999997e-01 -3.734089999999999776e+01
7.709300000000000042e-01 -3.761229999999999762e+01
7.759300000000000086e-01 -3.788190000000000168e+01
7.809300000000000130e-01 -3.814939999999999998e+01
7.859299999999999065e-01 -3.841510000000000247e+01
7.909300000000000219e-01 -3.867880000000000251e+01
7.959299999999999153e-01 -3.894069999999999965e+01
8.009300000000000308e-01 -3.920080000000000098e+01
8.059299999999999242e-01 -3.945900000000000318e+01
8.109300000000000397e-01 -3.971540000000000248e+01
8.159299999999999331e-01 -3.996999999999999886e+01
8.209300000000000486e-01 -4.022279999999999944e+01
8.259299999999999420e-01 -4.047390000000000043e+01
8.309300000000000574e-01 -4.072330000000000183e+01
8.359299999999999509e-01 -4.097099999999999653e+01
8.409300000000000663e-01 -4.121710000000000207e+01
8.459299999999999597e-01 -4.146139999999999759e+01
8.509299999999999642e-01 -4.170409999999999684e+01
8.559299999999999686e-01 -4.194519999999999982e+01
8.609299999999999731e-01 -4.218469999999999942e+01
8.659299999999999775e-01 -4.242260000000000275e+01
8.709299999999999820e-01 -4.265890000000000271e+01
8.759299999999999864e-01 -4.289370000000000260e+01
8.809299999999999908e-01 -4.312700000000000244e+01
8.859299999999999953e-01 -4.335869999999999891e+01
8.909299999999999997e-01 -4.358890000000000242e+01
8.959300000000000042e-01 -4.381770000000000209e+01
9.009300000000000086e-01 -4.404500000000000171e+01
9.059300000000000130e-01 -4.427080000000000126e+01
9.109300000000000175e-01 -4.449530000000000030e+01
9.159300000000000219e-01 -4.471829999999999927e+01
9.209300000000000264e-01 -4.493990000000000151e+01
9.259300000000000308e-01 -4.516009999999999991e+01
9.309300000000000352e-01 -4.537890000000000157e+01
9.359300000000000397e-01 -4.559640000000000271e+01
9.409300000000000441e-01 -4.581260000000000332e+01
9.459299999999999375e-01 -4.602740000000000009e+01
9.509299999999999420e-01 -4.624090000000000344e+01
9.559299999999999464e-01 -4.645320000000000249e+01
9.609299999999999509e-01 -4.666409999999999769e+01
9.659299999999999553e-01 -4.687380000000000280e+01
9.709299999999999597e-01 -4.708220000000000027e+01
9.759299999999999642e-01 -4.728940000000000055e+01
9.809299999999999686e-01 -4.749530000000000030e+01
9.859299999999999731e-01 -4.770000000000000284e+01
9.909299999999999775e-01 -4.790359999999999729e+01
9.959299999999999820e-01 -4.810589999999999833e+01
1.000929999999999875e+00 -4.830709999999999837e+01
1.005929999999999991e+00 -4.850710000000000122e+01
1.010930000000000106e+00 -4.870589999999999975e+01
1.015930000000000000e+00 -4.890359999999999729e+01
1.020929999999999893e+00 -4.910009999999999764e+01
1.025930000000000009e+00 -4.929560000000000031e+01
1.030930000000000124e+00 -4.948989999999999867e+01
1.035930000000000017e+00 -4.968310000000000315e+01
1.040929999999999911e+00 -4.987530000000000285e+01
1.045930000000000026e+00 -5.006629999999999825e+01
1.050930000000000142e+00 -5.025630000000000308e+01
1.055930000000000035e+00 -5.044530000000000314e+01
1.060929999999999929e+00 -5.063320000000000221e+01
1.065930000000000044e+00 -5.082000000000000028e+01
1.070929999999999938e+00 -5.100589999999999691e+01
1.075930000000000053e+00 -5.119069999999999965e+01
1.080929999999999946e+00 -5.137449999999999761e+01
1.085929999999999840e+00 -5.155729999999999791e+01
1.090929999999999955e+00 -5.173919999999999675e+01
1.095930000000000071e+00 -5.192000000000000171e+01
1.100929999999999964e+00 -5.209989999999999810e+01
1.105929999999999858e+00 -5.227879999999999683e+01
1.110929999999999973e+00 -5.245680000000000121e+01
1.115930000000000089e+00 -5.263389999999999702e+01
1.120929999999999982e+00 -5.281000000000000227e+01
1.125929999999999875e+00 -5.298510000000000275e+01
1.130929999999999991e+00 -5.315939999999999799e+01
1.135930000000000106e+00 -5.333279999999999887e+01
1.140930000000000000e+00 -5.350520000000000209e+01
1.145929999999999893e+00 -5.367680000000000007e+01
1.150930000000000009e+00 -5.384749999999999659e+01
1.155930000000000124e+00 -5.401729999999999876e+01
1.160930000000000017e+00 -5.418619999999999948e+01
1.165929999999999911e+00 -5.435430000000000206e+01
1.170930000000000026e+00 -5.452150000000000318e+01
1.175930000000000142e+00 -5.468789999999999907e+01
1.180930000000000035e+00 -5.485340000000000060e+01
1.185929999999999929e+00 -5.501809999999999690e+01
1.190930000000000044e+00 -5.518200000000000216e+01
1.195929999999999938e+00 -5.534499999999999886e+01
1.200930000000000053e+00 -5.550730000000000075e+01
1.205929999999999946e+00 -5.566870000000000118e+01
1.210929999999999840e+00 -5.582939999999999969e+01
1.215929999999999955e+00 -5.598919999999999675e+01
1.220930000000000071e+00 -5.614829999999999899e+01
1.225929999999999964e+00 -5.630660000000000309e+01
1.230929999999999858e+00 -5.646410000000000196e+01
1.235929999999999973e+00 -5.662089999999999890e+01
1.240930000000000089e+00 -5.677689999999999770e+01
1.245929999999999982e+00 -5.693209999999999837e+01
1.250929999999999875e+00 -5.708659999999999712e+01
1.255929999999999991e+00 -5.724040000000000106e+01
1.260930000000000106e+00 -5.739339999999999975e+01
1.265930000000000000e+00 -5.754569999999999652e+01
1.270929999999999893e+00 -5.769720000000000226e+01
1.275930000000000009e+00 -5.784810000000000230e+01
1.280930000000000124e+00 -5.799819999999999709e+01
1.285930000000000017e+00 -5.814770000000000039e+01
1.290929999999999911e+00 -5.829639999999999844e+01
1.295930000000000026e+00 -5.844440000000000168e+01
1.300930000000000142e+00 -5.859170000000000300e+01
1.305930000000000035e+00 -5.873839999999999861e+01
1.310929999999999929e+00 -5.888439999999999941e+01
1.315930000000000044e+00 -5.902960000000000207e+01
1.320929999999999938e+00 -5.917430000000000234e+01
1.325930000000000053e+00 -5.931819999999999737e+01
1.330929999999999946e+00 -5.946150000000000091e+01
1.335929999999999840e+00 -5.960410000000000252e+01
1.340929999999999955e+00 -5.974609999999999843e+01
1.345930000000000071e+00 -5.988739999999999952e+01
1.350929999999999964e+00 -6.002810000000000201e+01
1.355929999999999858e+00 -6.016819999999999879e+01
1.360930000000000195e+00 -6.030760000000000076e+01
1.365930000000000089e+00 -6.044639999999999702e+01
1.370929999999999982e+00 -6.058449999999999847e+01
1.375929999999999875e+00 -6.072209999999999752e+01
1.380929999999999991e+00 -6.085900000000000176e+01
1.385930000000000106e+00 -6.099530000000000030e+01
1.390930000000000000e+00 -6.113100000000000023e+01
1.395929999999999893e+00 -6.126610000000000156e+01
1.400930000000000009e+00 -6.140059999999999718e+01
1.405930000000000124e+00 -6.153450000000000131e+01
1.410930000000000017e+00 -6.166779999999999973e+01
1.415929999999999911e+00 -6.180049999999999955e+01
1.420929999999999804e+00 -6.193269999999999698e+01
1.425930000000000142e+00 -6.206419999999999959e+01
1.430930000000000035e+00 -6.219519999999999982e+01
1.435929999999999929e+00 -6.232560000000000144e+01
1.440929999999999822e+00 -6.245539999999999736e+01
1.445930000000000160e+00 -6.258469999999999800e+01
1.450930000000000053e+00 -6.271329999999999671e+01
1.455929999999999946e+00 -6.284150000000000347e+01
1.460929999999999840e+00 -6.296909999999999741e+01
1.465930000000000177e+00 -6.309609999999999985e+01
1.470930000000000071e+00 -6.322259999999999991e+01
1.475929999999999964e+00 -6.334850000000000136e+01
1.480929999999999858e+00 -6.347390000000000043e+01
1.485930000000000195e+00 -6.359870000000000090e+01
1.490930000000000089e+00 -6.372299999999999898e+01
1.495929999999999982e+00 -6.384680000000000177e+01
1.500929999999999875e+00 -6.397010000000000218e+01
1.505929999999999991e+00 -6.409279999999999688e+01
1.510930000000000106e+00 -6.421500000000000341e+01
1.515930000000000000e+00 -6.433669999999999334e+01
1.520929999999999893e+00 -6.445780000000000598e+01
1.525930000000000009e+00 -6.457850000000000534e+01
1.530930000000000124e+00 -6.469859999999999900e+01
1.535930000000000017e+00 -6.481820000000000448e+01
1.540929999999999911e+00 -6.493729999999999336e+01
1.545929999999999804e+00 -6.505589999999999407e+01
1.550930000000000142e+00 -6.517400000000000659e+01
1.555930000000000035e+00 -6.529160000000000252e+01
1.560929999999999929e+00 -6.540869999999999607e+01
1.565929999999999822e+00 -6.552540000000000475e+01
1.570930000000000160e+00 -6.564149999999999352e+01
1.575930000000000053e+00 -6.575709999999999411e+01
1.580929999999999946e+00 -6.587229999999999563e+01
1.585929999999999840e+00 -6.598690000000000566e+01
1.590930000000000177e+00 -6.610110000000000241e+01
1.595930000000000071e+00 -6.621479999999999677e+01
1.600929999999999964e+00 -6.632810000000000628e+01
1.605929999999999858e+00 -6.644079999999999586e+01
1.610930000000000195e+00 -6.655310000000000059e+01
1.615930000000000089e+00 -6.666500000000000625e+01
1.620929999999999982e+00 -6.677630000000000621e+01
1.625929999999999875e+00 -6.688720000000000709e+01
1.630929999999999991e+00 -6.699760000000000559e+01
1.635930000000000106e+00 -6.710760000000000502e+01
1.640930000000000000e+00 -6.721710000000000207e+01
1.645929999999999893e+00 -6.732620000000000005e+01
1.650930000000000009e+00 -6.743479999999999563e+01
1.655929999999999902e+00 -6.754290000000000305e+01
1.660930000000000017e+00 -6.765059999999999718e+01
1.665929999999999911e+00 -6.775790000000000646e+01
1.670929999999999804e+00 -6.786469999999999914e+01
1.675929999999999920e+00 -6.797110000000000696e+01
1.680930000000000035e+00 -6.807699999999999818e+01
1.685929999999999929e+00 -6.818250000000000455e+01
1.690929999999999822e+00 -6.828749999999999432e+01
1.695929999999999938e+00 -6.839209999999999923e+01
1.700930000000000053e+00 -6.849630000000000507e+01
1.705929999999999946e+00 -6.860009999999999764e+01
1.710929999999999840e+00 -6.870340000000000202e+01
1.715929999999999955e+00 -6.880629999999999313e+01
1.720930000000000071e+00 -6.890869999999999607e+01
1.725929999999999964e+00 -6.901080000000000325e+01
1.730929999999999858e+00 -6.911239999999999384e+01
1.735929999999999973e+00 -6.921359999999999957e+01
1.740930000000000089e+00 -6.931440000000000623e+01
1.745929999999999982e+00 -6.941469999999999629e+01
1.750929999999999875e+00 -6.951470000000000482e+01
1.755929999999999769e+00 -6.961419999999999675e+01
1.760930000000000106e+00 -6.971330000000000382e+01
1.765930000000000000e+00 -6.981199999999999761e+01
1.770929999999999893e+00 -6.991030000000000655e+01
1.775929999999999787e+00 -7.000809999999999889e+01
1.780929999999999902e+00 -7.010559999999999548e+01
1.785930000000000017e+00 -7.020269999999999300e+01
1.790929999999999911e+00 -7.029930000000000234e+01
1.795929999999999804e+00 -7.039560000000000173e+01
1.800929999999999920e+00 -7.049139999999999873e+01
1.805930000000000035e+00 -7.058689999999999998e+01
1.810929999999999929e+00 -7.068189999999999884e+01
1.815929999999999822e+00 -7.077660000000000196e+01
1.820929999999999938e+00 -7.087080000000000268e+01
1.825930000000000053e+00 -7.096469999999999345e+01
1.830929999999999946e+00 -7.105819999999999936e+01
1.835929999999999840e+00 -7.115120000000000289e+01
1.840929999999999955e+00 -7.124389999999999645e+01
1.845930000000000071e+00 -7.133620000000000516e+01
1.850929999999999964e+00 -7.142810000000000059e+01
1.855929999999999858e+00 -7.151959999999999695e+01
1.860929999999999973e+00 -7.161069999999999425e+01
1.865930000000000089e+00 -7.170140000000000668e+01
1.870929999999999982e+00 -7.179179999999999495e+01
1.875929999999999875e+00 -7.188169999999999504e+01
1.880929999999999769e+00 -7.197129999999999939e+01
1.885930000000000106e+00 -7.206050000000000466e+01
1.890930000000000000e+00 -7.214929999999999666e+01
1.895929999999999893e+00 -7.223770000000000380e+01
1.900929999999999787e+00 -7.232580000000000098e+01
1.905929999999999902e+00 -7.241349999999999909e+01
1.910930000000000017e+00 -7.250069999999999482e+01
1.915929999999999911e+00 -7.258769999999999811e+01
1.920929999999999804e+00 -7.267419999999999902e+01
1.925929999999999920e+00 -7.276030000000000086e+01
1.930930000000000035e+00 -7.284610000000000696e+01
1.935929999999999929e+00 -7.293149999999999977e+01
1.940929999999999822e+00 -7.301659999999999684e+01
1.945929999999999938e+00 -7.310120000000000573e+01
1.950930000000000053e+00 -7.318550000000000466e+01
1.955929999999999946e+00 -7.326940000000000452e+01
1.960929999999999840e+00 -7.335290000000000532e+01
1.965929999999999955e+00 -7.343609999999999616e+01
1.970930000000000071e+00 -7.351890000000000214e+01
1.975929999999999964e+00 -7.360129999999999484e+01
1.980929999999999858e+00 -7.368340000000000600e+01
1.985929999999999973e+00 -7.376510000000000389e+01
1.990930000000000089e+00 -7.384640000000000271e+01
1.995929999999999982e+00 -7.392730000000000246e+01
2.000929999999999875e+00 -7.400790000000000646e+01
2.005929999999999769e+00 -7.408809999999999718e+01
2.010930000000000106e+00 -7.416800000000000637e+01
2.015930000000000000e+00 -7.424750000000000227e+01
2.020929999999999893e+00 -7.432659999999999911e+01
2.025929999999999787e+00 -7.440529999999999688e+01
2.030929999999999680e+00 -7.448369999999999891e+01
2.035930000000000017e+00 -7.456170000000000186e+01
2.040929999999999911e+00 -7.463939999999999486e+01
2.045929999999999804e+00 -7.471670000000000300e+01
2.050930000000000142e+00 -7.479359999999999786e+01
2.055930000000000035e+00 -7.487019999999999698e+01
2.060929999999999929e+00 -7.494629999999999370e+01
2.065929999999999822e+00 -7.502219999999999800e+01
2.070929999999999715e+00 -7.509759999999999991e+01
2.075930000000000053e+00 -7.517270000000000607e+01
2.080929999999999946e+00 -7.524750000000000227e+01
2.085929999999999840e+00 -7.532179999999999609e+01
2.090930000000000177e+00 -7.539589999999999748e+01
2.095930000000000071e+00 -7.546949999999999648e+01
2.100929999999999964e+00 -7.554279999999999973e+01
2.105929999999999858e+00 -7.561570000000000391e+01
2.110929999999999751e+00 -7.568819999999999482e+01
2.115930000000000089e+00 -7.576040000000000418e+01
2.120929999999999982e+00 -7.583220000000000027e+01
2.125929999999999875e+00 -7.590370000000000061e+01
2.130929999999999769e+00 -7.597480000000000189e+01
2.135930000000000106e+00 -7.604550000000000409e+01
2.140930000000000000e+00 -7.611589999999999634e+01
2.145929999999999893e+00 -7.618590000000000373e+01
2.150929999999999787e+00 -7.625549999999999784e+01
2.155929999999999680e+00 -7.632479999999999620e+01
2.160930000000000017e+00 -7.639369999999999550e+01
2.165929999999999911e+00 -7.646219999999999573e+01
2.170929999999999804e+00 -7.653040000000000020e+01
2.175930000000000142e+00 -7.659820000000000562e+01
2.180930000000000035e+00 -7.666559999999999775e+01
2.185929999999999929e+00 -7.673260000000000502e+01
2.190929999999999822e+00 -7.679930000000000234e+01
2.195929999999999715e+00 -7.686560000000000059e+01
2.200930000000000053e+00 -7.693160000000000309e+01
2.205929999999999946e+00 -7.699720000000000653e+01
2.210929999999999840e+00 -7.706239999999999668e+01
2.215930000000000177e+00 -7.712720000000000198e+01
2.220930000000000071e+00 -7.719169999999999732e+01
2.225929999999999964e+00 -7.725579999999999359e+01
2.230929999999999858e+00 -7.731950000000000500e+01
2.235929999999999751e+00 -7.738280000000000314e+01
2.240930000000000089e+00 -7.744580000000000553e+01
2.245929999999999982e+00 -7.750830000000000553e+01
2.250929999999999875e+00 -7.757049999999999557e+01
2.255929999999999769e+00 -7.763240000000000407e+01
2.260930000000000106e+00 -7.769379999999999598e+01
2.265930000000000000e+00 -7.775490000000000634e+01
2.270929999999999893e+00 -7.781560000000000343e+01
2.275929999999999787e+00 -7.787590000000000146e+01
2.280929999999999680e+00 -7.793580000000000041e+01
2.285930000000000017e+00 -7.799530000000000030e+01
2.290929999999999911e+00 -7.805450000000000443e+01
2.295929999999999804e+00 -7.811320000000000618e+01
2.300930000000000142e+00 -7.817159999999999798e+01
2.305930000000000035e+00 -7.822960000000000491e+01
2.310929999999999929e+00 -7.828719999999999857e+01
2.315929999999999822e+00 -7.834439999999999316e+01
2.320929999999999715e+00 -7.840120000000000289e+01
2.325930000000000053e+00 -7.845759999999999934e+01
2.330929999999999946e+00 -7.851359999999999673e+01
2.335929999999999840e+00 -7.856919999999999504e+01
2.340930000000000177e+00 -7.862439999999999429e+01
2.345930000000000071e+00 -7.867919999999999447e+01
2.350929999999999964e+00 -7.873369999999999891e+01
2.355929999999999858e+00 -7.878759999999999764e+01
2.360929999999999751e+00 -7.884120000000000061e+01
2.365930000000000089e+00 -7.889440000000000452e+01
2.370929999999999982e+00 -7.894719999999999516e+01
2.375930000000000319e+00 -7.899960000000000093e+01
2.380930000000000213e+00 -7.905150000000000432e+01
2.385930000000000106e+00 -7.910309999999999775e+01
2.390930000000000000e+00 -7.915420000000000300e+01
2.395929999999999893e+00 -7.920489999999999498e+01
2.400929999999999787e+00 -7.925520000000000209e+01
2.405929999999999680e+00 -7.930500000000000682e+01
2.410930000000000017e+00 -7.935450000000000159e+01
2.415929999999999911e+00 -7.940349999999999397e+01
2.420930000000000248e+00 -7.945199999999999818e+01
2.425930000000000142e+00 -7.950020000000000664e+01
2.430930000000000035e+00 -7.954789999999999850e+01
2.435929999999999929e+00 -7.959510000000000218e+01
2.440929999999999822e+00 -7.964190000000000680e+01
2.445929999999999715e+00 -7.968829999999999814e+01
2.450930000000000053e+00 -7.973430000000000462e+01
2.455929999999999946e+00 -7.977970000000000539e+01
2.460930000000000284e+00 -7.982479999999999620e+01
2.465930000000000177e+00 -7.986939999999999884e+01
2.470930000000000071e+00 -7.991349999999999909e+01
2.475929999999999964e+00 -7.995709999999999695e+01
2.480929999999999858e+00 -8.000029999999999575e+01
2.485929999999999751e+00 -8.004300000000000637e+01
2.490930000000000089e+00 -8.008520000000000039e+01
2.495929999999999982e+00 -8.012709999999999866e+01
2.500930000000000319e+00 -8.016840000000000543e+01
2.505930000000000213e+00 -8.020919999999999561e+01
2.510930000000000106e+00 -8.024960000000000093e+01
2.515930000000000000e+00 -8.028940000000000055e+01
2.520929999999999893e+00 -8.032869999999999777e+01
2.525929999999999787e+00 -8.036759999999999593e+01
2.530929999999999680e+00 -8.040600000000000591e+01
2.535930000000000017e+00 -8.044389999999999930e+01
2.540929999999999911e+00 -8.048120000000000118e+01
2.545930000000000248e+00 -8.051800000000000068e+01
2.550930000000000142e+00 -8.055440000000000111e+01
2.555930000000000035e+00 -8.059019999999999584e+01
2.560929999999999929e+00 -8.062550000000000239e+01
2.565929999999999822e+00 -8.066030000000000655e+01
2.570929999999999715e+00 -8.069450000000000500e+01
2.575930000000000053e+00 -8.072820000000000107e+01
2.580929999999999946e+00 -8.076130000000000564e+01
2.585930000000000284e+00 -8.079389999999999361e+01
2.590930000000000177e+00 -8.082590000000000430e+01
2.595930000000000071e+00 -8.085739999999999839e+01
2.600929999999999964e+00 -8.088830000000000098e+01
2.605929999999999858e+00 -8.091870000000000118e+01
2.610929999999999751e+00 -8.094849999999999568e+01
2.615930000000000089e+00 -8.097769999999999868e+01
2.620929999999999982e+00 -8.100629999999999598e+01
2.625930000000000319e+00 -8.103430000000000177e+01
2.630930000000000213e+00 -8.106170000000000186e+01
2.635930000000000106e+00 -8.108849999999999625e+01
2.640930000000000000e+00 -8.111469999999999914e+01
2.645929999999999893e+00 -8.114029999999999632e+01
2.650929999999999787e+00 -8.116519999999999868e+01
2.655929999999999680e+00 -8.118959999999999866e+01
2.660930000000000017e+00 -8.121330000000000382e+01
2.665929999999999911e+00 -8.123629999999999995e+01
2.670930000000000248e+00 -8.125870000000000459e+01
2.675930000000000142e+00 -8.128040000000000020e+01
2.680930000000000035e+00 -8.130150000000000432e+01
2.685929999999999929e+00 -8.132189999999999941e+01
2.690929999999999822e+00 -8.134149999999999636e+01
2.695929999999999715e+00 -8.136060000000000514e+01
2.700930000000000053e+00 -8.137890000000000157e+01
2.705929999999999946e+00 -8.139650000000000318e+01
2.710930000000000284e+00 -8.141339999999999577e+01
2.715930000000000177e+00 -8.142950000000000443e+01
2.720930000000000071e+00 -8.144499999999999318e+01
2.725929999999999964e+00 -8.145959999999999468e+01
2.730929999999999858e+00 -8.147360000000000468e+01
2.735929999999999751e+00 -8.148669999999999902e+01
2.740930000000000089e+00 -8.149899999999999523e+01
2.745929999999999982e+00 -8.151049999999999329e+01
2.750930000000000319e+00 -8.152129999999999654e+01
2.755930000000000213e+00 -8.153140000000000498e+01
2.760930000000000106e+00 -8.154040000000000532e+01
2.765930000000000000e+00 -8.154869999999999663e+01
2.770929999999999893e+00 -8.155610000000000070e+01
2.775929999999999787e+00 -8.156270000000000664e+01
2.780929999999999680e+00 -8.156799999999999784e+01
2.785930000000000017e+00 -8.157240000000000180e+01
2.790929999999999911e+00 -8.157609999999999673e+01
2.795930000000000248e+00 -8.157529999999999859e+01
2.800930000000000142e+00 8.407299999999999329e+00
2.805930000000000035e+00 8.412900000000000489e+00
2.810929999999999929e+00 8.413700000000000401e+00
2.815929999999999822e+00 8.414999999999999147e+00
2.820929999999999715e+00 8.416299999999999670e+00
2.825930000000000053e+00 8.419100000000000250e+00
2.830929999999999946e+00 8.423199999999999577e+00
2.835930000000000284e+00 8.427699999999999747e+00
2.840930000000000177e+00 8.433400000000000674e+00
2.845930000000000071e+00 8.440300000000000580e+00
2.850929999999999964e+00 8.448299999999999699e+00
2.855929999999999858e+00 8.457000000000000739e+00
2.860929999999999751e+00 8.467100000000000293e+00
2.865930000000000089e+00 8.478099999999999525e+00
2.870929999999999982e+00 8.490700000000000358e+00
2.875930000000000319e+00 8.504200000000000870e+00
2.880930000000000213e+00 8.518800000000000594e+00
2.885930000000000106e+00 8.534599999999999298e+00
2.890930000000000000e+00 8.551800000000000068e+00
2.895929999999999893e+00 8.570199999999999818e+00
2.900929999999999787e+00 8.589900000000000091e+00
2.905929999999999680e+00 8.610799999999999343e+00
2.910930000000000017e+00 8.633100000000000662e+00
2.915929999999999911e+00 8.656599999999999184e+00
2.920930000000000248e+00 8.681699999999999307e+00
2.925930000000000142e+00 8.708099999999999952e+00
2.930930000000000035e+00 8.735900000000000887e+00
2.935929999999999929e+00 8.765100000000000335e+00
2.940929999999999822e+00 8.795899999999999608e+00
2.945929999999999715e+00 8.828200000000000713e+00
2.950930000000000053e+00 8.862000000000000099e+00
2.955929999999999946e+00 8.897299999999999542e+00
2.960930000000000284e+00 8.934200000000000585e+00
2.965930000000000177e+00 8.972799999999999443e+00
2.970930000000000071e+00 9.013099999999999667e+00
2.975929999999999964e+00 9.055099999999999483e+00
2.980929999999999858e+00 9.098699999999999122e+00
2.985929999999999751e+00 9.144199999999999662e+00
2.990930000000000089e+00 9.191499999999999559e+00
2.995929999999999982e+00 9.240600000000000591e+00
3.000930000000000319e+00 9.291700000000000514e+00
3.005930000000000213e+00 9.344500000000000028e+00
3.010930000000000106e+00 9.399399999999999977e+00
3.015930000000000000e+00 9.456300000000000594e+00
3.020929999999999893e+00 9.515200000000000102e+00
3.025929999999999787e+00 9.576299999999999812e+00
3.030929999999999680e+00 9.639499999999999957e+00
3.035930000000000017e+00 9.704800000000000537e+00
3.040929999999999911e+00 9.772399999999999309e+00
3.045930000000000248e+00 9.842299999999999827e+00
3.050930000000000142e+00 9.914600000000000080e+00
3.055930000000000035e+00 9.989100000000000534e+00
3.060929999999999929e+00 1.006620000000000026e+01
3.065929999999999822e+00 1.014579999999999949e+01
3.070929999999999715e+00 1.022789999999999999e+01
3.075930000000000053e+00 1.031269999999999953e+01
3.080929999999999946e+00 1.040010000000000012e+01
3.085930000000000284e+00 1.049019999999999975e+01
3.090930000000000177e+00 1.058319999999999972e+01
3.095930000000000071e+00 1.067910000000000004e+01
3.100929999999999964e+00 1.077790000000000070e+01
3.105929999999999858e+00 1.087969999999999970e+01
3.110929999999999751e+00 1.098460000000000036e+01
3.115930000000000089e+00 1.109270000000000067e+01
3.120929999999999982e+00 1.120390000000000086e+01
3.125930000000000319e+00 1.131850000000000023e+01
3.130930000000000213e+00 1.143650000000000055e+01
3.135930000000000106e+00 1.155799999999999983e+01
3.140930000000000000e+00 1.168299999999999983e+01
3.145929999999999893e+00 1.181170000000000009e+01
3.150929999999999787e+00 1.194410000000000061e+01
3.155929999999999680e+00 1.208039999999999914e+01
3.160930000000000017e+00 1.222059999999999924e+01
3.165929999999999911e+00 1.236469999999999914e+01
3.170930000000000248e+00 1.251309999999999967e+01
3.175930000000000142e+00 1.266569999999999929e+01
3.180930000000000035e+00 1.282259999999999955e+01
3.185929999999999929e+00 1.298390000000000022e+01
3.190929999999999822e+00 1.314969999999999928e+01
3.195929999999999715e+00 1.332029999999999959e+01
3.200930000000000053e+00 1.349559999999999960e+01
3.205929999999999946e+00 1.367580000000000062e+01
3.210930000000000284e+00 1.386100000000000065e+01
3.215930000000000177e+00 1.405129999999999946e+01
3.220930000000000071e+00 1.424690000000000012e+01
3.225929999999999964e+00 1.444790000000000063e+01
3.230929999999999858e+00 1.465440000000000076e+01
3.235929999999999751e+00 1.486650000000000027e+01
3.240930000000000089e+00 1.508440000000000047e+01
3.245929999999999982e+00 1.530819999999999936e+01
3.250930000000000319e+00 1.553800000000000026e+01
3.255930000000000213e+00 1.577410000000000068e+01
3.260930000000000106e+00 1.601640000000000086e+01
3.265930000000000000e+00 1.626520000000000010e+01
3.270929999999999893e+00 1.652070000000000149e+01
3.275929999999999787e+00 1.678280000000000172e+01
3.280929999999999680e+00 1.705189999999999984e+01
3.285930000000000017e+00 1.732789999999999964e+01
3.290929999999999911e+00 1.761110000000000042e+01
3.295930000000000248e+00 1.790159999999999840e+01
3.300930000000000142e+00 1.819960000000000022e+01
3.305930000000000035e+00 1.850499999999999901e+01
3.310929999999999929e+00 1.881820000000000093e+01
3.315929999999999822e+00 1.913919999999999888e+01
3.320929999999999715e+00 1.946809999999999974e+01
3.325930000000000053e+00 1.980509999999999948e+01
3.330929999999999946e+00 2.015020000000000167e+01
3.335930000000000284e+00 2.050349999999999895e+01
3.340930000000000177e+00 2.086520000000000152e+01
3.345930000000000071e+00 2.123529999999999873e+01
3.350929999999999964e+00 2.161390000000000100e+01
3.355929999999999858e+00 2.200100000000000122e+01
3.360929999999999751e+00 2.239669999999999916e+01
3.365930000000000089e+00 2.280110000000000170e+01
3.370929999999999982e+00 2.321399999999999864e+01
3.375930000000000319e+00 2.363560000000000016e+01
3.380930000000000213e+00 2.406569999999999965e+01
3.385930000000000106e+00 2.450440000000000040e+01
3.390930000000000000e+00 2.495159999999999911e+01
3.395929999999999893e+00 2.540719999999999956e+01
3.400929999999999787e+00 2.587109999999999843e+01
3.405929999999999680e+00 2.634319999999999951e+01
3.410930000000000017e+00 2.682319999999999993e+01
3.415929999999999911e+00 2.731109999999999971e+01
3.420930000000000248e+00 2.780649999999999977e+01
3.425930000000000142e+00 2.830940000000000012e+01
3.430930000000000035e+00 2.881929999999999836e+01
3.435929999999999929e+00 2.933599999999999852e+01
3.440929999999999822e+00 2.985920000000000130e+01
3.445929999999999715e+00 3.038850000000000051e+01
3.450930000000000053e+00 3.092350000000000065e+01
3.455929999999999946e+00 3.146389999999999887e+01
3.460930000000000284e+00 3.200919999999999987e+01
3.465930000000000177e+00 3.255890000000000128e+01
3.470930000000000071e+00 3.311260000000000048e+01
3.475929999999999964e+00 3.366980000000000217e+01
3.480929999999999858e+00 3.422990000000000066e+01
3.485929999999999751e+00 3.479260000000000019e+01
3.490930000000000089e+00 3.535710000000000264e+01
3.495929999999999982e+00 3.592289999999999850e+01
3.500930000000000319e+00 3.648960000000000292e+01
3.505930000000000213e+00 3.705649999999999977e+01
3.510930000000000106e+00 3.762310000000000088e+01
3.515930000000000000e+00 3.818880000000000052e+01
3.520929999999999893e+00 3.875310000000000343e+01
3.525929999999999787e+00 3.931539999999999679e+01
3.530929999999999680e+00 3.987519999999999953e+01
3.535930000000000017e+00 4.043200000000000216e+01
3.540929999999999911e+00 4.098519999999999897e+01
3.545930000000000248e+00 4.153439999999999799e+01
3.550930000000000142e+00 4.207920000000000016e+01
3.555930000000000035e+00 4.261899999999999977e+01
3.560929999999999929e+00 4.315339999999999776e+01
3.565929999999999822e+00 4.368220000000000169e+01
3.570929999999999715e+00 4.420479999999999876e+01
3.575930000000000053e+00 4.472109999999999985e+01
3.580929999999999946e+00 4.523049999999999926e+01
3.585930000000000284e+00 4.573299999999999699e+01
3.590930000000000177e+00 4.622809999999999775e+01
3.595930000000000071e+00 4.671580000000000155e+01
3.600929999999999964e+00 4.719579999999999842e+01
3.605929999999999858e+00 4.766790000000000305e+01
3.610929999999999751e+00 4.813190000000000168e+01
3.615930000000000089e+00 4.858789999999999765e+01
3.620929999999999982e+00 4.903560000000000230e+01
3.625930000000000319e+00 4.947489999999999810e+01
3.630930000000000213e+00 4.990599999999999881e+01
3.635930000000000106e+00 5.032860000000000156e+01
3.640930000000000000e+00 5.074280000000000257e+01
3.645929999999999893e+00 5.114849999999999852e+01
3.650929999999999787e+00 5.154590000000000316e+01
3.655929999999999680e+00 5.193500000000000227e+01
3.660929999999999573e+00 5.231569999999999965e+01
3.665929999999999467e+00 5.268820000000000192e+01
3.670930000000000248e+00 5.305259999999999820e+01
3.675930000000000142e+00 5.340879999999999939e+01
3.680930000000000035e+00 5.375710000000000122e+01
3.685929999999999929e+00 5.409749999999999659e+01
3.690929999999999822e+00 5.443010000000000304e+01
3.695929999999999715e+00 5.475509999999999877e+01
3.700929999999999609e+00 5.507249999999999801e+01
3.705929999999999502e+00 5.538250000000000028e+01
3.710930000000000284e+00 5.568529999999999802e+01
3.715930000000000177e+00 5.598080000000000211e+01
3.720930000000000071e+00 5.626939999999999742e+01
3.725929999999999964e+00 5.655109999999999815e+01
3.730929999999999858e+00 5.682609999999999673e+01
3.735929999999999751e+00 5.709440000000000026e+01
3.740929999999999644e+00 5.735640000000000072e+01
3.745929999999999538e+00 5.761200000000000188e+01
3.750930000000000319e+00 5.786140000000000327e+01
3.755930000000000213e+00 5.810479999999999734e+01
3.760930000000000106e+00 5.834230000000000160e+01
3.765930000000000000e+00 5.857399999999999807e+01
3.770929999999999893e+00 5.880010000000000048e+01
3.775929999999999787e+00 5.902069999999999794e+01
3.780929999999999680e+00 5.923590000000000089e+01
3.785929999999999573e+00 5.944590000000000174e+01
3.790929999999999467e+00 5.965079999999999671e+01
3.795930000000000248e+00 5.985070000000000334e+01
3.800930000000000142e+00 6.004579999999999984e+01
3.805930000000000035e+00 6.023610000000000042e+01
3.810929999999999929e+00 6.042179999999999751e+01
3.815929999999999822e+00 6.060309999999999775e+01
3.820929999999999715e+00 6.077989999999999782e+01
3.825929999999999609e+00 6.095239999999999725e+01
3.830929999999999502e+00 6.112080000000000268e+01
3.835930000000000284e+00 6.128509999999999991e+01
3.840930000000000177e+00 6.144550000000000267e+01
3.845930000000000071e+00 6.160199999999999676e+01
3.850929999999999964e+00 6.175469999999999970e+01
3.855929999999999858e+00 6.190379999999999683e+01
3.860929999999999751e+00 6.204930000000000234e+01
3.865929999999999644e+00 6.219140000000000157e+01
3.870929999999999538e+00 6.232999999999999829e+01
3.875930000000000319e+00 6.246529999999999916e+01
3.880930000000000213e+00 6.259749999999999659e+01
3.885930000000000106e+00 6.272639999999999816e+01
3.890930000000000000e+00 6.285229999999999961e+01
3.895929999999999893e+00 6.297529999999999717e+01
3.900929999999999787e+00 6.309530000000000172e+01
3.905929999999999680e+00 6.321249999999999858e+01
3.910929999999999573e+00 6.332699999999999818e+01
3.915929999999999467e+00 6.343869999999999720e+01
3.920930000000000248e+00 6.354780000000000229e+01
3.925930000000000142e+00 6.365440000000000254e+01
3.930930000000000035e+00 6.375849999999999795e+01
3.935929999999999929e+00 6.386010000000000275e+01
3.940929999999999822e+00 6.395940000000000225e+01
3.945929999999999715e+00 6.405629999999999313e+01
3.950929999999999609e+00 6.415099999999999625e+01
3.955929999999999502e+00 6.424360000000000070e+01
3.960930000000000284e+00 6.433389999999999986e+01
3.965930000000000177e+00 6.442220000000000368e+01
3.970930000000000071e+00 6.450839999999999463e+01
3.975929999999999964e+00 6.459260000000000446e+01
3.980929999999999858e+00 6.467489999999999384e+01
3.985929999999999751e+00 6.475530000000000541e+01
3.990929999999999644e+00 6.483379999999999654e+01
3.995929999999999538e+00 6.491049999999999898e+01
4.000930000000000319e+00 6.498539999999999850e+01
4.005930000000000213e+00 6.505870000000000175e+01
4.010930000000000106e+00 6.513030000000000541e+01
4.015930000000000000e+00 6.520010000000000616e+01
4.020929999999999893e+00 6.526839999999999975e+01
4.025929999999999787e+00 6.533509999999999707e+01
4.030929999999999680e+00 6.540040000000000475e+01
4.035929999999999573e+00 6.546410000000000196e+01
4.040929999999999467e+00 6.552630000000000621e+01
4.045930000000000248e+00 6.558710000000000662e+01
4.050930000000000142e+00 6.564660000000000650e+01
4.055930000000000035e+00 6.570459999999999923e+01
4.060929999999999929e+00 6.576130000000000564e+01
4.065929999999999822e+00 6.581680000000000064e+01
4.070929999999999715e+00 6.587090000000000600e+01
4.075929999999999609e+00 6.592379999999999995e+01
4.080929999999999502e+00 6.597560000000000002e+01
4.085930000000000284e+00 6.602599999999999625e+01
4.090930000000000177e+00 6.607550000000000523e+01
4.095930000000000071e+00 6.612359999999999616e+01
4.100929999999999964e+00 6.617069999999999652e+01
4.105929999999999858e+00 6.621670000000000300e+01
4.110929999999999751e+00 6.626160000000000139e+01
4.115929999999999644e+00 6.630559999999999832e+01
4.120929999999999538e+00 6.634850000000000136e+01
4.125930000000000319e+00 6.639039999999999964e+01
4.130930000000000213e+00 6.643129999999999313e+01
4.135930000000000106e+00 6.647129999999999939e+01
4.140930000000000000e+00 6.651030000000000086e+01
4.145929999999999893e+00 6.654840000000000089e+01
4.150929999999999787e+00 6.658570000000000277e+01
4.155929999999999680e+00 6.662199999999999989e+01
4.160929999999999573e+00 6.665760000000000218e+01
4.165929999999999467e+00 6.669230000000000302e+01
4.170930000000000248e+00 6.672610000000000241e+01
4.175930000000000142e+00 6.675920000000000698e+01
4.180930000000000035e+00 6.679139999999999588e+01
4.185929999999999929e+00 6.682290000000000418e+01
4.190929999999999822e+00 6.685370000000000346e+01
4.195929999999999715e+00 6.688370000000000459e+01
4.200929999999999609e+00 6.691299999999999670e+01
4.205929999999999502e+00 6.694159999999999400e+01
4.210930000000000284e+00 6.696949999999999648e+01
4.215930000000000177e+00 6.699660000000000082e+01
4.220930000000000071e+00 6.702320000000000277e+01
4.225929999999999964e+00 6.704909999999999570e+01
4.230929999999999858e+00 6.707439999999999714e+01
4.235929999999999751e+00 6.709900000000000375e+01
4.240929999999999644e+00 6.712300000000000466e+01
4.245929999999999538e+00 6.714639999999999986e+01
4.250930000000000319e+00 6.716920000000000357e+01
4.255930000000000213e+00 6.719140000000000157e+01
4.260930000000000106e+00 6.721320000000000050e+01
4.265930000000000000e+00 6.723430000000000462e+01
4.270929999999999893e+00 6.725480000000000302e+01
4.275929999999999787e+00 6.727490000000000236e+01
4.280929999999999680e+00 6.729439999999999600e+01
4.285929999999999573e+00 6.731350000000000477e+01
4.290929999999999467e+00 6.733209999999999695e+01
4.295930000000000248e+00 6.735020000000000095e+01
4.300930000000000142e+00 6.736750000000000682e+01
4.305930000000000035e+00 6.738460000000000605e+01
4.310929999999999929e+00 6.740120000000000289e+01
4.315929999999999822e+00 6.741750000000000398e+01
4.320929999999999715e+00 6.743309999999999604e+01
4.325929999999999609e+00 6.744859999999999900e+01
4.330929999999999502e+00 6.746330000000000382e+01
4.335930000000000284e+00 6.747759999999999536e+01
4.340930000000000177e+00 6.749169999999999447e+01
4.345930000000000071e+00 6.750539999999999452e+01
4.350929999999999964e+00 6.751860000000000639e+01
4.355929999999999858e+00 6.753130000000000166e+01
4.360929999999999751e+00 6.754380000000000450e+01
4.365930000000000533e+00 6.755580000000000496e+01
4.370929999999999538e+00 6.756759999999999877e+01
4.375930000000000319e+00 6.757890000000000441e+01
4.380930000000000213e+00 6.759000000000000341e+01
4.385930000000000106e+00 6.760049999999999670e+01
4.390930000000000000e+00 6.761090000000000089e+01
4.395929999999999893e+00 6.762090000000000600e+01
4.400929999999999787e+00 6.763070000000000448e+01
4.405929999999999680e+00 6.763989999999999725e+01
4.410930000000000462e+00 6.764900000000000091e+01
4.415929999999999467e+00 6.765770000000000550e+01
4.420930000000000248e+00 6.766589999999999350e+01
4.425930000000000142e+00 6.767419999999999902e+01
4.430930000000000035e+00 6.768219999999999459e+01
4.435929999999999929e+00 6.768940000000000623e+01
4.440929999999999822e+00 6.769689999999999941e+01
4.445929999999999715e+00 6.770359999999999445e+01
4.450929999999999609e+00 6.771049999999999613e+01
4.455930000000000391e+00 6.771710000000000207e+01
4.460930000000000284e+00 6.772329999999999472e+01
4.465930000000000177e+00 6.772910000000000252e+01
4.470930000000000071e+00 6.773470000000000368e+01
4.475929999999999964e+00 6.774020000000000152e+01
4.480929999999999858e+00 6.774550000000000693e+01
4.485929999999999751e+00 6.775050000000000239e+01
4.490930000000000533e+00 6.775539999999999452e+01
4.495929999999999538e+00 6.775969999999999516e+01
4.500930000000000319e+00 6.776420000000000243e+01
4.505930000000000213e+00 6.776789999999999736e+01
4.510930000000000106e+00 6.777219999999999800e+01
4.515930000000000000e+00 6.777559999999999718e+01
4.520929999999999893e+00 6.777909999999999968e+01
4.525929999999999787e+00 6.778230000000000643e+01
4.530929999999999680e+00 6.778549999999999898e+01
4.535930000000000462e+00 6.778830000000000666e+01
4.540929999999999467e+00 6.779089999999999350e+01
4.545930000000000248e+00 6.779380000000000450e+01
4.550930000000000142e+00 6.779590000000000316e+01
4.555930000000000035e+00 6.779819999999999425e+01
4.560929999999999929e+00 6.779989999999999384e+01
4.565929999999999822e+00 6.780180000000000007e+01
4.570929999999999715e+00 6.780349999999999966e+01
4.575929999999999609e+00 6.780500000000000682e+01
4.580930000000000391e+00 6.780629999999999313e+01
4.585930000000000284e+00 6.780729999999999791e+01
4.590930000000000177e+00 6.780859999999999843e+01
4.595930000000000071e+00 6.780889999999999418e+01
