5.110000000000000098e-01 2.676129999999999898e-01
5.160000000000000142e-01 3.508660000000000112e-01
5.210000000000000187e-01 3.951459999999999972e-01
5.260000000000000231e-01 4.262779999999999903e-01
5.310000000000000275e-01 4.504839999999999955e-01
5.360000000000000320e-01 4.703459999999999863e-01
5.410000000000000364e-01 4.872020000000000239e-01
5.460000000000000409e-01 5.018449999999999855e-01
5.510000000000000453e-01 5.147819999999999618e-01
5.560000000000000497e-01 5.263630000000000253e-01
5.610000000000000542e-01 5.368380000000000374e-01
5.659999999999999476e-01 5.463919999999999888e-01
5.709999999999999520e-01 5.551679999999999948e-01
5.759999999999999565e-01 5.632759999999999989e-01
5.809999999999999609e-01 5.708060000000000356e-01
5.859999999999999654e-01 5.778280000000000083e-01
5.909999999999999698e-01 5.844019999999999770e-01
5.959999999999999742e-01 5.905780000000000474e-01
6.009999999999999787e-01 5.963969999999999549e-01
6.059999999999999831e-01 6.018940000000000401e-01
6.109999999999999876e-01 6.071010000000000018e-01
6.159999999999999920e-01 6.120419999999999749e-01
6.209999999999999964e-01 6.167420000000000124e-01
6.260000000000000009e-01 6.212210000000000232e-01
6.310000000000000053e-01 6.254950000000000232e-01
6.360000000000000098e-01 6.295809999999999462e-01
6.410000000000000142e-01 6.334929999999999728e-01
6.460000000000000187e-01 6.372430000000000039e-01
6.510000000000000231e-01 6.408430000000000515e-01
6.560000000000000275e-01 6.443020000000000413e-01
6.610000000000000320e-01 6.476300000000000390e-01
6.660000000000000364e-01 6.508350000000000524e-01
6.710000000000000409e-01 6.539239999999999498e-01
6.760000000000000453e-01 6.569049999999999612e-01
6.810000000000000497e-01 6.597840000000000371e-01
6.860000000000000542e-01 6.625670000000000170e-01
6.909999999999999476e-01 6.652590000000000447e-01
6.959999999999999520e-01 6.678650000000000420e-01
7.009999999999999565e-01 6.703900000000000414e-01
7.059999999999999609e-01 6.728370000000000184e-01
7.109999999999999654e-01 6.752110000000000056e-01
7.159999999999999698e-01 6.775149999999999784e-01
7.209999999999999742e-01 6.797530000000000516e-01
7.259999999999999787e-01 6.819279999999999786e-01
7.309999999999999831e-01 6.840420000000000389e-01
7.359999999999999876e-01 6.860990000000000144e-01
7.409999999999999920e-01 6.881009999999999627e-01
7.459999999999999964e-01 6.900509999999999700e-01
7.510000000000000009e-01 6.919499999999999540e-01
7.560000000000000053e-01 6.938010000000000010e-01
7.610000000000000098e-01 6.956059999999999466e-01
7.660000000000000142e-01 6.973669999999999591e-01
7.710000000000000187e-01 6.990859999999999852e-01
7.760000000000000231e-01 7.007640000000000535e-01
7.810000000000000275e-01 7.024019999999999708e-01
7.860000000000000320e-01 7.040030000000000454e-01
7.910000000000000364e-01 7.055679999999999730e-01
7.960000000000000409e-01 7.070969999999999756e-01
8.010000000000000453e-01 7.085930000000000284e-01
8.060000000000000497e-01 7.100570000000000492e-01
8.110000000000000542e-01 7.114890000000000381e-01
8.159999999999999476e-01 7.128910000000000524e-01
8.209999999999999520e-01 7.142640000000000100e-01
8.259999999999999565e-01 7.156090000000000506e-01
8.309999999999999609e-01 7.169269999999999810e-01
8.359999999999999654e-01 7.182180000000000231e-01
8.409999999999999698e-01 7.194840000000000124e-01
8.459999999999999742e-01 7.207249999999999490e-01
8.509999999999999787e-01 7.219430000000000014e-01
8.559999999999999831e-01 7.231370000000000298e-01
8.609999999999999876e-01 7.243089999999999806e-01
8.659999999999999920e-01 7.254589999999999650e-01
8.709999999999999964e-01 7.265880000000000116e-01
8.760000000000000009e-01 7.276960000000000095e-01
8.810000000000000053e-01 7.287850000000000161e-01
8.860000000000000098e-01 7.298540000000000028e-01
8.910000000000000142e-01 7.309039999999999981e-01
8.960000000000000187e-01 7.319369999999999488e-01
9.010000000000000231e-01 7.329510000000000192e-01
9.060000000000000275e-01 7.339489999999999625e-01
9.110000000000000320e-01 7.349290000000000544e-01
9.160000000000000364e-01 7.358940000000000481e-01
9.210000000000000409e-01 7.368419999999999970e-01
9.260000000000000453e-01 7.377749999999999586e-01
9.310000000000000497e-01 7.386930000000000440e-01
9.360000000000000542e-01 7.395960000000000312e-01
9.409999999999999476e-01 7.404849999999999488e-01
9.459999999999999520e-01 7.413600000000000190e-01
9.509999999999999565e-01 7.422220000000000484e-01
9.559999999999999609e-01 7.430700000000000083e-01
9.609999999999999654e-01 7.439050000000000384e-01
9.659999999999999698e-01 7.447279999999999456e-01
9.709999999999999742e-01 7.455380000000000340e-01
9.759999999999999787e-01 7.463359999999999994e-01
9.809999999999999831e-01 7.471229999999999816e-01
9.859999999999999876e-01 7.478979999999999517e-01
9.909999999999999920e-01 7.486620000000000497e-01
9.959999999999999964e-01 7.494150000000000533e-01
1.000999999999999890e+00 7.501569999999999627e-01
1.006000000000000005e+00 7.508879999999999999e-01
1.010999999999999899e+00 7.516100000000000003e-01
1.016000000000000014e+00 7.523210000000000175e-01
1.020999999999999908e+00 7.530229999999999979e-01
1.026000000000000023e+00 7.537150000000000238e-01
1.030999999999999917e+00 7.543969999999999843e-01
1.036000000000000032e+00 7.550710000000000477e-01
1.040999999999999925e+00 7.557350000000000456e-01
1.046000000000000041e+00 7.563910000000000355e-01
1.050999999999999934e+00 7.570379999999999887e-01
1.056000000000000050e+00 7.576760000000000161e-01
1.060999999999999943e+00 7.583060000000000356e-01
1.066000000000000059e+00 7.589280000000000470e-01
1.070999999999999952e+00 7.595420000000000504e-01
1.076000000000000068e+00 7.601489999999999636e-01
1.080999999999999961e+00 7.607469999999999510e-01
1.086000000000000076e+00 7.613389999999999880e-01
1.090999999999999970e+00 7.619219999999999882e-01
1.096000000000000085e+00 7.624990000000000379e-01
1.100999999999999979e+00 7.630679999999999685e-01
1.106000000000000094e+00 7.636309999999999487e-01
1.110999999999999988e+00 7.641869999999999497e-01
1.116000000000000103e+00 7.647359999999999713e-01
1.120999999999999996e+00 7.652780000000000138e-01
1.125999999999999890e+00 7.658139999999999947e-01
1.131000000000000005e+00 7.663440000000000252e-01
1.135999999999999899e+00 7.668669999999999654e-01
1.141000000000000014e+00 7.673839999999999550e-01
1.145999999999999908e+00 7.678960000000000230e-01
1.151000000000000023e+00 7.684010000000000007e-01
1.155999999999999917e+00 7.689009999999999456e-01
1.161000000000000032e+00 7.693950000000000511e-01
1.165999999999999925e+00 7.698829999999999840e-01
1.171000000000000041e+00 7.703659999999999952e-01
1.175999999999999934e+00 7.708429999999999449e-01
1.181000000000000050e+00 7.713149999999999729e-01
1.185999999999999943e+00 7.717819999999999681e-01
1.191000000000000059e+00 7.722440000000000415e-01
1.195999999999999952e+00 7.727000000000000535e-01
1.201000000000000068e+00 7.731519999999999504e-01
1.205999999999999961e+00 7.735990000000000366e-01
1.211000000000000076e+00 7.740409999999999791e-01
1.215999999999999970e+00 7.744779999999999998e-01
1.221000000000000085e+00 7.749110000000000165e-01
1.225999999999999979e+00 7.753390000000000004e-01
1.231000000000000094e+00 7.757619999999999516e-01
1.235999999999999988e+00 7.761810000000000098e-01
1.241000000000000103e+00 7.765950000000000353e-01
1.245999999999999996e+00 7.770059999999999745e-01
1.250999999999999890e+00 7.774119999999999919e-01
1.256000000000000005e+00 7.778129999999999766e-01
1.260999999999999899e+00 7.782109999999999861e-01
1.266000000000000014e+00 7.786049999999999915e-01
1.270999999999999908e+00 7.789939999999999642e-01
1.276000000000000023e+00 7.793799999999999617e-01
1.280999999999999917e+00 7.797619999999999552e-01
1.286000000000000032e+00 7.801390000000000269e-01
1.290999999999999925e+00 7.805140000000000411e-01
1.296000000000000041e+00 7.808840000000000225e-01
1.300999999999999934e+00 7.812510000000000288e-01
1.306000000000000050e+00 7.816140000000000310e-01
1.310999999999999943e+00 7.819730000000000292e-01
1.316000000000000059e+00 7.823290000000000521e-01
1.320999999999999952e+00 7.826809999999999601e-01
1.326000000000000068e+00 7.830300000000000038e-01
1.330999999999999961e+00 7.833759999999999613e-01
1.336000000000000076e+00 7.837180000000000257e-01
1.340999999999999970e+00 7.840570000000000039e-01
1.346000000000000085e+00 7.843930000000000069e-01
1.350999999999999979e+00 7.847250000000000059e-01
1.356000000000000094e+00 7.850540000000000296e-01
1.360999999999999988e+00 7.853799999999999670e-01
1.366000000000000103e+00 7.857030000000000403e-01
1.370999999999999996e+00 7.860230000000000272e-01
1.375999999999999890e+00 7.863400000000000389e-01
1.381000000000000005e+00 7.866539999999999644e-01
1.385999999999999899e+00 7.869650000000000256e-01
1.391000000000000014e+00 7.872730000000000006e-01
1.395999999999999908e+00 7.875780000000000003e-01
1.401000000000000023e+00 7.878800000000000248e-01
1.405999999999999917e+00 7.881789999999999630e-01
1.411000000000000032e+00 7.884759999999999547e-01
1.415999999999999925e+00 7.887690000000000534e-01
1.421000000000000041e+00 7.890599999999999836e-01
1.425999999999999934e+00 7.893489999999999673e-01
1.431000000000000050e+00 7.896349999999999758e-01
1.435999999999999943e+00 7.899180000000000090e-01
1.441000000000000059e+00 7.901979999999999560e-01
1.445999999999999952e+00 7.904759999999999565e-01
1.451000000000000068e+00 7.907509999999999817e-01
1.455999999999999961e+00 7.910239999999999494e-01
1.461000000000000076e+00 7.912940000000000529e-01
1.465999999999999970e+00 7.915619999999999878e-01
1.471000000000000085e+00 7.918269999999999476e-01
1.475999999999999979e+00 7.920899999999999608e-01
1.481000000000000094e+00 7.923499999999999988e-01
1.485999999999999988e+00 7.926079999999999792e-01
1.491000000000000103e+00 7.928640000000000132e-01
1.495999999999999996e+00 7.931179999999999897e-01
1.500999999999999890e+00 7.933689999999999909e-01
1.506000000000000005e+00 7.936170000000000169e-01
1.510999999999999899e+00 7.938640000000000141e-01
1.516000000000000014e+00 7.941080000000000361e-01
1.520999999999999908e+00 7.943500000000000005e-01
1.526000000000000023e+00 7.945900000000000185e-01
1.530999999999999917e+00 7.948279999999999790e-01
1.536000000000000032e+00 7.950629999999999642e-01
1.540999999999999925e+00 7.952960000000000029e-01
1.546000000000000041e+00 7.955280000000000129e-01
1.550999999999999934e+00 7.957570000000000476e-01
1.556000000000000050e+00 7.959840000000000249e-01
1.560999999999999943e+00 7.962089999999999446e-01
1.566000000000000059e+00 7.964320000000000288e-01
1.570999999999999952e+00 7.966529999999999445e-01
1.576000000000000068e+00 7.968720000000000248e-01
1.580999999999999961e+00 7.970890000000000475e-01
1.586000000000000076e+00 7.973029999999999839e-01
1.590999999999999970e+00 7.975160000000000027e-01
1.596000000000000085e+00 7.977269999999999639e-01
1.600999999999999979e+00 7.979370000000000074e-01
1.606000000000000094e+00 7.981439999999999646e-01
1.610999999999999988e+00 7.983489999999999753e-01
1.616000000000000103e+00 7.985529999999999573e-01
1.620999999999999996e+00 7.987539999999999640e-01
1.625999999999999890e+00 7.989540000000000530e-01
1.631000000000000005e+00 7.991519999999999735e-01
1.635999999999999899e+00 7.993479999999999475e-01
1.641000000000000014e+00 7.995419999999999749e-01
1.645999999999999908e+00 7.997349999999999737e-01
1.651000000000000023e+00 7.999260000000000259e-01
1.655999999999999917e+00 8.001150000000000206e-01
1.661000000000000032e+00 8.003019999999999579e-01
1.665999999999999925e+00 8.004879999999999773e-01
1.671000000000000041e+00 8.006710000000000216e-01
1.675999999999999934e+00 8.008539999999999548e-01
1.681000000000000050e+00 8.010340000000000238e-01
1.685999999999999943e+00 8.012129999999999530e-01
1.691000000000000059e+00 8.013900000000000468e-01
1.695999999999999952e+00 8.015660000000000007e-01
1.701000000000000068e+00 8.017400000000000082e-01
1.705999999999999961e+00 8.019119999999999582e-01
1.711000000000000076e+00 8.020829999999999904e-01
1.715999999999999970e+00 8.022519999999999651e-01
1.721000000000000085e+00 8.024189999999999934e-01
1.725999999999999979e+00 8.025849999999999929e-01
1.731000000000000094e+00 8.027499999999999636e-01
1.735999999999999988e+00 8.029129999999999878e-01
1.741000000000000103e+00 8.030739999999999545e-01
1.745999999999999996e+00 8.032340000000000035e-01
1.750999999999999890e+00 8.033919999999999950e-01
1.756000000000000005e+00 8.035489999999999577e-01
1.760999999999999899e+00 8.037050000000000027e-01
1.766000000000000014e+00 8.038589999999999902e-01
1.770999999999999908e+00 8.040110000000000312e-01
1.776000000000000023e+00 8.041620000000000434e-01
1.780999999999999917e+00 8.043120000000000269e-01
1.786000000000000032e+00 8.044599999999999529e-01
1.790999999999999925e+00 8.046069999999999611e-01
1.796000000000000041e+00 8.047520000000000229e-01
1.800999999999999934e+00 8.048959999999999448e-01
1.806000000000000050e+00 8.050389999999999491e-01
1.810999999999999943e+00 8.051800000000000068e-01
1.816000000000000059e+00 8.053200000000000358e-01
1.820999999999999952e+00 8.054580000000000073e-01
1.826000000000000068e+00 8.055959999999999788e-01
1.830999999999999961e+00 8.057309999999999750e-01
1.836000000000000076e+00 8.058659999999999712e-01
1.840999999999999970e+00 8.059990000000000210e-01
1.846000000000000085e+00 8.061310000000000420e-01
1.850999999999999979e+00 8.062620000000000342e-01
1.856000000000000094e+00 8.063909999999999689e-01
1.860999999999999988e+00 8.065189999999999859e-01
1.866000000000000103e+00 8.066459999999999742e-01
1.870999999999999996e+00 8.067720000000000447e-01
1.875999999999999890e+00 8.068959999999999466e-01
1.881000000000000005e+00 8.070190000000000419e-01
1.885999999999999899e+00 8.071409999999999973e-01
1.891000000000000014e+00 8.072620000000000351e-01
1.895999999999999908e+00 8.073820000000000441e-01
1.901000000000000023e+00 8.074999999999999956e-01
1.905999999999999917e+00 8.076170000000000293e-01
1.911000000000000032e+00 8.077330000000000343e-01
1.915999999999999925e+00 8.078480000000000105e-01
1.921000000000000041e+00 8.079610000000000403e-01
1.925999999999999934e+00 8.080739999999999590e-01
1.931000000000000050e+00 8.081850000000000422e-01
1.935999999999999943e+00 8.082949999999999857e-01
1.941000000000000059e+00 8.084040000000000115e-01
1.945999999999999952e+00 8.085120000000000084e-01
1.951000000000000068e+00 8.086189999999999767e-01
1.955999999999999961e+00 8.087250000000000272e-01
1.961000000000000076e+00 8.088300000000000489e-01
1.965999999999999970e+00 8.089330000000000132e-01
1.971000000000000085e+00 8.090349999999999486e-01
1.975999999999999979e+00 8.091369999999999951e-01
1.981000000000000094e+00 8.092369999999999841e-01
1.985999999999999988e+00 8.093360000000000554e-01
1.991000000000000103e+00 8.094339999999999868e-01
1.995999999999999996e+00 8.095320000000000293e-01
2.000999999999999890e+00 8.096280000000000143e-01
2.005999999999999783e+00 8.097229999999999706e-01
2.011000000000000121e+00 8.098170000000000091e-01
2.016000000000000014e+00 8.099100000000000188e-01
2.020999999999999908e+00 8.100019999999999998e-01
2.025999999999999801e+00 8.100929999999999520e-01
2.031000000000000139e+00 8.101829999999999865e-01
2.036000000000000032e+00 8.102719999999999922e-01
2.040999999999999925e+00 8.103590000000000515e-01
2.045999999999999819e+00 8.104459999999999997e-01
2.051000000000000156e+00 8.105320000000000302e-01
2.056000000000000050e+00 8.106170000000000320e-01
2.060999999999999943e+00 8.107020000000000337e-01
2.065999999999999837e+00 8.107849999999999779e-01
2.071000000000000174e+00 8.108670000000000044e-01
2.076000000000000068e+00 8.109480000000000022e-01
2.080999999999999961e+00 8.110279999999999712e-01
2.085999999999999854e+00 8.111070000000000224e-01
2.091000000000000192e+00 8.111859999999999626e-01
2.096000000000000085e+00 8.112629999999999564e-01
2.100999999999999979e+00 8.113399999999999501e-01
2.105999999999999872e+00 8.114149999999999974e-01
2.111000000000000210e+00 8.114900000000000446e-01
2.116000000000000103e+00 8.115639999999999521e-01
2.120999999999999996e+00 8.116370000000000529e-01
2.125999999999999890e+00 8.117090000000000138e-01
2.130999999999999783e+00 8.117799999999999461e-01
2.136000000000000121e+00 8.118499999999999606e-01
2.141000000000000014e+00 8.119189999999999463e-01
2.145999999999999908e+00 8.119880000000000431e-01
2.150999999999999801e+00 8.120549999999999713e-01
2.156000000000000139e+00 8.121220000000000105e-01
2.161000000000000032e+00 8.121880000000000210e-01
2.165999999999999925e+00 8.122530000000000028e-01
2.170999999999999819e+00 8.123169999999999558e-01
2.176000000000000156e+00 8.123799999999999910e-01
2.181000000000000050e+00 8.124419999999999975e-01
2.185999999999999943e+00 8.125040000000000040e-01
2.190999999999999837e+00 8.125649999999999817e-01
2.196000000000000174e+00 8.126250000000000417e-01
2.201000000000000068e+00 8.126839999999999620e-01
2.205999999999999961e+00 8.127419999999999645e-01
2.210999999999999854e+00 8.127990000000000492e-01
2.216000000000000192e+00 8.128560000000000230e-01
2.221000000000000085e+00 8.129119999999999679e-01
2.225999999999999979e+00 8.129659999999999664e-01
2.230999999999999872e+00 8.130209999999999937e-01
2.236000000000000210e+00 8.130739999999999634e-01
2.241000000000000103e+00 8.131260000000000154e-01
2.245999999999999996e+00 8.131779999999999564e-01
2.250999999999999890e+00 8.132289999999999797e-01
2.255999999999999783e+00 8.132789999999999742e-01
2.261000000000000121e+00 8.133289999999999687e-01
2.266000000000000014e+00 8.133770000000000167e-01
2.270999999999999908e+00 8.134249999999999536e-01
2.275999999999999801e+00 8.134719999999999729e-01
2.281000000000000139e+00 8.135179999999999634e-01
2.286000000000000032e+00 8.135639999999999539e-01
2.290999999999999925e+00 8.136090000000000266e-01
2.295999999999999819e+00 8.136529999999999596e-01
2.301000000000000156e+00 8.136959999999999749e-01
2.306000000000000050e+00 8.137379999999999614e-01
2.310999999999999943e+00 8.137799999999999478e-01
2.315999999999999837e+00 8.138210000000000166e-01
2.321000000000000174e+00 8.138609999999999456e-01
2.326000000000000068e+00 8.139009999999999856e-01
2.330999999999999961e+00 8.139389999999999681e-01
2.335999999999999854e+00 8.139769999999999506e-01
2.341000000000000192e+00 8.140150000000000441e-01
2.346000000000000085e+00 8.140509999999999691e-01
2.350999999999999979e+00 8.140870000000000051e-01
2.355999999999999872e+00 8.141220000000000123e-01
2.361000000000000210e+00 8.141559999999999908e-01
2.366000000000000103e+00 8.141899999999999693e-01
2.370999999999999996e+00 8.142230000000000301e-01
2.375999999999999890e+00 8.142549999999999510e-01
2.380999999999999783e+00 8.142869999999999830e-01
2.386000000000000121e+00 8.143169999999999575e-01
2.391000000000000014e+00 8.143479999999999608e-01
2.395999999999999908e+00 8.143770000000000175e-01
2.400999999999999801e+00 8.144059999999999633e-01
2.406000000000000139e+00 8.144339999999999913e-01
2.411000000000000032e+00 8.144609999999999905e-01
2.415999999999999925e+00 8.144879999999999898e-01
2.420999999999999819e+00 8.145139999999999603e-01
2.426000000000000156e+00 8.145390000000000130e-01
2.431000000000000050e+00 8.145630000000000370e-01
2.435999999999999943e+00 8.145869999999999500e-01
2.440999999999999837e+00 8.146109999999999740e-01
2.446000000000000174e+00 8.146330000000000515e-01
2.451000000000000068e+00 8.146550000000000180e-01
2.455999999999999961e+00 8.146759999999999557e-01
2.460999999999999854e+00 8.146970000000000045e-01
2.466000000000000192e+00 8.147170000000000245e-01
2.471000000000000085e+00 8.147360000000000158e-01
2.475999999999999979e+00 8.147550000000000070e-01
2.480999999999999872e+00 8.147729999999999695e-01
2.486000000000000210e+00 8.147900000000000142e-01
2.491000000000000103e+00 8.148069999999999480e-01
2.495999999999999996e+00 8.148229999999999640e-01
