 11  2 12 31  1  1 +2  0  0 -1
  1  1  1  1  0  0  0  0  0  0  0  0  0  0  1  1
   0.0000000   1.0000000   1.0000000   1.0000000   1.0000000   1.0000000   1.0000000
   1.0000000   1.0000000   1.0000000   1.0000000   1.0000000   1.0000000   1.0000000
   1.0000000   1.0000000   1.0000000   1.0000000   1.0000000   1.0000000   1.0000000
   1.0000000   1.0000000   1.0000000   1.0000000   1.0000000   1.0000000   1.0000000
   1.0000000   1.0000000
   0 105   0   0   0   1
  63
-0.706486500        
-0.153262600        
0.036767050         
-20.268200000       
-0.284319000        
0.629745500         
20.133610000        
0.162680000         
-0.588027600        
-0.020971480        
-0.070488580        
0.019321270         
-0.000041909        
-0.012131010        
0.013766320         
-0.000770049        
0.004640413         
0.006643183         
0.000694533         
-0.004239128        
-0.004827746        
-0.820757000        
0.078164710         
0.008693814         
-0.025898390        
0.039705170         
0.004792976         
-0.014451770        
0.025687360         
0.001487516         
0.016640000         
-0.020861610        
0.000975595         
0.000057802         
0.007355064         
0.001469961         
-0.000140492        
0.000805169         
0.000357132         
0.000036946         
0.000000103         
0.000026502         
0.750720585         
1.383373264         
0.829678303         
0.373856427         
0.142671035         
0.039870618         
0.637294895         
0.764435400         
0.344457709         
0.131451901         
0.036735337         
0.229235117         
0.206588558         
0.078838295         
0.022032023         
0.046544823         
0.035524857         
0.009927720         
0.006778495         
0.003788615         
0.000529380         
  1  1  0
  42  22  23  24  25  26  27  28  29  30  31  32  33  34  35  36  37  38  39  40
  41  42  43  44  45  46  47  48  49  50  51  52  53  54  55  56  57  58  59  60
  61  62  63
   1   2   3   4   5   6   7   8   9  10  11  12  13  14  15  16  17  18  19  20
  21  22  23  24  25  26  27  28  29  30  31  32  33  34  35  36  37  38  39  40
  41  42
  1  1  1  1  1  1  1  1  1  1  1  1  1  1  1  1  1  1  1  1  1  1  1  1  1  1  1  1
  2  2  0
  21   1   2   3   4   5   6   7   8   9  10  11  12  13  14  15  16  17  18  19
  20  21
  43  44  45  46  47  48  49  50  51  52  53  54  55  56  57  58  59  60  61  62
  63
  1  1  1  1  1  1  1  1  1  1  1  1  1  1  1  1  1  1  1  1  1  1  1  1  1  1  1  1
  1  1  0 -1
   1  22
8   
  0  1  0  1  0  1  0  1  0  1  0  1  0  1  0  0  0  0  0  0  0  0  0  0  0  0  0  0
  1  1  0
   1  23
8   
  0  1  0  1  0  1  0  1  0  1  0  1  0  1  0  0  0  0  0  0  0  0  0  0  0  0  0  0
  1  1  0
   1  24
46  
  0  1  0  1  0  1  0  1  0  1  0  1  0  1  0  0  0  0  0  0  0  0  0  0  0  0  0  0
  1  1  0
   1  25
22  
  0  1  0  1  0  1  0  1  0  1  0  1  0  1  0  0  0  0  0  0  0  0  0  0  0  0  0  0
  1  1  0
   1  26
43  
  0  1  0  1  0  1  0  1  0  1  0  1  0  1  0  0  0  0  0  0  0  0  0  0  0  0  0  0
  1  1  0
   1  27
54  
  0  1  0  1  0  1  0  1  0  1  0  1  0  1  0  0  0  0  0  0  0  0  0  0  0  0  0  0
  1  1  0
   1  28
9   
  0  1  0  1  0  1  0  1  0  1  0  1  0  1  0  0  0  0  0  0  0  0  0  0  0  0  0  0
  1  1  0
   1  29
5   
  0  1  0  1  0  1  0  1  0  1  0  1  0  1  0  0  0  0  0  0  0  0  0  0  0  0  0  0
  1  1  0
   1  30
49  
  1  0  1  0  1  0  1  0  1  0  1  0  1  0  0  0  0  0  0  0  0  0  0  0  0  0  0  0
  1  1  0
   1  31
46  
  1  0  1  0  1  0  1  0  1  0  1  0  1  0  0  0  0  0  0  0  0  0  0  0  0  0  0  0
  1  1  0
   1  32
43  
  1  0  1  0  1  0  1  0  1  0  1  0  1  0  0  0  0  0  0  0  0  0  0  0  0  0  0  0
  1  1  0
   1  33
8   
  1  0  1  0  1  0  1  0  1  0  1  0  1  0  0  0  0  0  0  0  0  0  0  0  0  0  0  0
  1  1  0
   1  34
43  
  1  0  1  0  1  0  1  0  1  0  1  0  1  0  0  0  0  0  0  0  0  0  0  0  0  0  0  0
  1  1  0
   1  35
54  
  1  0  1  0  1  0  1  0  1  0  1  0  1  0  0  0  0  0  0  0  0  0  0  0  0  0  0  0
  1  1  0
   1  36
54  
  1  0  1  0  1  0  1  0  1  0  1  0  1  0  0  0  0  0  0  0  0  0  0  0  0  0  0  0
  1  1  0
   1  37
6   
  1  0  1  0  1  0  1  0  1  0  1  0  1  0  0  0  0  0  0  0  0  0  0  0  0  0  0  0
  1  1  0
   1  38
54  
  0  1  0  1  0  1  0  1  0  1  0  1  0  1  0  0  0  0  0  0  0  0  0  0  0  0  0  0
  1  1  0
   1  39
44  
  0  1  0  1  0  1  0  1  0  1  0  1  0  1  0  0  0  0  0  0  0  0  0  0  0  0  0  0
  1  1  0
   1  40
4   
  0  1  0  1  0  1  0  1  0  1  0  1  0  1  0  0  0  0  0  0  0  0  0  0  0  0  0  0
  1  1  0
   1  41
50  
  0  1  0  1  0  1  0  1  0  1  0  1  0  1  0  0  0  0  0  0  0  0  0  0  0  0  0  0
  1  1  0
   1  42
22  
  0  1  0  1  0  1  0  1  0  1  0  1  0  1  0  0  0  0  0  0  0  0  0  0  0  0  0  0
  1  1  0
   1  43
47  
  1  0  1  0  1  0  1  0  1  0  1  0  1  0  0  0  0  0  0  0  0  0  0  0  0  0  0  0
  1  1  0
   1  44
7   
  1  0  1  0  1  0  1  0  1  0  1  0  1  0  0  0  0  0  0  0  0  0  0  0  0  0  0  0
  1  1  0
   1  45
44  
  1  0  1  0  1  0  1  0  1  0  1  0  1  0  0  0  0  0  0  0  0  0  0  0  0  0  0  0
  1  1  0
   1  46
45  
  1  0  1  0  1  0  1  0  1  0  1  0  1  0  0  0  0  0  0  0  0  0  0  0  0  0  0  0
  1  1  0
   1  47
54  
  1  0  1  0  1  0  1  0  1  0  1  0  1  0  0  0  0  0  0  0  0  0  0  0  0  0  0  0
  1  1  0
   1  48
9   
  1  0  1  0  1  0  1  0  1  0  1  0  1  0  0  0  0  0  0  0  0  0  0  0  0  0  0  0
  1  1  0
   1  49
51  
  1  0  1  0  1  0  1  0  1  0  1  0  1  0  0  0  0  0  0  0  0  0  0  0  0  0  0  0
  1  1  0
   1  50
51  
  1  0  1  0  1  0  1  0  1  0  1  0  1  0  0  0  0  0  0  0  0  0  0  0  0  0  0  0
  1  1  0
   1  51
51  
  0  1  0  1  0  1  0  1  0  1  0  1  0  1  0  0  0  0  0  0  0  0  0  0  0  0  0  0
  1  1  0
   1  52
51  
  0  1  0  1  0  1  0  1  0  1  0  1  0  1  0  0  0  0  0  0  0  0  0  0  0  0  0  0
  1  1  0
   1  53
51  
  0  1  0  1  0  1  0  1  0  1  0  1  0  1  0  0  0  0  0  0  0  0  0  0  0  0  0  0
  1  1  0
   1  54
45  
  0  1  0  1  0  1  0  1  0  1  0  1  0  1  0  0  0  0  0  0  0  0  0  0  0  0  0  0
  1  1  0
   1  55
52  
  0  1  0  1  0  1  0  1  0  1  0  1  0  1  0  0  0  0  0  0  0  0  0  0  0  0  0  0
  1  1  0
   1  56
52  
  0  1  0  1  0  1  0  1  0  1  0  1  0  1  0  0  0  0  0  0  0  0  0  0  0  0  0  0
  1  1  0
   1  57
55  
  0  1  0  1  0  1  0  1  0  1  0  1  0  1  0  0  0  0  0  0  0  0  0  0  0  0  0  0
  1  1  0
   1  58
22  
  0  1  0  1  0  1  0  1  0  1  0  1  0  1  0  0  0  0  0  0  0  0  0  0  0  0  0  0
  1  1  0
   1  59
45  
  1  0  1  0  1  0  1  0  1  0  1  0  1  0  0  0  0  0  0  0  0  0  0  0  0  0  0  0
  2  2  0
   1   1
4   
  1  0  1  0  1  0  1  0  1  0  1  0  1  0  0  0  0  0  0  0  0  0  0  0  0  0  0  0
  2  2  0
   1   2
8   
  1  0  1  0  1  0  1  0  1  0  1  0  1  0  0  0  0  0  0  0  0  0  0  0  0  0  0  0
  2  2  0
   1   3
7   
  1  0  1  0  1  0  1  0  1  0  1  0  1  0  0  0  0  0  0  0  0  0  0  0  0  0  0  0
  2  2  0
   1   4
51  
  0  1  0  1  0  1  0  1  0  1  0  1  0  1  0  0  0  0  0  0  0  0  0  0  0  0  0  0
  2  2  0
   1   5
44  
  0  1  0  1  0  1  0  1  0  1  0  1  0  1  0  0  0  0  0  0  0  0  0  0  0  0  0  0
  2  2  0
   1   6
7   
  0  1  0  1  0  1  0  1  0  1  0  1  0  1  0  0  0  0  0  0  0  0  0  0  0  0  0  0
  2  2  0
   1   7
49  
  0  1  0  1  0  1  0  1  0  1  0  1  0  1  0  0  0  0  0  0  0  0  0  0  0  0  0  0
  2  2  0
   1   8
22  
  0  1  0  1  0  1  0  1  0  1  0  1  0  1  0  0  0  0  0  0  0  0  0  0  0  0  0  0
  2  2  0
   1   9
5   
  0  1  0  1  0  1  0  1  0  1  0  1  0  1  0  0  0  0  0  0  0  0  0  0  0  0  0  0
  2  2  0
   1  10
5   
  0  1  0  1  0  1  0  1  0  1  0  1  0  1  0  0  0  0  0  0  0  0  0  0  0  0  0  0
  2  2  0
   1  11
50  
  0  1  0  1  0  1  0  1  0  1  0  1  0  1  0  0  0  0  0  0  0  0  0  0  0  0  0  0
  2  2  0
   1  12
51  
  1  0  1  0  1  0  1  0  1  0  1  0  1  0  0  0  0  0  0  0  0  0  0  0  0  0  0  0
  2  2  0
   1  13
4   
  1  0  1  0  1  0  1  0  1  0  1  0  1  0  0  0  0  0  0  0  0  0  0  0  0  0  0  0
  2  2  0
   1  14
4   
  1  0  1  0  1  0  1  0  1  0  1  0  1  0  0  0  0  0  0  0  0  0  0  0  0  0  0  0
  2  2  0
   1  15
44  
  1  0  1  0  1  0  1  0  1  0  1  0  1  0  0  0  0  0  0  0  0  0  0  0  0  0  0  0
  2  2  0
   1  16
50  
  1  0  1  0  1  0  1  0  1  0  1  0  1  0  0  0  0  0  0  0  0  0  0  0  0  0  0  0
  2  2  0
   1  17
22  
  1  0  1  0  1  0  1  0  1  0  1  0  1  0  0  0  0  0  0  0  0  0  0  0  0  0  0  0
  2  2  0
   1  64
5   
  0  1  0  1  0  1  0  0  0  0  0  0
  2  2  0
   1  65
6   
  0  1  0  1  0  1  0  0  0  0  0  0
  2  2  0
   1  66
46  
  0  1  0  1  0  1  0  0  0  0  0  0
  2  2  0
   1  67
47  
  0  1  0  1  0  1  0  0  0  0  0  0
  2  2  0
   1  68
4   
  0  1  0  1  0  1  0  0  0  0  0  0
  2  2  0
   1  69
2   
  0  1  0  1  0  1  0  0  0  0  0  0
  2  2  0
   1  70
47  
  0  1  0  1  0  1  0  0  0  0  0  0
  2  2  0
   1  71
47  
  0  1  0  1  0  1  0  0  0  0  0  0
  2  2  0
   1  72
49  
  1  0  1  0  1  0  1  0  0  0  0  0
  2  2  0
   1  73
43  
  1  0  1  0  1  0  1  0  0  0  0  0
  2  2  0
   1  74
6   
  1  0  1  0  1  0  1  0  0  0  0  0
  2  2  0
   1  75
55  
  1  0  1  0  1  0  1  0  0  0  0  0
  2  2  0
   1  76
44  
  1  0  1  0  1  0  1  0  0  0  0  0
  2  2  0
   1  77
1   
  1  0  1  0  1  0  1  0  0  0  0  0
  2  2  0
   1  78
6   
  1  0  1  0  1  0  1  0  0  0  0  0
  2  2  0
   1  79
54  
  1  0  1  0  1  0  1  0  0  0  0  0
  2  2  0
   1  80
49  
  0  1  0  1  0  1  0  0  0  0  0  0
  2  2  0
   1  81
1   
  0  1  0  1  0  1  0  0  0  0  0  0
  2  2  0
   1  82
8   
  0  1  0  1  0  1  0  1  0  0  0  0
  2  2  0
   1  83
46  
  0  1  0  1  0  1  0  1  0  0  0  0
  2  2  0
   1  84
44  
  0  1  0  1  0  1  0  1  0  0  0  0
  2  2  0
   1  85
22  
  0  1  0  1  0  1  0  1  0  0  0  0
  2  2  0
   1  86
4   
  0  1  0  1  0  1  0  1  0  0  0  0
  2  2  0
   1  87
7   
  0  1  0  1  0  1  0  1  0  0  0  0
  2  2  0
   1  88
1   
  0  0  1  0  1  0  1  0  0  0  0  0
  2  2  0
   1  89
51  
  0  0  1  0  1  0  1  0  0  0  0  0
  1  1  0
   1  90
47  
  0  1  0  1  0  1  0  1  0  0  0  0
  1  1  0
   1  91
7   
  0  1  0  1  0  1  0  1  0  0  0  0
  1  1  0
   1  92
54  
  0  1  0  1  0  1  0  1  0  0  0  0
  1  1  0
   1  93
49  
  0  1  0  1  0  1  0  1  0  0  0  0
  1  1  0
   1  94
9   
  0  1  0  1  0  1  0  1  0  0  0  0
  1  1  0
   1  95
47  
  0  1  0  1  0  1  0  1  0  0  0  0
  1  1  0
   1  96
55  
  0  1  0  1  0  1  0  1  0  0  0  0
  1  1  0
   1  97
46  
  0  1  0  1  0  1  0  1  0  0  0  0
  1  1  0
   1  98
22  
  1  0  1  0  1  0  1  0  1  0  0  0
  1  1  0
   1  99
49  
  1  0  1  0  1  0  1  0  1  0  0  0
  1  1  0
   1 100
1   
  1  0  1  0  1  0  1  0  1  0  0  0
  1  1  0
   1 101
7   
  1  0  1  0  1  0  1  0  1  0  0  0
  1  1  0
   1 102
22  
  1  0  1  0  1  0  1  0  1  0  0  0
  1  1  0
   1 103
6   
  1  0  1  0  1  0  1  0  1  0  0  0
  1  1  0
   1 104
6   
  1  0  1  0  1  0  1  0  1  0  0  0
  1  1  0
   1 105
50  
  1  0  1  0  1  0  1  0  1  0  0  0
  1  1  0
   1 106
50  
  0  1  0  1  0  1  0  1  0  1  0  0
  1  1  0
   1 107
50  
  0  1  0  1  0  1  0  1  0  1  0  0
  1  1  0
   1 108
50  
  0  1  0  1  0  1  0  1  0  1  0  0
  1  1  0
   1 109
5   
  0  1  0  1  0  1  0  1  0  1  0  0
  1  1  0
   1 110
6   
  0  1  0  1  0  1  0  1  0  1  0  0
  1  1  0
   1 111
8   
  0  1  0  1  0  1  0  1  0  1  0  0
  1  1  0
   1 112
9   
  0  1  0  1  0  1  0  1  0  1  0  0
  1  1  0
   1 113
8   
  0  1  0  1  0  1  0  1  0  1  0  0
  1  1  0
   1 114
43  
  1  0  1  0  1  0  1  0  1  0  0  0
  1  1  0
   1 115
45  
  1  0  1  0  1  0  1  0  1  0  0  0
