1.000000000000000021e-03 1.000000000000000000e+00
3.500000000000000073e-03 1.000000000000000000e+00
6.000000000000000125e-03 1.000000000000000000e+00
8.500000000000000611e-03 1.000000000000000000e+00
1.099999999999999936e-02 1.000000000000000000e+00
1.349999999999999985e-02 1.000000000000000000e+00
1.600000000000000033e-02 1.000000000000000000e+00
1.849999999999999908e-02 1.000000000000000000e+00
2.100000000000000130e-02 1.000000000000000000e+00
2.350000000000000006e-02 1.000000000000000000e+00
2.599999999999999881e-02 1.000000000000000000e+00
2.850000000000000103e-02 1.000000000000000000e+00
3.099999999999999978e-02 1.000000000000000000e+00
3.350000000000000200e-02 1.000000000000000000e+00
3.599999999999999728e-02 1.000000000000000000e+00
3.849999999999999950e-02 1.000000000000000000e+00
4.100000000000000172e-02 1.000000000000000000e+00
4.349999999999999700e-02 1.000000000000000000e+00
4.599999999999999922e-02 1.000000000000000000e+00
4.850000000000000144e-02 1.000000000000000000e+00
5.099999999999999672e-02 1.000000000000000000e+00
5.349999999999999895e-02 1.000000000000000000e+00
5.600000000000000117e-02 1.000000000000000000e+00
5.850000000000000339e-02 1.000000000000000000e+00
6.099999999999999867e-02 1.000000000000000000e+00
6.350000000000000089e-02 1.000000000000000000e+00
6.600000000000000311e-02 1.000000000000000000e+00
6.850000000000000533e-02 1.000000000000000000e+00
7.099999999999999367e-02 1.000000000000000000e+00
7.349999999999999589e-02 1.000000000000000000e+00
7.599999999999999811e-02 1.000000000000000000e+00
7.850000000000000033e-02 1.000000000000000000e+00
8.100000000000000255e-02 1.000000000000000000e+00
8.350000000000000477e-02 1.000000000000000000e+00
8.599999999999999312e-02 1.000000000000000000e+00
8.849999999999999534e-02 1.000000000000000000e+00
9.099999999999999756e-02 1.000000000000000000e+00
9.349999999999999978e-02 1.000000000000000000e+00
9.600000000000000200e-02 1.000000000000000000e+00
9.850000000000000422e-02 1.000000000000000000e+00
1.010000000000000064e-01 1.000000000000000000e+00
1.034999999999999948e-01 1.000000000000000000e+00
1.059999999999999970e-01 1.000000000000000000e+00
1.084999999999999992e-01 1.000000000000000000e+00
1.110000000000000014e-01 1.000000000000000000e+00
1.135000000000000037e-01 1.000000000000000000e+00
1.160000000000000059e-01 1.000000000000000000e+00
1.184999999999999942e-01 1.000000000000000000e+00
1.209999999999999964e-01 1.000000000000000000e+00
1.234999999999999987e-01 1.000000000000000000e+00
1.260000000000000009e-01 1.000000000000000000e+00
1.285000000000000031e-01 1.000000000000000000e+00
1.310000000000000053e-01 1.000000000000000000e+00
1.335000000000000075e-01 1.000000000000000000e+00
1.360000000000000098e-01 1.000000000000000000e+00
1.385000000000000120e-01 1.000000000000000000e+00
1.409999999999999865e-01 1.000000000000000000e+00
1.434999999999999887e-01 1.000000000000000000e+00
1.459999999999999909e-01 1.000000000000000000e+00
1.484999999999999931e-01 1.000000000000000000e+00
1.509999999999999953e-01 1.000000000000000000e+00
1.534999999999999976e-01 1.000000000000000000e+00
1.559999999999999998e-01 1.000000000000000000e+00
1.585000000000000020e-01 1.000000000000000000e+00
1.610000000000000042e-01 1.000000000000000000e+00
1.635000000000000064e-01 1.000000000000000000e+00
1.660000000000000087e-01 1.000000000000000000e+00
1.685000000000000109e-01 1.000000000000000000e+00
1.710000000000000131e-01 1.000000000000000000e+00
1.734999999999999876e-01 1.000000000000000000e+00
1.759999999999999898e-01 1.000000000000000000e+00
1.784999999999999920e-01 1.000000000000000000e+00
1.809999999999999942e-01 1.000000000000000000e+00
1.834999999999999964e-01 1.000000000000000000e+00
1.859999999999999987e-01 1.000000000000000000e+00
1.885000000000000009e-01 1.000000000000000000e+00
1.910000000000000031e-01 1.000000000000000000e+00
1.935000000000000053e-01 1.000000000000000000e+00
1.960000000000000075e-01 1.000000000000000000e+00
1.985000000000000098e-01 1.000000000000000000e+00
2.010000000000000120e-01 1.000000000000000000e+00
2.034999999999999865e-01 1.000000000000000000e+00
2.059999999999999887e-01 1.000000000000000000e+00
2.084999999999999909e-01 1.000000000000000000e+00
2.109999999999999931e-01 1.000000000000000000e+00
2.134999999999999953e-01 1.000000000000000000e+00
2.159999999999999976e-01 1.000000000000000000e+00
2.184999999999999998e-01 1.000000000000000000e+00
2.210000000000000020e-01 1.000000000000000000e+00
2.235000000000000042e-01 1.000000000000000000e+00
2.260000000000000064e-01 1.000000000000000000e+00
2.285000000000000087e-01 1.000000000000000000e+00
2.310000000000000109e-01 1.000000000000000000e+00
2.335000000000000131e-01 1.000000000000000000e+00
2.359999999999999876e-01 1.000000000000000000e+00
2.384999999999999898e-01 1.000000000000000000e+00
2.409999999999999920e-01 1.000000000000000000e+00
2.434999999999999942e-01 1.000000000000000000e+00
2.459999999999999964e-01 1.000000000000000000e+00
2.484999999999999987e-01 1.000000000000000000e+00
2.510000000000000009e-01 1.000000000000000000e+00
2.535000000000000031e-01 1.000000000000000000e+00
2.560000000000000053e-01 1.000000000000000000e+00
2.585000000000000075e-01 1.000000000000000000e+00
2.610000000000000098e-01 1.000000000000000000e+00
2.635000000000000120e-01 1.000000000000000000e+00
2.660000000000000142e-01 1.000000000000000000e+00
2.685000000000000164e-01 1.000000000000000000e+00
2.710000000000000187e-01 1.000000000000000000e+00
2.735000000000000209e-01 1.000000000000000000e+00
2.760000000000000231e-01 1.000000000000000000e+00
2.785000000000000253e-01 1.000000000000000000e+00
2.810000000000000275e-01 1.000000000000000000e+00
2.834999999999999742e-01 1.000000000000000000e+00
2.859999999999999765e-01 1.000000000000000000e+00
2.884999999999999787e-01 1.000000000000000000e+00
2.909999999999999809e-01 1.000000000000000000e+00
2.934999999999999831e-01 1.000000000000000000e+00
2.959999999999999853e-01 1.000000000000000000e+00
2.984999999999999876e-01 1.000000000000000000e+00
3.009999999999999898e-01 1.000000000000000000e+00
3.034999999999999920e-01 1.000000000000000000e+00
3.059999999999999942e-01 1.000000000000000000e+00
3.084999999999999964e-01 1.000000000000000000e+00
3.109999999999999987e-01 1.000000000000000000e+00
3.135000000000000009e-01 1.000000000000000000e+00
3.160000000000000031e-01 1.000000000000000000e+00
3.185000000000000053e-01 1.000000000000000000e+00
3.210000000000000075e-01 1.000000000000000000e+00
3.235000000000000098e-01 1.000000000000000000e+00
3.260000000000000120e-01 1.000000999999999918e+00
3.285000000000000142e-01 1.000000999999999918e+00
3.310000000000000164e-01 1.000000999999999918e+00
3.335000000000000187e-01 1.000000999999999918e+00
3.360000000000000209e-01 1.000000999999999918e+00
3.385000000000000231e-01 1.000000999999999918e+00
3.410000000000000253e-01 1.000000999999999918e+00
3.435000000000000275e-01 1.000000999999999918e+00
3.459999999999999742e-01 1.000000999999999918e+00
3.484999999999999765e-01 1.000000999999999918e+00
3.509999999999999787e-01 1.000000999999999918e+00
3.534999999999999809e-01 1.000000999999999918e+00
3.559999999999999831e-01 1.000000999999999918e+00
3.584999999999999853e-01 1.000000999999999918e+00
3.609999999999999876e-01 1.000000999999999918e+00
3.634999999999999898e-01 1.000000999999999918e+00
3.659999999999999920e-01 1.000002000000000058e+00
3.684999999999999942e-01 1.000002000000000058e+00
3.709999999999999964e-01 1.000002000000000058e+00
3.734999999999999987e-01 1.000002000000000058e+00
3.760000000000000009e-01 1.000002000000000058e+00
3.785000000000000031e-01 1.000002999999999975e+00
3.810000000000000053e-01 1.000002999999999975e+00
3.835000000000000075e-01 1.000003999999999893e+00
3.860000000000000098e-01 1.000003999999999893e+00
3.885000000000000120e-01 1.000005000000000033e+00
3.910000000000000142e-01 1.000005999999999950e+00
3.935000000000000164e-01 1.000007000000000090e+00
3.960000000000000187e-01 1.000010000000000066e+00
3.985000000000000209e-01 1.000013000000000041e+00
4.010000000000000231e-01 1.000024000000000024e+00
4.035000000000000253e-01 9.451410000000000089e-01
4.060000000000000275e-01 9.253839999999999844e-01
4.084999999999999742e-01 9.165870000000000406e-01
4.109999999999999765e-01 9.121609999999999996e-01
4.134999999999999787e-01 9.099810000000000398e-01
4.159999999999999809e-01 9.090939999999999577e-01
4.184999999999999831e-01 9.089949999999999974e-01
4.209999999999999853e-01 9.093900000000000317e-01
4.234999999999999876e-01 9.100979999999999626e-01
4.259999999999999898e-01 9.110030000000000072e-01
4.284999999999999920e-01 9.120270000000000321e-01
4.309999999999999942e-01 9.131179999999999852e-01
4.334999999999999964e-01 9.142419999999999991e-01
4.359999999999999987e-01 9.153759999999999675e-01
4.385000000000000009e-01 9.165020000000000389e-01
4.410000000000000031e-01 9.176100000000000367e-01
4.435000000000000053e-01 9.186940000000000106e-01
4.460000000000000075e-01 9.197480000000000100e-01
4.485000000000000098e-01 9.207710000000000061e-01
4.510000000000000120e-01 9.217610000000000525e-01
4.535000000000000142e-01 9.227170000000000094e-01
4.560000000000000164e-01 9.236400000000000166e-01
4.585000000000000187e-01 9.245309999999999917e-01
4.610000000000000209e-01 9.253890000000000171e-01
4.635000000000000231e-01 9.262169999999999570e-01
4.660000000000000253e-01 9.270150000000000334e-01
4.685000000000000275e-01 9.277840000000000531e-01
4.709999999999999742e-01 9.285250000000000448e-01
4.734999999999999765e-01 9.292399999999999549e-01
4.759999999999999787e-01 9.299279999999999768e-01
4.784999999999999809e-01 9.305909999999999460e-01
4.809999999999999831e-01 9.312310000000000310e-01
4.834999999999999853e-01 9.318480000000000096e-01
4.859999999999999876e-01 9.324419999999999931e-01
4.884999999999999898e-01 9.330159999999999565e-01
4.909999999999999920e-01 9.335700000000000109e-01
4.934999999999999942e-01 9.341040000000000454e-01
4.959999999999999964e-01 9.346210000000000351e-01
4.984999999999999987e-01 9.351199999999999513e-01
5.010000000000000009e-01 9.356020000000000447e-01
5.034999999999999476e-01 9.360690000000000399e-01
5.060000000000000053e-01 9.365210000000000479e-01
5.084999999999999520e-01 9.369589999999999863e-01
5.110000000000000098e-01 9.373839999999999950e-01
5.134999999999999565e-01 9.377959999999999630e-01
5.160000000000000142e-01 9.381969999999999477e-01
5.184999999999999609e-01 9.385860000000000314e-01
5.210000000000000187e-01 9.389640000000000208e-01
5.234999999999999654e-01 9.393329999999999735e-01
5.260000000000000231e-01 9.396919999999999717e-01
5.284999999999999698e-01 9.400429999999999620e-01
5.310000000000000275e-01 9.403850000000000264e-01
5.334999999999999742e-01 9.407189999999999719e-01
5.360000000000000320e-01 9.410460000000000491e-01
5.384999999999999787e-01 9.413660000000000361e-01
5.410000000000000364e-01 9.416799999999999615e-01
5.434999999999999831e-01 9.419870000000000188e-01
5.460000000000000409e-01 9.422890000000000432e-01
5.484999999999999876e-01 9.425850000000000062e-01
5.510000000000000453e-01 9.428760000000000474e-01
5.534999999999999920e-01 9.431619999999999449e-01
5.560000000000000497e-01 9.434439999999999493e-01
5.584999999999999964e-01 9.437219999999999498e-01
5.610000000000000542e-01 9.439959999999999463e-01
5.635000000000000009e-01 9.442660000000000498e-01
5.659999999999999476e-01 9.445329999999999560e-01
5.685000000000000053e-01 9.447969999999999979e-01
5.709999999999999520e-01 9.450570000000000359e-01
5.735000000000000098e-01 9.453150000000000164e-01
5.759999999999999565e-01 9.455710000000000504e-01
5.785000000000000142e-01 9.458239999999999981e-01
5.809999999999999609e-01 9.460749999999999993e-01
5.835000000000000187e-01 9.463240000000000540e-01
5.859999999999999654e-01 9.465710000000000512e-01
5.885000000000000231e-01 9.468170000000000197e-01
5.909999999999999698e-01 9.470610000000000417e-01
5.935000000000000275e-01 9.473040000000000349e-01
5.959999999999999742e-01 9.475449999999999706e-01
5.985000000000000320e-01 9.477860000000000174e-01
6.009999999999999787e-01 9.480250000000000066e-01
6.035000000000000364e-01 9.482639999999999958e-01
6.059999999999999831e-01 9.485010000000000385e-01
6.085000000000000409e-01 9.487379999999999702e-01
6.109999999999999876e-01 9.489750000000000130e-01
6.135000000000000453e-01 9.492099999999999982e-01
6.159999999999999920e-01 9.494460000000000122e-01
6.185000000000000497e-01 9.496809999999999974e-01
6.209999999999999964e-01 9.499159999999999826e-01
6.235000000000000542e-01 9.501500000000000501e-01
6.260000000000000009e-01 9.503840000000000066e-01
6.284999999999999476e-01 9.506189999999999918e-01
6.310000000000000053e-01 9.508529999999999482e-01
6.334999999999999520e-01 9.510870000000000157e-01
6.360000000000000098e-01 9.513209999999999722e-01
6.384999999999999565e-01 9.515550000000000397e-01
6.410000000000000142e-01 9.517889999999999961e-01
6.434999999999999609e-01 9.520229999999999526e-01
6.460000000000000187e-01 9.522570000000000201e-01
6.484999999999999654e-01 9.524909999999999766e-01
6.510000000000000231e-01 9.527259999999999618e-01
6.534999999999999698e-01 9.529600000000000293e-01
6.560000000000000275e-01 9.531950000000000145e-01
6.584999999999999742e-01 9.534299999999999997e-01
6.610000000000000320e-01 9.536649999999999849e-01
6.634999999999999787e-01 9.538999999999999702e-01
6.660000000000000364e-01 9.541349999999999554e-01
6.684999999999999831e-01 9.543700000000000516e-01
6.710000000000000409e-01 9.546059999999999546e-01
6.734999999999999876e-01 9.548410000000000508e-01
6.760000000000000453e-01 9.550769999999999538e-01
6.784999999999999920e-01 9.553120000000000500e-01
6.810000000000000497e-01 9.555479999999999530e-01
6.834999999999999964e-01 9.557839999999999669e-01
6.860000000000000542e-01 9.560189999999999522e-01
6.885000000000000009e-01 9.562549999999999661e-01
6.909999999999999476e-01 9.564899999999999514e-01
6.935000000000000053e-01 9.567259999999999653e-01
6.959999999999999520e-01 9.569609999999999506e-01
6.985000000000000098e-01 9.571960000000000468e-01
7.009999999999999565e-01 9.574310000000000320e-01
7.035000000000000142e-01 9.576660000000000172e-01
7.059999999999999609e-01 9.578999999999999737e-01
7.085000000000000187e-01 9.581340000000000412e-01
7.109999999999999654e-01 9.583679999999999977e-01
7.135000000000000231e-01 9.586010000000000364e-01
7.159999999999999698e-01 9.588349999999999929e-01
7.185000000000000275e-01 9.590670000000000028e-01
7.209999999999999742e-01 9.592990000000000128e-01
7.235000000000000320e-01 9.595310000000000228e-01
7.259999999999999787e-01 9.597620000000000040e-01
7.285000000000000364e-01 9.599929999999999852e-01
7.309999999999999831e-01 9.602230000000000487e-01
7.335000000000000409e-01 9.604519999999999724e-01
7.359999999999999876e-01 9.606810000000000072e-01
7.385000000000000453e-01 9.609090000000000131e-01
7.409999999999999920e-01 9.611359999999999904e-01
7.435000000000000497e-01 9.613620000000000498e-01
7.459999999999999964e-01 9.615879999999999983e-01
7.485000000000000542e-01 9.618130000000000290e-01
7.510000000000000009e-01 9.620360000000000023e-01
7.534999999999999476e-01 9.622589999999999755e-01
7.560000000000000053e-01 9.624810000000000310e-01
7.584999999999999520e-01 9.627019999999999467e-01
7.610000000000000098e-01 9.629219999999999446e-01
7.634999999999999565e-01 9.631410000000000249e-01
7.660000000000000142e-01 9.633589999999999653e-01
7.684999999999999609e-01 9.635749999999999593e-01
7.710000000000000187e-01 9.637909999999999533e-01
7.734999999999999654e-01 9.640050000000000008e-01
7.760000000000000231e-01 9.642190000000000483e-01
7.784999999999999698e-01 9.644310000000000382e-01
7.810000000000000275e-01 9.646409999999999707e-01
7.834999999999999742e-01 9.648510000000000142e-01
7.860000000000000320e-01 9.650590000000000002e-01
7.884999999999999787e-01 9.652659999999999574e-01
7.910000000000000364e-01 9.654719999999999969e-01
7.934999999999999831e-01 9.656759999999999788e-01
7.960000000000000409e-01 9.658790000000000431e-01
7.984999999999999876e-01 9.660800000000000498e-01
8.010000000000000453e-01 9.662800000000000278e-01
8.034999999999999920e-01 9.664789999999999770e-01
8.060000000000000497e-01 9.666759999999999797e-01
8.084999999999999964e-01 9.668719999999999537e-01
8.110000000000000542e-01 9.670670000000000099e-01
8.135000000000000009e-01 9.672600000000000087e-01
8.159999999999999476e-01 9.674509999999999499e-01
8.185000000000000053e-01 9.676409999999999734e-01
8.209999999999999520e-01 9.678299999999999681e-01
8.235000000000000098e-01 9.680170000000000163e-01
8.259999999999999565e-01 9.682020000000000071e-01
8.285000000000000142e-01 9.683859999999999690e-01
8.309999999999999609e-01 9.685690000000000133e-01
8.335000000000000187e-01 9.687500000000000000e-01
8.359999999999999654e-01 9.689299999999999580e-01
8.385000000000000231e-01 9.691079999999999695e-01
8.409999999999999698e-01 9.692849999999999522e-01
8.435000000000000275e-01 9.694599999999999884e-01
8.459999999999999742e-01 9.696329999999999671e-01
8.485000000000000320e-01 9.698059999999999459e-01
8.509999999999999787e-01 9.699759999999999494e-01
8.535000000000000364e-01 9.701450000000000351e-01
8.559999999999999831e-01 9.703129999999999811e-01
8.585000000000000409e-01 9.704800000000000093e-01
8.609999999999999876e-01 9.706439999999999513e-01
8.635000000000000453e-01 9.708080000000000043e-01
8.659999999999999920e-01 9.709699999999999998e-01
8.685000000000000497e-01 9.711300000000000487e-01
8.709999999999999964e-01 9.712899999999999867e-01
8.735000000000000542e-01 9.714469999999999494e-01
8.760000000000000009e-01 9.716040000000000232e-01
8.784999999999999476e-01 9.717590000000000394e-01
8.810000000000000053e-01 9.719130000000000269e-01
8.834999999999999520e-01 9.720649999999999569e-01
8.860000000000000098e-01 9.722159999999999691e-01
8.884999999999999565e-01 9.723659999999999526e-01
8.910000000000000142e-01 9.725150000000000183e-01
8.934999999999999609e-01 9.726620000000000266e-01
8.960000000000000187e-01 9.728080000000000060e-01
8.984999999999999654e-01 9.729529999999999568e-01
9.010000000000000231e-01 9.730959999999999610e-01
9.034999999999999698e-01 9.732389999999999652e-01
9.060000000000000275e-01 9.733800000000000230e-01
9.084999999999999742e-01 9.735209999999999697e-01
9.110000000000000320e-01 9.736599999999999699e-01
9.134999999999999787e-01 9.737980000000000524e-01
9.160000000000000364e-01 9.739349999999999952e-01
9.184999999999999831e-01 9.740710000000000202e-01
9.210000000000000409e-01 9.742060000000000164e-01
9.234999999999999876e-01 9.743399999999999839e-01
9.260000000000000453e-01 9.744730000000000336e-01
9.284999999999999920e-01 9.746050000000000546e-01
9.310000000000000497e-01 9.747360000000000468e-01
9.334999999999999964e-01 9.748670000000000391e-01
9.360000000000000542e-01 9.749959999999999738e-01
9.385000000000000009e-01 9.751250000000000195e-01
9.409999999999999476e-01 9.752530000000000365e-01
9.435000000000000053e-01 9.753800000000000248e-01
9.459999999999999520e-01 9.755070000000000130e-01
9.485000000000000098e-01 9.756320000000000547e-01
9.509999999999999565e-01 9.757569999999999855e-01
9.535000000000000142e-01 9.758820000000000272e-01
9.559999999999999609e-01 9.760060000000000402e-01
9.585000000000000187e-01 9.761290000000000244e-01
9.609999999999999654e-01 9.762520000000000087e-01
9.635000000000000231e-01 9.763739999999999641e-01
9.659999999999999698e-01 9.764950000000000019e-01
9.685000000000000275e-01 9.766169999999999574e-01
9.709999999999999742e-01 9.767369999999999663e-01
9.735000000000000320e-01 9.768580000000000041e-01
9.759999999999999787e-01 9.769780000000000131e-01
9.785000000000000364e-01 9.770969999999999933e-01
9.809999999999999831e-01 9.772170000000000023e-01
9.835000000000000409e-01 9.773359999999999825e-01
9.859999999999999876e-01 9.774540000000000450e-01
9.885000000000000453e-01 9.775730000000000253e-01
9.909999999999999920e-01 9.776909999999999767e-01
9.935000000000000497e-01 9.778090000000000392e-01
9.959999999999999964e-01 9.779269999999999907e-01
9.985000000000000542e-01 9.780450000000000532e-01
1.000999999999999890e+00 9.781630000000000047e-01
1.003500000000000059e+00 9.782809999999999562e-01
1.006000000000000005e+00 9.783990000000000187e-01
1.008499999999999952e+00 9.785160000000000524e-01
1.010999999999999899e+00 9.786340000000000039e-01
1.013500000000000068e+00 9.787519999999999554e-01
1.016000000000000014e+00 9.788700000000000179e-01
1.018499999999999961e+00 9.789879999999999693e-01
1.020999999999999908e+00 9.791060000000000318e-01
1.023500000000000076e+00 9.792239999999999833e-01
1.026000000000000023e+00 9.793420000000000458e-01
1.028499999999999970e+00 9.794610000000000261e-01
1.030999999999999917e+00 9.795800000000000063e-01
1.033500000000000085e+00 9.796989999999999865e-01
1.036000000000000032e+00 9.798179999999999668e-01
1.038499999999999979e+00 9.799379999999999757e-01
1.040999999999999925e+00 9.800579999999999847e-01
1.043500000000000094e+00 9.801779999999999937e-01
1.046000000000000041e+00 9.802990000000000315e-01
1.048499999999999988e+00 9.804199999999999582e-01
1.050999999999999934e+00 9.805420000000000247e-01
1.053500000000000103e+00 9.806639999999999802e-01
1.056000000000000050e+00 9.807860000000000467e-01
1.058499999999999996e+00 9.809090000000000309e-01
1.060999999999999943e+00 9.810320000000000151e-01
1.063499999999999890e+00 9.811560000000000281e-01
1.066000000000000059e+00 9.812809999999999588e-01
1.068500000000000005e+00 9.814060000000000006e-01
1.070999999999999952e+00 9.815310000000000423e-01
1.073499999999999899e+00 9.816570000000000018e-01
1.076000000000000068e+00 9.817839999999999900e-01
1.078500000000000014e+00 9.819109999999999783e-01
1.080999999999999961e+00 9.820389999999999953e-01
1.083499999999999908e+00 9.821670000000000122e-01
1.086000000000000076e+00 9.822969999999999757e-01
1.088500000000000023e+00 9.824260000000000215e-01
1.090999999999999970e+00 9.825570000000000137e-01
1.093499999999999917e+00 9.826880000000000059e-01
1.096000000000000085e+00 9.828200000000000269e-01
1.098500000000000032e+00 9.829520000000000479e-01
1.100999999999999979e+00 9.830860000000000154e-01
1.103499999999999925e+00 9.832199999999999829e-01
1.106000000000000094e+00 9.833539999999999504e-01
1.108500000000000041e+00 9.834899999999999753e-01
1.110999999999999988e+00 9.836260000000000003e-01
1.113499999999999934e+00 9.837630000000000541e-01
1.116000000000000103e+00 9.838999999999999968e-01
1.118500000000000050e+00 9.840389999999999970e-01
1.120999999999999996e+00 9.841779999999999973e-01
1.123499999999999943e+00 9.843169999999999975e-01
1.125999999999999890e+00 9.844580000000000553e-01
1.128500000000000059e+00 9.845990000000000020e-01
1.131000000000000005e+00 9.847420000000000062e-01
1.133499999999999952e+00 9.848839999999999817e-01
1.135999999999999899e+00 9.850280000000000147e-01
1.138500000000000068e+00 9.851720000000000477e-01
1.141000000000000014e+00 9.853169999999999984e-01
1.143499999999999961e+00 9.854629999999999779e-01
1.145999999999999908e+00 9.856099999999999861e-01
1.148500000000000076e+00 9.857569999999999943e-01
1.151000000000000023e+00 9.859050000000000313e-01
1.153499999999999970e+00 9.860539999999999861e-01
1.155999999999999917e+00 9.862030000000000518e-01
1.158500000000000085e+00 9.863539999999999530e-01
1.161000000000000032e+00 9.865040000000000475e-01
1.163499999999999979e+00 9.866559999999999775e-01
1.165999999999999925e+00 9.868080000000000185e-01
1.168500000000000094e+00 9.869609999999999772e-01
1.171000000000000041e+00 9.871149999999999647e-01
1.173499999999999988e+00 9.872689999999999522e-01
1.175999999999999934e+00 9.874239999999999684e-01
1.178500000000000103e+00 9.875789999999999846e-01
1.181000000000000050e+00 9.877350000000000296e-01
1.183499999999999996e+00 9.878909999999999636e-01
1.185999999999999943e+00 9.880489999999999551e-01
1.188499999999999890e+00 9.882060000000000288e-01
1.191000000000000059e+00 9.883650000000000491e-01
1.193500000000000005e+00 9.885230000000000405e-01
1.195999999999999952e+00 9.886819999999999498e-01
1.198499999999999899e+00 9.888419999999999987e-01
1.201000000000000068e+00 9.890020000000000477e-01
1.203500000000000014e+00 9.891630000000000145e-01
1.205999999999999961e+00 9.893239999999999812e-01
1.208499999999999908e+00 9.894849999999999479e-01
1.211000000000000076e+00 9.896470000000000544e-01
1.213500000000000023e+00 9.898090000000000499e-01
1.215999999999999970e+00 9.899719999999999631e-01
1.218499999999999917e+00 9.901339999999999586e-01
1.221000000000000085e+00 9.902969999999999828e-01
1.223500000000000032e+00 9.904600000000000071e-01
1.225999999999999979e+00 9.906239999999999490e-01
1.228499999999999925e+00 9.907869999999999733e-01
1.231000000000000094e+00 9.909510000000000263e-01
1.233500000000000041e+00 9.911149999999999682e-01
1.235999999999999988e+00 9.912790000000000212e-01
1.238499999999999934e+00 9.914429999999999632e-01
1.241000000000000103e+00 9.916070000000000162e-01
1.243500000000000050e+00 9.917709999999999582e-01
1.245999999999999996e+00 9.919350000000000112e-01
1.248499999999999943e+00 9.920989999999999531e-01
1.250999999999999890e+00 9.922630000000000061e-01
1.253500000000000059e+00 9.924269999999999481e-01
1.256000000000000005e+00 9.925899999999999723e-01
1.258499999999999952e+00 9.927529999999999966e-01
1.260999999999999899e+00 9.929160000000000208e-01
1.263500000000000068e+00 9.930790000000000450e-01
1.266000000000000014e+00 9.932410000000000405e-01
1.268499999999999961e+00 9.934039999999999537e-01
1.270999999999999908e+00 9.935650000000000315e-01
1.273500000000000076e+00 9.937259999999999982e-01
1.276000000000000023e+00 9.938869999999999649e-01
1.278499999999999970e+00 9.940470000000000139e-01
1.280999999999999917e+00 9.942069999999999519e-01
1.283500000000000085e+00 9.943650000000000544e-01
1.286000000000000032e+00 9.945239999999999636e-01
1.288499999999999979e+00 9.946810000000000374e-01
1.290999999999999925e+00 9.948380000000000001e-01
1.293500000000000094e+00 9.949940000000000451e-01
1.296000000000000041e+00 9.951489999999999503e-01
1.298499999999999988e+00 9.953030000000000488e-01
1.300999999999999934e+00 9.954560000000000075e-01
1.303500000000000103e+00 9.956070000000000197e-01
1.306000000000000050e+00 9.957580000000000320e-01
1.308499999999999996e+00 9.959080000000000155e-01
1.310999999999999943e+00 9.960560000000000525e-01
1.313499999999999890e+00 9.962029999999999497e-01
1.316000000000000059e+00 9.963490000000000402e-01
1.318500000000000005e+00 9.964929999999999621e-01
1.320999999999999952e+00 9.966359999999999664e-01
1.323499999999999899e+00 9.967780000000000529e-01
1.326000000000000068e+00 9.969170000000000531e-01
1.328500000000000014e+00 9.970550000000000246e-01
1.330999999999999961e+00 9.971910000000000496e-01
1.333499999999999908e+00 9.973250000000000171e-01
1.336000000000000076e+00 9.974579999999999558e-01
1.338500000000000023e+00 9.975880000000000303e-01
1.340999999999999970e+00 9.977160000000000473e-01
1.343499999999999917e+00 9.978420000000000067e-01
1.346000000000000085e+00 9.979660000000000197e-01
1.348500000000000032e+00 9.980869999999999465e-01
1.350999999999999979e+00 9.982060000000000377e-01
1.353499999999999925e+00 9.983220000000000427e-01
1.356000000000000094e+00 9.984349999999999614e-01
1.358500000000000041e+00 9.985460000000000447e-01
1.360999999999999988e+00 9.986540000000000417e-01
1.363499999999999934e+00 9.987580000000000346e-01
1.366000000000000103e+00 9.988599999999999701e-01
1.368500000000000050e+00 9.989580000000000126e-01
1.370999999999999996e+00 9.990529999999999688e-01
1.373499999999999943e+00 9.991440000000000321e-01
1.375999999999999890e+00 9.992320000000000091e-01
1.378500000000000059e+00 9.993159999999999821e-01
1.381000000000000005e+00 9.993959999999999511e-01
1.383499999999999952e+00 9.994720000000000271e-01
1.385999999999999899e+00 9.995429999999999593e-01
1.388500000000000068e+00 9.996099999999999985e-01
1.391000000000000014e+00 9.996730000000000338e-01
1.393499999999999961e+00 9.997310000000000363e-01
1.395999999999999908e+00 9.997829999999999773e-01
1.398500000000000076e+00 9.998310000000000253e-01
1.401000000000000023e+00 9.998730000000000118e-01
1.403499999999999970e+00 9.999099999999999655e-01
1.405999999999999917e+00 9.999400000000000510e-01
1.408500000000000085e+00 9.999649999999999928e-01
1.411000000000000032e+00 9.999839999999999840e-01
1.413499999999999979e+00 9.999959999999999960e-01
1.415999999999999925e+00 1.000000999999999918e+00
1.418500000000000094e+00 9.999989999999999712e-01
1.421000000000000041e+00 9.999900000000000455e-01
1.423499999999999988e+00 9.999730000000000008e-01
1.425999999999999934e+00 9.999489999999999768e-01
1.428500000000000103e+00 9.999160000000000270e-01
1.431000000000000050e+00 9.998749999999999583e-01
1.433499999999999996e+00 9.998249999999999638e-01
1.435999999999999943e+00 9.997650000000000148e-01
1.438499999999999890e+00 9.996960000000000290e-01
1.441000000000000059e+00 9.996169999999999778e-01
1.443500000000000005e+00 9.995279999999999720e-01
1.445999999999999952e+00 9.994269999999999543e-01
1.448499999999999899e+00 9.993159999999999821e-01
1.451000000000000068e+00 9.991919999999999691e-01
1.453500000000000014e+00 9.990569999999999729e-01
1.455999999999999961e+00 9.989090000000000469e-01
1.458499999999999908e+00 9.987470000000000514e-01
1.461000000000000076e+00 9.985720000000000152e-01
1.463500000000000023e+00 9.983819999999999917e-01
1.465999999999999970e+00 9.981780000000000097e-01
1.468499999999999917e+00 9.979569999999999830e-01
1.471000000000000085e+00 9.977209999999999690e-01
1.473500000000000032e+00 9.974669999999999925e-01
1.475999999999999979e+00 9.971959999999999713e-01
1.478499999999999925e+00 9.969069999999999876e-01
1.481000000000000094e+00 9.965990000000000126e-01
1.483500000000000041e+00 9.962699999999999889e-01
1.485999999999999988e+00 9.959209999999999452e-01
1.488499999999999934e+00 9.955500000000000460e-01
1.491000000000000103e+00 9.951560000000000406e-01
1.493500000000000050e+00 9.947390000000000398e-01
1.495999999999999996e+00 9.942969999999999864e-01
1.498499999999999943e+00 9.938299999999999912e-01
1.500999999999999890e+00 9.933359999999999967e-01
1.503500000000000059e+00 9.928139999999999743e-01
1.506000000000000005e+00 9.922630000000000061e-01
1.508499999999999952e+00 9.916819999999999524e-01
1.510999999999999899e+00 9.910689999999999777e-01
1.513500000000000068e+00 9.904230000000000533e-01
1.516000000000000014e+00 9.897430000000000394e-01
1.518499999999999961e+00 9.890269999999999895e-01
1.520999999999999908e+00 9.882739999999999858e-01
1.523500000000000076e+00 9.874829999999999997e-01
1.526000000000000023e+00 9.866500000000000270e-01
1.528499999999999970e+00 9.857759999999999856e-01
1.530999999999999917e+00 9.848569999999999824e-01
1.533500000000000085e+00 9.838930000000000176e-01
1.536000000000000032e+00 9.828799999999999759e-01
1.538499999999999979e+00 9.818189999999999973e-01
1.540999999999999925e+00 9.807050000000000489e-01
1.543500000000000094e+00 9.795380000000000198e-01
1.546000000000000041e+00 9.783140000000000169e-01
1.548499999999999988e+00 9.770330000000000403e-01
1.550999999999999934e+00 9.756909999999999750e-01
1.553500000000000103e+00 9.742849999999999566e-01
1.556000000000000050e+00 9.728149999999999853e-01
1.558499999999999996e+00 9.712760000000000282e-01
1.560999999999999943e+00 9.696669999999999456e-01
1.563499999999999890e+00 9.679839999999999556e-01
1.566000000000000059e+00 9.662260000000000293e-01
1.568500000000000005e+00 9.643890000000000517e-01
1.570999999999999952e+00 9.624700000000000477e-01
1.573499999999999899e+00 9.604679999999999884e-01
1.576000000000000068e+00 9.583779999999999522e-01
1.578500000000000014e+00 9.561969999999999636e-01
1.580999999999999961e+00 9.539239999999999942e-01
1.583499999999999908e+00 9.515550000000000397e-01
1.586000000000000076e+00 9.490880000000000427e-01
1.588500000000000023e+00 9.465179999999999705e-01
1.590999999999999970e+00 9.438450000000000450e-01
1.593499999999999917e+00 9.410640000000000116e-01
1.596000000000000085e+00 9.381730000000000347e-01
1.598500000000000032e+00 9.351699999999999458e-01
1.600999999999999979e+00 9.320530000000000204e-01
1.603499999999999925e+00 9.288180000000000325e-01
1.606000000000000094e+00 9.254649999999999821e-01
1.608500000000000041e+00 9.219910000000000050e-01
1.610999999999999988e+00 9.183949999999999614e-01
1.613499999999999934e+00 9.146750000000000158e-01
1.616000000000000103e+00 9.108309999999999462e-01
1.618500000000000050e+00 9.068619999999999459e-01
1.620999999999999996e+00 9.027680000000000149e-01
1.623499999999999943e+00 8.985490000000000421e-01
1.625999999999999890e+00 8.942069999999999741e-01
1.628500000000000059e+00 8.897420000000000329e-01
1.631000000000000005e+00 8.851569999999999716e-01
1.633499999999999952e+00 8.804539999999999589e-01
1.635999999999999899e+00 8.756369999999999987e-01
1.638500000000000068e+00 8.707099999999999840e-01
1.641000000000000014e+00 8.656779999999999475e-01
1.643499999999999961e+00 8.605450000000000044e-01
1.645999999999999908e+00 8.553190000000000515e-01
1.648500000000000076e+00 8.500060000000000393e-01
1.651000000000000023e+00 8.446160000000000334e-01
1.653499999999999970e+00 8.391560000000000130e-01
1.655999999999999917e+00 8.336360000000000436e-01
1.658500000000000085e+00 8.280669999999999975e-01
1.661000000000000032e+00 8.224609999999999976e-01
1.663499999999999979e+00 8.168290000000000273e-01
1.665999999999999925e+00 8.111840000000000162e-01
1.668500000000000094e+00 8.055400000000000338e-01
1.671000000000000041e+00 7.999110000000000387e-01
1.673499999999999988e+00 7.943109999999999893e-01
1.675999999999999934e+00 7.887560000000000127e-01
1.678500000000000103e+00 7.832599999999999563e-01
1.681000000000000050e+00 7.778389999999999471e-01
1.683499999999999996e+00 7.725090000000000012e-01
1.685999999999999943e+00 7.672849999999999948e-01
1.688499999999999890e+00 7.621809999999999974e-01
1.691000000000000059e+00 7.572140000000000537e-01
1.693500000000000005e+00 7.523969999999999825e-01
1.695999999999999952e+00 7.477439999999999642e-01
1.698499999999999899e+00 7.432680000000000398e-01
1.701000000000000068e+00 7.389809999999999990e-01
1.703500000000000014e+00 7.348940000000000472e-01
1.705999999999999961e+00 7.310159999999999991e-01
1.708499999999999908e+00 7.273579999999999490e-01
1.711000000000000076e+00 7.239259999999999584e-01
1.713500000000000023e+00 7.207259999999999778e-01
1.715999999999999970e+00 7.177639999999999576e-01
1.718499999999999917e+00 7.150429999999999842e-01
1.721000000000000085e+00 7.125650000000000039e-01
1.723500000000000032e+00 7.103319999999999634e-01
1.725999999999999979e+00 7.083420000000000272e-01
1.728499999999999925e+00 7.065949999999999731e-01
1.731000000000000094e+00 7.050870000000000193e-01
1.733500000000000041e+00 7.038149999999999684e-01
1.735999999999999988e+00 7.027740000000000098e-01
1.738499999999999934e+00 7.019570000000000531e-01
1.741000000000000103e+00 7.013589999999999547e-01
1.743500000000000050e+00 7.009729999999999572e-01
1.745999999999999996e+00 7.007889999999999953e-01
1.748499999999999943e+00 7.007999999999999785e-01
1.750999999999999890e+00 7.009980000000000100e-01
1.753500000000000059e+00 7.013719999999999954e-01
1.756000000000000005e+00 7.019140000000000379e-01
1.758499999999999952e+00 7.026139999999999608e-01
1.760999999999999899e+00 7.034629999999999495e-01
1.763500000000000068e+00 7.044510000000000494e-01
1.766000000000000014e+00 7.055690000000000017e-01
1.768499999999999961e+00 7.068069999999999631e-01
1.770999999999999908e+00 7.081570000000000364e-01
1.773500000000000076e+00 7.096099999999999630e-01
1.776000000000000023e+00 7.111570000000000391e-01
1.778499999999999970e+00 7.127900000000000347e-01
1.780999999999999917e+00 7.145010000000000527e-01
1.783500000000000085e+00 7.162819999999999743e-01
1.786000000000000032e+00 7.181269999999999598e-01
1.788499999999999979e+00 7.200280000000000014e-01
1.790999999999999925e+00 7.219790000000000374e-01
1.793500000000000094e+00 7.239740000000000064e-01
1.796000000000000041e+00 7.260069999999999579e-01
1.798499999999999988e+00 7.280729999999999702e-01
1.800999999999999934e+00 7.301659999999999817e-01
1.803500000000000103e+00 7.322819999999999885e-01
1.806000000000000050e+00 7.344169999999999865e-01
1.808499999999999996e+00 7.365650000000000253e-01
1.810999999999999943e+00 7.387240000000000473e-01
1.813499999999999890e+00 7.408909999999999663e-01
1.816000000000000059e+00 7.430609999999999715e-01
1.818500000000000005e+00 7.452320000000000055e-01
1.820999999999999952e+00 7.474009999999999820e-01
1.823499999999999899e+00 7.495659999999999545e-01
1.826000000000000068e+00 7.517239999999999478e-01
1.828500000000000014e+00 7.538730000000000153e-01
1.830999999999999961e+00 7.560130000000000461e-01
1.833499999999999908e+00 7.581390000000000073e-01
1.836000000000000076e+00 7.602520000000000389e-01
1.838500000000000023e+00 7.623510000000000009e-01
1.840999999999999970e+00 7.644320000000000004e-01
1.843499999999999917e+00 7.664969999999999839e-01
1.846000000000000085e+00 7.685429999999999762e-01
1.848500000000000032e+00 7.705699999999999772e-01
1.850999999999999979e+00 7.725769999999999582e-01
1.853499999999999925e+00 7.745640000000000303e-01
1.856000000000000094e+00 7.765300000000000535e-01
1.858500000000000041e+00 7.784739999999999993e-01
1.860999999999999988e+00 7.803970000000000073e-01
1.863499999999999934e+00 7.822980000000000489e-01
1.866000000000000103e+00 7.841759999999999842e-01
1.868500000000000050e+00 7.860310000000000352e-01
1.870999999999999996e+00 7.878640000000000088e-01
1.873499999999999943e+00 7.896750000000000158e-01
1.875999999999999890e+00 7.914619999999999989e-01
1.878500000000000059e+00 7.932270000000000154e-01
1.881000000000000005e+00 7.949690000000000367e-01
1.883499999999999952e+00 7.966879999999999518e-01
1.885999999999999899e+00 7.983850000000000113e-01
1.888500000000000068e+00 8.000599999999999934e-01
1.891000000000000014e+00 8.017130000000000090e-01
1.893499999999999961e+00 8.033430000000000293e-01
1.895999999999999908e+00 8.049509999999999721e-01
1.898500000000000076e+00 8.065379999999999772e-01
1.901000000000000023e+00 8.081040000000000445e-01
1.903499999999999970e+00 8.096480000000000343e-01
1.905999999999999917e+00 8.111720000000000041e-01
1.908500000000000085e+00 8.126750000000000362e-01
1.911000000000000032e+00 8.141570000000000196e-01
1.913499999999999979e+00 8.156200000000000117e-01
1.915999999999999925e+00 8.170619999999999550e-01
1.918500000000000094e+00 8.184850000000000181e-01
1.921000000000000041e+00 8.198889999999999789e-01
1.923499999999999988e+00 8.212739999999999485e-01
1.925999999999999934e+00 8.226400000000000379e-01
1.928500000000000103e+00 8.239880000000000537e-01
1.931000000000000050e+00 8.253169999999999673e-01
1.933499999999999996e+00 8.266289999999999472e-01
1.935999999999999943e+00 8.279229999999999645e-01
1.938499999999999890e+00 8.292009999999999659e-01
1.941000000000000059e+00 8.304610000000000047e-01
1.943500000000000005e+00 8.317039999999999988e-01
1.945999999999999952e+00 8.329309999999999770e-01
1.948499999999999899e+00 8.341420000000000501e-01
1.951000000000000068e+00 8.353380000000000249e-01
1.953500000000000014e+00 8.365169999999999551e-01
1.955999999999999961e+00 8.376820000000000377e-01
1.958499999999999908e+00 8.388309999999999933e-01
1.961000000000000076e+00 8.399659999999999904e-01
1.963500000000000023e+00 8.410860000000000003e-01
1.965999999999999970e+00 8.421910000000000229e-01
1.968499999999999917e+00 8.432830000000000048e-01
1.971000000000000085e+00 8.443610000000000282e-01
1.973500000000000032e+00 8.454249999999999821e-01
1.975999999999999979e+00 8.464770000000000350e-01
1.978499999999999925e+00 8.475150000000000183e-01
1.981000000000000094e+00 8.485399999999999610e-01
1.983500000000000041e+00 8.495519999999999738e-01
1.985999999999999988e+00 8.505519999999999747e-01
1.988499999999999934e+00 8.515399999999999636e-01
1.991000000000000103e+00 8.525160000000000515e-01
1.993500000000000050e+00 8.534800000000000164e-01
1.995999999999999996e+00 8.544319999999999693e-01
1.998499999999999943e+00 8.553730000000000500e-01
2.000999999999999890e+00 8.563030000000000364e-01
2.003499999999999837e+00 8.572210000000000107e-01
2.005999999999999783e+00 8.581290000000000306e-01
2.008500000000000174e+00 8.590259999999999563e-01
2.011000000000000121e+00 8.599120000000000097e-01
2.013500000000000068e+00 8.607879999999999976e-01
2.016000000000000014e+00 8.616540000000000310e-01
2.018499999999999961e+00 8.625099999999999989e-01
2.020999999999999908e+00 8.633560000000000123e-01
2.023499999999999854e+00 8.641919999999999602e-01
2.025999999999999801e+00 8.650179999999999536e-01
2.028500000000000192e+00 8.658350000000000213e-01
2.031000000000000139e+00 8.666420000000000234e-01
2.033500000000000085e+00 8.674399999999999888e-01
2.036000000000000032e+00 8.682290000000000285e-01
2.038499999999999979e+00 8.690090000000000314e-01
2.040999999999999925e+00 8.697810000000000263e-01
2.043499999999999872e+00 8.705429999999999557e-01
2.045999999999999819e+00 8.712969999999999882e-01
2.048500000000000210e+00 8.720419999999999838e-01
2.051000000000000156e+00 8.727789999999999715e-01
2.053500000000000103e+00 8.735079999999999512e-01
2.056000000000000050e+00 8.742280000000000051e-01
2.058499999999999996e+00 8.749409999999999688e-01
2.060999999999999943e+00 8.756450000000000067e-01
2.063499999999999890e+00 8.763419999999999543e-01
2.065999999999999837e+00 8.770299999999999763e-01
2.068499999999999783e+00 8.777110000000000190e-01
2.071000000000000174e+00 8.783840000000000536e-01
2.073500000000000121e+00 8.790499999999999980e-01
2.076000000000000068e+00 8.797080000000000455e-01
2.078500000000000014e+00 8.803590000000000027e-01
2.080999999999999961e+00 8.810019999999999518e-01
2.083499999999999908e+00 8.816389999999999505e-01
2.085999999999999854e+00 8.822680000000000522e-01
2.088499999999999801e+00 8.828899999999999526e-01
2.091000000000000192e+00 8.835039999999999560e-01
2.093500000000000139e+00 8.841120000000000090e-01
2.096000000000000085e+00 8.847129999999999717e-01
2.098500000000000032e+00 8.853069999999999551e-01
2.100999999999999979e+00 8.858949999999999880e-01
2.103499999999999925e+00 8.864750000000000130e-01
2.105999999999999872e+00 8.870489999999999764e-01
2.108499999999999819e+00 8.876169999999999893e-01
2.111000000000000210e+00 8.881769999999999943e-01
2.113500000000000156e+00 8.887319999999999665e-01
2.116000000000000103e+00 8.892799999999999594e-01
2.118500000000000050e+00 8.898209999999999731e-01
2.120999999999999996e+00 8.903560000000000363e-01
2.123499999999999943e+00 8.908850000000000380e-01
2.125999999999999890e+00 8.914069999999999494e-01
2.128499999999999837e+00 8.919230000000000214e-01
2.130999999999999783e+00 8.924330000000000318e-01
2.133500000000000174e+00 8.929369999999999807e-01
2.136000000000000121e+00 8.934339999999999504e-01
2.138500000000000068e+00 8.939259999999999984e-01
2.141000000000000014e+00 8.944119999999999848e-01
2.143499999999999961e+00 8.948909999999999920e-01
2.145999999999999908e+00 8.953649999999999665e-01
2.148499999999999854e+00 8.958319999999999617e-01
2.150999999999999801e+00 8.962940000000000351e-01
2.153500000000000192e+00 8.967500000000000471e-01
2.156000000000000139e+00 8.971999999999999975e-01
2.158500000000000085e+00 8.976439999999999975e-01
2.161000000000000032e+00 8.980829999999999647e-01
2.163499999999999979e+00 8.985149999999999526e-01
2.165999999999999925e+00 8.989420000000000188e-01
2.168499999999999872e+00 8.993640000000000523e-01
2.170999999999999819e+00 8.997789999999999955e-01
2.173500000000000210e+00 9.001890000000000169e-01
2.176000000000000156e+00 9.005940000000000056e-01
2.178500000000000103e+00 9.009920000000000151e-01
2.181000000000000050e+00 9.013860000000000205e-01
2.183499999999999996e+00 9.017730000000000468e-01
2.185999999999999943e+00 9.021550000000000402e-01
2.188499999999999890e+00 9.025320000000000009e-01
2.190999999999999837e+00 9.029030000000000111e-01
2.193499999999999783e+00 9.032689999999999886e-01
2.196000000000000174e+00 9.036290000000000155e-01
2.198500000000000121e+00 9.039840000000000098e-01
2.201000000000000068e+00 9.043339999999999712e-01
2.203500000000000014e+00 9.046779999999999822e-01
2.205999999999999961e+00 9.050169999999999604e-01
2.208499999999999908e+00 9.053499999999999881e-01
2.210999999999999854e+00 9.056779999999999831e-01
2.213499999999999801e+00 9.060009999999999453e-01
2.216000000000000192e+00 9.063189999999999857e-01
2.218500000000000139e+00 9.066309999999999647e-01
2.221000000000000085e+00 9.069380000000000219e-01
2.223500000000000032e+00 9.072400000000000464e-01
2.225999999999999979e+00 9.075370000000000381e-01
2.228499999999999925e+00 9.078279999999999683e-01
2.230999999999999872e+00 9.081150000000000055e-01
2.233499999999999819e+00 9.083959999999999813e-01
2.236000000000000210e+00 9.086720000000000352e-01
2.238500000000000156e+00 9.089429999999999454e-01
2.241000000000000103e+00 9.092090000000000449e-01
2.243500000000000050e+00 9.094689999999999719e-01
2.245999999999999996e+00 9.097250000000000059e-01
2.248499999999999943e+00 9.099760000000000071e-01
2.250999999999999890e+00 9.102219999999999756e-01
2.253499999999999837e+00 9.104619999999999935e-01
2.255999999999999783e+00 9.106980000000000075e-01
2.258500000000000174e+00 9.109289999999999887e-01
2.261000000000000121e+00 9.111540000000000195e-01
2.263500000000000068e+00 9.113750000000000462e-01
2.266000000000000014e+00 9.115910000000000402e-01
2.268499999999999961e+00 9.118020000000000014e-01
2.270999999999999908e+00 9.120080000000000409e-01
2.273499999999999854e+00 9.122090000000000476e-01
2.275999999999999801e+00 9.124050000000000216e-01
2.278500000000000192e+00 9.125969999999999915e-01
2.281000000000000139e+00 9.127840000000000398e-01
2.283500000000000085e+00 9.129650000000000265e-01
2.286000000000000032e+00 9.131420000000000092e-01
2.288499999999999979e+00 9.133149999999999880e-01
2.290999999999999925e+00 9.134820000000000162e-01
2.293499999999999872e+00 9.136450000000000404e-01
2.295999999999999819e+00 9.138030000000000319e-01
2.298500000000000210e+00 9.139559999999999906e-01
2.301000000000000156e+00 9.141049999999999454e-01
2.303500000000000103e+00 9.142489999999999783e-01
2.306000000000000050e+00 9.143890000000000073e-01
2.308499999999999996e+00 9.145229999999999748e-01
2.310999999999999943e+00 9.146530000000000493e-01
2.313499999999999890e+00 9.147790000000000088e-01
2.315999999999999837e+00 9.149000000000000465e-01
2.318499999999999783e+00 9.150160000000000515e-01
2.321000000000000174e+00 9.151280000000000525e-01
2.323500000000000121e+00 9.152360000000000495e-01
2.326000000000000068e+00 9.153379999999999850e-01
2.328500000000000014e+00 9.154369999999999452e-01
2.330999999999999961e+00 9.155309999999999837e-01
2.333499999999999908e+00 9.156199999999999894e-01
2.335999999999999854e+00 9.157049999999999912e-01
2.338499999999999801e+00 9.157859999999999889e-01
2.341000000000000192e+00 9.158619999999999539e-01
2.343500000000000139e+00 9.159340000000000259e-01
2.346000000000000085e+00 9.160019999999999829e-01
2.348500000000000032e+00 9.160660000000000469e-01
2.350999999999999979e+00 9.161249999999999671e-01
2.353499999999999925e+00 9.161799999999999944e-01
2.355999999999999872e+00 9.162299999999999889e-01
2.358499999999999819e+00 9.162770000000000081e-01
2.361000000000000210e+00 9.163189999999999946e-01
2.363500000000000156e+00 9.163569999999999771e-01
2.366000000000000103e+00 9.163909999999999556e-01
2.368500000000000050e+00 9.164210000000000411e-01
2.370999999999999996e+00 9.164470000000000116e-01
2.373499999999999943e+00 9.164689999999999781e-01
2.375999999999999890e+00 9.164860000000000229e-01
2.378499999999999837e+00 9.164999999999999813e-01
2.380999999999999783e+00 9.165100000000000469e-01
2.383500000000000174e+00 9.165159999999999973e-01
2.386000000000000121e+00 9.165180000000000549e-01
2.388500000000000068e+00 9.165159999999999973e-01
2.391000000000000014e+00 9.165100000000000469e-01
2.393499999999999961e+00 9.165010000000000101e-01
2.395999999999999908e+00 9.164870000000000516e-01
2.398499999999999854e+00 9.164700000000000069e-01
2.400999999999999801e+00 9.164489999999999581e-01
2.403500000000000192e+00 9.164250000000000451e-01
2.406000000000000139e+00 9.163970000000000171e-01
2.408500000000000085e+00 9.163649999999999851e-01
2.411000000000000032e+00 9.163299999999999779e-01
2.413499999999999979e+00 9.162909999999999666e-01
2.415999999999999925e+00 9.162489999999999801e-01
2.418499999999999872e+00 9.162029999999999896e-01
2.420999999999999819e+00 9.161529999999999951e-01
2.423500000000000210e+00 9.161010000000000542e-01
2.426000000000000156e+00 9.160449999999999982e-01
2.428500000000000103e+00 9.159850000000000492e-01
2.431000000000000050e+00 9.159220000000000139e-01
2.433499999999999996e+00 9.158570000000000322e-01
2.435999999999999943e+00 9.157870000000000177e-01
2.438499999999999890e+00 9.157149999999999457e-01
2.440999999999999837e+00 9.156400000000000095e-01
2.443499999999999783e+00 9.155609999999999582e-01
2.446000000000000174e+00 9.154799999999999605e-01
2.448500000000000121e+00 9.153949999999999587e-01
2.451000000000000068e+00 9.153080000000000105e-01
2.453500000000000014e+00 9.152169999999999472e-01
2.455999999999999961e+00 9.151240000000000485e-01
2.458499999999999908e+00 9.150279999999999525e-01
2.460999999999999854e+00 9.149289999999999923e-01
2.463499999999999801e+00 9.148269999999999458e-01
2.466000000000000192e+00 9.147229999999999528e-01
2.468500000000000139e+00 9.146159999999999846e-01
2.471000000000000085e+00 9.145069999999999588e-01
2.473500000000000032e+00 9.143949999999999578e-01
