4.035000000000000253e-01 9.190869999999999873e-01
4.060000000000000275e-01 8.962520000000000486e-01
4.084999999999999742e-01 8.881919999999999815e-01
4.109999999999999765e-01 8.857540000000000413e-01
4.134999999999999787e-01 8.858570000000000055e-01
4.159999999999999809e-01 8.870569999999999844e-01
4.184999999999999831e-01 8.888040000000000385e-01
4.209999999999999853e-01 8.908679999999999932e-01
4.234999999999999876e-01 8.931109999999999882e-01
4.259999999999999898e-01 8.954290000000000305e-01
4.284999999999999920e-01 8.977530000000000232e-01
4.309999999999999942e-01 9.000479999999999592e-01
4.334999999999999964e-01 9.022980000000000445e-01
4.359999999999999987e-01 9.044990000000000530e-01
4.385000000000000009e-01 9.066440000000000055e-01
4.410000000000000031e-01 9.087300000000000377e-01
4.435000000000000053e-01 9.107530000000000348e-01
4.460000000000000075e-01 9.127100000000000213e-01
4.485000000000000098e-01 9.145980000000000221e-01
4.510000000000000120e-01 9.164149999999999796e-01
4.535000000000000142e-01 9.181610000000000049e-01
4.560000000000000164e-01 9.198340000000000405e-01
4.585000000000000187e-01 9.214350000000000041e-01
4.610000000000000209e-01 9.229650000000000354e-01
4.635000000000000231e-01 9.244269999999999987e-01
4.660000000000000253e-01 9.258229999999999515e-01
4.685000000000000275e-01 9.271580000000000377e-01
4.709999999999999742e-01 9.284350000000000103e-01
4.734999999999999765e-01 9.296569999999999556e-01
4.759999999999999787e-01 9.308279999999999887e-01
4.784999999999999809e-01 9.319520000000000026e-01
4.809999999999999831e-01 9.330300000000000260e-01
4.834999999999999853e-01 9.340669999999999806e-01
4.859999999999999876e-01 9.350640000000000063e-01
4.884999999999999898e-01 9.360230000000000494e-01
4.909999999999999920e-01 9.369459999999999456e-01
4.934999999999999942e-01 9.378349999999999742e-01
4.959999999999999964e-01 9.386919999999999709e-01
4.984999999999999987e-01 9.395170000000000465e-01
5.010000000000000009e-01 9.403110000000000079e-01
5.034999999999999476e-01 9.410760000000000236e-01
5.060000000000000053e-01 9.418119999999999825e-01
5.084999999999999520e-01 9.425210000000000532e-01
5.110000000000000098e-01 9.432019999999999849e-01
5.134999999999999565e-01 9.438569999999999460e-01
5.160000000000000142e-01 9.444860000000000477e-01
5.184999999999999609e-01 9.450920000000000432e-01
5.210000000000000187e-01 9.456740000000000146e-01
5.234999999999999654e-01 9.462340000000000195e-01
5.260000000000000231e-01 9.467750000000000332e-01
5.284999999999999698e-01 9.472960000000000269e-01
5.310000000000000275e-01 9.478010000000000046e-01
5.334999999999999742e-01 9.482899999999999663e-01
5.360000000000000320e-01 9.487640000000000517e-01
5.384999999999999787e-01 9.492260000000000142e-01
5.410000000000000364e-01 9.496740000000000181e-01
5.434999999999999831e-01 9.501100000000000101e-01
5.460000000000000409e-01 9.505329999999999613e-01
5.484999999999999876e-01 9.509429999999999827e-01
5.510000000000000453e-01 9.513380000000000170e-01
5.534999999999999920e-01 9.517160000000000064e-01
5.560000000000000497e-01 9.520779999999999799e-01
5.584999999999999964e-01 9.524200000000000443e-01
5.610000000000000542e-01 9.527419999999999778e-01
5.635000000000000009e-01 9.530429999999999735e-01
5.659999999999999476e-01 9.533199999999999452e-01
5.685000000000000053e-01 9.535740000000000327e-01
5.709999999999999520e-01 9.538050000000000139e-01
5.735000000000000098e-01 9.540110000000000534e-01
5.759999999999999565e-01 9.541950000000000154e-01
5.785000000000000142e-01 9.543559999999999821e-01
5.809999999999999609e-01 9.544939999999999536e-01
5.835000000000000187e-01 9.546120000000000161e-01
5.859999999999999654e-01 9.547109999999999763e-01
5.885000000000000231e-01 9.547900000000000276e-01
5.909999999999999698e-01 9.548529999999999518e-01
5.935000000000000275e-01 9.548990000000000533e-01
5.959999999999999742e-01 9.549309999999999743e-01
5.985000000000000320e-01 9.549490000000000478e-01
6.009999999999999787e-01 9.549539999999999695e-01
6.035000000000000364e-01 9.549469999999999903e-01
6.059999999999999831e-01 9.549290000000000278e-01
6.085000000000000409e-01 9.549009999999999998e-01
6.109999999999999876e-01 9.548640000000000461e-01
6.135000000000000453e-01 9.548179999999999445e-01
6.159999999999999920e-01 9.547639999999999461e-01
6.185000000000000497e-01 9.547029999999999683e-01
6.209999999999999964e-01 9.546360000000000401e-01
6.235000000000000542e-01 9.545630000000000503e-01
6.260000000000000009e-01 9.544839999999999991e-01
6.284999999999999476e-01 9.544010000000000549e-01
6.310000000000000053e-01 9.543150000000000244e-01
6.334999999999999520e-01 9.542249999999999899e-01
6.360000000000000098e-01 9.541330000000000089e-01
6.384999999999999565e-01 9.540380000000000527e-01
6.410000000000000142e-01 9.539429999999999854e-01
6.434999999999999609e-01 9.538459999999999717e-01
6.460000000000000187e-01 9.537489999999999579e-01
6.484999999999999654e-01 9.536520000000000552e-01
6.510000000000000231e-01 9.535550000000000415e-01
6.534999999999999698e-01 9.534580000000000277e-01
6.560000000000000275e-01 9.533629999999999605e-01
6.584999999999999742e-01 9.532669999999999755e-01
6.610000000000000320e-01 9.531730000000000480e-01
6.634999999999999787e-01 9.530790000000000095e-01
6.660000000000000364e-01 9.529859999999999998e-01
6.684999999999999831e-01 9.528929999999999900e-01
6.710000000000000409e-01 9.528020000000000378e-01
6.734999999999999876e-01 9.527099999999999458e-01
6.760000000000000453e-01 9.526189999999999936e-01
6.784999999999999920e-01 9.525280000000000413e-01
6.810000000000000497e-01 9.524369999999999781e-01
6.834999999999999964e-01 9.523470000000000546e-01
6.860000000000000542e-01 9.522559999999999913e-01
6.885000000000000009e-01 9.521650000000000391e-01
6.909999999999999476e-01 9.520729999999999471e-01
6.935000000000000053e-01 9.519830000000000236e-01
6.959999999999999520e-01 9.518919999999999604e-01
6.985000000000000098e-01 9.518010000000000081e-01
7.009999999999999565e-01 9.517099999999999449e-01
7.035000000000000142e-01 9.516210000000000502e-01
7.059999999999999609e-01 9.515329999999999622e-01
7.085000000000000187e-01 9.514460000000000139e-01
7.109999999999999654e-01 9.513620000000000410e-01
7.135000000000000231e-01 9.512810000000000432e-01
7.159999999999999698e-01 9.512030000000000207e-01
7.185000000000000275e-01 9.511300000000000310e-01
7.209999999999999742e-01 9.510619999999999630e-01
7.235000000000000320e-01 9.509999999999999565e-01
7.259999999999999787e-01 9.509450000000000403e-01
7.285000000000000364e-01 9.508980000000000210e-01
7.309999999999999831e-01 9.508590000000000098e-01
7.335000000000000409e-01 9.508299999999999530e-01
7.359999999999999876e-01 9.508109999999999618e-01
7.385000000000000453e-01 9.508039999999999825e-01
7.409999999999999920e-01 9.508090000000000153e-01
7.435000000000000497e-01 9.508259999999999490e-01
7.459999999999999964e-01 9.508569999999999522e-01
7.485000000000000542e-01 9.508999999999999675e-01
7.510000000000000009e-01 9.509589999999999987e-01
7.534999999999999476e-01 9.510300000000000420e-01
7.560000000000000053e-01 9.511169999999999902e-01
7.584999999999999520e-01 9.512169999999999792e-01
7.610000000000000098e-01 9.513319999999999554e-01
7.634999999999999565e-01 9.514599999999999724e-01
7.660000000000000142e-01 9.516000000000000014e-01
7.684999999999999609e-01 9.517539999999999889e-01
7.710000000000000187e-01 9.519189999999999596e-01
7.734999999999999654e-01 9.520960000000000534e-01
7.760000000000000231e-01 9.522819999999999618e-01
7.784999999999999698e-01 9.524770000000000181e-01
7.810000000000000275e-01 9.526810000000000000e-01
7.834999999999999742e-01 9.528929999999999900e-01
7.860000000000000320e-01 9.531100000000000128e-01
7.884999999999999787e-01 9.533329999999999860e-01
7.910000000000000364e-01 9.535590000000000455e-01
7.934999999999999831e-01 9.537900000000000267e-01
7.960000000000000409e-01 9.540220000000000367e-01
7.984999999999999876e-01 9.542559999999999931e-01
8.010000000000000453e-01 9.544899999999999496e-01
8.034999999999999920e-01 9.547250000000000458e-01
8.060000000000000497e-01 9.549579999999999735e-01
8.084999999999999964e-01 9.551910000000000123e-01
8.110000000000000542e-01 9.554209999999999647e-01
8.135000000000000009e-01 9.556499999999999995e-01
8.159999999999999476e-01 9.558750000000000302e-01
8.185000000000000053e-01 9.560990000000000322e-01
8.209999999999999520e-01 9.563190000000000301e-01
8.235000000000000098e-01 9.565360000000000529e-01
8.259999999999999565e-01 9.567499999999999893e-01
8.285000000000000142e-01 9.569609999999999506e-01
8.309999999999999609e-01 9.571699999999999653e-01
8.335000000000000187e-01 9.573770000000000335e-01
8.359999999999999654e-01 9.575799999999999867e-01
8.385000000000000231e-01 9.577830000000000510e-01
8.409999999999999698e-01 9.579820000000000002e-01
8.435000000000000275e-01 9.581809999999999494e-01
8.459999999999999742e-01 9.583779999999999522e-01
8.485000000000000320e-01 9.585749999999999549e-01
8.509999999999999787e-01 9.587719999999999576e-01
8.535000000000000364e-01 9.589680000000000426e-01
8.559999999999999831e-01 9.591650000000000453e-01
8.585000000000000409e-01 9.593620000000000481e-01
8.609999999999999876e-01 9.595609999999999973e-01
8.635000000000000453e-01 9.597620000000000040e-01
8.659999999999999920e-01 9.599640000000000395e-01
8.685000000000000497e-01 9.601680000000000215e-01
8.709999999999999964e-01 9.603749999999999787e-01
8.735000000000000542e-01 9.605839999999999934e-01
8.760000000000000009e-01 9.607959999999999834e-01
8.784999999999999476e-01 9.610119999999999774e-01
8.810000000000000053e-01 9.612309999999999466e-01
8.834999999999999520e-01 9.614540000000000308e-01
8.860000000000000098e-01 9.616810000000000080e-01
8.884999999999999565e-01 9.619109999999999605e-01
8.910000000000000142e-01 9.621469999999999745e-01
8.934999999999999609e-01 9.623869999999999925e-01
8.960000000000000187e-01 9.626310000000000144e-01
8.984999999999999654e-01 9.628799999999999581e-01
9.010000000000000231e-01 9.631340000000000456e-01
9.034999999999999698e-01 9.633920000000000261e-01
9.060000000000000275e-01 9.636559999999999571e-01
9.084999999999999742e-01 9.639240000000000030e-01
9.110000000000000320e-01 9.641979999999999995e-01
9.134999999999999787e-01 9.644770000000000287e-01
9.160000000000000364e-01 9.647599999999999509e-01
9.184999999999999831e-01 9.650499999999999634e-01
9.210000000000000409e-01 9.653429999999999511e-01
9.234999999999999876e-01 9.656420000000000003e-01
9.260000000000000453e-01 9.659450000000000536e-01
9.284999999999999920e-01 9.662539999999999463e-01
9.310000000000000497e-01 9.665679999999999827e-01
9.334999999999999964e-01 9.668870000000000520e-01
9.360000000000000542e-01 9.672089999999999854e-01
9.385000000000000009e-01 9.675369999999999804e-01
9.409999999999999476e-01 9.678689999999999793e-01
9.435000000000000053e-01 9.682049999999999823e-01
9.459999999999999520e-01 9.685449999999999893e-01
9.485000000000000098e-01 9.688900000000000290e-01
9.509999999999999565e-01 9.692380000000000440e-01
9.535000000000000142e-01 9.695880000000000054e-01
9.559999999999999609e-01 9.699429999999999996e-01
9.585000000000000187e-01 9.703009999999999691e-01
9.609999999999999654e-01 9.706609999999999960e-01
9.635000000000000231e-01 9.710239999999999982e-01
9.659999999999999698e-01 9.713889999999999469e-01
9.685000000000000275e-01 9.717550000000000354e-01
9.709999999999999742e-01 9.721239999999999881e-01
9.735000000000000320e-01 9.724949999999999983e-01
9.759999999999999787e-01 9.728649999999999798e-01
9.785000000000000364e-01 9.732359999999999900e-01
9.809999999999999831e-01 9.736089999999999467e-01
9.835000000000000409e-01 9.739809999999999857e-01
9.859999999999999876e-01 9.743540000000000534e-01
9.885000000000000453e-01 9.747240000000000348e-01
9.909999999999999920e-01 9.750940000000000163e-01
9.935000000000000497e-01 9.754629999999999690e-01
9.959999999999999964e-01 9.758310000000000040e-01
9.985000000000000542e-01 9.761969999999999814e-01
1.000999999999999890e+00 9.765589999999999549e-01
1.003500000000000059e+00 9.769210000000000393e-01
1.006000000000000005e+00 9.772790000000000088e-01
1.008499999999999952e+00 9.776329999999999742e-01
1.010999999999999899e+00 9.779849999999999932e-01
1.013500000000000068e+00 9.783330000000000082e-01
1.016000000000000014e+00 9.786759999999999904e-01
1.018499999999999961e+00 9.790170000000000261e-01
1.020999999999999908e+00 9.793520000000000003e-01
1.023500000000000076e+00 9.796829999999999705e-01
1.026000000000000023e+00 9.800069999999999615e-01
1.028499999999999970e+00 9.803279999999999772e-01
1.030999999999999917e+00 9.806430000000000424e-01
1.033500000000000085e+00 9.809550000000000214e-01
1.036000000000000032e+00 9.812579999999999636e-01
1.038499999999999979e+00 9.815580000000000416e-01
1.040999999999999925e+00 9.818519999999999470e-01
1.043500000000000094e+00 9.821370000000000378e-01
1.046000000000000041e+00 9.824190000000000422e-01
1.048499999999999988e+00 9.826939999999999564e-01
1.050999999999999934e+00 9.829639999999999489e-01
1.053500000000000103e+00 9.832269999999999621e-01
1.056000000000000050e+00 9.834850000000000536e-01
1.058499999999999996e+00 9.837360000000000548e-01
1.060999999999999943e+00 9.839820000000000233e-01
1.063499999999999890e+00 9.842210000000000125e-01
1.066000000000000059e+00 9.844549999999999690e-01
1.068500000000000005e+00 9.846829999999999750e-01
1.070999999999999952e+00 9.849059999999999482e-01
1.073499999999999899e+00 9.851239999999999997e-01
1.076000000000000068e+00 9.853349999999999609e-01
1.078500000000000014e+00 9.855429999999999469e-01
1.080999999999999961e+00 9.857449999999999823e-01
1.083499999999999908e+00 9.859430000000000138e-01
1.086000000000000076e+00 9.861379999999999590e-01
1.088500000000000023e+00 9.863279999999999825e-01
1.090999999999999970e+00 9.865140000000000020e-01
1.093499999999999917e+00 9.866970000000000462e-01
1.096000000000000085e+00 9.868789999999999507e-01
1.098500000000000032e+00 9.870560000000000445e-01
1.100999999999999979e+00 9.872339999999999449e-01
1.103499999999999925e+00 9.874079999999999524e-01
1.106000000000000094e+00 9.875810000000000421e-01
1.108500000000000041e+00 9.877529999999999921e-01
1.110999999999999988e+00 9.879259999999999708e-01
1.113499999999999934e+00 9.880989999999999496e-01
1.116000000000000103e+00 9.882729999999999571e-01
1.118500000000000050e+00 9.884469999999999645e-01
1.120999999999999996e+00 9.886230000000000295e-01
1.123499999999999943e+00 9.888040000000000163e-01
1.125999999999999890e+00 9.889829999999999455e-01
1.128500000000000059e+00 9.891689999999999650e-01
1.131000000000000005e+00 9.893589999999999884e-01
1.133499999999999952e+00 9.895530000000000159e-01
1.135999999999999899e+00 9.897510000000000474e-01
1.138500000000000068e+00 9.899550000000000294e-01
1.141000000000000014e+00 9.901640000000000441e-01
1.143499999999999961e+00 9.903769999999999518e-01
1.145999999999999908e+00 9.906000000000000361e-01
1.148500000000000076e+00 9.908299999999999885e-01
1.151000000000000023e+00 9.910660000000000025e-01
1.153499999999999970e+00 9.913110000000000532e-01
1.155999999999999917e+00 9.915650000000000297e-01
1.158500000000000085e+00 9.918270000000000142e-01
1.161000000000000032e+00 9.920970000000000066e-01
1.163499999999999979e+00 9.923760000000000359e-01
1.165999999999999925e+00 9.926639999999999908e-01
1.168500000000000094e+00 9.929599999999999538e-01
1.171000000000000041e+00 9.932670000000000110e-01
1.173499999999999988e+00 9.935819999999999652e-01
1.175999999999999934e+00 9.939069999999999849e-01
1.178500000000000103e+00 9.942419999999999591e-01
1.181000000000000050e+00 9.945840000000000236e-01
1.183499999999999996e+00 9.949350000000000138e-01
1.185999999999999943e+00 9.952940000000000120e-01
1.188499999999999890e+00 9.956639999999999935e-01
1.191000000000000059e+00 9.960379999999999789e-01
1.193500000000000005e+00 9.964199999999999724e-01
1.195999999999999952e+00 9.968110000000000026e-01
1.198499999999999899e+00 9.972069999999999546e-01
1.201000000000000068e+00 9.976099999999999968e-01
1.203500000000000014e+00 9.980179999999999607e-01
1.205999999999999961e+00 9.984300000000000397e-01
1.208499999999999908e+00 9.988439999999999541e-01
1.211000000000000076e+00 9.992640000000000411e-01
1.213500000000000023e+00 9.996859999999999635e-01
1.215999999999999970e+00 1.000108999999999915e+00
1.218499999999999917e+00 1.000532999999999895e+00
1.221000000000000085e+00 1.000955000000000039e+00
1.223500000000000032e+00 1.001379999999999937e+00
1.225999999999999979e+00 1.001800000000000024e+00
1.228499999999999925e+00 1.002221000000000029e+00
1.231000000000000094e+00 1.002634999999999943e+00
1.233500000000000041e+00 1.003044999999999964e+00
1.235999999999999988e+00 1.003452999999999928e+00
1.238499999999999934e+00 1.003851000000000049e+00
1.241000000000000103e+00 1.004246999999999890e+00
1.243500000000000050e+00 1.004633000000000109e+00
1.245999999999999996e+00 1.005012000000000016e+00
1.248499999999999943e+00 1.005379999999999940e+00
1.250999999999999890e+00 1.005738999999999939e+00
1.253500000000000059e+00 1.006089000000000011e+00
1.256000000000000005e+00 1.006428000000000100e+00
1.258499999999999952e+00 1.006753999999999927e+00
1.260999999999999899e+00 1.007068999999999992e+00
1.263500000000000068e+00 1.007371999999999934e+00
1.266000000000000014e+00 1.007660000000000000e+00
1.268499999999999961e+00 1.007935999999999943e+00
1.270999999999999908e+00 1.008196000000000092e+00
1.273500000000000076e+00 1.008443999999999896e+00
1.276000000000000023e+00 1.008680000000000021e+00
1.278499999999999970e+00 1.008898000000000073e+00
1.280999999999999917e+00 1.009100000000000108e+00
1.283500000000000085e+00 1.009290000000000020e+00
1.286000000000000032e+00 1.009460999999999942e+00
1.288499999999999979e+00 1.009622000000000019e+00
1.290999999999999925e+00 1.009762000000000048e+00
1.293500000000000094e+00 1.009892000000000012e+00
1.296000000000000041e+00 1.010008000000000017e+00
1.298499999999999988e+00 1.010102999999999973e+00
1.300999999999999934e+00 1.010186999999999946e+00
1.303500000000000103e+00 1.010256000000000043e+00
1.306000000000000050e+00 1.010310999999999959e+00
1.308499999999999996e+00 1.010350999999999999e+00
1.310999999999999943e+00 1.010374000000000105e+00
1.313499999999999890e+00 1.010386999999999924e+00
1.316000000000000059e+00 1.010386999999999924e+00
1.318500000000000005e+00 1.010372000000000048e+00
1.320999999999999952e+00 1.010345999999999966e+00
1.323499999999999899e+00 1.010305999999999926e+00
1.326000000000000068e+00 1.010253999999999985e+00
1.328500000000000014e+00 1.010191999999999979e+00
1.330999999999999961e+00 1.010121000000000047e+00
1.333499999999999908e+00 1.010035999999999934e+00
1.336000000000000076e+00 1.009940000000000060e+00
1.338500000000000023e+00 1.009835999999999956e+00
1.340999999999999970e+00 1.009722999999999926e+00
1.343499999999999917e+00 1.009600000000000053e+00
1.346000000000000085e+00 1.009470000000000089e+00
1.348500000000000032e+00 1.009330999999999978e+00
1.350999999999999979e+00 1.009182999999999941e+00
1.353499999999999925e+00 1.009030000000000094e+00
1.356000000000000094e+00 1.008871000000000073e+00
1.358500000000000041e+00 1.008702999999999905e+00
1.360999999999999988e+00 1.008531999999999984e+00
1.363499999999999934e+00 1.008353999999999973e+00
1.366000000000000103e+00 1.008170999999999928e+00
1.368500000000000050e+00 1.007983999999999991e+00
1.370999999999999996e+00 1.007792000000000021e+00
1.373499999999999943e+00 1.007597000000000076e+00
1.375999999999999890e+00 1.007400000000000073e+00
1.378500000000000059e+00 1.007198000000000038e+00
1.381000000000000005e+00 1.006993999999999945e+00
1.383499999999999952e+00 1.006788000000000016e+00
1.385999999999999899e+00 1.006578999999999890e+00
1.388500000000000068e+00 1.006369999999999987e+00
1.391000000000000014e+00 1.006156999999999968e+00
1.393499999999999961e+00 1.005943000000000032e+00
1.395999999999999908e+00 1.005727999999999955e+00
1.398500000000000076e+00 1.005514000000000019e+00
1.401000000000000023e+00 1.005300000000000082e+00
1.403499999999999970e+00 1.005084000000000088e+00
1.405999999999999917e+00 1.004866999999999955e+00
1.408500000000000085e+00 1.004650000000000043e+00
1.411000000000000032e+00 1.004434999999999967e+00
1.413499999999999979e+00 1.004221000000000030e+00
1.415999999999999925e+00 1.004005000000000036e+00
1.418500000000000094e+00 1.003787999999999903e+00
1.421000000000000041e+00 1.003575000000000106e+00
1.423499999999999988e+00 1.003362000000000087e+00
1.425999999999999934e+00 1.003147000000000011e+00
1.428500000000000103e+00 1.002933999999999992e+00
1.431000000000000050e+00 1.002720000000000056e+00
1.433499999999999996e+00 1.002512000000000070e+00
1.435999999999999943e+00 1.002294999999999936e+00
1.438499999999999890e+00 1.002083000000000057e+00
1.441000000000000059e+00 1.001873000000000014e+00
1.443500000000000005e+00 1.001660999999999913e+00
1.445999999999999952e+00 1.001449000000000034e+00
1.448499999999999899e+00 1.001233999999999957e+00
1.451000000000000068e+00 1.001020999999999939e+00
1.453500000000000014e+00 1.000806000000000084e+00
1.455999999999999961e+00 1.000588000000000033e+00
1.458499999999999908e+00 1.000367000000000006e+00
1.461000000000000076e+00 1.000143999999999922e+00
1.463500000000000023e+00 9.999179999999999735e-01
1.465999999999999970e+00 9.996909999999999963e-01
1.468499999999999917e+00 9.994560000000000111e-01
1.471000000000000085e+00 9.992159999999999931e-01
1.473500000000000032e+00 9.989749999999999464e-01
1.475999999999999979e+00 9.987270000000000314e-01
1.478499999999999925e+00 9.984720000000000262e-01
1.481000000000000094e+00 9.982119999999999882e-01
1.483500000000000041e+00 9.979379999999999917e-01
1.485999999999999988e+00 9.976580000000000448e-01
1.488499999999999934e+00 9.973640000000000283e-01
1.491000000000000103e+00 9.970630000000000326e-01
1.493500000000000050e+00 9.967489999999999961e-01
1.495999999999999996e+00 9.964220000000000299e-01
1.498499999999999943e+00 9.960790000000000477e-01
1.500999999999999890e+00 9.957179999999999920e-01
1.503500000000000059e+00 9.953400000000000025e-01
1.506000000000000005e+00 9.949480000000000546e-01
1.508499999999999952e+00 9.945319999999999716e-01
1.510999999999999899e+00 9.940959999999999797e-01
1.513500000000000068e+00 9.936319999999999597e-01
1.516000000000000014e+00 9.931480000000000308e-01
1.518499999999999961e+00 9.926319999999999588e-01
1.520999999999999908e+00 9.920900000000000274e-01
1.523500000000000076e+00 9.915169999999999817e-01
1.526000000000000023e+00 9.909069999999999823e-01
1.528499999999999970e+00 9.902670000000000083e-01
1.530999999999999917e+00 9.895850000000000479e-01
1.533500000000000085e+00 9.888649999999999940e-01
1.536000000000000032e+00 9.881020000000000358e-01
1.538499999999999979e+00 9.872940000000000049e-01
1.540999999999999925e+00 9.864399999999999835e-01
1.543500000000000094e+00 9.855310000000000459e-01
1.546000000000000041e+00 9.845739999999999492e-01
1.548499999999999988e+00 9.835570000000000146e-01
1.550999999999999934e+00 9.824829999999999952e-01
1.553500000000000103e+00 9.813479999999999981e-01
1.556000000000000050e+00 9.801419999999999577e-01
1.558499999999999996e+00 9.788710000000000466e-01
1.560999999999999943e+00 9.775279999999999525e-01
1.563499999999999890e+00 9.761100000000000332e-01
1.566000000000000059e+00 9.746099999999999763e-01
1.568500000000000005e+00 9.730240000000000000e-01
1.570999999999999952e+00 9.713610000000000300e-01
1.573499999999999899e+00 9.696019999999999639e-01
1.576000000000000068e+00 9.677489999999999704e-01
1.578500000000000014e+00 9.658029999999999671e-01
1.580999999999999961e+00 9.637569999999999748e-01
1.583499999999999908e+00 9.616000000000000103e-01
1.586000000000000076e+00 9.593399999999999705e-01
1.588500000000000023e+00 9.569680000000000408e-01
1.590999999999999970e+00 9.544820000000000526e-01
1.593499999999999917e+00 9.518790000000000306e-01
1.596000000000000085e+00 9.491509999999999669e-01
1.598500000000000032e+00 9.463019999999999765e-01
1.600999999999999979e+00 9.433270000000000266e-01
1.603499999999999925e+00 9.402169999999999694e-01
1.606000000000000094e+00 9.369830000000000103e-01
1.608500000000000041e+00 9.336119999999999974e-01
1.610999999999999988e+00 9.301080000000000458e-01
1.613499999999999934e+00 9.264620000000000077e-01
1.616000000000000103e+00 9.226849999999999774e-01
1.618500000000000050e+00 9.187680000000000291e-01
1.620999999999999996e+00 9.147129999999999983e-01
1.623499999999999943e+00 9.105250000000000288e-01
1.625999999999999890e+00 9.062010000000000343e-01
1.628500000000000059e+00 9.017469999999999652e-01
1.631000000000000005e+00 8.971580000000000110e-01
1.633499999999999952e+00 8.924480000000000190e-01
1.635999999999999899e+00 8.876150000000000428e-01
1.638500000000000068e+00 8.826610000000000289e-01
1.641000000000000014e+00 8.776040000000000507e-01
1.643499999999999961e+00 8.724340000000000428e-01
1.645999999999999908e+00 8.671740000000000004e-01
1.648500000000000076e+00 8.618299999999999850e-01
1.651000000000000023e+00 8.564009999999999678e-01
1.653499999999999970e+00 8.509090000000000265e-01
1.655999999999999917e+00 8.453559999999999963e-01
1.658500000000000085e+00 8.397670000000000412e-01
1.661000000000000032e+00 8.341480000000000006e-01
1.663499999999999979e+00 8.285029999999999895e-01
1.665999999999999925e+00 8.228590000000000071e-01
1.668500000000000094e+00 8.172230000000000327e-01
1.671000000000000041e+00 8.116229999999999833e-01
1.673499999999999988e+00 8.060619999999999452e-01
1.675999999999999934e+00 8.005609999999999671e-01
1.678500000000000103e+00 7.951340000000000074e-01
1.681000000000000050e+00 7.897980000000000000e-01
1.683499999999999996e+00 7.845689999999999609e-01
1.685999999999999943e+00 7.794619999999999882e-01
1.688499999999999890e+00 7.744929999999999870e-01
1.691000000000000059e+00 7.696790000000000020e-01
1.693500000000000005e+00 7.650249999999999551e-01
1.695999999999999952e+00 7.605579999999999563e-01
1.698499999999999899e+00 7.562809999999999810e-01
1.701000000000000068e+00 7.522060000000000413e-01
1.703500000000000014e+00 7.483440000000000092e-01
1.705999999999999961e+00 7.447019999999999751e-01
1.708499999999999908e+00 7.412900000000000045e-01
1.711000000000000076e+00 7.381109999999999616e-01
1.713500000000000023e+00 7.351699999999999902e-01
1.715999999999999970e+00 7.324730000000000407e-01
1.718499999999999917e+00 7.300189999999999735e-01
1.721000000000000085e+00 7.278080000000000105e-01
1.723500000000000032e+00 7.258350000000000080e-01
1.725999999999999979e+00 7.241069999999999451e-01
1.728499999999999925e+00 7.226160000000000361e-01
1.731000000000000094e+00 7.213580000000000547e-01
1.733500000000000041e+00 7.203239999999999643e-01
1.735999999999999988e+00 7.195080000000000364e-01
1.738499999999999934e+00 7.189069999999999627e-01
1.741000000000000103e+00 7.185080000000000355e-01
1.743500000000000050e+00 7.183070000000000288e-01
1.745999999999999996e+00 7.182929999999999593e-01
1.748499999999999943e+00 7.184570000000000123e-01
1.750999999999999890e+00 7.187810000000000032e-01
1.753500000000000059e+00 7.192680000000000184e-01
1.756000000000000005e+00 7.199020000000000419e-01
1.758499999999999952e+00 7.206690000000000040e-01
1.760999999999999899e+00 7.215679999999999872e-01
1.763500000000000068e+00 7.225789999999999713e-01
1.766000000000000014e+00 7.236979999999999524e-01
1.768499999999999961e+00 7.249160000000000048e-01
1.770999999999999908e+00 7.262239999999999807e-01
1.773500000000000076e+00 7.276110000000000078e-01
1.776000000000000023e+00 7.290680000000000494e-01
1.778499999999999970e+00 7.305880000000000152e-01
1.780999999999999917e+00 7.321640000000000370e-01
1.783500000000000085e+00 7.337900000000000533e-01
1.786000000000000032e+00 7.354490000000000194e-01
1.788499999999999979e+00 7.371529999999999472e-01
1.790999999999999925e+00 7.388799999999999812e-01
1.793500000000000094e+00 7.406279999999999530e-01
1.796000000000000041e+00 7.423950000000000271e-01
1.798499999999999988e+00 7.441680000000000517e-01
1.800999999999999934e+00 7.459580000000000100e-01
1.803500000000000103e+00 7.477399999999999602e-01
1.806000000000000050e+00 7.495319999999999760e-01
1.808499999999999996e+00 7.513140000000000374e-01
1.810999999999999943e+00 7.530869999999999509e-01
1.813499999999999890e+00 7.548470000000000457e-01
1.816000000000000059e+00 7.565969999999999640e-01
1.818500000000000005e+00 7.583239999999999981e-01
1.820999999999999952e+00 7.600390000000000201e-01
1.823499999999999899e+00 7.617310000000000469e-01
1.826000000000000068e+00 7.633969999999999922e-01
1.828500000000000014e+00 7.650470000000000326e-01
1.830999999999999961e+00 7.666669999999999874e-01
1.833499999999999908e+00 7.682569999999999677e-01
1.836000000000000076e+00 7.698209999999999775e-01
1.838500000000000023e+00 7.713529999999999553e-01
1.840999999999999970e+00 7.728620000000000489e-01
1.843499999999999917e+00 7.743379999999999708e-01
1.846000000000000085e+00 7.757859999999999756e-01
1.848500000000000032e+00 7.771970000000000267e-01
1.850999999999999979e+00 7.785809999999999675e-01
1.853499999999999925e+00 7.799329999999999874e-01
1.856000000000000094e+00 7.812500000000000000e-01
1.858500000000000041e+00 7.825440000000000174e-01
1.860999999999999988e+00 7.837979999999999947e-01
1.863499999999999934e+00 7.850240000000000551e-01
1.866000000000000103e+00 7.862219999999999764e-01
1.868500000000000050e+00 7.873860000000000303e-01
1.870999999999999996e+00 7.885229999999999739e-01
1.873499999999999943e+00 7.896260000000000501e-01
1.875999999999999890e+00 7.907060000000000199e-01
1.878500000000000059e+00 7.917509999999999826e-01
1.881000000000000005e+00 7.927729999999999499e-01
1.883499999999999952e+00 7.937680000000000291e-01
1.885999999999999899e+00 7.947290000000000187e-01
1.888500000000000068e+00 7.956720000000000459e-01
1.891000000000000014e+00 7.965870000000000450e-01
1.893499999999999961e+00 7.974759999999999627e-01
1.895999999999999908e+00 7.983460000000000001e-01
1.898500000000000076e+00 7.991869999999999807e-01
1.901000000000000023e+00 8.000059999999999949e-01
1.903499999999999970e+00 8.008060000000000178e-01
1.905999999999999917e+00 8.015919999999999712e-01
1.908500000000000085e+00 8.023460000000000036e-01
1.911000000000000032e+00 8.030880000000000241e-01
1.913499999999999979e+00 8.038159999999999750e-01
1.915999999999999925e+00 8.045210000000000417e-01
1.918500000000000094e+00 8.052139999999999853e-01
1.921000000000000041e+00 8.058880000000000488e-01
1.923499999999999988e+00 8.065489999999999604e-01
1.925999999999999934e+00 8.072019999999999751e-01
1.928500000000000103e+00 8.078429999999999778e-01
1.931000000000000050e+00 8.084679999999999644e-01
1.933499999999999996e+00 8.090850000000000541e-01
1.935999999999999943e+00 8.096999999999999753e-01
1.938499999999999890e+00 8.102989999999999915e-01
1.941000000000000059e+00 8.108899999999999997e-01
1.943500000000000005e+00 8.114869999999999584e-01
1.945999999999999952e+00 8.120699999999999585e-01
1.948499999999999899e+00 8.126459999999999795e-01
1.951000000000000068e+00 8.132260000000000044e-01
1.953500000000000014e+00 8.138039999999999718e-01
1.955999999999999961e+00 8.143810000000000215e-01
1.958499999999999908e+00 8.149610000000000465e-01
1.961000000000000076e+00 8.155360000000000387e-01
1.963500000000000023e+00 8.161239999999999606e-01
1.965999999999999970e+00 8.167079999999999895e-01
1.968499999999999917e+00 8.172909999999999897e-01
1.971000000000000085e+00 8.178959999999999564e-01
1.973500000000000032e+00 8.184900000000000508e-01
1.975999999999999979e+00 8.191049999999999720e-01
1.978499999999999925e+00 8.197309999999999874e-01
1.981000000000000094e+00 8.203580000000000316e-01
1.983500000000000041e+00 8.209980000000000055e-01
1.985999999999999988e+00 8.216520000000000490e-01
1.988499999999999934e+00 8.223169999999999646e-01
1.991000000000000103e+00 8.229980000000000073e-01
1.993500000000000050e+00 8.236940000000000373e-01
1.995999999999999996e+00 8.244040000000000257e-01
1.998499999999999943e+00 8.251330000000000053e-01
2.000999999999999890e+00 8.258729999999999682e-01
2.003499999999999837e+00 8.266360000000000374e-01
2.005999999999999783e+00 8.274230000000000196e-01
2.008500000000000174e+00 8.282230000000000425e-01
2.011000000000000121e+00 8.290429999999999744e-01
2.013500000000000068e+00 8.298889999999999878e-01
2.016000000000000014e+00 8.307579999999999965e-01
2.018499999999999961e+00 8.316409999999999636e-01
2.020999999999999908e+00 8.325590000000000490e-01
2.023499999999999854e+00 8.334869999999999779e-01
2.025999999999999801e+00 8.344519999999999715e-01
2.028500000000000192e+00 8.354359999999999564e-01
2.031000000000000139e+00 8.364479999999999693e-01
2.033500000000000085e+00 8.374819999999999487e-01
2.036000000000000032e+00 8.385470000000000423e-01
2.038499999999999979e+00 8.396360000000000490e-01
2.040999999999999925e+00 8.407520000000000548e-01
2.043499999999999872e+00 8.418949999999999489e-01
2.045999999999999819e+00 8.430689999999999573e-01
2.048500000000000210e+00 8.442640000000000144e-01
2.051000000000000156e+00 8.454869999999999886e-01
2.053500000000000103e+00 8.467409999999999659e-01
2.056000000000000050e+00 8.480199999999999960e-01
2.058499999999999996e+00 8.493290000000000006e-01
2.060999999999999943e+00 8.506650000000000045e-01
2.063499999999999890e+00 8.520269999999999788e-01
2.065999999999999837e+00 8.534159999999999524e-01
2.068499999999999783e+00 8.548289999999999500e-01
2.071000000000000174e+00 8.562699999999999756e-01
2.073500000000000121e+00 8.577360000000000539e-01
2.076000000000000068e+00 8.592319999999999958e-01
2.078500000000000014e+00 8.607449999999999823e-01
2.080999999999999961e+00 8.622830000000000217e-01
2.083499999999999908e+00 8.638489999999999780e-01
2.085999999999999854e+00 8.654359999999999831e-01
2.088499999999999801e+00 8.670400000000000329e-01
2.091000000000000192e+00 8.686679999999999957e-01
2.093500000000000139e+00 8.703159999999999785e-01
2.096000000000000085e+00 8.719860000000000388e-01
2.098500000000000032e+00 8.736709999999999754e-01
2.100999999999999979e+00 8.753769999999999607e-01
2.103499999999999925e+00 8.770989999999999620e-01
2.105999999999999872e+00 8.788280000000000536e-01
2.108499999999999819e+00 8.805840000000000334e-01
2.111000000000000210e+00 8.823440000000000172e-01
2.113500000000000156e+00 8.841170000000000417e-01
2.116000000000000103e+00 8.859000000000000208e-01
2.118500000000000050e+00 8.876950000000000118e-01
2.120999999999999996e+00 8.894959999999999534e-01
2.123499999999999943e+00 8.913039999999999852e-01
2.125999999999999890e+00 8.931270000000000042e-01
2.128499999999999837e+00 8.949409999999999865e-01
2.130999999999999783e+00 8.967640000000000056e-01
2.133500000000000174e+00 8.985910000000000286e-01
2.136000000000000121e+00 9.004199999999999982e-01
2.138500000000000068e+00 9.022379999999999844e-01
2.141000000000000014e+00 9.040610000000000035e-01
2.143499999999999961e+00 9.058840000000000225e-01
2.145999999999999908e+00 9.076969999999999761e-01
2.148499999999999854e+00 9.095029999999999504e-01
2.150999999999999801e+00 9.112970000000000237e-01
2.153500000000000192e+00 9.130979999999999652e-01
2.156000000000000139e+00 9.148789999999999978e-01
2.158500000000000085e+00 9.166509999999999936e-01
2.161000000000000032e+00 9.184059999999999446e-01
2.163499999999999979e+00 9.201540000000000274e-01
2.165999999999999925e+00 9.218819999999999792e-01
2.168499999999999872e+00 9.236050000000000093e-01
2.170999999999999819e+00 9.252960000000000074e-01
2.173500000000000210e+00 9.269749999999999934e-01
2.176000000000000156e+00 9.286470000000000002e-01
2.178500000000000103e+00 9.302799999999999958e-01
2.181000000000000050e+00 9.319039999999999546e-01
2.183499999999999996e+00 9.335020000000000540e-01
2.185999999999999943e+00 9.350789999999999935e-01
2.188499999999999890e+00 9.366330000000000489e-01
2.190999999999999837e+00 9.381610000000000227e-01
2.193499999999999783e+00 9.396679999999999477e-01
2.196000000000000174e+00 9.411450000000000093e-01
2.198500000000000121e+00 9.425989999999999647e-01
2.201000000000000068e+00 9.440250000000000030e-01
2.203500000000000014e+00 9.454200000000000381e-01
2.205999999999999961e+00 9.467889999999999917e-01
2.208499999999999908e+00 9.481349999999999500e-01
2.210999999999999854e+00 9.494430000000000369e-01
2.213499999999999801e+00 9.507259999999999600e-01
2.216000000000000192e+00 9.519750000000000156e-01
2.218500000000000139e+00 9.532059999999999977e-01
2.221000000000000085e+00 9.543930000000000469e-01
2.223500000000000032e+00 9.555550000000000432e-01
2.225999999999999979e+00 9.566890000000000116e-01
2.228499999999999925e+00 9.577860000000000262e-01
2.230999999999999872e+00 9.588590000000000169e-01
2.233499999999999819e+00 9.598860000000000170e-01
2.236000000000000210e+00 9.608980000000000299e-01
2.238500000000000156e+00 9.618710000000000315e-01
2.241000000000000103e+00 9.628050000000000219e-01
2.243500000000000050e+00 9.637219999999999676e-01
2.245999999999999996e+00 9.645979999999999555e-01
2.248499999999999943e+00 9.654439999999999689e-01
2.250999999999999890e+00 9.662570000000000325e-01
2.253499999999999837e+00 9.670370000000000354e-01
2.255999999999999783e+00 9.677930000000000144e-01
2.258500000000000174e+00 9.685190000000000188e-01
2.261000000000000121e+00 9.692100000000000160e-01
2.263500000000000068e+00 9.698740000000000139e-01
2.266000000000000014e+00 9.705049999999999510e-01
2.268499999999999961e+00 9.711020000000000207e-01
2.270999999999999908e+00 9.716730000000000089e-01
2.273499999999999854e+00 9.722129999999999939e-01
2.275999999999999801e+00 9.727259999999999796e-01
2.278500000000000192e+00 9.732089999999999907e-01
2.281000000000000139e+00 9.736690000000000067e-01
2.283500000000000085e+00 9.740879999999999539e-01
2.286000000000000032e+00 9.744899999999999674e-01
2.288499999999999979e+00 9.748510000000000231e-01
2.290999999999999925e+00 9.752009999999999845e-01
2.293499999999999872e+00 9.755129999999999635e-01
2.295999999999999819e+00 9.758109999999999840e-01
2.298500000000000210e+00 9.760739999999999972e-01
2.301000000000000156e+00 9.763079999999999536e-01
2.303500000000000103e+00 9.765239999999999476e-01
2.306000000000000050e+00 9.767139999999999711e-01
2.308499999999999996e+00 9.768750000000000488e-01
2.310999999999999943e+00 9.770199999999999996e-01
2.313499999999999890e+00 9.771389999999999798e-01
2.315999999999999837e+00 9.772269999999999568e-01
2.318499999999999783e+00 9.773039999999999505e-01
2.321000000000000174e+00 9.773469999999999658e-01
2.323500000000000121e+00 9.773819999999999730e-01
2.326000000000000068e+00 9.773789999999999978e-01
2.328500000000000014e+00 9.773690000000000433e-01
2.330999999999999961e+00 9.773319999999999785e-01
2.333499999999999908e+00 9.772800000000000376e-01
2.335999999999999854e+00 9.772009999999999863e-01
2.338499999999999801e+00 9.771090000000000053e-01
2.341000000000000192e+00 9.769970000000000043e-01
2.343500000000000139e+00 9.768649999999999833e-01
2.346000000000000085e+00 9.767190000000000039e-01
2.348500000000000032e+00 9.765449999999999964e-01
2.350999999999999979e+00 9.763669999999999849e-01
2.353499999999999925e+00 9.761670000000000069e-01
2.355999999999999872e+00 9.759470000000000089e-01
2.358499999999999819e+00 9.757190000000000030e-01
2.361000000000000210e+00 9.754699999999999482e-01
2.363500000000000156e+00 9.752089999999999925e-01
2.366000000000000103e+00 9.749349999999999961e-01
2.368500000000000050e+00 9.746439999999999548e-01
2.370999999999999996e+00 9.743349999999999511e-01
2.373499999999999943e+00 9.740199999999999969e-01
2.375999999999999890e+00 9.736900000000000555e-01
2.378499999999999837e+00 9.733439999999999870e-01
2.380999999999999783e+00 9.729860000000000175e-01
2.383500000000000174e+00 9.726190000000000113e-01
2.386000000000000121e+00 9.722429999999999684e-01
2.388500000000000068e+00 9.718449999999999589e-01
2.391000000000000014e+00 9.714439999999999742e-01
2.393499999999999961e+00 9.710349999999999815e-01
2.395999999999999908e+00 9.706110000000000015e-01
2.398499999999999854e+00 9.701779999999999848e-01
2.400999999999999801e+00 9.697400000000000464e-01
2.403500000000000192e+00 9.692849999999999522e-01
2.406000000000000139e+00 9.688259999999999650e-01
2.408500000000000085e+00 9.683570000000000233e-01
2.411000000000000032e+00 9.678839999999999666e-01
2.413499999999999979e+00 9.673960000000000337e-01
2.415999999999999925e+00 9.669090000000000185e-01
2.418499999999999872e+00 9.664120000000000488e-01
2.420999999999999819e+00 9.659020000000000383e-01
2.423500000000000210e+00 9.653859999999999664e-01
2.426000000000000156e+00 9.648719999999999519e-01
2.428500000000000103e+00 9.643479999999999830e-01
2.431000000000000050e+00 9.638179999999999525e-01
2.433499999999999996e+00 9.632830000000000004e-01
2.435999999999999943e+00 9.627379999999999827e-01
2.438499999999999890e+00 9.621969999999999690e-01
2.440999999999999837e+00 9.616440000000000543e-01
2.443499999999999783e+00 9.610870000000000246e-01
2.446000000000000174e+00 9.605289999999999662e-01
2.448500000000000121e+00 9.599680000000000435e-01
2.451000000000000068e+00 9.593979999999999730e-01
2.453500000000000014e+00 9.588349999999999929e-01
2.455999999999999961e+00 9.582650000000000334e-01
2.458499999999999908e+00 9.576919999999999877e-01
2.460999999999999854e+00 9.571119999999999628e-01
2.463499999999999801e+00 9.565379999999999994e-01
2.466000000000000192e+00 9.559549999999999992e-01
2.468500000000000139e+00 9.553739999999999455e-01
2.471000000000000085e+00 9.547919999999999741e-01
2.473500000000000032e+00 9.542100000000000026e-01
