4.035000000000000253e-01 8.482590000000000430e+01
4.052600000000000091e-01 8.573749999999999716e+01
4.102600000000000136e-01 8.597320000000000562e+01
4.152599999999999625e-01 8.594950000000000045e+01
4.202599999999999669e-01 8.577110000000000412e+01
4.252599999999999714e-01 8.548669999999999902e+01
4.302599999999999758e-01 8.512850000000000250e+01
4.352599999999999802e-01 8.471970000000000312e+01
4.402599999999999847e-01 8.427649999999999864e+01
4.452599999999999891e-01 8.381010000000000559e+01
4.502599999999999936e-01 8.332810000000000628e+01
4.552599999999999980e-01 8.283559999999999945e+01
4.602600000000000025e-01 8.233589999999999520e+01
4.652600000000000069e-01 8.183150000000000546e+01
4.702600000000000113e-01 8.132399999999999807e+01
4.752600000000000158e-01 8.081459999999999866e+01
4.802600000000000202e-01 8.030440000000000111e+01
4.852600000000000247e-01 7.979399999999999693e+01
4.902600000000000291e-01 7.928430000000000177e+01
4.952600000000000335e-01 7.877580000000000382e+01
5.002600000000000380e-01 7.826909999999999457e+01
5.052600000000000424e-01 7.776460000000000150e+01
5.102600000000000469e-01 7.726290000000000191e+01
5.152600000000000513e-01 7.676420000000000243e+01
5.202600000000000557e-01 7.626890000000000214e+01
5.252600000000000602e-01 7.577729999999999677e+01
5.302600000000000646e-01 7.528950000000000387e+01
5.352600000000000691e-01 7.480580000000000496e+01
5.402599999999999625e-01 7.432609999999999673e+01
5.452599999999999669e-01 7.385060000000000002e+01
5.502599999999999714e-01 7.337930000000000064e+01
5.552599999999999758e-01 7.291230000000000189e+01
5.602599999999999802e-01 7.244939999999999714e+01
5.652599999999999847e-01 7.199079999999999302e+01
5.702599999999999891e-01 7.153619999999999379e+01
5.752599999999999936e-01 7.108580000000000609e+01
5.802599999999999980e-01 7.063939999999999486e+01
5.852600000000000025e-01 7.019689999999999941e+01
5.902600000000000069e-01 6.975839999999999463e+01
5.952600000000000113e-01 6.932380000000000564e+01
6.002600000000000158e-01 6.889310000000000400e+01
6.052599999999999092e-01 6.846609999999999729e+01
6.102600000000000247e-01 6.804290000000000305e+01
6.152599999999999181e-01 6.762340000000000373e+01
6.202600000000000335e-01 6.720759999999999934e+01
6.252599999999999270e-01 6.679540000000000077e+01
6.302600000000000424e-01 6.638679999999999382e+01
6.352599999999999358e-01 6.598180000000000689e+01
6.402600000000000513e-01 6.558029999999999404e+01
6.452599999999999447e-01 6.518240000000000123e+01
6.502600000000000602e-01 6.478789999999999338e+01
6.552599999999999536e-01 6.439690000000000225e+01
6.602600000000000691e-01 6.400929999999999609e+01
6.652599999999999625e-01 6.362510000000000332e+01
6.702600000000000779e-01 6.324430000000000263e+01
6.752599999999999714e-01 6.286679999999999779e+01
6.802600000000000868e-01 6.249260000000000304e+01
6.852599999999999802e-01 6.212169999999999703e+01
6.902600000000000957e-01 6.175399999999999778e+01
6.952599999999999891e-01 6.138960000000000150e+01
7.002600000000001046e-01 6.102830000000000155e+01
7.052599999999999980e-01 6.067020000000000124e+01
7.102600000000001135e-01 6.031519999999999726e+01
7.152600000000000069e-01 5.996320000000000050e+01
7.202600000000001224e-01 5.961430000000000007e+01
7.252600000000000158e-01 5.926850000000000307e+01
7.302599999999999092e-01 5.892560000000000286e+01
7.352600000000000247e-01 5.858559999999999945e+01
7.402599999999999181e-01 5.824860000000000326e+01
7.452600000000000335e-01 5.791440000000000055e+01
7.502599999999999270e-01 5.758310000000000173e+01
7.552600000000000424e-01 5.725469999999999970e+01
7.602599999999999358e-01 5.692900000000000205e+01
7.652600000000000513e-01 5.660600000000000165e+01
7.702599999999999447e-01 5.628580000000000183e+01
7.752600000000000602e-01 5.596829999999999927e+01
7.802599999999999536e-01 5.565350000000000108e+01
7.852600000000000691e-01 5.534120000000000061e+01
7.902599999999999625e-01 5.503159999999999741e+01
7.952600000000000779e-01 5.472460000000000235e+01
8.002599999999999714e-01 5.442020000000000124e+01
8.052600000000000868e-01 5.411820000000000164e+01
8.102599999999999802e-01 5.381880000000000308e+01
8.152600000000000957e-01 5.352179999999999893e+01
8.202599999999999891e-01 5.322729999999999961e+01
8.252600000000001046e-01 5.293529999999999802e+01
8.302599999999999980e-01 5.264560000000000173e+01
8.352600000000001135e-01 5.235829999999999984e+01
8.402600000000000069e-01 5.207330000000000325e+01
8.452600000000001224e-01 5.179070000000000107e+01
8.502600000000000158e-01 5.151030000000000086e+01
8.552599999999999092e-01 5.123230000000000217e+01
8.602600000000000247e-01 5.095649999999999835e+01
8.652599999999999181e-01 5.068289999999999651e+01
8.702600000000000335e-01 5.041159999999999997e+01
8.752599999999999270e-01 5.014240000000000208e+01
8.802600000000000424e-01 4.987550000000000239e+01
8.852599999999999358e-01 4.961059999999999803e+01
8.902600000000000513e-01 4.934790000000000276e+01
8.952599999999999447e-01 4.908729999999999905e+01
9.002600000000000602e-01 4.882880000000000109e+01
9.052599999999999536e-01 4.857229999999999848e+01
9.102600000000000691e-01 4.831790000000000163e+01
9.152599999999999625e-01 4.806550000000000011e+01
9.202600000000000779e-01 4.781510000000000105e+01
9.252599999999999714e-01 4.756669999999999732e+01
9.302600000000000868e-01 4.732030000000000314e+01
9.352599999999999802e-01 4.707580000000000098e+01
9.402600000000000957e-01 4.683319999999999794e+01
9.452599999999999891e-01 4.659250000000000114e+01
9.502600000000001046e-01 4.635379999999999967e+01
9.552599999999999980e-01 4.611690000000000111e+01
9.602600000000001135e-01 4.588179999999999836e+01
9.652600000000000069e-01 4.564860000000000184e+01
9.702600000000001224e-01 4.541720000000000113e+01
9.752600000000000158e-01 4.518750000000000000e+01
9.802599999999999092e-01 4.495969999999999800e+01
9.852600000000000247e-01 4.473360000000000269e+01
9.902599999999999181e-01 4.450930000000000319e+01
9.952600000000000335e-01 4.428659999999999997e+01
1.000259999999999927e+00 4.406569999999999965e+01
1.005260000000000042e+00 4.384649999999999892e+01
1.010259999999999936e+00 4.362890000000000157e+01
1.015260000000000051e+00 4.341299999999999670e+01
1.020259999999999945e+00 4.319879999999999853e+01
1.025260000000000060e+00 4.298610000000000042e+01
1.030259999999999954e+00 4.277499999999999858e+01
1.035260000000000069e+00 4.256560000000000343e+01
1.040259999999999962e+00 4.235770000000000124e+01
1.045260000000000078e+00 4.215129999999999910e+01
1.050259999999999971e+00 4.194650000000000034e+01
1.055260000000000087e+00 4.174320000000000164e+01
1.060259999999999980e+00 4.154149999999999920e+01
1.065260000000000096e+00 4.134120000000000061e+01
1.070259999999999989e+00 4.114229999999999876e+01
1.075260000000000105e+00 4.094500000000000028e+01
1.080259999999999998e+00 4.074909999999999854e+01
1.085260000000000113e+00 4.055460000000000065e+01
1.090260000000000007e+00 4.036149999999999949e+01
1.095260000000000122e+00 4.016980000000000217e+01
1.100260000000000016e+00 3.997950000000000159e+01
1.105259999999999909e+00 3.979050000000000153e+01
1.110260000000000025e+00 3.960289999999999822e+01
1.115259999999999918e+00 3.941669999999999874e+01
1.120260000000000034e+00 3.923169999999999646e+01
1.125259999999999927e+00 3.904809999999999803e+01
1.130260000000000042e+00 3.886569999999999681e+01
1.135259999999999936e+00 3.868469999999999942e+01
1.140260000000000051e+00 3.850489999999999924e+01
1.145259999999999945e+00 3.832639999999999958e+01
1.150260000000000060e+00 3.814909999999999712e+01
1.155259999999999954e+00 3.797299999999999898e+01
1.160260000000000069e+00 3.779809999999999803e+01
1.165259999999999962e+00 3.762440000000000140e+01
1.170260000000000078e+00 3.745199999999999818e+01
1.175259999999999971e+00 3.728070000000000306e+01
1.180260000000000087e+00 3.711050000000000182e+01
1.185259999999999980e+00 3.694149999999999778e+01
1.190260000000000096e+00 3.677360000000000184e+01
1.195259999999999989e+00 3.660690000000000310e+01
1.200260000000000105e+00 3.644129999999999825e+01
1.205259999999999998e+00 3.627669999999999817e+01
1.210260000000000113e+00 3.611330000000000240e+01
1.215260000000000007e+00 3.595089999999999719e+01
1.220260000000000122e+00 3.578960000000000008e+01
1.225260000000000016e+00 3.562930000000000064e+01
1.230259999999999909e+00 3.547010000000000218e+01
1.235260000000000025e+00 3.531190000000000140e+01
1.240259999999999918e+00 3.515480000000000160e+01
1.245260000000000034e+00 3.499860000000000326e+01
1.250259999999999927e+00 3.484349999999999881e+01
1.255260000000000042e+00 3.468930000000000291e+01
1.260259999999999936e+00 3.453609999999999758e+01
1.265260000000000051e+00 3.438389999999999702e+01
1.270259999999999945e+00 3.423259999999999792e+01
1.275260000000000060e+00 3.408229999999999649e+01
1.280259999999999954e+00 3.393289999999999651e+01
1.285260000000000069e+00 3.378450000000000131e+01
1.290259999999999962e+00 3.363689999999999714e+01
1.295260000000000078e+00 3.349029999999999774e+01
1.300259999999999971e+00 3.334459999999999980e+01
1.305260000000000087e+00 3.319980000000000331e+01
1.310259999999999980e+00 3.305579999999999785e+01
1.315260000000000096e+00 3.291279999999999717e+01
1.320259999999999989e+00 3.277060000000000173e+01
1.325260000000000105e+00 3.262919999999999732e+01
1.330259999999999998e+00 3.248870000000000147e+01
1.335260000000000113e+00 3.234909999999999997e+01
1.340260000000000007e+00 3.221029999999999660e+01
1.345260000000000122e+00 3.207229999999999848e+01
1.350260000000000016e+00 3.193519999999999825e+01
1.355259999999999909e+00 3.179879999999999995e+01
1.360260000000000025e+00 3.166329999999999956e+01
1.365259999999999918e+00 3.152850000000000108e+01
1.370260000000000034e+00 3.139460000000000051e+01
1.375259999999999927e+00 3.126139999999999830e+01
1.380260000000000042e+00 3.112900000000000134e+01
1.385259999999999936e+00 3.099739999999999895e+01
1.390260000000000051e+00 3.086659999999999826e+01
1.395259999999999945e+00 3.073649999999999949e+01
1.400260000000000060e+00 3.060719999999999885e+01
1.405259999999999954e+00 3.047860000000000014e+01
1.410260000000000069e+00 3.035079999999999956e+01
1.415259999999999962e+00 3.022370000000000090e+01
1.420260000000000078e+00 3.009730000000000061e+01
1.425259999999999971e+00 2.997159999999999869e+01
1.430260000000000087e+00 2.984669999999999845e+01
1.435259999999999980e+00 2.972250000000000014e+01
1.440260000000000096e+00 2.959900000000000020e+01
1.445259999999999989e+00 2.947619999999999862e+01
1.450260000000000105e+00 2.935409999999999897e+01
1.455259999999999998e+00 2.923270000000000124e+01
1.460259999999999891e+00 2.911199999999999832e+01
1.465260000000000007e+00 2.899190000000000111e+01
1.470260000000000122e+00 2.887259999999999849e+01
1.475260000000000016e+00 2.875390000000000157e+01
1.480259999999999909e+00 2.863589999999999947e+01
1.485260000000000025e+00 2.851859999999999928e+01
1.490259999999999918e+00 2.840190000000000126e+01
1.495260000000000034e+00 2.828590000000000160e+01
1.500259999999999927e+00 2.817060000000000031e+01
1.505260000000000042e+00 2.805590000000000117e+01
1.510259999999999936e+00 2.794190000000000040e+01
1.515260000000000051e+00 2.782849999999999824e+01
1.520259999999999945e+00 2.771569999999999823e+01
1.525260000000000060e+00 2.760360000000000014e+01
1.530259999999999954e+00 2.749220000000000041e+01
1.535260000000000069e+00 2.738129999999999953e+01
1.540259999999999962e+00 2.727110000000000056e+01
1.545260000000000078e+00 2.716150000000000020e+01
1.550259999999999971e+00 2.705260000000000176e+01
1.555260000000000087e+00 2.694429999999999836e+01
1.560259999999999980e+00 2.683660000000000068e+01
1.565260000000000096e+00 2.672950000000000159e+01
1.570259999999999989e+00 2.662300000000000111e+01
1.575260000000000105e+00 2.651719999999999899e+01
1.580259999999999998e+00 2.641189999999999927e+01
1.585259999999999891e+00 2.630730000000000146e+01
1.590260000000000007e+00 2.620329999999999870e+01
1.595260000000000122e+00 2.609979999999999833e+01
1.600260000000000016e+00 2.599699999999999989e+01
1.605259999999999909e+00 2.589480000000000004e+01
1.610260000000000025e+00 2.579319999999999879e+01
1.615259999999999918e+00 2.569219999999999970e+01
1.620260000000000034e+00 2.559179999999999922e+01
1.625259999999999927e+00 2.549190000000000111e+01
1.630260000000000042e+00 2.539270000000000138e+01
1.635259999999999936e+00 2.529410000000000025e+01
1.640260000000000051e+00 2.519600000000000151e+01
1.645259999999999945e+00 2.509860000000000113e+01
1.650260000000000060e+00 2.500169999999999959e+01
1.655259999999999954e+00 2.490540000000000020e+01
1.660260000000000069e+00 2.480969999999999942e+01
1.665259999999999962e+00 2.471460000000000079e+01
1.670260000000000078e+00 2.462010000000000076e+01
1.675259999999999971e+00 2.452619999999999933e+01
1.680260000000000087e+00 2.443280000000000030e+01
1.685259999999999980e+00 2.433999999999999986e+01
1.690260000000000096e+00 2.424790000000000134e+01
1.695259999999999989e+00 2.415630000000000166e+01
1.700259999999999883e+00 2.406520000000000081e+01
1.705259999999999998e+00 2.397479999999999833e+01
1.710259999999999891e+00 2.388489999999999824e+01
1.715260000000000007e+00 2.379560000000000031e+01
1.720259999999999900e+00 2.370690000000000097e+01
1.725260000000000016e+00 2.361880000000000024e+01
1.730259999999999909e+00 2.353130000000000166e+01
1.735260000000000025e+00 2.344429999999999836e+01
1.740259999999999918e+00 2.335800000000000054e+01
1.745260000000000034e+00 2.327220000000000155e+01
1.750259999999999927e+00 2.318690000000000140e+01
1.755260000000000042e+00 2.310229999999999961e+01
1.760259999999999936e+00 2.301820000000000022e+01
1.765260000000000051e+00 2.293479999999999919e+01
1.770259999999999945e+00 2.285190000000000055e+01
1.775260000000000060e+00 2.276960000000000051e+01
1.780259999999999954e+00 2.268779999999999930e+01
1.785260000000000069e+00 2.260670000000000002e+01
1.790259999999999962e+00 2.252609999999999957e+01
1.795260000000000078e+00 2.244620000000000104e+01
1.800259999999999971e+00 2.236680000000000135e+01
1.805260000000000087e+00 2.228800000000000026e+01
1.810259999999999980e+00 2.220980000000000132e+01
1.815260000000000096e+00 2.213210000000000122e+01
1.820259999999999989e+00 2.205509999999999948e+01
1.825259999999999883e+00 2.197869999999999990e+01
1.830259999999999998e+00 2.190279999999999916e+01
1.835259999999999891e+00 2.182750000000000057e+01
1.840260000000000007e+00 2.175290000000000035e+01
1.845259999999999900e+00 2.167879999999999896e+01
1.850260000000000016e+00 2.160529999999999973e+01
1.855259999999999909e+00 2.153239999999999910e+01
1.860260000000000025e+00 2.146010000000000062e+01
1.865259999999999918e+00 2.138840000000000074e+01
1.870260000000000034e+00 2.131739999999999924e+01
1.875259999999999927e+00 2.124690000000000012e+01
1.880260000000000042e+00 2.117699999999999960e+01
1.885259999999999936e+00 2.110770000000000124e+01
1.890260000000000051e+00 2.103910000000000124e+01
1.895259999999999945e+00 2.097100000000000009e+01
1.900260000000000060e+00 2.090360000000000085e+01
1.905259999999999954e+00 2.083680000000000021e+01
1.910260000000000069e+00 2.077049999999999841e+01
1.915259999999999962e+00 2.070499999999999829e+01
1.920260000000000078e+00 2.064000000000000057e+01
1.925259999999999971e+00 2.057560000000000144e+01
1.930260000000000087e+00 2.051190000000000069e+01
1.935259999999999980e+00 2.044879999999999853e+01
1.940260000000000096e+00 2.038629999999999853e+01
1.945259999999999989e+00 2.032450000000000045e+01
1.950259999999999883e+00 2.026330000000000098e+01
1.955259999999999998e+00 2.020270000000000010e+01
1.960259999999999891e+00 2.014280000000000115e+01
1.965260000000000007e+00 2.008350000000000080e+01
1.970259999999999900e+00 2.002489999999999881e+01
1.975260000000000016e+00 1.996689999999999898e+01
1.980259999999999909e+00 1.990950000000000131e+01
1.985260000000000025e+00 1.985279999999999845e+01
1.990259999999999918e+00 1.979680000000000106e+01
1.995260000000000034e+00 1.974139999999999873e+01
2.000259999999999927e+00 1.968669999999999831e+01
2.005259999999999820e+00 1.963269999999999982e+01
2.010259999999999714e+00 1.957929999999999993e+01
2.015260000000000051e+00 1.952659999999999840e+01
2.020259999999999945e+00 1.947459999999999880e+01
2.025260000000000282e+00 1.942320000000000135e+01
2.030260000000000176e+00 1.937259999999999849e+01
2.035260000000000069e+00 1.932260000000000133e+01
2.040259999999999962e+00 1.927329999999999899e+01
2.045259999999999856e+00 1.922479999999999833e+01
2.050259999999999749e+00 1.917689999999999984e+01
2.055260000000000087e+00 1.912969999999999970e+01
2.060259999999999980e+00 1.908330000000000126e+01
2.065260000000000318e+00 1.903750000000000142e+01
2.070260000000000211e+00 1.899249999999999972e+01
2.075260000000000105e+00 1.894819999999999993e+01
2.080259999999999998e+00 1.890459999999999852e+01
2.085259999999999891e+00 1.886169999999999902e+01
2.090259999999999785e+00 1.881960000000000122e+01
2.095259999999999678e+00 1.877830000000000155e+01
2.100260000000000016e+00 1.873770000000000024e+01
2.105259999999999909e+00 1.869780000000000086e+01
2.110260000000000247e+00 1.865869999999999962e+01
2.115260000000000140e+00 1.862040000000000006e+01
2.120260000000000034e+00 1.858279999999999887e+01
2.125259999999999927e+00 1.854599999999999937e+01
2.130259999999999820e+00 1.851010000000000133e+01
2.135259999999999714e+00 1.847490000000000165e+01
2.140260000000000051e+00 1.844050000000000011e+01
2.145259999999999945e+00 1.840690000000000026e+01
2.150260000000000282e+00 1.837409999999999854e+01
2.155260000000000176e+00 1.834209999999999852e+01
2.160260000000000069e+00 1.831099999999999994e+01
2.165259999999999962e+00 1.828069999999999951e+01
2.170259999999999856e+00 1.825120000000000076e+01
2.175259999999999749e+00 1.822259999999999991e+01
2.180260000000000087e+00 1.819480000000000075e+01
2.185259999999999980e+00 1.816789999999999949e+01
2.190260000000000318e+00 1.814189999999999969e+01
2.195260000000000211e+00 1.811680000000000135e+01
2.200260000000000105e+00 1.809250000000000114e+01
2.205259999999999998e+00 1.806919999999999860e+01
2.210259999999999891e+00 1.804680000000000106e+01
2.215259999999999785e+00 1.802530000000000143e+01
2.220259999999999678e+00 1.800469999999999970e+01
2.225260000000000016e+00 1.798499999999999943e+01
2.230259999999999909e+00 1.796640000000000015e+01
2.235260000000000247e+00 1.794859999999999900e+01
2.240260000000000140e+00 1.793189999999999884e+01
2.245260000000000034e+00 1.791610000000000014e+01
2.250259999999999927e+00 1.790139999999999887e+01
2.255259999999999820e+00 1.788759999999999906e+01
2.260259999999999714e+00 1.787490000000000023e+01
2.265260000000000051e+00 1.786309999999999931e+01
2.270259999999999945e+00 1.785249999999999915e+01
2.275260000000000282e+00 1.784290000000000020e+01
2.280260000000000176e+00 1.783439999999999870e+01
2.285260000000000069e+00 1.782689999999999841e+01
2.290259999999999962e+00 1.782059999999999889e+01
2.295259999999999856e+00 1.781540000000000035e+01
2.300259999999999749e+00 1.781129999999999924e+01
2.305260000000000087e+00 1.780829999999999913e+01
2.310259999999999980e+00 1.780649999999999977e+01
2.315260000000000318e+00 1.780590000000000117e+01
2.320260000000000211e+00 1.780649999999999977e+01
2.325260000000000105e+00 1.780829999999999913e+01
2.330259999999999998e+00 1.781129999999999924e+01
2.335259999999999891e+00 1.781559999999999988e+01
2.340259999999999785e+00 1.782110000000000127e+01
2.345259999999999678e+00 1.782789999999999964e+01
2.350260000000000016e+00 1.783609999999999829e+01
2.355259999999999909e+00 1.784550000000000125e+01
2.360260000000000247e+00 1.785630000000000095e+01
2.365260000000000140e+00 1.786840000000000117e+01
2.370260000000000034e+00 1.788200000000000145e+01
2.375259999999999927e+00 1.789689999999999870e+01
2.380259999999999820e+00 1.791319999999999979e+01
2.385259999999999714e+00 1.793090000000000117e+01
2.390260000000000051e+00 1.795009999999999906e+01
2.395259999999999945e+00 1.797080000000000055e+01
2.400260000000000282e+00 1.799279999999999902e+01
2.405260000000000176e+00 1.801620000000000132e+01
2.410260000000000069e+00 1.804080000000000084e+01
2.415259999999999962e+00 1.806609999999999872e+01
2.420259999999999856e+00 1.808990000000000009e+01
2.425259999999999749e+00 1.807760000000000034e+01
2.430259999999999643e+00 -7.181589999999999918e+01
2.435260000000000424e+00 -7.179340000000000543e+01
2.440260000000000318e+00 -7.176059999999999661e+01
2.445260000000000211e+00 -7.172440000000000282e+01
2.450260000000000105e+00 -7.168569999999999709e+01
2.455259999999999998e+00 -7.164490000000000691e+01
2.460259999999999891e+00 -7.160209999999999297e+01
2.465259999999999785e+00 -7.155710000000000548e+01
2.470259999999999678e+00 -7.151019999999999754e+01
2.475259999999999572e+00 -7.146120000000000516e+01
2.480260000000000353e+00 -7.140999999999999659e+01
2.485260000000000247e+00 -7.135680000000000689e+01
2.490260000000000140e+00 -7.130129999999999768e+01
2.495260000000000034e+00 -7.124370000000000402e+01
2.500259999999999927e+00 -7.118380000000000507e+01
2.505259999999999820e+00 -7.112160000000000082e+01
2.510259999999999714e+00 -7.105710000000000548e+01
2.515259999999999607e+00 -7.099020000000000152e+01
2.520260000000000389e+00 -7.092090000000000316e+01
2.525260000000000282e+00 -7.084910000000000707e+01
2.530260000000000176e+00 -7.077469999999999573e+01
2.535260000000000069e+00 -7.069780000000000086e+01
2.540259999999999962e+00 -7.061820000000000164e+01
2.545259999999999856e+00 -7.053589999999999804e+01
2.550259999999999749e+00 -7.045090000000000430e+01
2.555259999999999643e+00 -7.036299999999999955e+01
2.560260000000000424e+00 -7.027230000000000132e+01
2.565260000000000318e+00 -7.017860000000000298e+01
2.570260000000000211e+00 -7.008190000000000452e+01
2.575260000000000105e+00 -6.998220000000000596e+01
2.580259999999999998e+00 -6.987930000000000064e+01
2.585259999999999891e+00 -6.977320000000000277e+01
2.590259999999999785e+00 -6.966379999999999484e+01
2.595259999999999678e+00 -6.955100000000000193e+01
2.600259999999999572e+00 -6.943479999999999563e+01
2.605260000000000353e+00 -6.931510000000000105e+01
2.610260000000000247e+00 -6.919190000000000396e+01
2.615260000000000140e+00 -6.906489999999999441e+01
2.620260000000000034e+00 -6.893420000000000414e+01
2.625259999999999927e+00 -6.879970000000000141e+01
2.630259999999999820e+00 -6.866119999999999379e+01
2.635259999999999714e+00 -6.851869999999999550e+01
2.640259999999999607e+00 -6.837210000000000321e+01
2.645260000000000389e+00 -6.822140000000000271e+01
2.650260000000000282e+00 -6.806629999999999825e+01
2.655260000000000176e+00 -6.790680000000000405e+01
2.660260000000000069e+00 -6.774290000000000589e+01
2.665259999999999962e+00 -6.757429999999999382e+01
2.670259999999999856e+00 -6.740109999999999957e+01
2.675259999999999749e+00 -6.722310000000000230e+01
2.680259999999999643e+00 -6.704019999999999868e+01
2.685260000000000424e+00 -6.685229999999999961e+01
2.690260000000000318e+00 -6.665930000000000177e+01
2.695260000000000211e+00 -6.646099999999999852e+01
2.700260000000000105e+00 -6.625740000000000407e+01
2.705259999999999998e+00 -6.604840000000000089e+01
2.710259999999999891e+00 -6.583379999999999654e+01
2.715259999999999785e+00 -6.561350000000000193e+01
2.720259999999999678e+00 -6.538750000000000284e+01
2.725259999999999572e+00 -6.515560000000000684e+01
2.730260000000000353e+00 -6.491759999999999309e+01
2.735260000000000247e+00 -6.467350000000000421e+01
2.740260000000000140e+00 -6.442319999999999425e+01
2.745260000000000034e+00 -6.416649999999999920e+01
2.750259999999999927e+00 -6.390330000000000155e+01
2.755259999999999820e+00 -6.363360000000000127e+01
2.760259999999999714e+00 -6.335719999999999885e+01
2.765259999999999607e+00 -6.307399999999999807e+01
2.770260000000000389e+00 -6.278399999999999892e+01
2.775260000000000282e+00 -6.248689999999999856e+01
2.780260000000000176e+00 -6.218280000000000030e+01
2.785260000000000069e+00 -6.187149999999999750e+01
2.790259999999999962e+00 -6.155290000000000106e+01
2.795259999999999856e+00 -6.122710000000000008e+01
2.800259999999999749e+00 -6.089379999999999882e+01
2.805259999999999643e+00 -6.055310000000000059e+01
2.810260000000000424e+00 -6.020490000000000208e+01
2.815260000000000318e+00 -5.984920000000000329e+01
2.820260000000000211e+00 -5.948579999999999757e+01
2.825260000000000105e+00 -5.911489999999999867e+01
2.830259999999999998e+00 -5.873640000000000327e+01
2.835259999999999891e+00 -5.835029999999999717e+01
2.840259999999999785e+00 -5.795660000000000167e+01
2.845259999999999678e+00 -5.755539999999999878e+01
2.850259999999999572e+00 -5.714670000000000272e+01
2.855260000000000353e+00 -5.673049999999999926e+01
2.860260000000000247e+00 -5.630709999999999837e+01
2.865260000000000140e+00 -5.587639999999999674e+01
2.870260000000000034e+00 -5.543849999999999767e+01
2.875259999999999927e+00 -5.499380000000000024e+01
2.880259999999999820e+00 -5.454220000000000113e+01
2.885259999999999714e+00 -5.408400000000000318e+01
2.890259999999999607e+00 -5.361939999999999884e+01
2.895260000000000389e+00 -5.314860000000000184e+01
2.900260000000000282e+00 -5.267190000000000083e+01
2.905260000000000176e+00 -5.218950000000000244e+01
2.910260000000000069e+00 -5.170170000000000243e+01
2.915259999999999962e+00 -5.120889999999999986e+01
2.920259999999999856e+00 -5.071139999999999759e+01
2.925259999999999749e+00 -5.020940000000000225e+01
2.930259999999999643e+00 -4.970340000000000202e+01
2.935260000000000424e+00 -4.919380000000000308e+01
2.940260000000000318e+00 -4.868099999999999739e+01
2.945260000000000211e+00 -4.816530000000000200e+01
2.950260000000000105e+00 -4.764730000000000132e+01
2.955259999999999998e+00 -4.712720000000000198e+01
2.960259999999999891e+00 -4.660569999999999879e+01
2.965259999999999785e+00 -4.608310000000000173e+01
2.970259999999999678e+00 -4.555980000000000274e+01
2.975259999999999572e+00 -4.503649999999999665e+01
2.980260000000000353e+00 -4.451339999999999719e+01
2.985260000000000247e+00 -4.399099999999999966e+01
2.990260000000000140e+00 -4.346990000000000265e+01
2.995260000000000034e+00 -4.295040000000000191e+01
3.000259999999999927e+00 -4.243289999999999651e+01
3.005259999999999820e+00 -4.191799999999999926e+01
3.010259999999999714e+00 -4.140599999999999881e+01
3.015259999999999607e+00 -4.089730000000000132e+01
3.020260000000000389e+00 -4.039220000000000255e+01
3.025260000000000282e+00 -3.989119999999999777e+01
3.030260000000000176e+00 -3.939470000000000027e+01
3.035260000000000069e+00 -3.890279999999999916e+01
3.040259999999999962e+00 -3.841599999999999682e+01
3.045259999999999856e+00 -3.793449999999999989e+01
3.050259999999999749e+00 -3.745859999999999701e+01
3.055259999999999643e+00 -3.698859999999999815e+01
3.060260000000000424e+00 -3.652450000000000330e+01
3.065260000000000318e+00 -3.606680000000000064e+01
3.070260000000000211e+00 -3.561549999999999727e+01
3.075260000000000105e+00 -3.517079999999999984e+01
3.080259999999999998e+00 -3.473290000000000077e+01
3.085259999999999891e+00 -3.430180000000000007e+01
3.090259999999999785e+00 -3.387769999999999726e+01
3.095259999999999678e+00 -3.346059999999999945e+01
3.100259999999999572e+00 -3.305069999999999908e+01
3.105260000000000353e+00 -3.264789999999999992e+01
3.110260000000000247e+00 -3.225240000000000151e+01
3.115260000000000140e+00 -3.186400000000000077e+01
3.120260000000000034e+00 -3.148290000000000077e+01
3.125259999999999927e+00 -3.110900000000000176e+01
3.130259999999999820e+00 -3.074230000000000018e+01
3.135259999999999714e+00 -3.038269999999999982e+01
3.140259999999999607e+00 -3.003030000000000044e+01
3.145260000000000389e+00 -2.968489999999999895e+01
3.150260000000000282e+00 -2.934649999999999892e+01
3.155260000000000176e+00 -2.901500000000000057e+01
3.160260000000000069e+00 -2.869040000000000035e+01
3.165259999999999962e+00 -2.837259999999999849e+01
3.170259999999999856e+00 -2.806149999999999878e+01
3.175259999999999749e+00 -2.775690000000000168e+01
3.180259999999999643e+00 -2.745889999999999986e+01
3.185260000000000424e+00 -2.716720000000000113e+01
3.190260000000000318e+00 -2.688179999999999836e+01
3.195260000000000211e+00 -2.660259999999999891e+01
3.200260000000000105e+00 -2.632949999999999946e+01
3.205259999999999998e+00 -2.606230000000000047e+01
3.210259999999999891e+00 -2.580099999999999838e+01
3.215259999999999785e+00 -2.554530000000000101e+01
3.220259999999999678e+00 -2.529530000000000101e+01
3.225259999999999572e+00 -2.505079999999999885e+01
3.230260000000000353e+00 -2.481169999999999831e+01
3.235260000000000247e+00 -2.457789999999999964e+01
3.240260000000000140e+00 -2.434919999999999973e+01
3.245260000000000034e+00 -2.412549999999999883e+01
3.250259999999999927e+00 -2.390680000000000049e+01
3.255259999999999820e+00 -2.369290000000000163e+01
3.260259999999999714e+00 -2.348369999999999891e+01
3.265259999999999607e+00 -2.327909999999999968e+01
3.270260000000000389e+00 -2.307890000000000086e+01
3.275260000000000282e+00 -2.288319999999999865e+01
3.280260000000000176e+00 -2.269180000000000064e+01
3.285260000000000069e+00 -2.250450000000000017e+01
3.290259999999999962e+00 -2.232130000000000081e+01
3.295259999999999856e+00 -2.214209999999999923e+01
3.300259999999999749e+00 -2.196679999999999922e+01
3.305259999999999643e+00 -2.179520000000000124e+01
3.310260000000000424e+00 -2.162740000000000151e+01
3.315260000000000318e+00 -2.146320000000000050e+01
3.320260000000000211e+00 -2.130239999999999867e+01
3.325260000000000105e+00 -2.114509999999999934e+01
3.330259999999999998e+00 -2.099119999999999919e+01
3.335259999999999891e+00 -2.084039999999999893e+01
3.340259999999999785e+00 -2.069290000000000163e+01
3.345259999999999678e+00 -2.054850000000000065e+01
3.350259999999999572e+00 -2.040700000000000003e+01
3.355260000000000353e+00 -2.026859999999999928e+01
3.360260000000000247e+00 -2.013289999999999935e+01
3.365260000000000140e+00 -2.000009999999999977e+01
3.370260000000000034e+00 -1.987000000000000099e+01
3.375259999999999927e+00 -1.974259999999999948e+01
3.380259999999999820e+00 -1.961769999999999925e+01
3.385259999999999714e+00 -1.949540000000000006e+01
3.390259999999999607e+00 -1.937549999999999883e+01
3.395260000000000389e+00 -1.925799999999999912e+01
3.400260000000000282e+00 -1.914290000000000092e+01
3.405260000000000176e+00 -1.903000000000000114e+01
3.410260000000000069e+00 -1.891929999999999978e+01
3.415259999999999962e+00 -1.881090000000000018e+01
3.420259999999999856e+00 -1.870449999999999946e+01
3.425259999999999749e+00 -1.860010000000000119e+01
3.430259999999999643e+00 -1.849780000000000157e+01
3.435260000000000424e+00 -1.839740000000000109e+01
3.440260000000000318e+00 -1.829889999999999972e+01
3.445260000000000211e+00 -1.820230000000000103e+01
3.450260000000000105e+00 -1.810750000000000171e+01
3.455259999999999998e+00 -1.801450000000000173e+01
3.460259999999999891e+00 -1.792310000000000159e+01
3.465259999999999785e+00 -1.783350000000000080e+01
3.470259999999999678e+00 -1.774540000000000006e+01
3.475259999999999572e+00 -1.765899999999999892e+01
3.480260000000000353e+00 -1.757410000000000139e+01
3.485260000000000247e+00 -1.749070000000000036e+01
3.490260000000000140e+00 -1.740879999999999939e+01
3.495260000000000034e+00 -1.732839999999999847e+01
3.500259999999999927e+00 -1.724930000000000163e+01
3.505259999999999820e+00 -1.717160000000000153e+01
3.510259999999999714e+00 -1.709530000000000172e+01
3.515259999999999607e+00 -1.702019999999999911e+01
3.520260000000000389e+00 -1.694640000000000057e+01
3.525260000000000282e+00 -1.687389999999999901e+01
3.530260000000000176e+00 -1.680249999999999844e+01
3.535260000000000069e+00 -1.673229999999999862e+01
3.540259999999999962e+00 -1.666329999999999956e+01
3.545259999999999856e+00 -1.659540000000000148e+01
3.550259999999999749e+00 -1.652860000000000085e+01
3.555259999999999643e+00 -1.646280000000000143e+01
3.560260000000000424e+00 -1.639809999999999945e+01
3.565260000000000318e+00 -1.633439999999999870e+01
3.570260000000000211e+00 -1.627169999999999916e+01
3.575260000000000105e+00 -1.620990000000000109e+01
3.580259999999999998e+00 -1.614910000000000068e+01
3.585259999999999891e+00 -1.608920000000000172e+01
3.590259999999999785e+00 -1.603020000000000067e+01
3.595259999999999678e+00 -1.597199999999999953e+01
3.600259999999999572e+00 -1.591479999999999961e+01
3.605259999999999909e+00 -1.585829999999999984e+01
3.610259999999999803e+00 -1.580259999999999998e+01
3.615260000000000140e+00 -1.574779999999999980e+01
3.620260000000000034e+00 -1.569369999999999976e+01
3.625259999999999927e+00 -1.564029999999999987e+01
3.630259999999999820e+00 -1.558769999999999989e+01
3.635259999999999714e+00 -1.553580000000000005e+01
3.640259999999999607e+00 -1.548460000000000036e+01
3.645259999999999945e+00 -1.543410000000000082e+01
3.650259999999999838e+00 -1.538419999999999987e+01
3.655260000000000176e+00 -1.533500000000000085e+01
3.660260000000000069e+00 -1.528640000000000043e+01
3.665259999999999962e+00 -1.523850000000000016e+01
3.670259999999999856e+00 -1.519110000000000049e+01
3.675259999999999749e+00 -1.514429999999999943e+01
3.680259999999999643e+00 -1.509810000000000052e+01
3.685259999999999980e+00 -1.505240000000000045e+01
3.690259999999999874e+00 -1.500730000000000075e+01
3.695260000000000211e+00 -1.496269999999999989e+01
3.700260000000000105e+00 -1.491859999999999964e+01
3.705259999999999998e+00 -1.487509999999999977e+01
3.710259999999999891e+00 -1.483200000000000074e+01
3.715259999999999785e+00 -1.478940000000000055e+01
3.720259999999999678e+00 -1.474729999999999919e+01
3.725259999999999572e+00 -1.470560000000000045e+01
3.730259999999999909e+00 -1.466430000000000078e+01
3.735259999999999803e+00 -1.462349999999999994e+01
3.740260000000000140e+00 -1.458309999999999995e+01
3.745260000000000034e+00 -1.454320000000000057e+01
3.750259999999999927e+00 -1.450360000000000049e+01
3.755259999999999820e+00 -1.446439999999999948e+01
3.760259999999999714e+00 -1.442559999999999931e+01
3.765259999999999607e+00 -1.438719999999999999e+01
3.770259999999999945e+00 -1.434909999999999997e+01
3.775259999999999838e+00 -1.431140000000000079e+01
3.780260000000000176e+00 -1.427399999999999913e+01
3.785260000000000069e+00 -1.423690000000000033e+01
3.790259999999999962e+00 -1.420020000000000060e+01
3.795259999999999856e+00 -1.416380000000000017e+01
3.800259999999999749e+00 -1.412770000000000081e+01
3.805259999999999643e+00 -1.409190000000000076e+01
3.810259999999999980e+00 -1.405640000000000001e+01
3.815259999999999874e+00 -1.402110000000000056e+01
3.820260000000000211e+00 -1.398620000000000019e+01
3.825260000000000105e+00 -1.395149999999999935e+01
3.830259999999999998e+00 -1.391709999999999958e+01
3.835259999999999891e+00 -1.388289999999999935e+01
3.840259999999999785e+00 -1.384890000000000043e+01
3.845259999999999678e+00 -1.381530000000000058e+01
3.850259999999999572e+00 -1.378180000000000049e+01
3.855259999999999909e+00 -1.374859999999999971e+01
3.860259999999999803e+00 -1.371560000000000024e+01
3.865260000000000140e+00 -1.368280000000000030e+01
3.870260000000000034e+00 -1.365019999999999989e+01
3.875259999999999927e+00 -1.361780000000000079e+01
3.880259999999999820e+00 -1.358559999999999945e+01
3.885259999999999714e+00 -1.355359999999999943e+01
3.890259999999999607e+00 -1.352180000000000071e+01
3.895259999999999945e+00 -1.349009999999999998e+01
3.900259999999999838e+00 -1.345860000000000056e+01
3.905260000000000176e+00 -1.342730000000000068e+01
3.910260000000000069e+00 -1.339620000000000033e+01
3.915259999999999962e+00 -1.336519999999999975e+01
3.920259999999999856e+00 -1.333430000000000071e+01
3.925259999999999749e+00 -1.330359999999999943e+01
3.930259999999999643e+00 -1.327309999999999945e+01
3.935259999999999980e+00 -1.324259999999999948e+01
3.940259999999999874e+00 -1.321230000000000082e+01
3.945260000000000211e+00 -1.318219999999999992e+01
3.950260000000000105e+00 -1.315210000000000079e+01
3.955259999999999998e+00 -1.312219999999999942e+01
3.960259999999999891e+00 -1.309229999999999983e+01
3.965259999999999785e+00 -1.306259999999999977e+01
3.970259999999999678e+00 -1.303299999999999947e+01
3.975259999999999572e+00 -1.300350000000000072e+01
3.980259999999999909e+00 -1.297400000000000020e+01
3.985259999999999803e+00 -1.294469999999999921e+01
3.990260000000000140e+00 -1.291549999999999976e+01
3.995260000000000034e+00 -1.288630000000000031e+01
4.000259999999999927e+00 -1.285720000000000063e+01
4.005259999999999820e+00 -1.282809999999999917e+01
4.010259999999999714e+00 -1.279920000000000080e+01
4.015259999999999607e+00 -1.277030000000000065e+01
4.020260000000000389e+00 -1.274150000000000027e+01
4.025259999999999394e+00 -1.271269999999999989e+01
4.030260000000000176e+00 -1.268399999999999928e+01
4.035260000000000069e+00 -1.265530000000000044e+01
4.040259999999999962e+00 -1.262659999999999982e+01
4.045259999999999856e+00 -1.259810000000000052e+01
4.050259999999999749e+00 -1.256949999999999967e+01
4.055259999999999643e+00 -1.254100000000000037e+01
4.060259999999999536e+00 -1.251249999999999929e+01
4.065260000000000318e+00 -1.248399999999999999e+01
4.070260000000000211e+00 -1.245560000000000045e+01
4.075260000000000105e+00 -1.242719999999999914e+01
4.080259999999999998e+00 -1.239879999999999960e+01
4.085259999999999891e+00 -1.237040000000000006e+01
4.090259999999999785e+00 -1.234200000000000053e+01
4.095259999999999678e+00 -1.231359999999999921e+01
4.100259999999999572e+00 -1.228529999999999944e+01
4.105259999999999465e+00 -1.225689999999999991e+01
4.110260000000000247e+00 -1.222850000000000037e+01
4.115260000000000140e+00 -1.220020000000000060e+01
4.120260000000000034e+00 -1.217179999999999929e+01
4.125259999999999927e+00 -1.214339999999999975e+01
4.130259999999999820e+00 -1.211490000000000045e+01
4.135259999999999714e+00 -1.208649999999999913e+01
4.140259999999999607e+00 -1.205799999999999983e+01
4.145260000000000389e+00 -1.202950000000000053e+01
4.150259999999999394e+00 -1.200099999999999945e+01
4.155260000000000176e+00 -1.197250000000000014e+01
4.160260000000000069e+00 -1.194389999999999930e+01
4.165259999999999962e+00 -1.191530000000000022e+01
4.170259999999999856e+00 -1.188659999999999961e+01
4.175259999999999749e+00 -1.185790000000000077e+01
4.180259999999999643e+00 -1.182910000000000039e+01
4.185259999999999536e+00 -1.180030000000000001e+01
4.190260000000000318e+00 -1.177139999999999986e+01
4.195260000000000211e+00 -1.174249999999999972e+01
4.200260000000000105e+00 -1.171349999999999980e+01
4.205259999999999998e+00 -1.168449999999999989e+01
4.210259999999999891e+00 -1.165540000000000020e+01
4.215259999999999785e+00 -1.162620000000000076e+01
4.220259999999999678e+00 -1.159689999999999976e+01
4.225259999999999572e+00 -1.156760000000000055e+01
4.230259999999999465e+00 -1.153819999999999979e+01
4.235260000000000247e+00 -1.150869999999999926e+01
4.240260000000000140e+00 -1.147920000000000051e+01
4.245260000000000034e+00 -1.144950000000000045e+01
4.250259999999999927e+00 -1.141970000000000063e+01
4.255259999999999820e+00 -1.138990000000000080e+01
4.260259999999999714e+00 -1.135999999999999943e+01
4.265259999999999607e+00 -1.132990000000000030e+01
4.270260000000000389e+00 -1.129979999999999940e+01
4.275259999999999394e+00 -1.126950000000000074e+01
4.280260000000000176e+00 -1.123920000000000030e+01
4.285260000000000069e+00 -1.120870000000000033e+01
4.290259999999999962e+00 -1.117810000000000059e+01
4.295259999999999856e+00 -1.114739999999999931e+01
4.300259999999999749e+00 -1.111660000000000004e+01
4.305259999999999643e+00 -1.108569999999999922e+01
4.310259999999999536e+00 -1.105460000000000065e+01
4.315260000000000318e+00 -1.102340000000000053e+01
4.320260000000000211e+00 -1.099210000000000065e+01
4.325260000000000105e+00 -1.096059999999999945e+01
4.330259999999999998e+00 -1.092900000000000027e+01
4.335259999999999891e+00 -1.089729999999999954e+01
4.340259999999999785e+00 -1.086539999999999928e+01
4.345259999999999678e+00 -1.083339999999999925e+01
4.350259999999999572e+00 -1.080119999999999969e+01
4.355259999999999465e+00 -1.076890000000000036e+01
4.360260000000000247e+00 -1.073639999999999972e+01
4.365260000000000140e+00 -1.070369999999999955e+01
4.370260000000000034e+00 -1.067089999999999961e+01
4.375259999999999927e+00 -1.063790000000000013e+01
4.380259999999999820e+00 -1.060479999999999912e+01
4.385259999999999714e+00 -1.057150000000000034e+01
4.390259999999999607e+00 -1.053800000000000026e+01
4.395260000000000389e+00 -1.050430000000000064e+01
4.400259999999999394e+00 -1.047039999999999971e+01
4.405260000000000176e+00 -1.043640000000000079e+01
4.410260000000000069e+00 -1.040220000000000056e+01
4.415259999999999962e+00 -1.036780000000000079e+01
4.420259999999999856e+00 -1.033309999999999995e+01
4.425259999999999749e+00 -1.029829999999999934e+01
4.430260000000000531e+00 -1.026329999999999920e+01
4.435259999999999536e+00 -1.022809999999999953e+01
4.440260000000000318e+00 -1.019270000000000032e+01
4.445260000000000211e+00 -1.015709999999999980e+01
4.450260000000000105e+00 -1.012129999999999974e+01
4.455259999999999998e+00 -1.008520000000000039e+01
4.460259999999999891e+00 -1.004889999999999972e+01
4.465259999999999785e+00 -1.001249999999999929e+01
4.470259999999999678e+00 -9.975699999999999790e+00
4.475260000000000460e+00 -9.938800000000000523e+00
4.480259999999999465e+00 -9.901600000000000179e+00
4.485260000000000247e+00 -9.864200000000000301e+00
4.490260000000000140e+00 -9.826599999999999113e+00
4.495260000000000034e+00 -9.788700000000000401e+00
4.500259999999999927e+00 -9.750600000000000378e+00
4.505259999999999820e+00 -9.712199999999999278e+00
4.510260000000000602e+00 -9.673600000000000421e+00
4.515259999999999607e+00 -9.634700000000000486e+00
4.520260000000000389e+00 -9.595499999999999474e+00
4.525259999999999394e+00 -9.556100000000000705e+00
4.530260000000000176e+00 -9.516500000000000625e+00
4.535260000000000069e+00 -9.476499999999999702e+00
4.540259999999999962e+00 -9.436299999999999244e+00
