 10  8  9  3 00  0  0  0  0
nnn_pot
  8                                                            Z1  BVs 1 - 8
  8 12
                                                36.899113   1.708493    
                                                11.491525   1.698545    
                                                9.453091    1.308369    
                                                7.655390    1.276725    
                                                6.290339    0.991298    
                                                4.584061    0.342380    
                                                2.034667    0.328320    
                                                1.839787    0.239256    
   35.812682    9.538403    2.127073    1.345561    1.290813    0.698218
    0.164290    0.044938    0.005056    0.005043    0.005028    0.001078
  1  1
          1.

  1  1
                      1.

  1  1
                                  1.

  1  1
                                              1.

  1  1
                                                          1.

  1  1
                                                                      1.

  1  1

          1.
  1  1

                      1.
  8                                                            Z2  BVs 9 - 16
  8 12
                                                37.965565   0.045651    
                                                1.365324    0.038298    
                                                0.747402    0.034568    
                                                0.485731    0.026177    
                                                0.472511    0.010760    
                                                0.376563    0.005510    
                                                0.316377    0.004151    
                                                0.085229    0.003960    
   31.233143   11.583274    2.127059    1.345561    0.573032    0.292453
    0.044352    0.011104    0.005329    0.005039    0.004562    0.001050
  1  1
          1.

  1  1
                      1.

  1  1
                                  1.

  1  1
                                              1.

  1  1
                                                          1.

  1  1
                                                                      1.

  1  1

          1.
  1  1

                      1.
  4                                                            Z3  BVs 17 - 20
  4 12
                                                0.310968    0.056190    
                                                0.253284    0.018568    
                                                0.148842    0.004021    
                                                0.064329    0.004021    
   11.589993   11.240572    2.129736    1.396065    0.985287    0.292325
    0.041094    0.040445    0.004915    0.004105    0.003401    0.001553
  1  1
          1.
  1  1
                      1.
  1  1
                                  1.
  1  1
                                              1.
  8                                                            Z4  BVs 21 - 28
  8 12
                                                20.963827   5.605282    
                                                18.893789   5.603552    
                                                17.708590   5.355033    
                                                11.561567   1.131293    
                                                10.296027   1.075748    
                                                9.464712    0.389670    
                                                5.933073    0.339527    
                                                5.792431    0.091459    
  155.593109   27.482611   14.763422   14.216827    4.752680    1.852348
    0.406689    0.127411    0.092889    0.010483    0.003776    0.002851
  1  1
          1.

  1  1
                      1.

  1  1
                                  1.

  1  1
                                              1.

  1  1
                                                          1.

  1  1
                                                                      1.

  1  1

          1.
  1  1

                      1.
  8                                                            Z5  BVs 29 - 36
  8 12
                                                35.587276   0.056604    
                                                32.478910   0.035613    
                                                0.595089    0.030512    
                                                0.585413    0.018065    
                                                0.501322    0.017258    
                                                0.294760    0.017074    
                                                0.091735    0.012442    
                                                0.061498    0.004222    
  120.348488   19.886660   19.044605   15.735489    9.451291    4.142370
    1.795593    1.361067    0.829036    0.167287    0.004866    0.001038
  1  1
          1.

  1  1
                      1.

  1  1
                                  1.

  1  1
                                              1.

  1  1
                                                          1.

  1  1
                                                                      1.

  1  1

          1.
  1  1

                      1.
  4                                                            Z6  BVs 37 - 40
  4 12
                                                0.071812    0.033058    
                                                0.062434    0.015532    
                                                0.040763    0.015507    
                                                0.033201    0.009467    
   27.484362    9.232287    9.223705    5.799606    0.552575    0.105148
    0.084583    0.042536    0.010488    0.006819    0.003130    0.002853
  1  1
          1.
  1  1
                      1.
  1  1
                                  1.
  1  1
                                              1.
eob-tni/np3s_np3s_12-34_np3s_np3s_12-34
elu-tni/000-0_000-0
eob-tni/np3s_np3s_12-34_np3s_np3s_12-34
elu-tni/000-0_000-0
eob-tni/np3s_np3s_12-34_np3s_np3s_12-34
elu-tni/000-0_000-0
eob-tni/np3s_np3s_12-34_np3s_np3s_12-34
elu-tni/000-0_000-0
eob-tni/np3s_np3s_12-34_np3s_np3s_12-34
elu-tni/000-0_000-0
eob-tni/np3s_np3s_12-34_np3s_np3s_12-34
elu-tni/000-0_000-0
eob-tni/tp_123-4_np3s_np3s_12-34
elu-tni/000-0_000-0
eob-tni/tp_123-4_np3s_np3s_12-34
elu-tni/000-0_000-0
eob-tni/tp_123-4_np3s_np3s_12-34
elu-tni/000-0_000-0
eob-tni/tp_123-4_tp_123-4
elu-tni/000-0_000-0
eob-tni/tp_123-4_np3s_np3s_12-34
elu-tni/000-0_000-0
eob-tni/tp_123-4_np3s_np3s_12-34
elu-tni/000-0_000-0
eob-tni/tp_123-4_np3s_np3s_12-34
elu-tni/000-0_000-0
eob-tni/tp_123-4_tp_123-4
elu-tni/000-0_000-0
eob-tni/tp_123-4_tp_123-4
elu-tni/000-0_000-0
eob-tni/tp_123-4_np3s_np3s_12-34
elu-tni/000-0_000-0
eob-tni/tp_123-4_np3s_np3s_12-34
elu-tni/000-0_000-0
eob-tni/tp_123-4_np3s_np3s_12-34
elu-tni/000-0_000-0
eob-tni/tp_123-4_tp_123-4
elu-tni/000-0_000-0
eob-tni/tp_123-4_tp_123-4
elu-tni/000-0_000-0
eob-tni/tp_123-4_tp_123-4
elu-tni/000-0_000-0
