 10  8  9  3 00  0  0  0  0
nnn_pot
  8                                                            Z1  BVs 1 - 8
  8 12
                                                95.685921   13.593572   
                                                29.589809   9.475341    
                                                27.108349   3.412073    
                                                22.654623   2.122130    
                                                22.086165   0.996753    
                                                18.580526   0.936216    
                                                18.344385   0.648125    
                                                18.080883   0.265391    
   24.636742   18.717968    1.641072    1.444995    0.586382    0.510211
    0.038030    0.015576    0.011700    0.009902    0.006193    0.005310
  1  1
          1.

  1  1
                      1.

  1  1
                                  1.

  1  1
                                              1.

  1  1
                                                          1.

  1  1
                                                                      1.

  1  1

          1.
  1  1

                      1.
  8                                                            Z2  BVs 9 - 16
  8 12
                                                35.588312   0.078613    
                                                29.589779   0.047586    
                                                22.160948   0.046685    
                                                16.200237   0.044220    
                                                13.335165   0.024858    
                                                4.029445    0.023503    
                                                2.791131    0.013268    
                                                0.091249    0.006680    
   25.793394   22.877195    1.682460    0.673674    0.580701    0.434030
    0.051109    0.021721    0.013101    0.010262    0.005281    0.005049
  1  1
          1.

  1  1
                      1.

  1  1
                                  1.

  1  1
                                              1.

  1  1
                                                          1.

  1  1
                                                                      1.

  1  1

          1.
  1  1

                      1.
  8                                                            Z3  BVs 17 - 24
  8 12
                                                23.712551   0.122231    
                                                22.741192   0.109476    
                                                17.166059   0.068007    
                                                15.800892   0.048988    
                                                0.964964    0.031601    
                                                0.947254    0.008340    
                                                0.242807    0.005034    
                                                0.164193    0.002775    
  146.614746   28.970932   16.959730    0.581032    0.113981    0.049972
    0.037440    0.037426    0.011377    0.008414    0.005552    0.004394
  1  1
          1.

  1  1
                      1.

  1  1
                                  1.

  1  1
                                              1.

  1  1
                                                          1.

  1  1
                                                                      1.

  1  1

          1.
  1  1

                      1.
  2                                                            Z4  BVs 25 - 26
  2 12
                                                26.113405   0.018279    
                                                0.022477    0.005313    
   21.296124    2.390858    1.638869    1.031385    0.518473    0.104568
    0.043715    0.043268    0.043136    0.016269    0.006809    0.004606
  1  1
          1.
  1  1
                      1.
  8                                                            Z5  BVs 27 - 34
  8 12
                                                19.782583   5.133310    
                                                15.293475   5.131433    
                                                14.645039   2.404673    
                                                11.459829   2.001405    
                                                10.364132   0.970351    
                                                7.996579    0.898333    
                                                7.437052    0.661224    
                                                5.703943    0.511577    
   30.190386   23.334335   19.964962   11.978718    7.905886    0.608672
    0.602050    0.435308    0.030709    0.022779    0.007721    0.005492
  1  1
          1.

  1  1
                      1.

  1  1
                                  1.

  1  1
                                              1.

  1  1
                                                          1.

  1  1
                                                                      1.

  1  1

          1.
  1  1

                      1.
  8                                                            Z6  BVs 35 - 42
  8 12
                                                76.058075   0.099100    
                                                4.908789    0.059344    
                                                1.482950    0.044658    
                                                0.421678    0.032932    
                                                0.366245    0.024884    
                                                0.306463    0.022917    
                                                0.291983    0.019271    
                                                0.157588    0.004048    
   27.513277   26.398214   22.358712   14.572577    8.274285    4.444909
    1.179620    0.891442    0.648946    0.074543    0.022781    0.004540
  1  1
          1.

  1  1
                      1.

  1  1
                                  1.

  1  1
                                              1.

  1  1
                                                          1.

  1  1
                                                                      1.

  1  1

          1.
  1  1

                      1.
  8                                                            Z7  BVs 43 - 50
  8 12
                                                57.701134   0.038696    
                                                37.130603   0.035591    
                                                12.155765   0.027327    
                                                0.414097    0.027263    
                                                0.270048    0.023420    
                                                0.237311    0.021462    
                                                0.060782    0.008939    
                                                0.048316    0.008819    
   36.655731   31.130734   25.791936   11.871143   10.014930    6.772667
    0.604453    0.245808    0.116772    0.114154    0.012921    0.004474
  1  1
          1.

  1  1
                      1.

  1  1
                                  1.

  1  1
                                              1.

  1  1
                                                          1.

  1  1
                                                                      1.

  1  1

          1.
  1  1

                      1.
  2                                                            Z8  BVs 51 - 52
  2 12
                                                0.043594    0.021055    
                                                0.025123    0.003323    
   22.336817   20.752493   19.686007   13.495028    9.888604    1.977261
    0.425669    0.364463    0.282467    0.065326    0.021447    0.005978
  1  1
          1.
  1  1
                      1.
eob-tni/np3s_np3s_12-34_np3s_np3s_12-34
elu-tni/000-0_000-0
eob-tni/np3s_np3s_12-34_np3s_np3s_12-34
elu-tni/000-0_000-0
eob-tni/np3s_np3s_12-34_np3s_np3s_12-34
elu-tni/000-0_000-0
eob-tni/np3s_np3s_12-34_np3s_np3s_12-34
elu-tni/000-0_000-0
eob-tni/np3s_np3s_12-34_np3s_np3s_12-34
elu-tni/000-0_000-0
eob-tni/np3s_np3s_12-34_np3s_np3s_12-34
elu-tni/000-0_000-0
eob-tni/np3s_np3s_12-34_np3s_np3s_12-34
elu-tni/000-0_000-0
eob-tni/np3s_np3s_12-34_np3s_np3s_12-34
elu-tni/000-0_000-0
eob-tni/np3s_np3s_12-34_np3s_np3s_12-34
elu-tni/000-0_000-0
eob-tni/np3s_np3s_12-34_np3s_np3s_12-34
elu-tni/000-0_000-0
eob-tni/tp_123-4_np3s_np3s_12-34
elu-tni/000-0_000-0
eob-tni/tp_123-4_np3s_np3s_12-34
elu-tni/000-0_000-0
eob-tni/tp_123-4_np3s_np3s_12-34
elu-tni/000-0_000-0
eob-tni/tp_123-4_np3s_np3s_12-34
elu-tni/000-0_000-0
eob-tni/tp_123-4_tp_123-4
elu-tni/000-0_000-0
eob-tni/tp_123-4_np3s_np3s_12-34
elu-tni/000-0_000-0
eob-tni/tp_123-4_np3s_np3s_12-34
elu-tni/000-0_000-0
eob-tni/tp_123-4_np3s_np3s_12-34
elu-tni/000-0_000-0
eob-tni/tp_123-4_np3s_np3s_12-34
elu-tni/000-0_000-0
eob-tni/tp_123-4_tp_123-4
elu-tni/000-0_000-0
eob-tni/tp_123-4_tp_123-4
elu-tni/000-0_000-0
eob-tni/tp_123-4_np3s_np3s_12-34
elu-tni/000-0_000-0
eob-tni/tp_123-4_np3s_np3s_12-34
elu-tni/000-0_000-0
eob-tni/tp_123-4_np3s_np3s_12-34
elu-tni/000-0_000-0
eob-tni/tp_123-4_np3s_np3s_12-34
elu-tni/000-0_000-0
eob-tni/tp_123-4_tp_123-4
elu-tni/000-0_000-0
eob-tni/tp_123-4_tp_123-4
elu-tni/000-0_000-0
eob-tni/tp_123-4_tp_123-4
elu-tni/000-0_000-0
eob-tni/tp_123-4_np3s_np3s_12-34
elu-tni/000-0_000-0
eob-tni/tp_123-4_np3s_np3s_12-34
elu-tni/000-0_000-0
eob-tni/tp_123-4_np3s_np3s_12-34
elu-tni/000-0_000-0
eob-tni/tp_123-4_np3s_np3s_12-34
elu-tni/000-0_000-0
eob-tni/tp_123-4_tp_123-4
elu-tni/000-0_000-0
eob-tni/tp_123-4_tp_123-4
elu-tni/000-0_000-0
eob-tni/tp_123-4_tp_123-4
elu-tni/000-0_000-0
eob-tni/tp_123-4_tp_123-4
elu-tni/000-0_000-0
