1.000000000000000021e-02 1.000000000000000000e+00
1.700000000000000122e-02 1.000026000000000082e+00
2.400000000000000050e-02 1.000029000000000057e+00
3.099999999999999978e-02 1.000011999999999901e+00
3.799999999999999906e-02 1.000002000000000058e+00
4.499999999999999833e-02 1.000000000000000000e+00
5.199999999999999761e-02 1.000000999999999918e+00
5.899999999999999689e-02 1.000000000000000000e+00
6.600000000000000311e-02 1.000000000000000000e+00
7.299999999999999545e-02 1.000002000000000058e+00
8.000000000000000167e-02 1.000007000000000090e+00
8.699999999999999400e-02 1.000013999999999958e+00
9.400000000000000022e-02 1.000024000000000024e+00
1.010000000000000064e-01 1.000032999999999950e+00
1.079999999999999988e-01 1.000040999999999958e+00
1.150000000000000050e-01 1.000046999999999908e+00
1.219999999999999973e-01 1.000050000000000106e+00
1.290000000000000036e-01 1.000051000000000023e+00
1.360000000000000098e-01 1.000048999999999966e+00
1.429999999999999882e-01 1.000045999999999990e+00
1.499999999999999944e-01 1.000042000000000098e+00
1.570000000000000007e-01 1.000037000000000065e+00
1.640000000000000069e-01 1.000032000000000032e+00
1.710000000000000131e-01 1.000027999999999917e+00
1.779999999999999916e-01 1.000024000000000024e+00
1.849999999999999978e-01 1.000019999999999909e+00
1.920000000000000040e-01 1.000016999999999934e+00
1.990000000000000102e-01 1.000015000000000098e+00
2.059999999999999887e-01 1.000013000000000041e+00
2.129999999999999949e-01 1.000011999999999901e+00
2.200000000000000011e-01 1.000010999999999983e+00
2.270000000000000073e-01 1.000010000000000066e+00
2.340000000000000135e-01 1.000010000000000066e+00
2.409999999999999920e-01 1.000010000000000066e+00
2.479999999999999982e-01 1.000010000000000066e+00
2.550000000000000044e-01 1.000010999999999983e+00
2.620000000000000107e-01 1.000011999999999901e+00
2.690000000000000169e-01 1.000013000000000041e+00
2.760000000000000231e-01 1.000015000000000098e+00
2.829999999999999738e-01 1.000016000000000016e+00
2.899999999999999800e-01 1.000018000000000074e+00
2.969999999999999862e-01 1.000021000000000049e+00
3.039999999999999925e-01 1.000023000000000106e+00
3.109999999999999987e-01 1.000026000000000082e+00
3.180000000000000049e-01 1.000029000000000057e+00
3.250000000000000111e-01 1.000032000000000032e+00
3.320000000000000173e-01 1.000035000000000007e+00
3.390000000000000235e-01 1.000037999999999982e+00
3.459999999999999742e-01 1.000040999999999958e+00
3.529999999999999805e-01 1.000043999999999933e+00
3.599999999999999867e-01 1.000048000000000048e+00
3.669999999999999929e-01 1.000051000000000023e+00
3.739999999999999991e-01 1.000053999999999998e+00
3.810000000000000053e-01 1.000056999999999974e+00
3.880000000000000115e-01 1.000059999999999949e+00
3.950000000000000178e-01 1.000062999999999924e+00
4.020000000000000240e-01 1.000065999999999899e+00
4.089999999999999747e-01 1.000069000000000097e+00
4.159999999999999809e-01 1.000070999999999932e+00
4.229999999999999871e-01 1.000072999999999990e+00
4.299999999999999933e-01 1.000075000000000047e+00
4.369999999999999996e-01 1.000077000000000105e+00
4.440000000000000058e-01 1.000078999999999940e+00
4.510000000000000120e-01 1.000080999999999998e+00
4.580000000000000182e-01 1.000081999999999915e+00
4.650000000000000244e-01 1.000083000000000055e+00
4.719999999999999751e-01 1.000083999999999973e+00
4.789999999999999813e-01 1.000084999999999891e+00
4.859999999999999876e-01 1.000086000000000030e+00
4.929999999999999938e-01 1.000086000000000030e+00
5.000000000000000000e-01 1.000086000000000030e+00
5.070000000000000062e-01 1.000086999999999948e+00
5.140000000000000124e-01 1.000086999999999948e+00
5.210000000000000187e-01 1.000086999999999948e+00
5.280000000000000249e-01 1.000086000000000030e+00
5.350000000000000311e-01 1.000086000000000030e+00
5.420000000000000373e-01 1.000084999999999891e+00
5.490000000000000435e-01 1.000084999999999891e+00
5.560000000000000497e-01 1.000083999999999973e+00
5.629999999999999449e-01 1.000083000000000055e+00
5.699999999999999512e-01 1.000083000000000055e+00
5.769999999999999574e-01 1.000081999999999915e+00
5.839999999999999636e-01 1.000080999999999998e+00
5.909999999999999698e-01 1.000080000000000080e+00
5.979999999999999760e-01 1.000078000000000022e+00
6.049999999999999822e-01 1.000077000000000105e+00
6.119999999999999885e-01 1.000075999999999965e+00
6.189999999999999947e-01 1.000075000000000047e+00
6.260000000000000009e-01 1.000073999999999907e+00
6.330000000000000071e-01 1.000072000000000072e+00
6.400000000000000133e-01 1.000070999999999932e+00
6.470000000000000195e-01 1.000070000000000014e+00
6.540000000000000258e-01 1.000067999999999957e+00
6.610000000000000320e-01 1.000067000000000039e+00
6.680000000000000382e-01 1.000065999999999899e+00
6.750000000000000444e-01 1.000064000000000064e+00
6.820000000000000506e-01 1.000062999999999924e+00
6.889999999999999458e-01 1.000062000000000006e+00
6.959999999999999520e-01 1.000059999999999949e+00
7.029999999999999583e-01 1.000059000000000031e+00
7.099999999999999645e-01 1.000057999999999891e+00
7.169999999999999707e-01 1.000056999999999974e+00
7.239999999999999769e-01 1.000056000000000056e+00
7.309999999999999831e-01 1.000053999999999998e+00
7.379999999999999893e-01 1.000053000000000081e+00
7.449999999999999956e-01 1.000051999999999941e+00
7.520000000000000018e-01 1.000051000000000023e+00
7.590000000000000080e-01 1.000050000000000106e+00
7.660000000000000142e-01 1.000048999999999966e+00
7.730000000000000204e-01 1.000048999999999966e+00
7.800000000000000266e-01 1.000048000000000048e+00
7.870000000000000329e-01 1.000046999999999908e+00
7.940000000000000391e-01 1.000045999999999990e+00
8.010000000000000453e-01 1.000045999999999990e+00
8.080000000000000515e-01 1.000045000000000073e+00
8.149999999999999467e-01 1.000045000000000073e+00
8.219999999999999529e-01 1.000043999999999933e+00
8.289999999999999591e-01 1.000043999999999933e+00
8.359999999999999654e-01 1.000043999999999933e+00
8.429999999999999716e-01 1.000043000000000015e+00
8.499999999999999778e-01 1.000043000000000015e+00
8.569999999999999840e-01 1.000043000000000015e+00
8.639999999999999902e-01 1.000043000000000015e+00
8.709999999999999964e-01 1.000043000000000015e+00
8.780000000000000027e-01 1.000043000000000015e+00
8.850000000000000089e-01 1.000043000000000015e+00
8.920000000000000151e-01 1.000043000000000015e+00
8.990000000000000213e-01 1.000043000000000015e+00
9.060000000000000275e-01 1.000043999999999933e+00
9.130000000000000338e-01 1.000043999999999933e+00
9.200000000000000400e-01 1.000043999999999933e+00
9.270000000000000462e-01 1.000045000000000073e+00
9.340000000000000524e-01 1.000045000000000073e+00
9.409999999999999476e-01 1.000045999999999990e+00
9.479999999999999538e-01 1.000046999999999908e+00
9.549999999999999600e-01 1.000048000000000048e+00
9.619999999999999662e-01 1.000048000000000048e+00
9.689999999999999725e-01 1.000048999999999966e+00
9.759999999999999787e-01 1.000050000000000106e+00
9.829999999999999849e-01 1.000051000000000023e+00
9.899999999999999911e-01 1.000051999999999941e+00
9.969999999999999973e-01 9.641290000000000138e-01
1.004000000000000004e+00 9.388309999999999711e-01
1.010999999999999899e+00 9.219460000000000433e-01
1.018000000000000016e+00 9.085569999999999480e-01
1.024999999999999911e+00 8.972290000000000543e-01
1.032000000000000028e+00 8.873029999999999529e-01
1.038999999999999924e+00 8.784119999999999706e-01
1.046000000000000041e+00 8.703250000000000153e-01
1.052999999999999936e+00 8.628860000000000419e-01
1.060000000000000053e+00 8.559839999999999671e-01
1.066999999999999948e+00 8.495369999999999866e-01
1.074000000000000066e+00 8.434800000000000075e-01
1.080999999999999961e+00 8.377639999999999532e-01
1.088000000000000078e+00 8.323479999999999768e-01
1.094999999999999973e+00 8.272000000000000464e-01
1.102000000000000091e+00 8.222909999999999942e-01
1.108999999999999986e+00 8.176010000000000222e-01
1.116000000000000103e+00 8.131070000000000242e-01
1.122999999999999998e+00 8.087950000000000417e-01
1.129999999999999893e+00 8.046489999999999476e-01
1.137000000000000011e+00 8.006560000000000343e-01
1.143999999999999906e+00 7.968060000000000143e-01
1.151000000000000023e+00 7.930880000000000152e-01
1.157999999999999918e+00 7.894940000000000291e-01
1.165000000000000036e+00 7.860150000000000192e-01
1.171999999999999931e+00 7.826450000000000351e-01
1.179000000000000048e+00 7.793769999999999865e-01
1.185999999999999943e+00 7.762050000000000338e-01
1.193000000000000060e+00 7.731249999999999512e-01
1.199999999999999956e+00 7.701310000000000100e-01
1.207000000000000073e+00 7.672179999999999556e-01
1.213999999999999968e+00 7.643830000000000346e-01
1.221000000000000085e+00 7.616220000000000212e-01
1.227999999999999980e+00 7.589320000000000510e-01
1.235000000000000098e+00 7.563090000000000090e-01
1.241999999999999993e+00 7.537490000000000023e-01
1.249000000000000110e+00 7.512520000000000309e-01
1.256000000000000005e+00 7.488129999999999509e-01
1.262999999999999901e+00 7.464300000000000379e-01
1.270000000000000018e+00 7.441020000000000412e-01
1.276999999999999913e+00 7.418259999999999854e-01
1.284000000000000030e+00 7.395990000000000064e-01
1.290999999999999925e+00 7.374209999999999932e-01
1.298000000000000043e+00 7.352889999999999704e-01
1.304999999999999938e+00 7.332009999999999916e-01
1.312000000000000055e+00 7.311569999999999458e-01
1.318999999999999950e+00 7.291539999999999688e-01
1.326000000000000068e+00 7.271910000000000318e-01
1.332999999999999963e+00 7.252669999999999950e-01
1.340000000000000080e+00 7.233810000000000517e-01
1.346999999999999975e+00 7.215310000000000334e-01
1.354000000000000092e+00 7.197170000000000512e-01
1.360999999999999988e+00 7.179360000000000186e-01
1.368000000000000105e+00 7.161889999999999645e-01
1.375000000000000000e+00 7.144740000000000535e-01
1.381999999999999895e+00 7.127900000000000347e-01
1.389000000000000012e+00 7.111370000000000191e-01
1.395999999999999908e+00 7.095129999999999493e-01
1.403000000000000025e+00 7.079180000000000472e-01
1.409999999999999920e+00 7.063519999999999799e-01
1.417000000000000037e+00 7.048119999999999941e-01
1.423999999999999932e+00 7.032990000000000075e-01
1.431000000000000050e+00 7.018119999999999914e-01
1.437999999999999945e+00 7.003500000000000281e-01
1.445000000000000062e+00 6.989119999999999777e-01
1.451999999999999957e+00 6.974989999999999801e-01
1.459000000000000075e+00 6.961089999999999778e-01
1.465999999999999970e+00 6.947419999999999707e-01
1.473000000000000087e+00 6.933970000000000411e-01
1.479999999999999982e+00 6.920739999999999670e-01
1.487000000000000099e+00 6.907729999999999704e-01
1.493999999999999995e+00 6.894919999999999938e-01
1.500999999999999890e+00 6.882319999999999549e-01
1.508000000000000007e+00 6.869910000000000183e-01
1.514999999999999902e+00 6.857699999999999907e-01
1.522000000000000020e+00 6.845679999999999543e-01
1.528999999999999915e+00 6.833839999999999915e-01
1.536000000000000032e+00 6.822190000000000198e-01
1.542999999999999927e+00 6.810709999999999820e-01
1.550000000000000044e+00 6.799399999999999888e-01
1.556999999999999940e+00 6.788269999999999582e-01
1.564000000000000057e+00 6.777300000000000546e-01
1.570999999999999952e+00 6.766489999999999450e-01
1.578000000000000069e+00 6.755839999999999623e-01
1.584999999999999964e+00 6.745339999999999669e-01
1.592000000000000082e+00 6.734989999999999588e-01
1.598999999999999977e+00 6.724790000000000489e-01
1.606000000000000094e+00 6.714729999999999865e-01
1.612999999999999989e+00 6.704820000000000224e-01
1.620000000000000107e+00 6.695039999999999880e-01
1.627000000000000002e+00 6.685400000000000231e-01
1.633999999999999897e+00 6.675879999999999592e-01
1.641000000000000014e+00 6.666499999999999648e-01
1.647999999999999909e+00 6.657239999999999824e-01
1.655000000000000027e+00 6.648100000000000120e-01
1.661999999999999922e+00 6.639080000000000537e-01
1.669000000000000039e+00 6.630179999999999962e-01
1.675999999999999934e+00 6.621390000000000331e-01
1.683000000000000052e+00 6.612710000000000532e-01
1.689999999999999947e+00 6.604139999999999455e-01
1.697000000000000064e+00 6.595680000000000431e-01
1.703999999999999959e+00 6.587319999999999842e-01
1.711000000000000076e+00 6.579059999999999908e-01
1.717999999999999972e+00 6.570909999999999807e-01
1.725000000000000089e+00 6.562839999999999785e-01
1.731999999999999984e+00 6.554879999999999596e-01
1.739000000000000101e+00 6.546999999999999487e-01
1.745999999999999996e+00 6.539220000000000033e-01
1.752999999999999892e+00 6.531529999999999836e-01
1.760000000000000009e+00 6.523919999999999719e-01
1.766999999999999904e+00 6.516399999999999970e-01
1.774000000000000021e+00 6.508960000000000301e-01
1.780999999999999917e+00 6.501599999999999602e-01
1.788000000000000034e+00 6.494320000000000093e-01
1.794999999999999929e+00 6.487119999999999553e-01
1.802000000000000046e+00 6.480000000000000204e-01
1.808999999999999941e+00 6.472949999999999537e-01
1.816000000000000059e+00 6.465980000000000061e-01
1.822999999999999954e+00 6.459070000000000089e-01
1.830000000000000071e+00 6.452240000000000197e-01
1.836999999999999966e+00 6.445480000000000098e-01
1.844000000000000083e+00 6.438779999999999504e-01
1.850999999999999979e+00 6.432149999999999812e-01
1.858000000000000096e+00 6.425589999999999913e-01
1.864999999999999991e+00 6.419089999999999518e-01
1.872000000000000108e+00 6.412649999999999739e-01
1.879000000000000004e+00 6.406269999999999465e-01
1.885999999999999899e+00 6.399960000000000093e-01
1.893000000000000016e+00 6.393699999999999939e-01
1.899999999999999911e+00 6.387500000000000400e-01
1.907000000000000028e+00 6.381360000000000365e-01
1.913999999999999924e+00 6.375279999999999836e-01
1.921000000000000041e+00 6.369240000000000457e-01
1.927999999999999936e+00 6.363269999999999760e-01
1.935000000000000053e+00 6.357340000000000213e-01
1.941999999999999948e+00 6.351470000000000171e-01
1.949000000000000066e+00 6.345640000000000169e-01
1.955999999999999961e+00 6.339860000000000495e-01
1.963000000000000078e+00 6.334140000000000326e-01
1.969999999999999973e+00 6.328449999999999909e-01
1.977000000000000091e+00 6.322820000000000107e-01
1.983999999999999986e+00 6.317230000000000345e-01
1.991000000000000103e+00 6.311679999999999513e-01
1.997999999999999998e+00 6.306169999999999831e-01
2.004999999999999893e+00 6.300710000000000477e-01
2.012000000000000011e+00 6.295279999999999765e-01
2.019000000000000128e+00 6.289890000000000203e-01
2.025999999999999801e+00 6.284539999999999571e-01
2.032999999999999918e+00 6.279230000000000089e-01
2.040000000000000036e+00 6.273950000000000360e-01
2.047000000000000153e+00 6.268709999999999560e-01
2.053999999999999826e+00 6.263499999999999623e-01
2.060999999999999943e+00 6.258320000000000549e-01
2.068000000000000060e+00 6.253170000000000117e-01
2.075000000000000178e+00 6.248050000000000548e-01
2.081999999999999851e+00 6.242950000000000443e-01
2.088999999999999968e+00 6.237890000000000379e-01
2.096000000000000085e+00 6.232849999999999779e-01
2.103000000000000203e+00 6.227829999999999755e-01
2.109999999999999876e+00 6.222839999999999483e-01
2.116999999999999993e+00 6.217859999999999498e-01
2.124000000000000110e+00 6.212910000000000377e-01
2.130999999999999783e+00 6.207979999999999610e-01
2.137999999999999901e+00 6.203070000000000528e-01
2.145000000000000018e+00 6.198169999999999513e-01
2.152000000000000135e+00 6.193290000000000184e-01
2.158999999999999808e+00 6.188420000000000032e-01
2.165999999999999925e+00 6.183570000000000455e-01
2.173000000000000043e+00 6.178719999999999768e-01
2.180000000000000160e+00 6.173889999999999656e-01
2.186999999999999833e+00 6.169069999999999832e-01
2.193999999999999950e+00 6.164260000000000295e-01
2.201000000000000068e+00 6.159459999999999935e-01
2.208000000000000185e+00 6.154659999999999576e-01
2.214999999999999858e+00 6.149869999999999504e-01
2.221999999999999975e+00 6.145080000000000542e-01
2.229000000000000092e+00 6.140299999999999647e-01
2.236000000000000210e+00 6.135519999999999863e-01
2.242999999999999883e+00 6.130740000000000078e-01
2.250000000000000000e+00 6.125969999999999471e-01
2.257000000000000117e+00 6.121189999999999687e-01
2.263999999999999790e+00 6.116409999999999902e-01
2.270999999999999908e+00 6.111640000000000406e-01
2.278000000000000025e+00 6.106859999999999511e-01
2.285000000000000142e+00 6.102079999999999727e-01
2.291999999999999815e+00 6.097289999999999655e-01
2.298999999999999932e+00 6.092499999999999583e-01
2.306000000000000050e+00 6.087709999999999511e-01
2.313000000000000167e+00 6.082920000000000549e-01
2.319999999999999840e+00 6.078120000000000189e-01
2.326999999999999957e+00 6.073309999999999542e-01
2.334000000000000075e+00 6.068500000000000005e-01
2.341000000000000192e+00 6.063690000000000468e-01
2.347999999999999865e+00 6.058869999999999534e-01
2.354999999999999982e+00 6.054040000000000532e-01
2.362000000000000099e+00 6.049210000000000420e-01
2.369000000000000217e+00 6.044370000000000021e-01
2.375999999999999890e+00 6.039529999999999621e-01
2.383000000000000007e+00 6.034680000000000044e-01
2.390000000000000124e+00 6.029830000000000467e-01
2.396999999999999797e+00 6.024969999999999493e-01
2.403999999999999915e+00 6.020109999999999628e-01
2.411000000000000032e+00 6.015239999999999476e-01
2.418000000000000149e+00 6.010370000000000434e-01
2.424999999999999822e+00 6.005500000000000282e-01
2.431999999999999940e+00 6.000619999999999843e-01
2.439000000000000057e+00 5.995749999999999691e-01
2.446000000000000174e+00 5.990870000000000362e-01
2.452999999999999847e+00 5.985989999999999922e-01
2.459999999999999964e+00 5.981119999999999770e-01
2.467000000000000082e+00 5.976240000000000441e-01
2.474000000000000199e+00 5.971370000000000289e-01
2.480999999999999872e+00 5.966500000000000137e-01
2.487999999999999989e+00 5.961629999999999985e-01
2.495000000000000107e+00 5.956780000000000408e-01
2.501999999999999780e+00 5.951920000000000543e-01
2.508999999999999897e+00 5.947080000000000144e-01
2.516000000000000014e+00 5.942250000000000032e-01
2.523000000000000131e+00 5.937419999999999920e-01
2.529999999999999805e+00 5.932610000000000383e-01
2.536999999999999922e+00 5.927810000000000024e-01
2.544000000000000039e+00 5.923030000000000239e-01
2.551000000000000156e+00 5.918259999999999632e-01
2.557999999999999829e+00 5.913509999999999600e-01
2.564999999999999947e+00 5.908780000000000143e-01
2.572000000000000064e+00 5.904070000000000151e-01
2.579000000000000181e+00 5.899389999999999912e-01
2.585999999999999854e+00 5.894730000000000247e-01
2.592999999999999972e+00 5.890090000000000048e-01
2.600000000000000089e+00 5.885479999999999601e-01
2.607000000000000206e+00 5.880900000000000016e-01
2.613999999999999879e+00 5.876350000000000184e-01
2.620999999999999996e+00 5.871840000000000392e-01
2.628000000000000114e+00 5.867360000000000353e-01
2.634999999999999787e+00 5.862920000000000353e-01
2.641999999999999904e+00 5.858510000000000106e-01
2.649000000000000021e+00 5.854139999999999899e-01
2.656000000000000139e+00 5.849820000000000020e-01
2.662999999999999812e+00 5.845540000000000180e-01
2.669999999999999929e+00 5.841300000000000381e-01
2.677000000000000046e+00 5.837109999999999799e-01
2.684000000000000163e+00 5.832969999999999544e-01
2.690999999999999837e+00 5.828889999999999905e-01
2.697999999999999954e+00 5.824850000000000305e-01
2.705000000000000071e+00 5.820870000000000211e-01
2.712000000000000188e+00 5.816940000000000444e-01
2.718999999999999861e+00 5.813070000000000181e-01
2.725999999999999979e+00 5.809260000000000534e-01
2.733000000000000096e+00 5.805519999999999570e-01
2.740000000000000213e+00 5.801830000000000043e-01
2.746999999999999886e+00 5.798210000000000308e-01
2.754000000000000004e+00 5.794650000000000079e-01
2.761000000000000121e+00 5.791159999999999641e-01
2.767999999999999794e+00 5.787750000000000394e-01
2.774999999999999911e+00 5.784399999999999542e-01
2.782000000000000028e+00 5.781119999999999592e-01
2.789000000000000146e+00 5.777919999999999723e-01
2.795999999999999819e+00 5.774789999999999646e-01
2.802999999999999936e+00 5.771730000000000471e-01
2.810000000000000053e+00 5.768750000000000266e-01
2.817000000000000171e+00 5.765860000000000429e-01
2.823999999999999844e+00 5.763040000000000385e-01
2.830999999999999961e+00 5.760300000000000420e-01
2.838000000000000078e+00 5.757640000000000535e-01
2.845000000000000195e+00 5.755059999999999620e-01
2.851999999999999869e+00 5.752570000000000183e-01
2.858999999999999986e+00 5.750159999999999716e-01
2.866000000000000103e+00 5.747839999999999616e-01
2.873000000000000220e+00 5.745599999999999596e-01
2.879999999999999893e+00 5.743449999999999944e-01
2.887000000000000011e+00 5.741389999999999549e-01
2.894000000000000128e+00 5.739410000000000345e-01
2.900999999999999801e+00 5.737520000000000397e-01
2.907999999999999918e+00 5.735719999999999708e-01
2.915000000000000036e+00 5.734010000000000495e-01
2.922000000000000153e+00 5.732380000000000253e-01
2.928999999999999826e+00 5.730849999999999556e-01
2.935999999999999943e+00 5.729400000000000048e-01
2.943000000000000060e+00 5.728050000000000086e-01
2.950000000000000178e+00 5.726780000000000204e-01
2.956999999999999851e+00 5.725599999999999579e-01
2.963999999999999968e+00 5.724510000000000431e-01
2.971000000000000085e+00 5.723510000000000542e-01
2.978000000000000203e+00 5.722589999999999621e-01
2.984999999999999876e+00 5.721770000000000467e-01
2.991999999999999993e+00 5.721030000000000282e-01
2.999000000000000110e+00 5.720380000000000464e-01
3.005999999999999783e+00 5.719809999999999617e-01
3.012999999999999901e+00 5.719330000000000247e-01
3.020000000000000018e+00 5.718929999999999847e-01
3.027000000000000135e+00 5.718619999999999814e-01
3.033999999999999808e+00 5.718389999999999862e-01
3.040999999999999925e+00 5.718239999999999990e-01
3.048000000000000043e+00 5.718180000000000485e-01
3.055000000000000160e+00 5.718189999999999662e-01
3.061999999999999833e+00 5.718280000000000030e-01
3.068999999999999950e+00 5.718450000000000477e-01
3.076000000000000068e+00 5.718699999999999894e-01
3.083000000000000185e+00 5.719020000000000215e-01
3.089999999999999858e+00 5.719410000000000327e-01
3.096999999999999975e+00 5.719880000000000519e-01
3.104000000000000092e+00 5.720420000000000504e-01
3.111000000000000210e+00 5.721019999999999994e-01
3.117999999999999883e+00 5.721699999999999564e-01
3.125000000000000000e+00 5.722439999999999749e-01
3.132000000000000117e+00 5.723240000000000549e-01
3.138999999999999790e+00 5.724110000000000031e-01
3.145999999999999908e+00 5.725029999999999841e-01
3.153000000000000025e+00 5.726020000000000554e-01
3.160000000000000142e+00 5.727060000000000484e-01
3.166999999999999815e+00 5.728159999999999918e-01
3.173999999999999932e+00 5.729309999999999681e-01
3.181000000000000050e+00 5.730509999999999771e-01
3.188000000000000167e+00 5.731760000000000188e-01
3.194999999999999840e+00 5.733059999999999823e-01
3.201999999999999957e+00 5.734399999999999498e-01
3.209000000000000075e+00 5.735789999999999500e-01
3.216000000000000192e+00 5.737210000000000365e-01
3.222999999999999865e+00 5.738680000000000447e-01
3.229999999999999982e+00 5.740180000000000282e-01
3.237000000000000099e+00 5.741709999999999869e-01
3.244000000000000217e+00 5.743279999999999497e-01
3.250999999999999890e+00 5.744869999999999699e-01
3.258000000000000007e+00 5.746499999999999941e-01
3.265000000000000124e+00 5.748140000000000471e-01
3.271999999999999797e+00 5.749809999999999643e-01
3.278999999999999915e+00 5.751509999999999678e-01
3.286000000000000032e+00 5.753209999999999713e-01
3.293000000000000149e+00 5.754939999999999500e-01
3.299999999999999822e+00 5.756679999999999575e-01
3.306999999999999940e+00 5.758429999999999938e-01
3.314000000000000057e+00 5.760180000000000300e-01
3.321000000000000174e+00 5.761950000000000127e-01
3.327999999999999847e+00 5.763719999999999954e-01
3.334999999999999964e+00 5.765489999999999782e-01
3.342000000000000082e+00 5.767259999999999609e-01
3.349000000000000199e+00 5.769020000000000259e-01
3.355999999999999872e+00 5.770779999999999799e-01
3.362999999999999989e+00 5.772540000000000449e-01
3.370000000000000107e+00 5.774280000000000523e-01
3.376999999999999780e+00 5.776010000000000311e-01
3.383999999999999897e+00 5.777729999999999810e-01
3.391000000000000014e+00 5.779429999999999845e-01
3.398000000000000131e+00 5.781110000000000415e-01
3.404999999999999805e+00 5.782779999999999587e-01
3.411999999999999922e+00 5.784409999999999830e-01
3.419000000000000039e+00 5.786029999999999784e-01
3.426000000000000156e+00 5.787609999999999699e-01
3.432999999999999829e+00 5.789170000000000149e-01
3.439999999999999947e+00 5.790689999999999449e-01
3.447000000000000064e+00 5.792180000000000106e-01
3.454000000000000181e+00 5.793639999999999901e-01
3.460999999999999854e+00 5.795050000000000479e-01
3.467999999999999972e+00 5.796430000000000193e-01
3.475000000000000089e+00 5.797769999999999868e-01
3.482000000000000206e+00 5.799060000000000326e-01
3.488999999999999879e+00 5.800300000000000455e-01
3.495999999999999996e+00 5.801500000000000545e-01
3.503000000000000114e+00 5.802650000000000308e-01
3.509999999999999787e+00 5.803749999999999742e-01
3.516999999999999904e+00 5.804799999999999960e-01
3.524000000000000021e+00 5.805789999999999562e-01
3.531000000000000139e+00 5.806719999999999660e-01
3.537999999999999812e+00 5.807600000000000540e-01
3.544999999999999929e+00 5.808419999999999694e-01
3.552000000000000046e+00 5.809180000000000454e-01
3.559000000000000163e+00 5.809870000000000312e-01
3.565999999999999837e+00 5.810499999999999554e-01
3.572999999999999954e+00 5.811060000000000114e-01
3.580000000000000071e+00 5.811560000000000059e-01
3.587000000000000188e+00 5.811990000000000212e-01
3.593999999999999861e+00 5.812349999999999461e-01
3.600999999999999979e+00 5.812640000000000029e-01
3.608000000000000096e+00 5.812850000000000517e-01
3.615000000000000213e+00 5.813000000000000389e-01
3.621999999999999886e+00 5.813059999999999894e-01
3.629000000000000004e+00 5.813059999999999894e-01
3.636000000000000121e+00 5.812969999999999526e-01
3.642999999999999794e+00 5.812810000000000477e-01
3.649999999999999911e+00 5.812570000000000237e-01
3.657000000000000028e+00 5.812249999999999917e-01
3.664000000000000146e+00 5.811840000000000339e-01
3.670999999999999819e+00 5.811359999999999859e-01
3.677999999999999936e+00 5.810790000000000122e-01
3.685000000000000053e+00 5.810140000000000304e-01
3.692000000000000171e+00 5.809410000000000407e-01
3.698999999999999844e+00 5.808590000000000142e-01
3.705999999999999961e+00 5.807689999999999797e-01
3.713000000000000078e+00 5.806700000000000195e-01
3.720000000000000195e+00 5.805620000000000225e-01
3.726999999999999869e+00 5.804460000000000175e-01
3.733999999999999986e+00 5.803209999999999757e-01
3.741000000000000103e+00 5.801870000000000083e-01
3.748000000000000220e+00 5.800440000000000040e-01
3.754999999999999893e+00 5.798919999999999630e-01
3.762000000000000011e+00 5.797320000000000251e-01
3.769000000000000128e+00 5.795620000000000216e-01
3.775999999999999801e+00 5.793829999999999814e-01
3.782999999999999918e+00 5.791960000000000441e-01
3.790000000000000036e+00 5.789990000000000414e-01
3.797000000000000153e+00 5.787940000000000307e-01
3.803999999999999826e+00 5.785789999999999544e-01
3.810999999999999943e+00 5.783559999999999812e-01
3.818000000000000060e+00 5.781230000000000535e-01
3.825000000000000178e+00 5.778820000000000068e-01
3.831999999999999851e+00 5.776310000000000056e-01
3.838999999999999968e+00 5.773719999999999963e-01
3.846000000000000085e+00 5.771030000000000326e-01
3.853000000000000203e+00 5.768259999999999499e-01
3.859999999999999876e+00 5.765390000000000237e-01
3.866999999999999993e+00 5.762439999999999785e-01
3.874000000000000110e+00 5.759400000000000075e-01
3.880999999999999783e+00 5.756269999999999998e-01
3.887999999999999901e+00 5.753049999999999553e-01
3.895000000000000018e+00 5.749750000000000139e-01
3.902000000000000135e+00 5.746360000000000356e-01
3.908999999999999808e+00 5.742880000000000207e-01
3.915999999999999925e+00 5.739319999999999977e-01
3.923000000000000043e+00 5.735670000000000490e-01
3.930000000000000160e+00 5.731939999999999813e-01
3.936999999999999833e+00 5.728119999999999878e-01
3.943999999999999950e+00 5.724219999999999864e-01
3.951000000000000068e+00 5.720239999999999769e-01
3.958000000000000185e+00 5.716179999999999595e-01
3.964999999999999858e+00 5.712040000000000450e-01
3.971999999999999975e+00 5.707820000000000116e-01
3.979000000000000092e+00 5.703519999999999701e-01
3.986000000000000210e+00 5.699140000000000317e-01
3.992999999999999883e+00 5.694690000000000030e-01
4.000000000000000000e+00 5.690159999999999663e-01
4.006999999999999673e+00 5.685550000000000326e-01
4.014000000000000234e+00 5.680870000000000086e-01
4.020999999999999908e+00 5.676120000000000054e-01
4.027999999999999581e+00 5.671300000000000230e-01
4.035000000000000142e+00 5.666409999999999503e-01
4.041999999999999815e+00 5.661450000000000093e-01
4.049000000000000377e+00 5.656419999999999781e-01
4.056000000000000050e+00 5.651319999999999677e-01
4.062999999999999723e+00 5.646160000000000068e-01
4.070000000000000284e+00 5.640939999999999843e-01
4.076999999999999957e+00 5.635649999999999826e-01
4.083999999999999631e+00 5.630300000000000304e-01
4.091000000000000192e+00 5.624900000000000455e-01
4.097999999999999865e+00 5.619429999999999703e-01
4.105000000000000426e+00 5.613909999999999734e-01
4.112000000000000099e+00 5.608340000000000547e-01
4.118999999999999773e+00 5.602700000000000458e-01
4.126000000000000334e+00 5.597020000000000328e-01
4.133000000000000007e+00 5.591289999999999871e-01
4.139999999999999680e+00 5.585510000000000197e-01
4.147000000000000242e+00 5.579680000000000195e-01
4.153999999999999915e+00 5.573810000000000153e-01
4.160999999999999588e+00 5.567889999999999784e-01
4.168000000000000149e+00 5.561930000000000485e-01
4.174999999999999822e+00 5.555930000000000035e-01
4.182000000000000384e+00 5.549889999999999546e-01
4.189000000000000057e+00 5.543820000000000414e-01
4.195999999999999730e+00 5.537710000000000132e-01
4.203000000000000291e+00 5.531559999999999810e-01
4.209999999999999964e+00 5.525390000000000024e-01
4.216999999999999638e+00 5.519180000000000197e-01
4.224000000000000199e+00 5.512949999999999795e-01
4.230999999999999872e+00 5.506699999999999928e-01
4.238000000000000433e+00 5.500410000000000021e-01
4.245000000000000107e+00 5.494109999999999827e-01
4.251999999999999780e+00 5.487790000000000168e-01
4.259000000000000341e+00 5.481449999999999934e-01
4.266000000000000014e+00 5.475090000000000234e-01
4.272999999999999687e+00 5.468720000000000248e-01
4.280000000000000249e+00 5.462339999999999973e-01
4.286999999999999922e+00 5.455950000000000522e-01
4.293999999999999595e+00 5.449549999999999672e-01
4.301000000000000156e+00 5.443149999999999933e-01
4.307999999999999829e+00 5.436739999999999906e-01
4.315000000000000391e+00 5.430329999999999879e-01
4.322000000000000064e+00 5.423919999999999852e-01
4.328999999999999737e+00 5.417520000000000113e-01
4.336000000000000298e+00 5.411120000000000374e-01
4.342999999999999972e+00 5.404729999999999812e-01
4.349999999999999645e+00 5.398340000000000360e-01
4.357000000000000206e+00 5.391970000000000374e-01
4.363999999999999879e+00 5.385619999999999852e-01
4.371000000000000441e+00 5.379279999999999617e-01
4.378000000000000114e+00 5.372949999999999671e-01
4.384999999999999787e+00 5.366649999999999476e-01
4.392000000000000348e+00 5.360369999999999857e-01
4.399000000000000021e+00 5.354119999999999990e-01
4.405999999999999694e+00 5.347899999999999876e-01
4.413000000000000256e+00 5.341700000000000337e-01
4.419999999999999929e+00 5.335539999999999727e-01
4.426999999999999602e+00 5.329409999999999981e-01
4.434000000000000163e+00 5.323320000000000274e-01
4.440999999999999837e+00 5.317260000000000320e-01
4.448000000000000398e+00 5.311249999999999583e-01
4.455000000000000071e+00 5.305290000000000283e-01
4.461999999999999744e+00 5.299369999999999914e-01
4.469000000000000306e+00 5.293489999999999585e-01
4.475999999999999979e+00 5.287669999999999870e-01
4.482999999999999652e+00 5.281900000000000484e-01
4.490000000000000213e+00 5.276189999999999491e-01
4.496999999999999886e+00 5.270540000000000225e-01
4.503999999999999559e+00 5.264950000000000463e-01
4.511000000000000121e+00 5.259420000000000206e-01
4.517999999999999794e+00 5.253949999999999454e-01
4.525000000000000355e+00 5.248549999999999605e-01
4.532000000000000028e+00 5.243229999999999835e-01
4.538999999999999702e+00 5.237969999999999571e-01
4.546000000000000263e+00 5.232799999999999674e-01
4.552999999999999936e+00 5.227699999999999569e-01
4.559999999999999609e+00 5.222670000000000368e-01
4.567000000000000171e+00 5.217739999999999601e-01
4.573999999999999844e+00 5.212879999999999736e-01
4.581000000000000405e+00 5.208120000000000527e-01
4.588000000000000078e+00 5.203440000000000287e-01
4.594999999999999751e+00 5.198859999999999593e-01
4.602000000000000313e+00 5.194370000000000376e-01
4.608999999999999986e+00 5.189970000000000416e-01
4.615999999999999659e+00 5.185680000000000289e-01
4.623000000000000220e+00 5.181489999999999707e-01
4.629999999999999893e+00 5.177410000000000068e-01
4.636999999999999567e+00 5.173429999999999973e-01
4.644000000000000128e+00 5.169559999999999711e-01
4.650999999999999801e+00 5.165800000000000392e-01
4.658000000000000362e+00 5.162160000000000082e-01
4.665000000000000036e+00 5.158629999999999605e-01
4.671999999999999709e+00 5.155220000000000358e-01
4.679000000000000270e+00 5.151930000000000121e-01
4.685999999999999943e+00 5.148770000000000291e-01
4.692999999999999616e+00 5.145729999999999471e-01
4.700000000000000178e+00 5.142830000000000457e-01
4.706999999999999851e+00 5.140050000000000452e-01
4.714000000000000412e+00 5.137399999999999745e-01
4.721000000000000085e+00 5.134900000000000020e-01
4.727999999999999758e+00 5.132529999999999593e-01
4.735000000000000320e+00 5.130289999999999573e-01
4.741999999999999993e+00 5.128209999999999713e-01
4.748999999999999666e+00 5.126260000000000261e-01
4.756000000000000227e+00 5.124469999999999859e-01
4.762999999999999901e+00 5.122820000000000151e-01
4.769999999999999574e+00 5.121329999999999494e-01
4.777000000000000135e+00 5.119979999999999531e-01
4.783999999999999808e+00 5.118800000000000017e-01
4.791000000000000369e+00 5.117770000000000374e-01
4.798000000000000043e+00 5.116899999999999782e-01
4.804999999999999716e+00 5.116199999999999637e-01
4.812000000000000277e+00 5.115650000000000475e-01
4.818999999999999950e+00 5.115279999999999827e-01
4.825999999999999623e+00 5.115070000000000450e-01
4.833000000000000185e+00 5.115039999999999587e-01
4.839999999999999858e+00 5.115169999999999995e-01
4.847000000000000419e+00 5.115480000000000027e-01
4.854000000000000092e+00 5.115969999999999684e-01
4.860999999999999766e+00 5.116629999999999789e-01
4.868000000000000327e+00 5.117469999999999519e-01
4.875000000000000000e+00 5.118489999999999984e-01
4.881999999999999673e+00 5.119700000000000362e-01
4.889000000000000234e+00 5.121090000000000364e-01
4.895999999999999908e+00 5.122670000000000279e-01
4.902999999999999581e+00 5.124440000000000106e-01
4.910000000000000142e+00 5.126389999999999558e-01
4.916999999999999815e+00 5.128540000000000321e-01
4.924000000000000377e+00 5.130869999999999598e-01
4.931000000000000050e+00 5.133410000000000473e-01
4.937999999999999723e+00 5.136129999999999862e-01
4.945000000000000284e+00 5.139059999999999739e-01
4.951999999999999957e+00 5.142179999999999529e-01
4.958999999999999631e+00 5.145490000000000341e-01
4.966000000000000192e+00 5.149010000000000531e-01
4.972999999999999865e+00 5.152729999999999810e-01
4.980000000000000426e+00 5.156659999999999577e-01
4.987000000000000099e+00 5.160780000000000367e-01
4.993999999999999773e+00 5.165110000000000534e-01
5.001000000000000334e+00 5.169639999999999791e-01
5.008000000000000007e+00 5.174379999999999535e-01
5.014999999999999680e+00 5.179319999999999480e-01
5.022000000000000242e+00 5.184480000000000199e-01
5.028999999999999915e+00 5.189829999999999721e-01
5.035999999999999588e+00 5.195400000000000018e-01
5.043000000000000149e+00 5.201170000000000515e-01
5.049999999999999822e+00 5.207159999999999567e-01
5.057000000000000384e+00 5.213349999999999929e-01
5.064000000000000057e+00 5.219749999999999668e-01
5.070999999999999730e+00 5.226359999999999895e-01
5.078000000000000291e+00 5.233179999999999499e-01
5.084999999999999964e+00 5.240209999999999591e-01
5.091999999999999638e+00 5.247450000000000170e-01
5.099000000000000199e+00 5.254900000000000126e-01
5.105999999999999872e+00 5.262559999999999460e-01
5.113000000000000433e+00 5.270430000000000392e-01
5.120000000000000107e+00 5.278509999999999591e-01
5.126999999999999780e+00 5.286800000000000388e-01
5.134000000000000341e+00 5.295290000000000274e-01
5.141000000000000014e+00 5.303989999999999538e-01
5.147999999999999687e+00 5.312909999999999577e-01
5.155000000000000249e+00 5.322019999999999529e-01
5.161999999999999922e+00 5.331350000000000255e-01
5.168999999999999595e+00 5.340880000000000072e-01
5.176000000000000156e+00 5.350610000000000088e-01
5.182999999999999829e+00 5.360559999999999770e-01
5.190000000000000391e+00 5.370700000000000474e-01
5.197000000000000064e+00 5.381050000000000555e-01
5.203999999999999737e+00 5.391599999999999726e-01
5.211000000000000298e+00 5.402350000000000207e-01
5.217999999999999972e+00 5.413299999999999779e-01
5.224999999999999645e+00 5.424440000000000373e-01
5.232000000000000206e+00 5.435790000000000344e-01
5.238999999999999879e+00 5.447340000000000515e-01
5.246000000000000441e+00 5.459079999999999488e-01
5.253000000000000114e+00 5.471009999999999485e-01
5.259999999999999787e+00 5.483139999999999681e-01
5.267000000000000348e+00 5.495459999999999789e-01
5.274000000000000021e+00 5.507969999999999811e-01
5.280999999999999694e+00 5.520669999999999744e-01
5.288000000000000256e+00 5.533559999999999590e-01
5.294999999999999929e+00 5.546640000000000459e-01
5.301999999999999602e+00 5.559899999999999842e-01
5.309000000000000163e+00 5.573350000000000248e-01
5.315999999999999837e+00 5.586980000000000279e-01
5.323000000000000398e+00 5.600800000000000223e-01
5.330000000000000071e+00 5.614789999999999504e-01
5.336999999999999744e+00 5.628959999999999519e-01
5.344000000000000306e+00 5.643319999999999448e-01
5.350999999999999979e+00 5.657849999999999824e-01
5.357999999999999652e+00 5.672549999999999537e-01
5.365000000000000213e+00 5.687429999999999986e-01
5.371999999999999886e+00 5.702490000000000059e-01
5.378999999999999559e+00 5.717710000000000292e-01
5.386000000000000121e+00 5.733110000000000150e-01
5.392999999999999794e+00 5.748680000000000456e-01
5.400000000000000355e+00 5.764420000000000099e-01
5.407000000000000028e+00 5.780319999999999903e-01
5.413999999999999702e+00 5.796400000000000441e-01
5.421000000000000263e+00 5.812640000000000029e-01
5.427999999999999936e+00 5.829039999999999777e-01
5.434999999999999609e+00 5.845620000000000260e-01
5.442000000000000171e+00 5.862349999999999506e-01
5.448999999999999844e+00 5.879259999999999486e-01
5.456000000000000405e+00 5.896320000000000450e-01
5.463000000000000078e+00 5.913549999999999640e-01
5.469999999999999751e+00 5.930950000000000388e-01
5.477000000000000313e+00 5.948510000000000186e-01
5.483999999999999986e+00 5.966230000000000144e-01
5.490999999999999659e+00 5.984120000000000550e-01
5.498000000000000220e+00 6.002170000000000005e-01
5.504999999999999893e+00 6.020389999999999908e-01
5.511999999999999567e+00 6.038780000000000259e-01
5.519000000000000128e+00 6.057329999999999659e-01
5.525999999999999801e+00 6.076049999999999507e-01
5.533000000000000362e+00 6.094939999999999802e-01
