1.000000000000000021e-02 1.000000000000000000e+00
1.700000000000000122e-02 1.000034000000000090e+00
2.400000000000000050e-02 1.000035000000000007e+00
3.099999999999999978e-02 1.000011999999999901e+00
3.799999999999999906e-02 1.000000999999999918e+00
4.499999999999999833e-02 1.000000999999999918e+00
5.199999999999999761e-02 1.000002999999999975e+00
5.899999999999999689e-02 1.000002000000000058e+00
6.600000000000000311e-02 1.000000000000000000e+00
7.299999999999999545e-02 1.000000999999999918e+00
8.000000000000000167e-02 1.000005999999999950e+00
8.699999999999999400e-02 1.000013999999999958e+00
9.400000000000000022e-02 1.000026000000000082e+00
1.010000000000000064e-01 1.000037000000000065e+00
1.079999999999999988e-01 1.000046999999999908e+00
1.150000000000000050e-01 1.000053999999999998e+00
1.219999999999999973e-01 1.000057999999999891e+00
1.290000000000000036e-01 1.000059000000000031e+00
1.360000000000000098e-01 1.000056999999999974e+00
1.429999999999999882e-01 1.000053999999999998e+00
1.499999999999999944e-01 1.000048999999999966e+00
1.570000000000000007e-01 1.000043999999999933e+00
1.640000000000000069e-01 1.000037999999999982e+00
1.710000000000000131e-01 1.000032999999999950e+00
1.779999999999999916e-01 1.000027999999999917e+00
1.849999999999999978e-01 1.000024000000000024e+00
1.920000000000000040e-01 1.000021000000000049e+00
1.990000000000000102e-01 1.000018000000000074e+00
2.059999999999999887e-01 1.000015000000000098e+00
2.129999999999999949e-01 1.000013999999999958e+00
2.200000000000000011e-01 1.000011999999999901e+00
2.270000000000000073e-01 1.000011999999999901e+00
2.340000000000000135e-01 1.000010999999999983e+00
2.409999999999999920e-01 1.000010999999999983e+00
2.479999999999999982e-01 1.000010999999999983e+00
2.550000000000000044e-01 1.000011999999999901e+00
2.620000000000000107e-01 1.000011999999999901e+00
2.690000000000000169e-01 1.000013000000000041e+00
2.760000000000000231e-01 1.000015000000000098e+00
2.829999999999999738e-01 1.000016000000000016e+00
2.899999999999999800e-01 1.000018000000000074e+00
2.969999999999999862e-01 1.000019999999999909e+00
3.039999999999999925e-01 1.000021999999999966e+00
3.109999999999999987e-01 1.000024999999999942e+00
3.180000000000000049e-01 1.000027999999999917e+00
3.250000000000000111e-01 1.000029999999999974e+00
3.320000000000000173e-01 1.000032999999999950e+00
3.390000000000000235e-01 1.000037000000000065e+00
3.459999999999999742e-01 1.000040000000000040e+00
3.529999999999999805e-01 1.000043000000000015e+00
3.599999999999999867e-01 1.000046999999999908e+00
3.669999999999999929e-01 1.000050000000000106e+00
3.739999999999999991e-01 1.000053000000000081e+00
3.810000000000000053e-01 1.000056999999999974e+00
3.880000000000000115e-01 1.000059999999999949e+00
3.950000000000000178e-01 1.000062999999999924e+00
4.020000000000000240e-01 1.000065999999999899e+00
4.089999999999999747e-01 1.000069000000000097e+00
4.159999999999999809e-01 1.000070999999999932e+00
4.229999999999999871e-01 1.000073999999999907e+00
4.299999999999999933e-01 1.000075999999999965e+00
4.369999999999999996e-01 1.000078000000000022e+00
4.440000000000000058e-01 1.000080000000000080e+00
4.510000000000000120e-01 1.000081999999999915e+00
4.580000000000000182e-01 1.000083999999999973e+00
4.650000000000000244e-01 1.000084999999999891e+00
4.719999999999999751e-01 1.000086000000000030e+00
4.789999999999999813e-01 1.000086999999999948e+00
4.859999999999999876e-01 1.000088000000000088e+00
4.929999999999999938e-01 1.000088000000000088e+00
5.000000000000000000e-01 1.000089000000000006e+00
5.070000000000000062e-01 1.000089000000000006e+00
5.140000000000000124e-01 1.000089000000000006e+00
5.210000000000000187e-01 1.000089000000000006e+00
5.280000000000000249e-01 1.000089000000000006e+00
5.350000000000000311e-01 1.000088000000000088e+00
5.420000000000000373e-01 1.000088000000000088e+00
5.490000000000000435e-01 1.000086999999999948e+00
5.560000000000000497e-01 1.000086999999999948e+00
5.629999999999999449e-01 1.000086000000000030e+00
5.699999999999999512e-01 1.000084999999999891e+00
5.769999999999999574e-01 1.000084999999999891e+00
5.839999999999999636e-01 1.000083999999999973e+00
5.909999999999999698e-01 1.000083000000000055e+00
5.979999999999999760e-01 1.000081999999999915e+00
6.049999999999999822e-01 1.000080999999999998e+00
6.119999999999999885e-01 1.000080000000000080e+00
6.189999999999999947e-01 1.000078999999999940e+00
6.260000000000000009e-01 1.000078000000000022e+00
6.330000000000000071e-01 1.000077000000000105e+00
6.400000000000000133e-01 1.000075999999999965e+00
6.470000000000000195e-01 1.000075000000000047e+00
6.540000000000000258e-01 1.000073999999999907e+00
6.610000000000000320e-01 1.000072999999999990e+00
6.680000000000000382e-01 1.000072999999999990e+00
6.750000000000000444e-01 1.000072000000000072e+00
6.820000000000000506e-01 1.000070999999999932e+00
6.889999999999999458e-01 1.000070000000000014e+00
6.959999999999999520e-01 1.000069000000000097e+00
7.029999999999999583e-01 1.000069000000000097e+00
7.099999999999999645e-01 1.000067999999999957e+00
7.169999999999999707e-01 1.000067000000000039e+00
7.239999999999999769e-01 1.000067000000000039e+00
7.309999999999999831e-01 1.000065999999999899e+00
7.379999999999999893e-01 1.000065999999999899e+00
7.449999999999999956e-01 1.000064999999999982e+00
7.520000000000000018e-01 1.000064999999999982e+00
7.590000000000000080e-01 1.000064000000000064e+00
7.660000000000000142e-01 1.000064000000000064e+00
7.730000000000000204e-01 1.000064000000000064e+00
7.800000000000000266e-01 1.000062999999999924e+00
7.870000000000000329e-01 1.000062999999999924e+00
7.940000000000000391e-01 1.000062999999999924e+00
8.010000000000000453e-01 1.000062999999999924e+00
8.080000000000000515e-01 1.000062000000000006e+00
8.149999999999999467e-01 1.000062000000000006e+00
8.219999999999999529e-01 1.000062000000000006e+00
8.289999999999999591e-01 1.000062000000000006e+00
8.359999999999999654e-01 1.000062000000000006e+00
8.429999999999999716e-01 1.000062000000000006e+00
8.499999999999999778e-01 1.000062000000000006e+00
8.569999999999999840e-01 1.000062000000000006e+00
8.639999999999999902e-01 1.000062000000000006e+00
8.709999999999999964e-01 1.000062000000000006e+00
8.780000000000000027e-01 1.000062000000000006e+00
8.850000000000000089e-01 1.000062000000000006e+00
8.920000000000000151e-01 1.000062000000000006e+00
8.990000000000000213e-01 1.000062000000000006e+00
9.060000000000000275e-01 1.000062000000000006e+00
9.130000000000000338e-01 1.000061000000000089e+00
9.200000000000000400e-01 1.000061000000000089e+00
9.270000000000000462e-01 1.000061000000000089e+00
9.340000000000000524e-01 1.000061000000000089e+00
9.409999999999999476e-01 1.000061000000000089e+00
9.479999999999999538e-01 1.000059999999999949e+00
9.549999999999999600e-01 1.000059999999999949e+00
9.619999999999999662e-01 1.000059000000000031e+00
9.689999999999999725e-01 1.000059000000000031e+00
9.759999999999999787e-01 1.000057999999999891e+00
9.829999999999999849e-01 1.000056000000000056e+00
9.899999999999999911e-01 1.000053000000000081e+00
9.969999999999999973e-01 9.632779999999999676e-01
1.004000000000000004e+00 9.373850000000000238e-01
1.010999999999999899e+00 9.200990000000000002e-01
1.018000000000000016e+00 9.063909999999999467e-01
1.024999999999999911e+00 8.947939999999999783e-01
1.032000000000000028e+00 8.846349999999999492e-01
1.038999999999999924e+00 8.755380000000000384e-01
1.046000000000000041e+00 8.672680000000000389e-01
1.052999999999999936e+00 8.596660000000000412e-01
1.060000000000000053e+00 8.526179999999999870e-01
1.066999999999999948e+00 8.460389999999999855e-01
1.074000000000000066e+00 8.398660000000000014e-01
1.080999999999999961e+00 8.340459999999999541e-01
1.088000000000000078e+00 8.285379999999999967e-01
1.094999999999999973e+00 8.233099999999999863e-01
1.102000000000000091e+00 8.183319999999999483e-01
1.108999999999999986e+00 8.135820000000000274e-01
1.116000000000000103e+00 8.090389999999999526e-01
1.122999999999999998e+00 8.046849999999999836e-01
1.129999999999999893e+00 8.005060000000000509e-01
1.137000000000000011e+00 7.964890000000000025e-01
1.143999999999999906e+00 7.926210000000000200e-01
1.151000000000000023e+00 7.888929999999999554e-01
1.157999999999999918e+00 7.852959999999999940e-01
1.165000000000000036e+00 7.818199999999999594e-01
1.171999999999999931e+00 7.784600000000000408e-01
1.179000000000000048e+00 7.752069999999999794e-01
1.185999999999999943e+00 7.720559999999999645e-01
1.193000000000000060e+00 7.690010000000000456e-01
1.199999999999999956e+00 7.660379999999999967e-01
1.207000000000000073e+00 7.631599999999999495e-01
1.213999999999999968e+00 7.603649999999999576e-01
1.221000000000000085e+00 7.576479999999999881e-01
1.227999999999999980e+00 7.550050000000000372e-01
1.235000000000000098e+00 7.524330000000000185e-01
1.241999999999999993e+00 7.499289999999999567e-01
1.249000000000000110e+00 7.474889999999999590e-01
1.256000000000000005e+00 7.451109999999999678e-01
1.262999999999999901e+00 7.427920000000000078e-01
1.270000000000000018e+00 7.405300000000000216e-01
1.276999999999999913e+00 7.383220000000000338e-01
1.284000000000000030e+00 7.361659999999999870e-01
1.290999999999999925e+00 7.340600000000000458e-01
1.298000000000000043e+00 7.320020000000000415e-01
1.304999999999999938e+00 7.299900000000000277e-01
1.312000000000000055e+00 7.280229999999999757e-01
1.318999999999999950e+00 7.260980000000000212e-01
1.326000000000000068e+00 7.242150000000000531e-01
1.332999999999999963e+00 7.223709999999999853e-01
1.340000000000000080e+00 7.205650000000000110e-01
1.346999999999999975e+00 7.187949999999999617e-01
1.354000000000000092e+00 7.170619999999999772e-01
1.360999999999999988e+00 7.153620000000000534e-01
1.368000000000000105e+00 7.136949999999999683e-01
1.375000000000000000e+00 7.120600000000000263e-01
1.381999999999999895e+00 7.104559999999999764e-01
1.389000000000000012e+00 7.088809999999999834e-01
1.395999999999999908e+00 7.073350000000000470e-01
1.403000000000000025e+00 7.058159999999999989e-01
1.409999999999999920e+00 7.043239999999999501e-01
1.417000000000000037e+00 7.028569999999999540e-01
1.423999999999999932e+00 7.014160000000000394e-01
1.431000000000000050e+00 6.999980000000000091e-01
1.437999999999999945e+00 6.986029999999999740e-01
1.445000000000000062e+00 6.972310000000000452e-01
1.451999999999999957e+00 6.958809999999999718e-01
1.459000000000000075e+00 6.945510000000000295e-01
1.465999999999999970e+00 6.932409999999999961e-01
1.473000000000000087e+00 6.919509999999999827e-01
1.479999999999999982e+00 6.906799999999999606e-01
1.487000000000000099e+00 6.894270000000000120e-01
1.493999999999999995e+00 6.881909999999999972e-01
1.500999999999999890e+00 6.869729999999999448e-01
1.508000000000000007e+00 6.857710000000000194e-01
1.514999999999999902e+00 6.845839999999999703e-01
1.522000000000000020e+00 6.834130000000000482e-01
1.528999999999999915e+00 6.822570000000000023e-01
1.536000000000000032e+00 6.811150000000000260e-01
1.542999999999999927e+00 6.799870000000000081e-01
1.550000000000000044e+00 6.788720000000000310e-01
1.556999999999999940e+00 6.777699999999999836e-01
1.564000000000000057e+00 6.766809999999999770e-01
1.570999999999999952e+00 6.756029999999999536e-01
1.578000000000000069e+00 6.745370000000000532e-01
1.584999999999999964e+00 6.734830000000000538e-01
1.592000000000000082e+00 6.724390000000000089e-01
1.598999999999999977e+00 6.714050000000000296e-01
1.606000000000000094e+00 6.703820000000000334e-01
1.612999999999999989e+00 6.693689999999999918e-01
1.620000000000000107e+00 6.683639999999999581e-01
1.627000000000000002e+00 6.673689999999999900e-01
1.633999999999999897e+00 6.663829999999999476e-01
1.641000000000000014e+00 6.654060000000000530e-01
1.647999999999999909e+00 6.644360000000000266e-01
1.655000000000000027e+00 6.634750000000000369e-01
1.661999999999999922e+00 6.625210000000000266e-01
1.669000000000000039e+00 6.615750000000000242e-01
1.675999999999999934e+00 6.606349999999999723e-01
1.683000000000000052e+00 6.597030000000000394e-01
1.689999999999999947e+00 6.587779999999999747e-01
1.697000000000000064e+00 6.578589999999999716e-01
1.703999999999999959e+00 6.569460000000000299e-01
1.711000000000000076e+00 6.560399999999999565e-01
1.717999999999999972e+00 6.551390000000000269e-01
1.725000000000000089e+00 6.542440000000000477e-01
1.731999999999999984e+00 6.533550000000000191e-01
1.739000000000000101e+00 6.524710000000000232e-01
1.745999999999999996e+00 6.515929999999999778e-01
1.752999999999999892e+00 6.507190000000000474e-01
1.760000000000000009e+00 6.498509999999999565e-01
1.766999999999999904e+00 6.489869999999999806e-01
1.774000000000000021e+00 6.481280000000000374e-01
1.780999999999999917e+00 6.472740000000000160e-01
1.788000000000000034e+00 6.464239999999999986e-01
1.794999999999999929e+00 6.455790000000000139e-01
1.802000000000000046e+00 6.447380000000000333e-01
1.808999999999999941e+00 6.439009999999999456e-01
1.816000000000000059e+00 6.430690000000000017e-01
1.822999999999999954e+00 6.422400000000000331e-01
1.830000000000000071e+00 6.414159999999999862e-01
1.836999999999999966e+00 6.405950000000000255e-01
1.844000000000000083e+00 6.397789999999999866e-01
1.850999999999999979e+00 6.389660000000000339e-01
1.858000000000000096e+00 6.381569999999999743e-01
1.864999999999999991e+00 6.373520000000000296e-01
1.872000000000000108e+00 6.365509999999999780e-01
1.879000000000000004e+00 6.357530000000000125e-01
1.885999999999999899e+00 6.349599999999999689e-01
1.893000000000000016e+00 6.341700000000000115e-01
1.899999999999999911e+00 6.333830000000000293e-01
1.907000000000000028e+00 6.326009999999999689e-01
1.913999999999999924e+00 6.318219999999999947e-01
1.921000000000000041e+00 6.310470000000000246e-01
1.927999999999999936e+00 6.302750000000000297e-01
1.935000000000000053e+00 6.295079999999999565e-01
1.941999999999999948e+00 6.287439999999999696e-01
1.949000000000000066e+00 6.279839999999999867e-01
1.955999999999999961e+00 6.272280000000000078e-01
1.963000000000000078e+00 6.264760000000000328e-01
1.969999999999999973e+00 6.257270000000000332e-01
1.977000000000000091e+00 6.249829999999999552e-01
1.983999999999999986e+00 6.242429999999999923e-01
1.991000000000000103e+00 6.235070000000000334e-01
1.997999999999999998e+00 6.227749999999999675e-01
2.004999999999999893e+00 6.220470000000000166e-01
2.012000000000000011e+00 6.213229999999999587e-01
2.019000000000000128e+00 6.206040000000000445e-01
2.025999999999999801e+00 6.198890000000000233e-01
2.032999999999999918e+00 6.191790000000000349e-01
2.040000000000000036e+00 6.184739999999999682e-01
2.047000000000000153e+00 6.177730000000000166e-01
2.053999999999999826e+00 6.170759999999999579e-01
2.060999999999999943e+00 6.163849999999999607e-01
2.068000000000000060e+00 6.156979999999999675e-01
2.075000000000000178e+00 6.150170000000000359e-01
2.081999999999999851e+00 6.143399999999999972e-01
2.088999999999999968e+00 6.136690000000000200e-01
2.096000000000000085e+00 6.130029999999999646e-01
2.103000000000000203e+00 6.123420000000000529e-01
2.109999999999999876e+00 6.116869999999999807e-01
2.116999999999999993e+00 6.110379999999999701e-01
2.124000000000000110e+00 6.103939999999999921e-01
2.130999999999999783e+00 6.097559999999999647e-01
2.137999999999999901e+00 6.091229999999999700e-01
2.145000000000000018e+00 6.084969999999999546e-01
2.152000000000000135e+00 6.078770000000000007e-01
2.158999999999999808e+00 6.072629999999999972e-01
2.165999999999999925e+00 6.066559999999999730e-01
2.173000000000000043e+00 6.060550000000000104e-01
2.180000000000000160e+00 6.054599999999999982e-01
2.186999999999999833e+00 6.048719999999999652e-01
2.193999999999999950e+00 6.042910000000000226e-01
2.201000000000000068e+00 6.037169999999999481e-01
2.208000000000000185e+00 6.031490000000000462e-01
2.214999999999999858e+00 6.025890000000000413e-01
2.221999999999999975e+00 6.020360000000000156e-01
2.229000000000000092e+00 6.014899999999999691e-01
2.236000000000000210e+00 6.009520000000000417e-01
2.242999999999999883e+00 6.004209999999999825e-01
2.250000000000000000e+00 5.998970000000000136e-01
2.257000000000000117e+00 5.993819999999999704e-01
2.263999999999999790e+00 5.988740000000000174e-01
2.270999999999999908e+00 5.983739999999999615e-01
2.278000000000000025e+00 5.978830000000000533e-01
2.285000000000000142e+00 5.973990000000000133e-01
2.291999999999999815e+00 5.969229999999999814e-01
2.298999999999999932e+00 5.964559999999999862e-01
2.306000000000000050e+00 5.959969999999999990e-01
2.313000000000000167e+00 5.955470000000000486e-01
2.319999999999999840e+00 5.951049999999999951e-01
2.326999999999999957e+00 5.946719999999999784e-01
2.334000000000000075e+00 5.942469999999999697e-01
2.341000000000000192e+00 5.938320000000000265e-01
2.347999999999999865e+00 5.934249999999999803e-01
2.354999999999999982e+00 5.930269999999999708e-01
2.362000000000000099e+00 5.926379999999999981e-01
2.369000000000000217e+00 5.922579999999999512e-01
2.375999999999999890e+00 5.918870000000000520e-01
2.383000000000000007e+00 5.915259999999999962e-01
2.390000000000000124e+00 5.911739999999999773e-01
2.396999999999999797e+00 5.908309999999999951e-01
2.403999999999999915e+00 5.904970000000000496e-01
2.411000000000000032e+00 5.901729999999999476e-01
2.418000000000000149e+00 5.898579999999999934e-01
2.424999999999999822e+00 5.895519999999999650e-01
2.431999999999999940e+00 5.892560000000000020e-01
2.439000000000000057e+00 5.889699999999999935e-01
2.446000000000000174e+00 5.886930000000000218e-01
2.452999999999999847e+00 5.884260000000000046e-01
2.459999999999999964e+00 5.881680000000000241e-01
2.467000000000000082e+00 5.879199999999999982e-01
2.474000000000000199e+00 5.876810000000000089e-01
2.480999999999999872e+00 5.874519999999999742e-01
2.487999999999999989e+00 5.872330000000000050e-01
2.495000000000000107e+00 5.870229999999999615e-01
2.501999999999999780e+00 5.868229999999999835e-01
2.508999999999999897e+00 5.866320000000000423e-01
2.516000000000000014e+00 5.864509999999999446e-01
2.523000000000000131e+00 5.862789999999999946e-01
2.529999999999999805e+00 5.861169999999999991e-01
2.536999999999999922e+00 5.859640000000000404e-01
2.544000000000000039e+00 5.858210000000000361e-01
2.551000000000000156e+00 5.856860000000000399e-01
2.557999999999999829e+00 5.855620000000000269e-01
2.564999999999999947e+00 5.854460000000000219e-01
2.572000000000000064e+00 5.853399999999999714e-01
2.579000000000000181e+00 5.852420000000000400e-01
2.585999999999999854e+00 5.851539999999999520e-01
2.592999999999999972e+00 5.850750000000000117e-01
2.600000000000000089e+00 5.850039999999999685e-01
2.607000000000000206e+00 5.849419999999999620e-01
2.613999999999999879e+00 5.848889999999999922e-01
2.620999999999999996e+00 5.848449999999999482e-01
2.628000000000000114e+00 5.848090000000000233e-01
2.634999999999999787e+00 5.847820000000000240e-01
2.641999999999999904e+00 5.847630000000000328e-01
2.649000000000000021e+00 5.847520000000000495e-01
2.656000000000000139e+00 5.847489999999999633e-01
2.662999999999999812e+00 5.847539999999999960e-01
2.669999999999999929e+00 5.847670000000000368e-01
2.677000000000000046e+00 5.847879999999999745e-01
2.684000000000000163e+00 5.848160000000000025e-01
2.690999999999999837e+00 5.848520000000000385e-01
2.697999999999999954e+00 5.848950000000000538e-01
2.705000000000000071e+00 5.849450000000000482e-01
2.712000000000000188e+00 5.850020000000000220e-01
2.718999999999999861e+00 5.850659999999999750e-01
2.725999999999999979e+00 5.851370000000000182e-01
2.733000000000000096e+00 5.852140000000000120e-01
2.740000000000000213e+00 5.852979999999999849e-01
2.746999999999999886e+00 5.853880000000000194e-01
2.754000000000000004e+00 5.854829999999999757e-01
2.761000000000000121e+00 5.855850000000000222e-01
2.767999999999999794e+00 5.856930000000000192e-01
2.774999999999999911e+00 5.858060000000000489e-01
2.782000000000000028e+00 5.859240000000000004e-01
2.789000000000000146e+00 5.860469999999999846e-01
2.795999999999999819e+00 5.861760000000000304e-01
2.802999999999999936e+00 5.863089999999999691e-01
2.810000000000000053e+00 5.864470000000000516e-01
2.817000000000000171e+00 5.865890000000000271e-01
2.823999999999999844e+00 5.867350000000000065e-01
2.830999999999999961e+00 5.868860000000000188e-01
2.838000000000000078e+00 5.870400000000000063e-01
2.845000000000000195e+00 5.871979999999999977e-01
2.851999999999999869e+00 5.873589999999999645e-01
2.858999999999999986e+00 5.875230000000000175e-01
2.866000000000000103e+00 5.876900000000000457e-01
2.873000000000000220e+00 5.878600000000000492e-01
2.879999999999999893e+00 5.880319999999999991e-01
2.887000000000000011e+00 5.882070000000000354e-01
2.894000000000000128e+00 5.883840000000000181e-01
2.900999999999999801e+00 5.885629999999999473e-01
2.907999999999999918e+00 5.887430000000000163e-01
2.915000000000000036e+00 5.889250000000000318e-01
2.922000000000000153e+00 5.891089999999999938e-01
2.928999999999999826e+00 5.892929999999999557e-01
2.935999999999999943e+00 5.894779999999999465e-01
2.943000000000000060e+00 5.896630000000000482e-01
2.950000000000000178e+00 5.898489999999999567e-01
2.956999999999999851e+00 5.900349999999999762e-01
2.963999999999999968e+00 5.902209999999999956e-01
2.971000000000000085e+00 5.904059999999999864e-01
2.978000000000000203e+00 5.905909999999999771e-01
2.984999999999999876e+00 5.907750000000000501e-01
2.991999999999999993e+00 5.909590000000000121e-01
2.999000000000000110e+00 5.911410000000000275e-01
3.005999999999999783e+00 5.913209999999999855e-01
3.012999999999999901e+00 5.915000000000000258e-01
3.020000000000000018e+00 5.916770000000000085e-01
3.027000000000000135e+00 5.918520000000000447e-01
3.033999999999999808e+00 5.920239999999999947e-01
3.040999999999999925e+00 5.921939999999999982e-01
3.048000000000000043e+00 5.923610000000000264e-01
3.055000000000000160e+00 5.925249999999999684e-01
3.061999999999999833e+00 5.926860000000000461e-01
3.068999999999999950e+00 5.928430000000000089e-01
3.076000000000000068e+00 5.929959999999999676e-01
3.083000000000000185e+00 5.931459999999999511e-01
3.089999999999999858e+00 5.932920000000000416e-01
3.096999999999999975e+00 5.934329999999999883e-01
3.104000000000000092e+00 5.935690000000000133e-01
3.111000000000000210e+00 5.937010000000000343e-01
3.117999999999999883e+00 5.938280000000000225e-01
3.125000000000000000e+00 5.939499999999999780e-01
3.132000000000000117e+00 5.940659999999999830e-01
3.138999999999999790e+00 5.941769999999999552e-01
3.145999999999999908e+00 5.942809999999999482e-01
3.153000000000000025e+00 5.943800000000000194e-01
3.160000000000000142e+00 5.944720000000000004e-01
3.166999999999999815e+00 5.945580000000000309e-01
3.173999999999999932e+00 5.946369999999999711e-01
3.181000000000000050e+00 5.947099999999999609e-01
3.188000000000000167e+00 5.947750000000000536e-01
3.194999999999999840e+00 5.948329999999999451e-01
3.201999999999999957e+00 5.948830000000000506e-01
3.209000000000000075e+00 5.949259999999999549e-01
3.216000000000000192e+00 5.949609999999999621e-01
3.222999999999999865e+00 5.949879999999999614e-01
3.229999999999999982e+00 5.950060000000000349e-01
3.237000000000000099e+00 5.950159999999999894e-01
3.244000000000000217e+00 5.950180000000000469e-01
3.250999999999999890e+00 5.950100000000000389e-01
3.258000000000000007e+00 5.949940000000000229e-01
3.265000000000000124e+00 5.949680000000000524e-01
3.271999999999999797e+00 5.949330000000000451e-01
3.278999999999999915e+00 5.948879999999999724e-01
3.286000000000000032e+00 5.948339999999999739e-01
3.293000000000000149e+00 5.947700000000000209e-01
3.299999999999999822e+00 5.946949999999999736e-01
3.306999999999999940e+00 5.946110000000000007e-01
3.314000000000000057e+00 5.945160000000000444e-01
3.321000000000000174e+00 5.944099999999999939e-01
3.327999999999999847e+00 5.942929999999999602e-01
3.334999999999999964e+00 5.941659999999999719e-01
3.342000000000000082e+00 5.940269999999999717e-01
3.349000000000000199e+00 5.938769999999999882e-01
3.355999999999999872e+00 5.937160000000000215e-01
3.362999999999999989e+00 5.935430000000000428e-01
3.370000000000000107e+00 5.933589999999999698e-01
3.376999999999999780e+00 5.931619999999999671e-01
3.383999999999999897e+00 5.929539999999999811e-01
3.391000000000000014e+00 5.927329999999999544e-01
3.398000000000000131e+00 5.925010000000000554e-01
3.404999999999999805e+00 5.922549999999999759e-01
3.411999999999999922e+00 5.919969999999999954e-01
3.419000000000000039e+00 5.917270000000000030e-01
3.426000000000000156e+00 5.914430000000000520e-01
3.432999999999999829e+00 5.911469999999999780e-01
3.439999999999999947e+00 5.908369999999999456e-01
3.447000000000000064e+00 5.905139999999999834e-01
3.454000000000000181e+00 5.901779999999999804e-01
3.460999999999999854e+00 5.898280000000000189e-01
3.467999999999999972e+00 5.894650000000000167e-01
3.475000000000000089e+00 5.890879999999999450e-01
3.482000000000000206e+00 5.886970000000000258e-01
3.488999999999999879e+00 5.882929999999999549e-01
3.495999999999999996e+00 5.878740000000000077e-01
3.503000000000000114e+00 5.874409999999999910e-01
3.509999999999999787e+00 5.869940000000000158e-01
3.516999999999999904e+00 5.865329999999999711e-01
3.524000000000000021e+00 5.860570000000000501e-01
3.531000000000000139e+00 5.855669999999999487e-01
3.537999999999999812e+00 5.850629999999999997e-01
3.544999999999999929e+00 5.845430000000000348e-01
3.552000000000000046e+00 5.840100000000000291e-01
3.559000000000000163e+00 5.834610000000000074e-01
3.565999999999999837e+00 5.828969999999999985e-01
3.572999999999999954e+00 5.823190000000000310e-01
3.580000000000000071e+00 5.817259999999999653e-01
3.587000000000000188e+00 5.811169999999999947e-01
3.593999999999999861e+00 5.804939999999999545e-01
3.600999999999999979e+00 5.798560000000000381e-01
3.608000000000000096e+00 5.792019999999999946e-01
3.615000000000000213e+00 5.785339999999999927e-01
3.621999999999999886e+00 5.778499999999999748e-01
3.629000000000000004e+00 5.771509999999999696e-01
3.636000000000000121e+00 5.764369999999999772e-01
3.642999999999999794e+00 5.757079999999999975e-01
3.649999999999999911e+00 5.749640000000000306e-01
3.657000000000000028e+00 5.742040000000000477e-01
3.664000000000000146e+00 5.734289999999999665e-01
3.670999999999999819e+00 5.726390000000000091e-01
3.677999999999999936e+00 5.718339999999999534e-01
3.685000000000000053e+00 5.710140000000000216e-01
3.692000000000000171e+00 5.701789999999999914e-01
3.698999999999999844e+00 5.693289999999999740e-01
3.705999999999999961e+00 5.684639999999999693e-01
3.713000000000000078e+00 5.675839999999999774e-01
3.720000000000000195e+00 5.666889999999999983e-01
3.726999999999999869e+00 5.657799999999999496e-01
3.733999999999999986e+00 5.648560000000000247e-01
3.741000000000000103e+00 5.639170000000000016e-01
3.748000000000000220e+00 5.629640000000000200e-01
3.754999999999999893e+00 5.619969999999999688e-01
3.762000000000000011e+00 5.610150000000000414e-01
3.769000000000000128e+00 5.600190000000000445e-01
3.775999999999999801e+00 5.590100000000000069e-01
3.782999999999999918e+00 5.579870000000000108e-01
3.790000000000000036e+00 5.569499999999999451e-01
3.797000000000000153e+00 5.558999999999999497e-01
3.803999999999999826e+00 5.548370000000000246e-01
3.810999999999999943e+00 5.537600000000000300e-01
3.818000000000000060e+00 5.526710000000000234e-01
3.825000000000000178e+00 5.515700000000000047e-01
3.831999999999999851e+00 5.504559999999999453e-01
3.838999999999999968e+00 5.493299999999999850e-01
3.846000000000000085e+00 5.481930000000000414e-01
3.853000000000000203e+00 5.470439999999999747e-01
3.859999999999999876e+00 5.458840000000000359e-01
3.866999999999999993e+00 5.447130000000000027e-01
3.874000000000000110e+00 5.435309999999999864e-01
3.880999999999999783e+00 5.423400000000000443e-01
3.887999999999999901e+00 5.411390000000000366e-01
3.895000000000000018e+00 5.399279999999999635e-01
3.902000000000000135e+00 5.387089999999999934e-01
3.908999999999999808e+00 5.374809999999999865e-01
3.915999999999999925e+00 5.362449999999999717e-01
3.923000000000000043e+00 5.350019999999999776e-01
3.930000000000000160e+00 5.337509999999999755e-01
3.936999999999999833e+00 5.324940000000000229e-01
3.943999999999999950e+00 5.312310000000000088e-01
3.951000000000000068e+00 5.299620000000000442e-01
3.958000000000000185e+00 5.286889999999999645e-01
3.964999999999999858e+00 5.274109999999999632e-01
3.971999999999999975e+00 5.261289999999999578e-01
3.979000000000000092e+00 5.248450000000000060e-01
3.986000000000000210e+00 5.235579999999999679e-01
3.992999999999999883e+00 5.222689999999999833e-01
4.000000000000000000e+00 5.209799999999999986e-01
4.006999999999999673e+00 5.196899999999999853e-01
4.014000000000000234e+00 5.184010000000000007e-01
4.020999999999999908e+00 5.171130000000000448e-01
4.027999999999999581e+00 5.158279999999999532e-01
4.035000000000000142e+00 5.145459999999999479e-01
4.041999999999999815e+00 5.132679999999999465e-01
4.049000000000000377e+00 5.119949999999999779e-01
4.056000000000000050e+00 5.107270000000000421e-01
4.062999999999999723e+00 5.094670000000000032e-01
4.070000000000000284e+00 5.082149999999999723e-01
4.076999999999999957e+00 5.069709999999999495e-01
4.083999999999999631e+00 5.057380000000000209e-01
4.091000000000000192e+00 5.045159999999999645e-01
4.097999999999999865e+00 5.033060000000000311e-01
4.105000000000000426e+00 5.021090000000000275e-01
4.112000000000000099e+00 5.009280000000000399e-01
4.118999999999999773e+00 4.997619999999999840e-01
4.126000000000000334e+00 4.986140000000000017e-01
4.133000000000000007e+00 4.974839999999999818e-01
4.139999999999999680e+00 4.963739999999999819e-01
4.147000000000000242e+00 4.952849999999999753e-01
4.153999999999999915e+00 4.942190000000000194e-01
4.160999999999999588e+00 4.931780000000000053e-01
4.168000000000000149e+00 4.921610000000000151e-01
4.174999999999999822e+00 4.911719999999999975e-01
4.182000000000000384e+00 4.902119999999999811e-01
4.189000000000000057e+00 4.892819999999999947e-01
4.195999999999999730e+00 4.883830000000000116e-01
4.203000000000000291e+00 4.875180000000000069e-01
4.209999999999999964e+00 4.866889999999999827e-01
4.216999999999999638e+00 4.858959999999999946e-01
4.224000000000000199e+00 4.851409999999999889e-01
4.230999999999999872e+00 4.844269999999999965e-01
4.238000000000000433e+00 4.837540000000000173e-01
4.245000000000000107e+00 4.831250000000000266e-01
4.251999999999999780e+00 4.825420000000000265e-01
4.259000000000000341e+00 4.820059999999999900e-01
4.266000000000000014e+00 4.815180000000000016e-01
4.272999999999999687e+00 4.810820000000000096e-01
4.280000000000000249e+00 4.806989999999999874e-01
4.286999999999999922e+00 4.803700000000000192e-01
4.293999999999999595e+00 4.800969999999999960e-01
4.301000000000000156e+00 4.798819999999999752e-01
4.307999999999999829e+00 4.797279999999999878e-01
4.315000000000000391e+00 4.796349999999999780e-01
4.322000000000000064e+00 4.796059999999999768e-01
4.328999999999999737e+00 4.796420000000000128e-01
4.336000000000000298e+00 4.797460000000000058e-01
4.342999999999999972e+00 4.799180000000000113e-01
4.349999999999999645e+00 4.801610000000000045e-01
4.357000000000000206e+00 4.804760000000000142e-01
4.363999999999999879e+00 4.808660000000000156e-01
4.371000000000000441e+00 4.813310000000000088e-01
4.378000000000000114e+00 4.818740000000000245e-01
4.384999999999999787e+00 4.824950000000000072e-01
4.392000000000000348e+00 4.831969999999999876e-01
4.399000000000000021e+00 4.839800000000000213e-01
4.405999999999999694e+00 4.848469999999999724e-01
4.413000000000000256e+00 4.857980000000000076e-01
4.419999999999999929e+00 4.868359999999999910e-01
4.426999999999999602e+00 4.879600000000000048e-01
4.434000000000000163e+00 4.891730000000000245e-01
4.440999999999999837e+00 4.904749999999999943e-01
4.448000000000000398e+00 4.918669999999999987e-01
4.455000000000000071e+00 4.933509999999999840e-01
4.461999999999999744e+00 4.949259999999999771e-01
4.469000000000000306e+00 4.965950000000000086e-01
4.475999999999999979e+00 4.983580000000000232e-01
4.482999999999999652e+00 5.002140000000000475e-01
4.490000000000000213e+00 5.021660000000000013e-01
4.496999999999999886e+00 5.042119999999999935e-01
4.503999999999999559e+00 5.063549999999999995e-01
4.511000000000000121e+00 5.085929999999999618e-01
4.517999999999999794e+00 5.109270000000000200e-01
4.525000000000000355e+00 5.133579999999999810e-01
4.532000000000000028e+00 5.158840000000000092e-01
4.538999999999999702e+00 5.185070000000000512e-01
4.546000000000000263e+00 5.212250000000000494e-01
4.552999999999999936e+00 5.240390000000000326e-01
4.559999999999999609e+00 5.269490000000000007e-01
4.567000000000000171e+00 5.299530000000000074e-01
4.573999999999999844e+00 5.330510000000000526e-01
4.581000000000000405e+00 5.362430000000000252e-01
4.588000000000000078e+00 5.395280000000000076e-01
4.594999999999999751e+00 5.429049999999999709e-01
4.602000000000000313e+00 5.463729999999999976e-01
4.608999999999999986e+00 5.499319999999999764e-01
4.615999999999999659e+00 5.535799999999999610e-01
4.623000000000000220e+00 5.573160000000000336e-01
4.629999999999999893e+00 5.611399999999999721e-01
4.636999999999999567e+00 5.650490000000000235e-01
4.644000000000000128e+00 5.690429999999999655e-01
4.650999999999999801e+00 5.731199999999999628e-01
4.658000000000000362e+00 5.772789999999999866e-01
4.665000000000000036e+00 5.815179999999999794e-01
4.671999999999999709e+00 5.858360000000000234e-01
4.679000000000000270e+00 5.902319999999999789e-01
4.685999999999999943e+00 5.947029999999999816e-01
4.692999999999999616e+00 5.992480000000000029e-01
4.700000000000000178e+00 6.038660000000000139e-01
4.706999999999999851e+00 6.085530000000000106e-01
4.714000000000000412e+00 6.133100000000000218e-01
4.721000000000000085e+00 6.181339999999999613e-01
4.727999999999999758e+00 6.230229999999999935e-01
4.735000000000000320e+00 6.279749999999999499e-01
4.741999999999999993e+00 6.329879999999999951e-01
4.748999999999999666e+00 6.380599999999999605e-01
4.756000000000000227e+00 6.431900000000000395e-01
4.762999999999999901e+00 6.483759999999999524e-01
4.769999999999999574e+00 6.536140000000000283e-01
4.777000000000000135e+00 6.589040000000000452e-01
4.783999999999999808e+00 6.642439999999999456e-01
4.791000000000000369e+00 6.696309999999999762e-01
4.798000000000000043e+00 6.750629999999999686e-01
4.804999999999999716e+00 6.805390000000000050e-01
4.812000000000000277e+00 6.860549999999999704e-01
4.818999999999999950e+00 6.916109999999999758e-01
4.825999999999999623e+00 6.972040000000000459e-01
4.833000000000000185e+00 7.028320000000000123e-01
4.839999999999999858e+00 7.084920000000000107e-01
4.847000000000000419e+00 7.141840000000000410e-01
4.854000000000000092e+00 7.199050000000000171e-01
4.860999999999999766e+00 7.256519999999999637e-01
4.868000000000000327e+00 7.314239999999999631e-01
4.875000000000000000e+00 7.372189999999999577e-01
4.881999999999999673e+00 7.430350000000000010e-01
4.889000000000000234e+00 7.488690000000000069e-01
4.895999999999999908e+00 7.547199999999999465e-01
4.902999999999999581e+00 7.605859999999999843e-01
4.910000000000000142e+00 7.664640000000000342e-01
4.916999999999999815e+00 7.723539999999999850e-01
4.924000000000000377e+00 7.782520000000000548e-01
4.931000000000000050e+00 7.841569999999999929e-01
4.937999999999999723e+00 7.900679999999999925e-01
4.945000000000000284e+00 7.959819999999999673e-01
4.951999999999999957e+00 8.018969999999999709e-01
4.958999999999999631e+00 8.078119999999999745e-01
4.966000000000000192e+00 8.137240000000000029e-01
4.972999999999999865e+00 8.196329999999999449e-01
4.980000000000000426e+00 8.255360000000000475e-01
4.987000000000000099e+00 8.314310000000000311e-01
4.993999999999999773e+00 8.373169999999999780e-01
5.001000000000000334e+00 8.431929999999999703e-01
5.008000000000000007e+00 8.490560000000000329e-01
5.014999999999999680e+00 8.549039999999999973e-01
5.022000000000000242e+00 8.607369999999999743e-01
5.028999999999999915e+00 8.665530000000000177e-01
5.035999999999999588e+00 8.723490000000000411e-01
5.043000000000000149e+00 8.781259999999999621e-01
5.049999999999999822e+00 8.838799999999999990e-01
5.057000000000000384e+00 8.896110000000000406e-01
5.064000000000000057e+00 8.953170000000000295e-01
5.070999999999999730e+00 9.009970000000000478e-01
5.078000000000000291e+00 9.066499999999999559e-01
5.084999999999999964e+00 9.122730000000000006e-01
5.091999999999999638e+00 9.178669999999999884e-01
5.099000000000000199e+00 9.234280000000000266e-01
5.105999999999999872e+00 9.289570000000000327e-01
5.113000000000000433e+00 9.344519999999999493e-01
5.120000000000000107e+00 9.399110000000000520e-01
5.126999999999999780e+00 9.453340000000000076e-01
5.134000000000000341e+00 9.507200000000000095e-01
5.141000000000000014e+00 9.560659999999999714e-01
5.147999999999999687e+00 9.613730000000000331e-01
5.155000000000000249e+00 9.666390000000000260e-01
5.161999999999999922e+00 9.718630000000000324e-01
5.168999999999999595e+00 9.770429999999999948e-01
5.176000000000000156e+00 9.821800000000000530e-01
5.182999999999999829e+00 9.872720000000000384e-01
5.190000000000000391e+00 9.923170000000000046e-01
5.197000000000000064e+00 9.973159999999999803e-01
5.203999999999999737e+00 1.002267000000000019e+00
5.211000000000000298e+00 1.007169999999999899e+00
5.217999999999999972e+00 1.012022999999999895e+00
5.224999999999999645e+00 1.016825000000000090e+00
5.232000000000000206e+00 1.021576999999999957e+00
5.238999999999999879e+00 1.026275999999999966e+00
5.246000000000000441e+00 1.030923000000000034e+00
5.253000000000000114e+00 1.035517000000000021e+00
5.259999999999999787e+00 1.040056000000000092e+00
5.267000000000000348e+00 1.044540000000000024e+00
5.274000000000000021e+00 1.048969000000000040e+00
5.280999999999999694e+00 1.053341000000000083e+00
5.288000000000000256e+00 1.057657000000000069e+00
5.294999999999999929e+00 1.061914999999999942e+00
5.301999999999999602e+00 1.066114000000000006e+00
5.309000000000000163e+00 1.070254999999999956e+00
5.315999999999999837e+00 1.074337000000000097e+00
5.323000000000000398e+00 1.078357999999999928e+00
5.330000000000000071e+00 1.082319000000000031e+00
5.336999999999999744e+00 1.086219000000000046e+00
5.344000000000000306e+00 1.090057999999999971e+00
5.350999999999999979e+00 1.093833999999999973e+00
5.357999999999999652e+00 1.097547000000000050e+00
5.365000000000000213e+00 1.101196999999999981e+00
5.371999999999999886e+00 1.104783000000000071e+00
5.378999999999999559e+00 1.108305000000000096e+00
5.386000000000000121e+00 1.111763000000000057e+00
5.392999999999999794e+00 1.115153999999999979e+00
5.400000000000000355e+00 1.118481000000000058e+00
5.407000000000000028e+00 1.121741000000000099e+00
5.413999999999999702e+00 1.124934000000000101e+00
5.421000000000000263e+00 1.128060000000000063e+00
5.427999999999999936e+00 1.131118000000000068e+00
5.434999999999999609e+00 1.134107999999999894e+00
5.442000000000000171e+00 1.137029000000000067e+00
5.448999999999999844e+00 1.139880999999999922e+00
5.456000000000000405e+00 1.142662999999999984e+00
5.463000000000000078e+00 1.145375000000000032e+00
5.469999999999999751e+00 1.148015999999999925e+00
5.477000000000000313e+00 1.150586000000000109e+00
5.483999999999999986e+00 1.153083999999999998e+00
5.490999999999999659e+00 1.155510000000000037e+00
5.498000000000000220e+00 1.157861999999999947e+00
5.504999999999999893e+00 1.160142000000000007e+00
5.511999999999999567e+00 1.162347000000000019e+00
5.519000000000000128e+00 1.164476999999999984e+00
5.525999999999999801e+00 1.166533000000000042e+00
5.533000000000000362e+00 1.168511999999999995e+00
