1.000999999999999890e+00 2.112169999999999881e-01
1.010999999999999899e+00 2.829130000000000256e-01
1.020999999999999908e+00 3.207039999999999891e-01
1.030999999999999917e+00 3.474099999999999966e-01
1.040999999999999925e+00 3.683159999999999767e-01
1.050999999999999934e+00 3.855870000000000131e-01
1.060999999999999943e+00 4.003430000000000044e-01
1.070999999999999952e+00 4.132440000000000002e-01
1.080999999999999961e+00 4.247130000000000072e-01
1.090999999999999970e+00 4.350419999999999843e-01
1.100999999999999979e+00 4.444370000000000265e-01
1.110999999999999988e+00 4.530540000000000123e-01
1.120999999999999996e+00 4.610119999999999774e-01
1.131000000000000005e+00 4.684010000000000118e-01
1.141000000000000014e+00 4.752970000000000250e-01
1.151000000000000023e+00 4.817600000000000215e-01
1.161000000000000032e+00 4.878390000000000226e-01
1.171000000000000041e+00 4.935749999999999860e-01
1.181000000000000050e+00 4.990029999999999744e-01
1.191000000000000059e+00 5.041539999999999910e-01
1.201000000000000068e+00 5.090519999999999490e-01
1.211000000000000076e+00 5.137190000000000367e-01
1.221000000000000085e+00 5.181759999999999700e-01
1.231000000000000094e+00 5.224379999999999580e-01
1.241000000000000103e+00 5.265210000000000168e-01
1.250999999999999890e+00 5.304379999999999651e-01
1.260999999999999899e+00 5.342010000000000369e-01
1.270999999999999908e+00 5.378209999999999935e-01
1.280999999999999917e+00 5.413059999999999539e-01
1.290999999999999925e+00 5.446659999999999835e-01
1.300999999999999934e+00 5.479089999999999794e-01
1.310999999999999943e+00 5.510410000000000030e-01
1.320999999999999952e+00 5.540690000000000337e-01
1.330999999999999961e+00 5.569979999999999931e-01
1.340999999999999970e+00 5.598349999999999715e-01
1.350999999999999979e+00 5.625850000000000017e-01
1.360999999999999988e+00 5.652509999999999479e-01
1.370999999999999996e+00 5.678389999999999826e-01
1.381000000000000005e+00 5.703510000000000524e-01
1.391000000000000014e+00 5.727919999999999678e-01
1.401000000000000023e+00 5.751659999999999551e-01
1.411000000000000032e+00 5.774740000000000428e-01
1.421000000000000041e+00 5.797210000000000418e-01
1.431000000000000050e+00 5.819090000000000096e-01
1.441000000000000059e+00 5.840400000000000036e-01
1.451000000000000068e+00 5.861169999999999991e-01
1.461000000000000076e+00 5.881429999999999714e-01
1.471000000000000085e+00 5.901189999999999491e-01
1.481000000000000094e+00 5.920469999999999899e-01
1.491000000000000103e+00 5.939290000000000402e-01
1.500999999999999890e+00 5.957670000000000465e-01
1.510999999999999899e+00 5.975629999999999553e-01
1.520999999999999908e+00 5.993190000000000461e-01
1.530999999999999917e+00 6.010349999999999859e-01
1.540999999999999925e+00 6.027130000000000543e-01
1.550999999999999934e+00 6.043549999999999756e-01
1.560999999999999943e+00 6.059620000000000006e-01
1.570999999999999952e+00 6.075340000000000185e-01
1.580999999999999961e+00 6.090740000000000043e-01
1.590999999999999970e+00 6.105829999999999869e-01
1.600999999999999979e+00 6.120600000000000485e-01
1.610999999999999988e+00 6.135080000000000533e-01
1.620999999999999996e+00 6.149270000000000014e-01
1.631000000000000005e+00 6.163180000000000325e-01
1.641000000000000014e+00 6.176829999999999821e-01
1.651000000000000023e+00 6.190210000000000434e-01
1.661000000000000032e+00 6.203340000000000520e-01
1.671000000000000041e+00 6.216220000000000079e-01
1.681000000000000050e+00 6.228860000000000507e-01
1.691000000000000059e+00 6.241269999999999873e-01
1.701000000000000068e+00 6.253459999999999575e-01
1.711000000000000076e+00 6.265429999999999611e-01
1.721000000000000085e+00 6.277179999999999982e-01
1.731000000000000094e+00 6.288730000000000153e-01
1.741000000000000103e+00 6.300069999999999837e-01
1.750999999999999890e+00 6.311219999999999608e-01
1.760999999999999899e+00 6.322170000000000289e-01
1.770999999999999908e+00 6.332940000000000236e-01
1.780999999999999917e+00 6.343529999999999447e-01
1.790999999999999925e+00 6.353940000000000143e-01
1.800999999999999934e+00 6.364180000000000392e-01
1.810999999999999943e+00 6.374250000000000194e-01
1.820999999999999952e+00 6.384149999999999547e-01
1.830999999999999961e+00 6.393900000000000139e-01
1.840999999999999970e+00 6.403480000000000283e-01
1.850999999999999979e+00 6.412910000000000554e-01
1.860999999999999988e+00 6.422200000000000131e-01
1.870999999999999996e+00 6.431329999999999547e-01
1.881000000000000005e+00 6.440320000000000489e-01
1.891000000000000014e+00 6.449169999999999625e-01
1.901000000000000023e+00 6.457889999999999464e-01
1.911000000000000032e+00 6.466469999999999718e-01
1.921000000000000041e+00 6.474910000000000387e-01
1.931000000000000050e+00 6.483229999999999826e-01
1.941000000000000059e+00 6.491419999999999968e-01
1.951000000000000068e+00 6.499479999999999702e-01
1.961000000000000076e+00 6.507429999999999604e-01
1.971000000000000085e+00 6.515250000000000208e-01
1.981000000000000094e+00 6.522959999999999869e-01
1.991000000000000103e+00 6.530550000000000521e-01
2.000999999999999890e+00 6.538030000000000230e-01
2.011000000000000121e+00 6.545400000000000107e-01
2.020999999999999908e+00 6.552649999999999864e-01
2.031000000000000139e+00 6.559800000000000075e-01
2.040999999999999925e+00 6.566849999999999632e-01
2.051000000000000156e+00 6.573790000000000466e-01
2.060999999999999943e+00 6.580629999999999535e-01
2.071000000000000174e+00 6.587370000000000170e-01
2.080999999999999961e+00 6.594010000000000149e-01
2.091000000000000192e+00 6.600549999999999473e-01
2.100999999999999979e+00 6.606999999999999540e-01
2.111000000000000210e+00 6.613350000000000062e-01
2.120999999999999996e+00 6.619610000000000216e-01
2.130999999999999783e+00 6.625780000000000003e-01
2.141000000000000014e+00 6.631860000000000532e-01
2.150999999999999801e+00 6.637849999999999584e-01
2.161000000000000032e+00 6.643750000000000488e-01
2.170999999999999819e+00 6.649570000000000203e-01
2.181000000000000050e+00 6.655299999999999550e-01
2.190999999999999837e+00 6.660939999999999639e-01
2.201000000000000068e+00 6.666509999999999936e-01
2.210999999999999854e+00 6.671989999999999865e-01
2.221000000000000085e+00 6.677389999999999715e-01
2.230999999999999872e+00 6.682709999999999484e-01
2.241000000000000103e+00 6.687959999999999461e-01
2.250999999999999890e+00 6.693120000000000180e-01
2.261000000000000121e+00 6.698209999999999997e-01
2.270999999999999908e+00 6.703230000000000022e-01
2.281000000000000139e+00 6.708169999999999966e-01
2.290999999999999925e+00 6.713029999999999831e-01
2.301000000000000156e+00 6.717819999999999903e-01
2.310999999999999943e+00 6.722540000000000182e-01
2.321000000000000174e+00 6.727189999999999559e-01
2.330999999999999961e+00 6.731770000000000254e-01
2.341000000000000192e+00 6.736280000000000046e-01
2.350999999999999979e+00 6.740720000000000045e-01
2.361000000000000210e+00 6.745090000000000252e-01
2.370999999999999996e+00 6.749399999999999844e-01
2.380999999999999783e+00 6.753639999999999644e-01
2.391000000000000014e+00 6.757809999999999651e-01
2.400999999999999801e+00 6.761920000000000153e-01
2.411000000000000032e+00 6.765959999999999752e-01
2.420999999999999819e+00 6.769939999999999847e-01
2.431000000000000050e+00 6.773860000000000436e-01
2.440999999999999837e+00 6.777710000000000123e-01
2.451000000000000068e+00 6.781500000000000306e-01
2.460999999999999854e+00 6.785229999999999873e-01
2.471000000000000085e+00 6.788910000000000222e-01
2.480999999999999872e+00 6.792519999999999669e-01
2.491000000000000103e+00 6.796069999999999611e-01
2.500999999999999890e+00 6.799560000000000048e-01
2.511000000000000121e+00 6.803000000000000158e-01
2.520999999999999908e+00 6.806379999999999653e-01
2.531000000000000139e+00 6.809699999999999642e-01
2.540999999999999925e+00 6.812960000000000127e-01
2.551000000000000156e+00 6.816170000000000284e-01
2.560999999999999943e+00 6.819330000000000114e-01
2.571000000000000174e+00 6.822430000000000438e-01
2.580999999999999961e+00 6.825480000000000436e-01
2.591000000000000192e+00 6.828469999999999818e-01
2.600999999999999979e+00 6.831409999999999982e-01
2.611000000000000210e+00 6.834299999999999820e-01
2.620999999999999996e+00 6.837130000000000152e-01
2.630999999999999783e+00 6.839910000000000156e-01
2.641000000000000014e+00 6.842650000000000121e-01
2.650999999999999801e+00 6.845329999999999471e-01
2.661000000000000032e+00 6.847959999999999603e-01
2.670999999999999819e+00 6.850549999999999695e-01
2.681000000000000050e+00 6.853080000000000283e-01
2.690999999999999837e+00 6.855560000000000542e-01
2.701000000000000068e+00 6.857999999999999652e-01
2.710999999999999854e+00 6.860389999999999544e-01
2.721000000000000085e+00 6.862730000000000219e-01
2.730999999999999872e+00 6.865029999999999744e-01
2.741000000000000103e+00 6.867280000000000051e-01
2.750999999999999890e+00 6.869480000000000031e-01
2.761000000000000121e+00 6.871639999999999970e-01
2.770999999999999908e+00 6.873749999999999583e-01
2.781000000000000139e+00 6.875820000000000265e-01
2.790999999999999925e+00 6.877839999999999510e-01
2.801000000000000156e+00 6.879819999999999824e-01
2.810999999999999943e+00 6.881760000000000099e-01
2.821000000000000174e+00 6.883650000000000047e-01
2.830999999999999961e+00 6.885499999999999954e-01
2.841000000000000192e+00 6.887309999999999821e-01
2.850999999999999979e+00 6.889070000000000471e-01
2.861000000000000210e+00 6.890800000000000258e-01
2.870999999999999996e+00 6.892479999999999718e-01
2.880999999999999783e+00 6.894120000000000248e-01
2.891000000000000014e+00 6.895719999999999628e-01
2.900999999999999801e+00 6.897280000000000078e-01
2.911000000000000032e+00 6.898800000000000487e-01
2.920999999999999819e+00 6.900279999999999747e-01
2.931000000000000050e+00 6.901720000000000077e-01
2.940999999999999837e+00 6.903129999999999544e-01
2.951000000000000068e+00 6.904489999999999794e-01
2.960999999999999854e+00 6.905810000000000004e-01
2.971000000000000085e+00 6.907100000000000461e-01
2.980999999999999872e+00 6.908349999999999769e-01
2.991000000000000103e+00 6.909560000000000146e-01
3.000999999999999890e+00 6.910730000000000484e-01
3.011000000000000121e+00 6.911869999999999958e-01
3.020999999999999908e+00 6.912960000000000216e-01
3.031000000000000139e+00 6.914029999999999898e-01
3.040999999999999925e+00 6.915050000000000363e-01
3.051000000000000156e+00 6.916039999999999965e-01
3.060999999999999943e+00 6.916989999999999528e-01
3.071000000000000174e+00 6.917910000000000448e-01
3.080999999999999961e+00 6.918790000000000218e-01
3.091000000000000192e+00 6.919640000000000235e-01
3.100999999999999979e+00 6.920450000000000212e-01
3.111000000000000210e+00 6.921220000000000150e-01
3.120999999999999996e+00 6.921960000000000335e-01
3.130999999999999783e+00 6.922669999999999657e-01
3.141000000000000014e+00 6.923340000000000050e-01
3.150999999999999801e+00 6.923970000000000402e-01
3.161000000000000032e+00 6.924580000000000179e-01
3.170999999999999819e+00 6.925139999999999629e-01
3.181000000000000050e+00 6.925679999999999614e-01
3.190999999999999837e+00 6.926179999999999559e-01
3.201000000000000068e+00 6.926639999999999464e-01
3.210999999999999854e+00 6.927069999999999617e-01
3.221000000000000085e+00 6.927470000000000017e-01
3.230999999999999872e+00 6.927839999999999554e-01
3.241000000000000103e+00 6.928170000000000162e-01
3.250999999999999890e+00 6.928459999999999619e-01
3.261000000000000121e+00 6.928729999999999611e-01
3.270999999999999908e+00 6.928959999999999564e-01
3.281000000000000139e+00 6.929149999999999476e-01
3.290999999999999925e+00 6.929319999999999924e-01
3.301000000000000156e+00 6.929450000000000331e-01
3.310999999999999943e+00 6.929539999999999589e-01
3.321000000000000174e+00 6.929610000000000491e-01
3.330999999999999961e+00 6.929640000000000244e-01
3.341000000000000192e+00 6.929640000000000244e-01
3.350999999999999979e+00 6.929600000000000204e-01
3.361000000000000210e+00 6.929530000000000411e-01
3.370999999999999996e+00 6.929429999999999756e-01
3.380999999999999783e+00 6.929290000000000171e-01
3.391000000000000014e+00 6.929119999999999724e-01
3.400999999999999801e+00 6.928919999999999524e-01
3.411000000000000032e+00 6.928680000000000394e-01
3.420999999999999819e+00 6.928410000000000402e-01
3.431000000000000050e+00 6.928109999999999546e-01
3.440999999999999837e+00 6.927769999999999762e-01
3.451000000000000068e+00 6.927400000000000224e-01
3.460999999999999854e+00 6.926999999999999824e-01
3.471000000000000085e+00 6.926560000000000494e-01
3.480999999999999872e+00 6.926090000000000302e-01
3.491000000000000103e+00 6.925580000000000069e-01
3.500999999999999890e+00 6.925040000000000084e-01
3.511000000000000121e+00 6.924470000000000347e-01
3.520999999999999908e+00 6.923859999999999459e-01
3.531000000000000139e+00 6.923209999999999642e-01
3.540999999999999925e+00 6.922530000000000072e-01
3.551000000000000156e+00 6.921819999999999640e-01
3.560999999999999943e+00 6.921070000000000277e-01
3.571000000000000174e+00 6.920279999999999765e-01
3.580999999999999961e+00 6.919459999999999500e-01
3.591000000000000192e+00 6.918609999999999483e-01
3.600999999999999979e+00 6.917710000000000248e-01
3.611000000000000210e+00 6.916790000000000438e-01
3.620999999999999996e+00 6.915820000000000300e-01
3.630999999999999783e+00 6.914820000000000411e-01
3.641000000000000014e+00 6.913780000000000481e-01
3.650999999999999801e+00 6.912709999999999688e-01
3.661000000000000032e+00 6.911599999999999966e-01
3.670999999999999819e+00 6.910450000000000204e-01
3.681000000000000050e+00 6.909260000000000401e-01
3.690999999999999837e+00 6.908039999999999736e-01
3.701000000000000068e+00 6.906780000000000141e-01
3.710999999999999854e+00 6.905470000000000219e-01
3.721000000000000085e+00 6.904130000000000544e-01
3.730999999999999872e+00 6.902760000000000007e-01
3.741000000000000103e+00 6.901340000000000252e-01
3.750999999999999890e+00 6.899880000000000457e-01
3.761000000000000121e+00 6.898379999999999512e-01
3.770999999999999908e+00 6.896839999999999637e-01
3.781000000000000139e+00 6.895259999999999723e-01
3.790999999999999925e+00 6.893639999999999768e-01
3.801000000000000156e+00 6.891979999999999773e-01
3.810999999999999943e+00 6.890279999999999738e-01
3.821000000000000174e+00 6.888539999999999663e-01
3.830999999999999961e+00 6.886750000000000371e-01
3.841000000000000192e+00 6.884919999999999929e-01
3.850999999999999979e+00 6.883049999999999446e-01
3.861000000000000210e+00 6.881129999999999747e-01
3.870999999999999996e+00 6.879170000000000007e-01
3.880999999999999783e+00 6.877170000000000227e-01
3.891000000000000014e+00 6.875120000000000120e-01
3.900999999999999801e+00 6.873019999999999685e-01
3.911000000000000032e+00 6.870880000000000321e-01
3.920999999999999819e+00 6.868689999999999518e-01
3.931000000000000050e+00 6.866459999999999786e-01
3.940999999999999837e+00 6.864179999999999726e-01
3.951000000000000068e+00 6.861850000000000449e-01
3.960999999999999854e+00 6.859480000000000022e-01
3.971000000000000085e+00 6.857050000000000090e-01
3.980999999999999872e+00 6.854580000000000117e-01
3.991000000000000103e+00 6.852059999999999818e-01
4.001000000000000334e+00 6.849480000000000013e-01
4.011000000000000121e+00 6.846860000000000168e-01
4.020999999999999908e+00 6.844179999999999708e-01
4.030999999999999694e+00 6.841460000000000319e-01
4.041000000000000369e+00 6.838680000000000314e-01
4.051000000000000156e+00 6.835839999999999694e-01
4.060999999999999943e+00 6.832960000000000145e-01
4.070999999999999730e+00 6.830009999999999692e-01
4.081000000000000405e+00 6.827020000000000310e-01
4.091000000000000192e+00 6.823960000000000026e-01
4.100999999999999979e+00 6.820850000000000524e-01
4.110999999999999766e+00 6.817689999999999584e-01
4.121000000000000441e+00 6.814459999999999962e-01
4.131000000000000227e+00 6.811180000000000012e-01
4.141000000000000014e+00 6.807830000000000270e-01
4.150999999999999801e+00 6.804430000000000200e-01
4.160999999999999588e+00 6.800960000000000338e-01
4.171000000000000263e+00 6.797429999999999861e-01
4.181000000000000050e+00 6.793839999999999879e-01
4.190999999999999837e+00 6.790190000000000392e-01
4.200999999999999623e+00 6.786459999999999715e-01
4.211000000000000298e+00 6.782679999999999820e-01
4.221000000000000085e+00 6.778819999999999846e-01
4.230999999999999872e+00 6.774900000000000366e-01
4.240999999999999659e+00 6.770909999999999984e-01
4.251000000000000334e+00 6.766849999999999810e-01
4.261000000000000121e+00 6.762709999999999555e-01
4.270999999999999908e+00 6.758509999999999796e-01
4.280999999999999694e+00 6.754229999999999956e-01
4.291000000000000369e+00 6.749870000000000037e-01
4.301000000000000156e+00 6.745440000000000325e-01
4.310999999999999943e+00 6.740930000000000533e-01
4.320999999999999730e+00 6.736339999999999550e-01
4.331000000000000405e+00 6.731669999999999598e-01
4.341000000000000192e+00 6.726919999999999566e-01
4.350999999999999979e+00 6.722089999999999455e-01
4.360999999999999766e+00 6.717170000000000085e-01
4.371000000000000441e+00 6.712160000000000348e-01
4.381000000000000227e+00 6.707070000000000531e-01
4.391000000000000014e+00 6.701880000000000059e-01
4.400999999999999801e+00 6.696609999999999507e-01
4.410999999999999588e+00 6.691240000000000521e-01
4.421000000000000263e+00 6.685769999999999769e-01
4.431000000000000050e+00 6.680209999999999759e-01
4.440999999999999837e+00 6.674539999999999917e-01
4.450999999999999623e+00 6.668779999999999708e-01
4.461000000000000298e+00 6.662909999999999666e-01
4.471000000000000085e+00 6.656929999999999792e-01
4.480999999999999872e+00 6.650850000000000373e-01
4.490999999999999659e+00 6.644649999999999723e-01
4.501000000000000334e+00 6.638349999999999529e-01
4.511000000000000121e+00 6.631920000000000037e-01
4.520999999999999908e+00 6.625379999999999603e-01
4.530999999999999694e+00 6.618709999999999871e-01
4.541000000000000369e+00 6.611920000000000019e-01
4.551000000000000156e+00 6.604999999999999760e-01
4.560999999999999943e+00 6.597950000000000204e-01
4.570999999999999730e+00 6.590759999999999952e-01
4.581000000000000405e+00 6.583440000000000403e-01
4.591000000000000192e+00 6.575980000000000159e-01
4.600999999999999979e+00 6.568370000000000042e-01
4.610999999999999766e+00 6.560610000000000053e-01
4.621000000000000441e+00 6.552700000000000191e-01
4.631000000000000227e+00 6.544630000000000170e-01
4.641000000000000014e+00 6.536399999999999988e-01
4.650999999999999801e+00 6.528009999999999646e-01
4.660999999999999588e+00 6.519439999999999680e-01
4.671000000000000263e+00 6.510700000000000376e-01
4.681000000000000050e+00 6.501780000000000337e-01
4.690999999999999837e+00 6.492670000000000385e-01
4.700999999999999623e+00 6.483370000000000521e-01
4.711000000000000298e+00 6.473870000000000458e-01
4.721000000000000085e+00 6.464159999999999906e-01
4.730999999999999872e+00 6.454250000000000265e-01
4.740999999999999659e+00 6.444119999999999848e-01
4.751000000000000334e+00 6.433769999999999767e-01
4.761000000000000121e+00 6.423179999999999445e-01
4.770999999999999908e+00 6.412360000000000282e-01
4.780999999999999694e+00 6.401280000000000303e-01
4.791000000000000369e+00 6.389960000000000084e-01
4.801000000000000156e+00 6.378359999999999586e-01
4.810999999999999943e+00 6.366500000000000492e-01
4.820999999999999730e+00 6.354349999999999721e-01
4.831000000000000405e+00 6.341909999999999492e-01
4.841000000000000192e+00 6.329160000000000341e-01
4.850999999999999979e+00 6.316100000000000048e-01
4.860999999999999766e+00 6.302710000000000257e-01
4.871000000000000441e+00 6.288989999999999858e-01
4.881000000000000227e+00 6.274899999999999922e-01
4.891000000000000014e+00 6.260459999999999914e-01
4.900999999999999801e+00 6.245629999999999793e-01
4.910999999999999588e+00 6.230400000000000382e-01
4.921000000000000263e+00 6.214760000000000284e-01
4.931000000000000050e+00 6.198700000000000321e-01
4.940999999999999837e+00 6.182180000000000453e-01
4.950999999999999623e+00 6.165190000000000392e-01
4.961000000000000298e+00 6.147719999999999851e-01
4.971000000000000085e+00 6.129740000000000189e-01
4.980999999999999872e+00 6.111229999999999718e-01
4.990999999999999659e+00 6.092159999999999798e-01
5.001000000000000334e+00 6.072509999999999852e-01
5.011000000000000121e+00 6.052250000000000130e-01
5.020999999999999908e+00 6.031349999999999767e-01
5.030999999999999694e+00 6.009780000000000122e-01
5.041000000000000369e+00 5.987510000000000332e-01
5.051000000000000156e+00 5.964509999999999534e-01
5.060999999999999943e+00 5.940729999999999622e-01
5.070999999999999730e+00 5.916130000000000555e-01
5.081000000000000405e+00 5.890680000000000360e-01
5.091000000000000192e+00 5.864319999999999533e-01
5.100999999999999979e+00 5.837010000000000254e-01
5.110999999999999766e+00 5.808699999999999974e-01
5.121000000000000441e+00 5.779320000000000013e-01
5.131000000000000227e+00 5.748820000000000041e-01
5.141000000000000014e+00 5.717130000000000267e-01
5.150999999999999801e+00 5.684179999999999788e-01
5.160999999999999588e+00 5.649889999999999635e-01
5.171000000000000263e+00 5.614190000000000014e-01
5.181000000000000050e+00 5.576980000000000270e-01
5.190999999999999837e+00 5.538159999999999750e-01
5.200999999999999623e+00 5.497630000000000017e-01
5.211000000000000298e+00 5.455280000000000129e-01
5.221000000000000085e+00 5.410979999999999679e-01
5.230999999999999872e+00 5.364600000000000479e-01
5.240999999999999659e+00 5.315980000000000150e-01
5.251000000000000334e+00 5.264980000000000215e-01
5.261000000000000121e+00 5.211400000000000476e-01
5.270999999999999908e+00 5.155060000000000198e-01
5.280999999999999694e+00 5.095739999999999714e-01
5.291000000000000369e+00 5.033210000000000184e-01
5.301000000000000156e+00 4.967210000000000236e-01
5.310999999999999943e+00 4.897460000000000147e-01
5.320999999999999730e+00 4.823629999999999862e-01
5.331000000000000405e+00 4.745389999999999886e-01
5.341000000000000192e+00 4.662330000000000085e-01
5.350999999999999979e+00 4.574039999999999773e-01
5.360999999999999766e+00 4.480020000000000113e-01
5.371000000000000441e+00 4.379739999999999744e-01
5.381000000000000227e+00 4.272610000000000019e-01
5.391000000000000014e+00 4.157950000000000257e-01
5.400999999999999801e+00 4.035000000000000253e-01
5.410999999999999588e+00 3.902939999999999743e-01
5.421000000000000263e+00 3.760809999999999986e-01
5.431000000000000050e+00 3.607549999999999923e-01
5.440999999999999837e+00 3.441969999999999752e-01
5.450999999999999623e+00 3.262729999999999797e-01
5.461000000000000298e+00 3.068339999999999956e-01
5.471000000000000085e+00 2.857129999999999947e-01
5.480999999999999872e+00 2.627249999999999863e-01
5.490999999999999659e+00 2.376639999999999864e-01
5.501000000000000334e+00 2.103079999999999949e-01
5.511000000000000121e+00 1.804139999999999910e-01
5.520999999999999908e+00 1.477289999999999992e-01
5.530999999999999694e+00 1.119900000000000062e-01
5.541000000000000369e+00 7.293900000000000383e-02
5.551000000000000156e+00 3.034099999999999991e-02
5.560999999999999943e+00 1.600000000000000033e-02
5.570999999999999730e+00 6.617599999999999871e-02
5.581000000000000405e+00 1.201850000000000002e-01
5.591000000000000192e+00 1.778349999999999931e-01
5.600999999999999979e+00 2.387120000000000075e-01
5.610999999999999766e+00 3.021369999999999889e-01
5.621000000000000441e+00 3.671490000000000031e-01
5.631000000000000227e+00 4.325249999999999928e-01
5.641000000000000014e+00 4.968540000000000179e-01
5.650999999999999801e+00 5.586640000000000494e-01
5.660999999999999588e+00 6.165669999999999762e-01
5.671000000000000263e+00 6.694160000000000110e-01
5.681000000000000050e+00 7.164089999999999625e-01
5.690999999999999837e+00 7.571400000000000352e-01
5.700999999999999623e+00 7.915799999999999503e-01
5.711000000000000298e+00 8.200110000000000454e-01
5.721000000000000085e+00 8.429309999999999858e-01
5.730999999999999872e+00 8.609620000000000051e-01
5.740999999999999659e+00 8.747730000000000228e-01
5.751000000000000334e+00 8.850179999999999714e-01
5.761000000000000121e+00 8.923039999999999861e-01
5.770999999999999908e+00 8.971679999999999655e-01
5.780999999999999694e+00 9.000749999999999584e-01
5.791000000000000369e+00 9.014159999999999950e-01
5.801000000000000156e+00 9.015170000000000128e-01
5.810999999999999943e+00 9.006429999999999714e-01
5.820999999999999730e+00 8.990110000000000046e-01
5.831000000000000405e+00 8.967960000000000376e-01
5.841000000000000192e+00 8.941390000000000171e-01
5.850999999999999979e+00 8.911510000000000264e-01
5.860999999999999766e+00 8.879219999999999891e-01
5.871000000000000441e+00 8.845220000000000304e-01
5.881000000000000227e+00 8.810080000000000133e-01
5.891000000000000014e+00 8.774239999999999817e-01
5.900999999999999801e+00 8.738050000000000539e-01
5.910999999999999588e+00 8.701780000000000070e-01
5.921000000000000263e+00 8.665629999999999722e-01
5.931000000000000050e+00 8.629769999999999941e-01
5.940999999999999837e+00 8.594330000000000025e-01
5.950999999999999623e+00 8.559379999999999766e-01
5.961000000000000298e+00 8.525009999999999533e-01
5.971000000000000085e+00 8.491250000000000187e-01
5.980999999999999872e+00 8.458139999999999548e-01
5.990999999999999659e+00 8.425700000000000411e-01
6.001000000000000334e+00 8.393939999999999735e-01
6.011000000000000121e+00 8.362859999999999738e-01
6.020999999999999908e+00 8.332460000000000422e-01
6.030999999999999694e+00 8.302720000000000100e-01
6.041000000000000369e+00 8.273639999999999883e-01
6.051000000000000156e+00 8.245190000000000019e-01
6.060999999999999943e+00 8.217370000000000507e-01
6.070999999999999730e+00 8.190159999999999663e-01
6.081000000000000405e+00 8.163529999999999953e-01
6.091000000000000192e+00 8.137469999999999981e-01
6.100999999999999979e+00 8.111949999999999994e-01
6.110999999999999766e+00 8.086950000000000527e-01
6.121000000000000441e+00 8.062460000000000182e-01
6.131000000000000227e+00 8.038459999999999495e-01
6.141000000000000014e+00 8.014919999999999822e-01
6.150999999999999801e+00 7.991819999999999480e-01
6.160999999999999588e+00 7.969150000000000400e-01
6.171000000000000263e+00 7.946889999999999787e-01
6.181000000000000050e+00 7.925010000000000110e-01
6.190999999999999837e+00 7.903510000000000257e-01
6.200999999999999623e+00 7.882360000000000477e-01
6.211000000000000298e+00 7.861550000000000482e-01
6.221000000000000085e+00 7.841059999999999697e-01
6.230999999999999872e+00 7.820880000000000054e-01
6.240999999999999659e+00 7.800979999999999581e-01
6.251000000000000334e+00 7.781369999999999676e-01
6.261000000000000121e+00 7.762019999999999476e-01
6.270999999999999908e+00 7.742909999999999515e-01
6.280999999999999694e+00 7.724050000000000082e-01
6.291000000000000369e+00 7.705400000000000027e-01
6.301000000000000156e+00 7.686969999999999636e-01
6.310999999999999943e+00 7.668739999999999446e-01
6.320999999999999730e+00 7.650700000000000278e-01
6.331000000000000405e+00 7.632830000000000448e-01
6.341000000000000192e+00 7.615129999999999955e-01
6.350999999999999979e+00 7.597589999999999621e-01
6.360999999999999766e+00 7.580189999999999984e-01
6.371000000000000441e+00 7.562929999999999930e-01
6.381000000000000227e+00 7.545800000000000285e-01
6.391000000000000014e+00 7.528789999999999649e-01
6.400999999999999801e+00 7.511879999999999669e-01
6.410999999999999588e+00 7.495079999999999520e-01
6.421000000000000263e+00 7.478369999999999740e-01
6.431000000000000050e+00 7.461740000000000039e-01
6.440999999999999837e+00 7.445190000000000419e-01
6.450999999999999623e+00 7.428709999999999480e-01
6.461000000000000298e+00 7.412290000000000267e-01
6.471000000000000085e+00 7.395920000000000272e-01
6.480999999999999872e+00 7.379599999999999493e-01
6.490999999999999659e+00 7.363319999999999865e-01
6.501000000000000334e+00 7.347069999999999990e-01
6.511000000000000121e+00 7.330839999999999579e-01
6.520999999999999908e+00 7.314629999999999743e-01
6.530999999999999694e+00 7.298440000000000483e-01
6.541000000000000369e+00 7.282250000000000112e-01
6.551000000000000156e+00 7.266059999999999741e-01
6.560999999999999943e+00 7.249860000000000193e-01
6.570999999999999730e+00 7.233650000000000357e-01
6.581000000000000405e+00 7.217419999999999947e-01
6.591000000000000192e+00 7.201170000000000071e-01
6.600999999999999979e+00 7.184880000000000155e-01
6.610999999999999766e+00 7.168550000000000200e-01
6.621000000000000441e+00 7.152180000000000204e-01
6.631000000000000227e+00 7.135759999999999881e-01
6.641000000000000014e+00 7.119280000000000053e-01
6.650999999999999801e+00 7.102739999999999609e-01
6.660999999999999588e+00 7.086139999999999661e-01
6.671000000000000263e+00 7.069459999999999633e-01
6.681000000000000050e+00 7.052699999999999525e-01
6.690999999999999837e+00 7.035860000000000447e-01
6.700999999999999623e+00 7.018919999999999604e-01
6.711000000000000298e+00 7.001889999999999503e-01
6.721000000000000085e+00 6.984759999999999858e-01
6.730999999999999872e+00 6.967510000000000092e-01
6.740999999999999659e+00 6.950150000000000494e-01
6.751000000000000334e+00 6.932669999999999666e-01
6.761000000000000121e+00 6.915069999999999828e-01
6.770999999999999908e+00 6.897320000000000118e-01
6.780999999999999694e+00 6.879440000000000000e-01
6.791000000000000369e+00 6.861420000000000297e-01
6.801000000000000156e+00 6.843240000000000434e-01
6.810999999999999943e+00 6.824900000000000411e-01
6.820999999999999730e+00 6.806400000000000228e-01
6.831000000000000405e+00 6.787729999999999597e-01
6.841000000000000192e+00 6.768880000000000452e-01
6.850999999999999979e+00 6.749840000000000284e-01
6.860999999999999766e+00 6.730610000000000204e-01
6.871000000000000441e+00 6.711179999999999923e-01
6.881000000000000227e+00 6.691540000000000266e-01
6.891000000000000014e+00 6.671690000000000120e-01
6.900999999999999801e+00 6.651620000000000310e-01
6.910999999999999588e+00 6.631320000000000547e-01
6.921000000000000263e+00 6.610780000000000545e-01
6.931000000000000050e+00 6.590000000000000302e-01
6.940999999999999837e+00 6.568969999999999532e-01
6.950999999999999623e+00 6.547669999999999879e-01
6.961000000000000298e+00 6.526110000000000522e-01
6.971000000000000085e+00 6.504259999999999486e-01
6.980999999999999872e+00 6.482130000000000392e-01
6.990999999999999659e+00 6.459709999999999619e-01
7.001000000000000334e+00 6.436969999999999636e-01
7.011000000000000121e+00 6.413929999999999909e-01
7.020999999999999908e+00 6.390550000000000397e-01
7.030999999999999694e+00 6.366840000000000277e-01
7.041000000000000369e+00 6.342790000000000372e-01
7.051000000000000156e+00 6.318380000000000107e-01
7.060999999999999943e+00 6.293600000000000305e-01
7.070999999999999730e+00 6.268439999999999568e-01
7.081000000000000405e+00 6.242889999999999828e-01
7.091000000000000192e+00 6.216939999999999689e-01
7.100999999999999979e+00 6.190579999999999972e-01
7.110999999999999766e+00 6.163790000000000102e-01
7.121000000000000441e+00 6.136559999999999793e-01
7.131000000000000227e+00 6.108869999999999578e-01
7.141000000000000014e+00 6.080719999999999459e-01
7.150999999999999801e+00 6.052089999999999970e-01
7.160999999999999588e+00 6.022960000000000536e-01
7.171000000000000263e+00 5.993319999999999759e-01
7.181000000000000050e+00 5.963150000000000395e-01
7.190999999999999837e+00 5.932429999999999648e-01
7.200999999999999623e+00 5.901159999999999739e-01
7.211000000000000298e+00 5.869309999999999805e-01
7.221000000000000085e+00 5.836869999999999559e-01
7.230999999999999872e+00 5.803810000000000358e-01
7.240999999999999659e+00 5.770129999999999981e-01
7.251000000000000334e+00 5.735789999999999500e-01
7.261000000000000121e+00 5.700769999999999449e-01
7.270999999999999908e+00 5.665069999999999828e-01
7.280999999999999694e+00 5.628649999999999487e-01
7.291000000000000369e+00 5.591500000000000359e-01
7.301000000000000156e+00 5.553580000000000183e-01
7.310999999999999943e+00 5.514890000000000070e-01
7.320999999999999730e+00 5.475389999999999979e-01
7.331000000000000405e+00 5.435050000000000159e-01
7.341000000000000192e+00 5.393860000000000321e-01
7.350999999999999979e+00 5.351780000000000426e-01
7.360999999999999766e+00 5.308779999999999610e-01
7.371000000000000441e+00 5.264849999999999808e-01
7.381000000000000227e+00 5.219939999999999580e-01
7.391000000000000014e+00 5.174029999999999463e-01
7.400999999999999801e+00 5.127080000000000526e-01
7.410999999999999588e+00 5.079069999999999974e-01
7.421000000000000263e+00 5.029949999999999699e-01
7.431000000000000050e+00 4.979700000000000237e-01
7.440999999999999837e+00 4.928270000000000151e-01
7.450999999999999623e+00 4.875639999999999974e-01
7.461000000000000298e+00 4.821759999999999935e-01
7.471000000000000085e+00 4.766589999999999994e-01
7.480999999999999872e+00 4.710090000000000110e-01
7.490999999999999659e+00 4.652220000000000244e-01
7.501000000000000334e+00 4.592930000000000068e-01
7.511000000000000121e+00 4.532189999999999830e-01
7.520999999999999908e+00 4.469940000000000024e-01
7.530999999999999694e+00 4.406149999999999789e-01
7.541000000000000369e+00 4.340749999999999886e-01
7.551000000000000156e+00 4.273700000000000276e-01
7.560999999999999943e+00 4.204950000000000077e-01
7.570999999999999730e+00 4.134459999999999802e-01
7.581000000000000405e+00 4.062149999999999928e-01
7.591000000000000192e+00 3.987990000000000146e-01
7.600999999999999979e+00 3.911919999999999842e-01
7.610999999999999766e+00 3.833869999999999778e-01
7.621000000000000441e+00 3.753790000000000182e-01
7.631000000000000227e+00 3.671630000000000171e-01
7.641000000000000014e+00 3.587330000000000241e-01
7.650999999999999801e+00 3.500820000000000043e-01
7.660999999999999588e+00 3.412049999999999805e-01
7.671000000000000263e+00 3.320949999999999736e-01
7.681000000000000050e+00 3.227470000000000061e-01
7.690999999999999837e+00 3.131550000000000167e-01
7.700999999999999623e+00 3.033129999999999993e-01
7.711000000000000298e+00 2.932139999999999747e-01
7.721000000000000085e+00 2.828530000000000211e-01
7.730999999999999872e+00 2.722249999999999948e-01
7.740999999999999659e+00 2.613240000000000007e-01
7.751000000000000334e+00 2.501450000000000062e-01
7.761000000000000121e+00 2.386820000000000053e-01
7.770999999999999908e+00 2.269309999999999938e-01
7.780999999999999694e+00 2.148879999999999957e-01
7.791000000000000369e+00 2.025490000000000068e-01
7.801000000000000156e+00 1.899109999999999965e-01
7.810999999999999943e+00 1.769699999999999884e-01
7.820999999999999730e+00 1.637250000000000094e-01
7.831000000000000405e+00 1.501740000000000019e-01
7.841000000000000192e+00 1.363159999999999927e-01
7.850999999999999979e+00 1.221509999999999957e-01
7.860999999999999766e+00 1.076799999999999979e-01
7.871000000000000441e+00 9.290500000000000147e-02
7.881000000000000227e+00 7.782999999999999641e-02
7.891000000000000014e+00 6.245799999999999963e-02
7.900999999999999801e+00 4.679500000000000326e-02
7.910999999999999588e+00 3.084699999999999942e-02
7.921000000000000263e+00 1.462300000000000058e-02
7.931000000000000050e+00 1.868000000000000086e-03
7.940999999999999837e+00 1.861399999999999860e-02
7.950999999999999623e+00 3.560399999999999676e-02
7.961000000000000298e+00 5.282300000000000190e-02
7.971000000000000085e+00 7.025700000000000001e-02
7.980999999999999872e+00 8.788700000000000678e-02
7.990999999999999659e+00 1.056959999999999983e-01
