1.000999999999999890e+00 9.768419999999999881e-01
1.010999999999999899e+00 9.580980000000000052e-01
1.020999999999999908e+00 9.458630000000000093e-01
1.030999999999999917e+00 9.362080000000000402e-01
1.040999999999999925e+00 9.280519999999999881e-01
1.050999999999999934e+00 9.209150000000000391e-01
1.060999999999999943e+00 9.145280000000000076e-01
1.070999999999999952e+00 9.087239999999999762e-01
1.080999999999999961e+00 9.033900000000000263e-01
1.090999999999999970e+00 8.984459999999999669e-01
1.100999999999999979e+00 8.938329999999999886e-01
1.110999999999999988e+00 8.895049999999999901e-01
1.120999999999999996e+00 8.854260000000000463e-01
1.131000000000000005e+00 8.815659999999999608e-01
1.141000000000000014e+00 8.779010000000000424e-01
1.151000000000000023e+00 8.744110000000000493e-01
1.161000000000000032e+00 8.710799999999999654e-01
1.171000000000000041e+00 8.678930000000000256e-01
1.181000000000000050e+00 8.648369999999999669e-01
1.191000000000000059e+00 8.619019999999999460e-01
1.201000000000000068e+00 8.590780000000000083e-01
1.211000000000000076e+00 8.563570000000000348e-01
1.221000000000000085e+00 8.537310000000000176e-01
1.231000000000000094e+00 8.511929999999999774e-01
1.241000000000000103e+00 8.487379999999999924e-01
1.250999999999999890e+00 8.463600000000000012e-01
1.260999999999999899e+00 8.440539999999999710e-01
1.270999999999999908e+00 8.418149999999999800e-01
1.280999999999999917e+00 8.396400000000000530e-01
1.290999999999999925e+00 8.375240000000000462e-01
1.300999999999999934e+00 8.354650000000000132e-01
1.310999999999999943e+00 8.334589999999999499e-01
1.320999999999999952e+00 8.315040000000000209e-01
1.330999999999999961e+00 8.295960000000000001e-01
1.340999999999999970e+00 8.277330000000000521e-01
1.350999999999999979e+00 8.259130000000000082e-01
1.360999999999999988e+00 8.241340000000000332e-01
1.370999999999999996e+00 8.223939999999999584e-01
1.381000000000000005e+00 8.206909999999999483e-01
1.391000000000000014e+00 8.190229999999999455e-01
1.401000000000000023e+00 8.173890000000000322e-01
1.411000000000000032e+00 8.157870000000000399e-01
1.421000000000000041e+00 8.142160000000000508e-01
1.431000000000000050e+00 8.126740000000000075e-01
1.441000000000000059e+00 8.111610000000000209e-01
1.451000000000000068e+00 8.096750000000000336e-01
1.461000000000000076e+00 8.082160000000000455e-01
1.471000000000000085e+00 8.067819999999999991e-01
1.481000000000000094e+00 8.053719999999999768e-01
1.491000000000000103e+00 8.039859999999999784e-01
1.500999999999999890e+00 8.026219999999999466e-01
1.510999999999999899e+00 8.012810000000000210e-01
1.520999999999999908e+00 7.999600000000000044e-01
1.530999999999999917e+00 7.986609999999999543e-01
1.540999999999999925e+00 7.973820000000000352e-01
1.550999999999999934e+00 7.961219999999999963e-01
1.560999999999999943e+00 7.948809999999999487e-01
1.570999999999999952e+00 7.936590000000000034e-01
1.580999999999999961e+00 7.924550000000000205e-01
1.590999999999999970e+00 7.912679999999999714e-01
1.600999999999999979e+00 7.900989999999999958e-01
1.610999999999999988e+00 7.889460000000000361e-01
1.620999999999999996e+00 7.878100000000000103e-01
1.631000000000000005e+00 7.866900000000000004e-01
1.641000000000000014e+00 7.855860000000000065e-01
1.651000000000000023e+00 7.844980000000000286e-01
1.661000000000000032e+00 7.834240000000000093e-01
1.671000000000000041e+00 7.823660000000000059e-01
1.681000000000000050e+00 7.813229999999999897e-01
1.691000000000000059e+00 7.802940000000000431e-01
1.701000000000000068e+00 7.792790000000000550e-01
1.711000000000000076e+00 7.782790000000000541e-01
1.721000000000000085e+00 7.772919999999999829e-01
1.731000000000000094e+00 7.763189999999999813e-01
1.741000000000000103e+00 7.753590000000000204e-01
1.750999999999999890e+00 7.744130000000000180e-01
1.760999999999999899e+00 7.734799999999999454e-01
1.770999999999999908e+00 7.725600000000000245e-01
1.780999999999999917e+00 7.716530000000000333e-01
1.790999999999999925e+00 7.707589999999999719e-01
1.800999999999999934e+00 7.698770000000000335e-01
1.810999999999999943e+00 7.690080000000000249e-01
1.820999999999999952e+00 7.681510000000000282e-01
1.830999999999999961e+00 7.673060000000000436e-01
1.840999999999999970e+00 7.664729999999999599e-01
1.850999999999999979e+00 7.656519999999999992e-01
1.860999999999999988e+00 7.648430000000000506e-01
1.870999999999999996e+00 7.640460000000000029e-01
1.881000000000000005e+00 7.632600000000000495e-01
1.891000000000000014e+00 7.624849999999999683e-01
1.901000000000000023e+00 7.617220000000000102e-01
1.911000000000000032e+00 7.609700000000000353e-01
1.921000000000000041e+00 7.602290000000000436e-01
1.931000000000000050e+00 7.594990000000000352e-01
1.941000000000000059e+00 7.587800000000000100e-01
1.951000000000000068e+00 7.580719999999999681e-01
1.961000000000000076e+00 7.573739999999999917e-01
1.971000000000000085e+00 7.566869999999999985e-01
1.981000000000000094e+00 7.560099999999999598e-01
1.991000000000000103e+00 7.553440000000000154e-01
2.000999999999999890e+00 7.546869999999999967e-01
2.011000000000000121e+00 7.540409999999999613e-01
2.020999999999999908e+00 7.534039999999999626e-01
2.031000000000000139e+00 7.527779999999999472e-01
2.040999999999999925e+00 7.521609999999999685e-01
2.051000000000000156e+00 7.515530000000000266e-01
2.060999999999999943e+00 7.509559999999999569e-01
2.071000000000000174e+00 7.503670000000000062e-01
2.080999999999999961e+00 7.497869999999999813e-01
2.091000000000000192e+00 7.492170000000000218e-01
2.100999999999999979e+00 7.486559999999999881e-01
2.111000000000000210e+00 7.481029999999999625e-01
2.120999999999999996e+00 7.475600000000000023e-01
2.130999999999999783e+00 7.470240000000000213e-01
2.141000000000000014e+00 7.464979999999999949e-01
2.150999999999999801e+00 7.459789999999999477e-01
2.161000000000000032e+00 7.454690000000000483e-01
2.170999999999999819e+00 7.449670000000000458e-01
2.181000000000000050e+00 7.444730000000000514e-01
2.190999999999999837e+00 7.439869999999999539e-01
2.201000000000000068e+00 7.435089999999999755e-01
2.210999999999999854e+00 7.430379999999999763e-01
2.221000000000000085e+00 7.425749999999999851e-01
2.230999999999999872e+00 7.421200000000000019e-01
2.241000000000000103e+00 7.416709999999999692e-01
2.250999999999999890e+00 7.412300000000000555e-01
2.261000000000000121e+00 7.407960000000000100e-01
2.270999999999999908e+00 7.403680000000000261e-01
2.281000000000000139e+00 7.399480000000000501e-01
2.290999999999999925e+00 7.395340000000000247e-01
2.301000000000000156e+00 7.391269999999999785e-01
2.310999999999999943e+00 7.387259999999999938e-01
2.321000000000000174e+00 7.383319999999999883e-01
2.330999999999999961e+00 7.379440000000000444e-01
2.341000000000000192e+00 7.375620000000000509e-01
2.350999999999999979e+00 7.371860000000000079e-01
2.361000000000000210e+00 7.368160000000000265e-01
2.370999999999999996e+00 7.364509999999999668e-01
2.380999999999999783e+00 7.360929999999999973e-01
2.391000000000000014e+00 7.357399999999999496e-01
2.400999999999999801e+00 7.353920000000000456e-01
2.411000000000000032e+00 7.350499999999999812e-01
2.420999999999999819e+00 7.347139999999999782e-01
2.431000000000000050e+00 7.343819999999999792e-01
2.440999999999999837e+00 7.340560000000000418e-01
2.451000000000000068e+00 7.337339999999999973e-01
2.460999999999999854e+00 7.334180000000000144e-01
2.471000000000000085e+00 7.331060000000000354e-01
2.480999999999999872e+00 7.327989999999999782e-01
2.491000000000000103e+00 7.324969999999999537e-01
2.500999999999999890e+00 7.321990000000000443e-01
2.511000000000000121e+00 7.319059999999999455e-01
2.520999999999999908e+00 7.316169999999999618e-01
2.531000000000000139e+00 7.313319999999999821e-01
2.540999999999999925e+00 7.310520000000000351e-01
2.551000000000000156e+00 7.307759999999999811e-01
2.560999999999999943e+00 7.305040000000000422e-01
2.571000000000000174e+00 7.302359999999999962e-01
2.580999999999999961e+00 7.299719999999999542e-01
2.591000000000000192e+00 7.297120000000000273e-01
2.600999999999999979e+00 7.294549999999999645e-01
2.611000000000000210e+00 7.292030000000000456e-01
2.620999999999999996e+00 7.289539999999999909e-01
2.630999999999999783e+00 7.287080000000000224e-01
2.641000000000000014e+00 7.284669999999999757e-01
2.650999999999999801e+00 7.282279999999999864e-01
2.661000000000000032e+00 7.279940000000000300e-01
2.670999999999999819e+00 7.277620000000000200e-01
2.681000000000000050e+00 7.275340000000000140e-01
2.690999999999999837e+00 7.273089999999999833e-01
2.701000000000000068e+00 7.270879999999999566e-01
2.710999999999999854e+00 7.268700000000000161e-01
2.721000000000000085e+00 7.266540000000000221e-01
2.730999999999999872e+00 7.264420000000000321e-01
2.741000000000000103e+00 7.262330000000000174e-01
2.750999999999999890e+00 7.260280000000000067e-01
2.761000000000000121e+00 7.258250000000000535e-01
2.770999999999999908e+00 7.256249999999999645e-01
2.781000000000000139e+00 7.254279999999999617e-01
2.790999999999999925e+00 7.252340000000000453e-01
2.801000000000000156e+00 7.250429999999999930e-01
2.810999999999999943e+00 7.248539999999999983e-01
2.821000000000000174e+00 7.246690000000000076e-01
2.830999999999999961e+00 7.244859999999999634e-01
2.841000000000000192e+00 7.243060000000000054e-01
2.850999999999999979e+00 7.241290000000000227e-01
2.861000000000000210e+00 7.239550000000000152e-01
2.870999999999999996e+00 7.237829999999999542e-01
2.880999999999999783e+00 7.236139999999999795e-01
2.891000000000000014e+00 7.234479999999999800e-01
2.900999999999999801e+00 7.232849999999999557e-01
2.911000000000000032e+00 7.231239999999999890e-01
2.920999999999999819e+00 7.229659999999999975e-01
2.931000000000000050e+00 7.228099999999999525e-01
2.940999999999999837e+00 7.226569999999999938e-01
2.951000000000000068e+00 7.225070000000000103e-01
2.960999999999999854e+00 7.223589999999999733e-01
2.971000000000000085e+00 7.222140000000000226e-01
2.980999999999999872e+00 7.220720000000000471e-01
2.991000000000000103e+00 7.219320000000000181e-01
3.000999999999999890e+00 7.217949999999999644e-01
3.011000000000000121e+00 7.216609999999999969e-01
3.020999999999999908e+00 7.215289999999999759e-01
3.031000000000000139e+00 7.214000000000000412e-01
3.040999999999999925e+00 7.212730000000000530e-01
3.051000000000000156e+00 7.211490000000000400e-01
3.060999999999999943e+00 7.210280000000000022e-01
3.071000000000000174e+00 7.209100000000000508e-01
3.080999999999999961e+00 7.207940000000000458e-01
3.091000000000000192e+00 7.206810000000000160e-01
3.100999999999999979e+00 7.205700000000000438e-01
3.111000000000000210e+00 7.204620000000000468e-01
3.120999999999999996e+00 7.203570000000000251e-01
3.130999999999999783e+00 7.202549999999999786e-01
3.141000000000000014e+00 7.201549999999999896e-01
3.150999999999999801e+00 7.200590000000000046e-01
3.161000000000000032e+00 7.199649999999999661e-01
3.170999999999999819e+00 7.198729999999999851e-01
3.181000000000000050e+00 7.197850000000000081e-01
3.190999999999999837e+00 7.197000000000000064e-01
3.201000000000000068e+00 7.196169999999999511e-01
3.210999999999999854e+00 7.195369999999999822e-01
3.221000000000000085e+00 7.194599999999999884e-01
3.230999999999999872e+00 7.193859999999999699e-01
3.241000000000000103e+00 7.193150000000000377e-01
3.250999999999999890e+00 7.192469999999999697e-01
3.261000000000000121e+00 7.191819999999999879e-01
3.270999999999999908e+00 7.191199999999999815e-01
3.281000000000000139e+00 7.190609999999999502e-01
3.290999999999999925e+00 7.190039999999999765e-01
3.301000000000000156e+00 7.189520000000000355e-01
3.310999999999999943e+00 7.189020000000000410e-01
3.321000000000000174e+00 7.188550000000000217e-01
3.330999999999999961e+00 7.188109999999999777e-01
3.341000000000000192e+00 7.187710000000000488e-01
3.350999999999999979e+00 7.187339999999999840e-01
3.361000000000000210e+00 7.187000000000000055e-01
3.370999999999999996e+00 7.186690000000000023e-01
3.380999999999999783e+00 7.186420000000000030e-01
3.391000000000000014e+00 7.186179999999999790e-01
3.400999999999999801e+00 7.185970000000000413e-01
3.411000000000000032e+00 7.185799999999999965e-01
3.420999999999999819e+00 7.185660000000000380e-01
3.431000000000000050e+00 7.185559999999999725e-01
3.440999999999999837e+00 7.185489999999999933e-01
3.451000000000000068e+00 7.185449999999999893e-01
3.460999999999999854e+00 7.185460000000000180e-01
3.471000000000000085e+00 7.185489999999999933e-01
3.480999999999999872e+00 7.185570000000000013e-01
3.491000000000000103e+00 7.185679999999999845e-01
3.500999999999999890e+00 7.185820000000000540e-01
3.511000000000000121e+00 7.186010000000000453e-01
3.520999999999999908e+00 7.186230000000000118e-01
3.531000000000000139e+00 7.186479999999999535e-01
3.540999999999999925e+00 7.186780000000000390e-01
3.551000000000000156e+00 7.187120000000000175e-01
3.560999999999999943e+00 7.187489999999999712e-01
3.571000000000000174e+00 7.187900000000000400e-01
3.580999999999999961e+00 7.188350000000000017e-01
3.591000000000000192e+00 7.188849999999999962e-01
3.600999999999999979e+00 7.189379999999999660e-01
3.611000000000000210e+00 7.189950000000000507e-01
3.620999999999999996e+00 7.190560000000000285e-01
3.630999999999999783e+00 7.191220000000000390e-01
3.641000000000000014e+00 7.191910000000000247e-01
3.650999999999999801e+00 7.192650000000000432e-01
3.661000000000000032e+00 7.193429999999999547e-01
3.670999999999999819e+00 7.194260000000000099e-01
3.681000000000000050e+00 7.195120000000000404e-01
3.690999999999999837e+00 7.196029999999999927e-01
3.701000000000000068e+00 7.196979999999999489e-01
3.710999999999999854e+00 7.197980000000000489e-01
3.721000000000000085e+00 7.199020000000000419e-01
3.730999999999999872e+00 7.200109999999999566e-01
3.741000000000000103e+00 7.201239999999999863e-01
3.750999999999999890e+00 7.202420000000000488e-01
3.761000000000000121e+00 7.203640000000000043e-01
3.770999999999999908e+00 7.204909999999999926e-01
3.781000000000000139e+00 7.206230000000000135e-01
3.790999999999999925e+00 7.207599999999999563e-01
3.801000000000000156e+00 7.209010000000000140e-01
3.810999999999999943e+00 7.210469999999999935e-01
3.821000000000000174e+00 7.211980000000000057e-01
3.830999999999999961e+00 7.213540000000000507e-01
3.841000000000000192e+00 7.215139999999999887e-01
3.850999999999999979e+00 7.216799999999999882e-01
3.861000000000000210e+00 7.218510000000000204e-01
3.870999999999999996e+00 7.220259999999999456e-01
3.880999999999999783e+00 7.222070000000000434e-01
3.891000000000000014e+00 7.223929999999999518e-01
3.900999999999999801e+00 7.225840000000000041e-01
3.911000000000000032e+00 7.227810000000000068e-01
3.920999999999999819e+00 7.229820000000000135e-01
3.931000000000000050e+00 7.231889999999999707e-01
3.940999999999999837e+00 7.234019999999999895e-01
3.951000000000000068e+00 7.236200000000000410e-01
3.960999999999999854e+00 7.238430000000000142e-01
3.971000000000000085e+00 7.240710000000000202e-01
3.980999999999999872e+00 7.243060000000000054e-01
3.991000000000000103e+00 7.245460000000000234e-01
4.001000000000000334e+00 7.247909999999999631e-01
4.011000000000000121e+00 7.250419999999999643e-01
4.020999999999999908e+00 7.252990000000000270e-01
4.030999999999999694e+00 7.255620000000000402e-01
4.041000000000000369e+00 7.258310000000000040e-01
4.051000000000000156e+00 7.261050000000000004e-01
4.060999999999999943e+00 7.263859999999999761e-01
4.070999999999999730e+00 7.266719999999999846e-01
4.081000000000000405e+00 7.269649999999999723e-01
4.091000000000000192e+00 7.272629999999999928e-01
4.100999999999999979e+00 7.275679999999999925e-01
4.110999999999999766e+00 7.278790000000000537e-01
4.121000000000000441e+00 7.281969999999999832e-01
4.131000000000000227e+00 7.285209999999999742e-01
4.141000000000000014e+00 7.288510000000000266e-01
4.150999999999999801e+00 7.291870000000000296e-01
4.160999999999999588e+00 7.295310000000000406e-01
4.171000000000000263e+00 7.298799999999999732e-01
4.181000000000000050e+00 7.302370000000000250e-01
4.190999999999999837e+00 7.306000000000000272e-01
4.200999999999999623e+00 7.309700000000000086e-01
4.211000000000000298e+00 7.313469999999999693e-01
4.221000000000000085e+00 7.317310000000000203e-01
4.230999999999999872e+00 7.321220000000000505e-01
4.240999999999999659e+00 7.325199999999999489e-01
4.251000000000000334e+00 7.329250000000000487e-01
4.261000000000000121e+00 7.333370000000000166e-01
4.270999999999999908e+00 7.337569999999999926e-01
4.280999999999999694e+00 7.341839999999999478e-01
4.291000000000000369e+00 7.346190000000000220e-01
4.301000000000000156e+00 7.350609999999999644e-01
4.310999999999999943e+00 7.355110000000000259e-01
4.320999999999999730e+00 7.359689999999999843e-01
4.331000000000000405e+00 7.364340000000000330e-01
4.341000000000000192e+00 7.369080000000000075e-01
4.350999999999999979e+00 7.373899999999999899e-01
4.360999999999999766e+00 7.378799999999999804e-01
4.371000000000000441e+00 7.383779999999999788e-01
4.381000000000000227e+00 7.388850000000000140e-01
4.391000000000000014e+00 7.393999999999999462e-01
4.400999999999999801e+00 7.399229999999999974e-01
4.410999999999999588e+00 7.404560000000000031e-01
4.421000000000000263e+00 7.409970000000000168e-01
4.431000000000000050e+00 7.415479999999999849e-01
4.440999999999999837e+00 7.421069999999999611e-01
4.450999999999999623e+00 7.426760000000000028e-01
4.461000000000000298e+00 7.432549999999999990e-01
4.471000000000000085e+00 7.438430000000000319e-01
4.480999999999999872e+00 7.444399999999999906e-01
4.490999999999999659e+00 7.450480000000000436e-01
4.501000000000000334e+00 7.456650000000000222e-01
4.511000000000000121e+00 7.462929999999999842e-01
4.520999999999999908e+00 7.469310000000000116e-01
4.530999999999999694e+00 7.475800000000000223e-01
4.541000000000000369e+00 7.482400000000000162e-01
4.551000000000000156e+00 7.489099999999999646e-01
4.560999999999999943e+00 7.495920000000000361e-01
4.570999999999999730e+00 7.502849999999999797e-01
4.581000000000000405e+00 7.509900000000000464e-01
4.591000000000000192e+00 7.517059999999999853e-01
4.600999999999999979e+00 7.524340000000000472e-01
4.610999999999999766e+00 7.531750000000000389e-01
4.621000000000000441e+00 7.539289999999999603e-01
4.631000000000000227e+00 7.546950000000000047e-01
4.641000000000000014e+00 7.554739999999999789e-01
4.650999999999999801e+00 7.562659999999999938e-01
4.660999999999999588e+00 7.570729999999999960e-01
4.671000000000000263e+00 7.578930000000000389e-01
4.681000000000000050e+00 7.587270000000000403e-01
4.690999999999999837e+00 7.595760000000000289e-01
4.700999999999999623e+00 7.604400000000000048e-01
4.711000000000000298e+00 7.613199999999999967e-01
4.721000000000000085e+00 7.622149999999999759e-01
4.730999999999999872e+00 7.631259999999999710e-01
4.740999999999999659e+00 7.640529999999999822e-01
4.751000000000000334e+00 7.649979999999999558e-01
4.761000000000000121e+00 7.659599999999999742e-01
4.770999999999999908e+00 7.669390000000000374e-01
4.780999999999999694e+00 7.679369999999999807e-01
4.791000000000000369e+00 7.689540000000000264e-01
4.801000000000000156e+00 7.699899999999999523e-01
4.810999999999999943e+00 7.710449999999999804e-01
4.820999999999999730e+00 7.721219999999999750e-01
4.831000000000000405e+00 7.732189999999999896e-01
4.841000000000000192e+00 7.743379999999999708e-01
4.850999999999999979e+00 7.754790000000000294e-01
4.860999999999999766e+00 7.766429999999999723e-01
4.871000000000000441e+00 7.778300000000000214e-01
4.881000000000000227e+00 7.790430000000000410e-01
4.891000000000000014e+00 7.802799999999999736e-01
4.900999999999999801e+00 7.815429999999999877e-01
4.910999999999999588e+00 7.828330000000000011e-01
4.921000000000000263e+00 7.841510000000000424e-01
4.931000000000000050e+00 7.854980000000000295e-01
4.940999999999999837e+00 7.868749999999999911e-01
4.950999999999999623e+00 7.882820000000000382e-01
4.961000000000000298e+00 7.897210000000000063e-01
4.971000000000000085e+00 7.911930000000000351e-01
4.980999999999999872e+00 7.926990000000000425e-01
4.990999999999999659e+00 7.942409999999999748e-01
5.001000000000000334e+00 7.958190000000000541e-01
5.011000000000000121e+00 7.974360000000000337e-01
5.020999999999999908e+00 7.990920000000000245e-01
5.030999999999999694e+00 8.007889999999999731e-01
5.041000000000000369e+00 8.025290000000000479e-01
5.051000000000000156e+00 8.043139999999999734e-01
5.060999999999999943e+00 8.061450000000000005e-01
5.070999999999999730e+00 8.080249999999999932e-01
5.081000000000000405e+00 8.099539999999999518e-01
5.091000000000000192e+00 8.119359999999999911e-01
5.100999999999999979e+00 8.139729999999999466e-01
5.110999999999999766e+00 8.160669999999999868e-01
5.121000000000000441e+00 8.182199999999999473e-01
5.131000000000000227e+00 8.204350000000000254e-01
5.141000000000000014e+00 8.227149999999999741e-01
5.150999999999999801e+00 8.250629999999999908e-01
5.160999999999999588e+00 8.274820000000000508e-01
5.171000000000000263e+00 8.299760000000000471e-01
5.181000000000000050e+00 8.325460000000000083e-01
5.190999999999999837e+00 8.351990000000000247e-01
5.200999999999999623e+00 8.379360000000000142e-01
5.211000000000000298e+00 8.407630000000000381e-01
5.221000000000000085e+00 8.436829999999999607e-01
5.230999999999999872e+00 8.467010000000000369e-01
5.240999999999999659e+00 8.498219999999999663e-01
5.251000000000000334e+00 8.530510000000000037e-01
5.261000000000000121e+00 8.563929999999999598e-01
5.270999999999999908e+00 8.598529999999999784e-01
5.280999999999999694e+00 8.634370000000000100e-01
5.291000000000000369e+00 8.671510000000000051e-01
5.301000000000000156e+00 8.709999999999999964e-01
5.310999999999999943e+00 8.749919999999999920e-01
5.320999999999999730e+00 8.791320000000000245e-01
5.331000000000000405e+00 8.834269999999999623e-01
5.341000000000000192e+00 8.878819999999999490e-01
5.350999999999999979e+00 8.925039999999999640e-01
5.360999999999999766e+00 8.972989999999999577e-01
5.371000000000000441e+00 9.022700000000000164e-01
5.381000000000000227e+00 9.074229999999999796e-01
5.391000000000000014e+00 9.127600000000000158e-01
5.400999999999999801e+00 9.182799999999999851e-01
5.410999999999999588e+00 9.239840000000000275e-01
5.421000000000000263e+00 9.298640000000000239e-01
5.431000000000000050e+00 9.359110000000000484e-01
5.440999999999999837e+00 9.421079999999999455e-01
5.450999999999999623e+00 9.484310000000000240e-01
5.461000000000000298e+00 9.548450000000000548e-01
5.471000000000000085e+00 9.613009999999999611e-01
5.480999999999999872e+00 9.677329999999999544e-01
5.490999999999999659e+00 9.740510000000000002e-01
5.501000000000000334e+00 9.801379999999999537e-01
5.511000000000000121e+00 9.858400000000000496e-01
5.520999999999999908e+00 9.909569999999999768e-01
5.530999999999999694e+00 9.952389999999999848e-01
5.541000000000000369e+00 9.983670000000000044e-01
5.551000000000000156e+00 9.999529999999999808e-01
5.560999999999999943e+00 9.995260000000000256e-01
5.570999999999999730e+00 9.965389999999999526e-01
5.581000000000000405e+00 9.903750000000000053e-01
5.591000000000000192e+00 9.803809999999999469e-01
5.600999999999999979e+00 9.659140000000000503e-01
5.610999999999999766e+00 9.464179999999999815e-01
5.621000000000000441e+00 9.215219999999999523e-01
5.631000000000000227e+00 8.911440000000000472e-01
5.641000000000000014e+00 8.555779999999999497e-01
5.650999999999999801e+00 8.155400000000000427e-01
5.660999999999999588e+00 7.721470000000000278e-01
5.671000000000000263e+00 7.268310000000000048e-01
5.681000000000000050e+00 6.811869999999999870e-01
5.690999999999999837e+00 6.368129999999999624e-01
5.700999999999999623e+00 5.951579999999999648e-01
5.711000000000000298e+00 5.574059999999999571e-01
5.721000000000000085e+00 5.244039999999999813e-01
5.730999999999999872e+00 4.966470000000000051e-01
5.740999999999999659e+00 4.742810000000000081e-01
5.751000000000000334e+00 4.571500000000000008e-01
5.761000000000000121e+00 4.448590000000000044e-01
5.770999999999999908e+00 4.368549999999999933e-01
5.780999999999999694e+00 4.325019999999999976e-01
5.791000000000000369e+00 4.311510000000000065e-01
5.801000000000000156e+00 4.321880000000000166e-01
5.810999999999999943e+00 4.350700000000000123e-01
5.820999999999999730e+00 4.393340000000000023e-01
5.831000000000000405e+00 4.445990000000000220e-01
5.841000000000000192e+00 4.505620000000000180e-01
5.850999999999999979e+00 4.569840000000000013e-01
5.860999999999999766e+00 4.636810000000000098e-01
5.871000000000000441e+00 4.705150000000000166e-01
5.881000000000000227e+00 4.773809999999999998e-01
5.891000000000000014e+00 4.842040000000000233e-01
5.900999999999999801e+00 4.909279999999999755e-01
5.910999999999999588e+00 4.975140000000000118e-01
5.921000000000000263e+00 5.039369999999999683e-01
5.931000000000000050e+00 5.101790000000000491e-01
5.940999999999999837e+00 5.162299999999999667e-01
5.950999999999999623e+00 5.220850000000000213e-01
5.961000000000000298e+00 5.277420000000000444e-01
5.971000000000000085e+00 5.332050000000000400e-01
5.980999999999999872e+00 5.384750000000000369e-01
5.990999999999999659e+00 5.435600000000000431e-01
6.001000000000000334e+00 5.484630000000000338e-01
6.011000000000000121e+00 5.531930000000000458e-01
6.020999999999999908e+00 5.577560000000000295e-01
6.030999999999999694e+00 5.621599999999999930e-01
6.041000000000000369e+00 5.664109999999999978e-01
6.051000000000000156e+00 5.705160000000000231e-01
6.060999999999999943e+00 5.744839999999999947e-01
6.070999999999999730e+00 5.783190000000000275e-01
6.081000000000000405e+00 5.820300000000000473e-01
6.091000000000000192e+00 5.856219999999999759e-01
6.100999999999999979e+00 5.891009999999999858e-01
6.110999999999999766e+00 5.924730000000000274e-01
6.121000000000000441e+00 5.957430000000000225e-01
6.131000000000000227e+00 5.989170000000000327e-01
6.141000000000000014e+00 6.019999999999999796e-01
6.150999999999999801e+00 6.049949999999999495e-01
6.160999999999999588e+00 6.079090000000000327e-01
6.171000000000000263e+00 6.107439999999999536e-01
6.181000000000000050e+00 6.135049999999999670e-01
6.190999999999999837e+00 6.161959999999999660e-01
6.200999999999999623e+00 6.188209999999999544e-01
6.211000000000000298e+00 6.213809999999999611e-01
6.221000000000000085e+00 6.238820000000000476e-01
6.230999999999999872e+00 6.263260000000000494e-01
6.240999999999999659e+00 6.287160000000000526e-01
6.251000000000000334e+00 6.310540000000000038e-01
6.261000000000000121e+00 6.333429999999999893e-01
6.270999999999999908e+00 6.355859999999999843e-01
6.280999999999999694e+00 6.377859999999999641e-01
6.291000000000000369e+00 6.399430000000000396e-01
6.301000000000000156e+00 6.420609999999999928e-01
6.310999999999999943e+00 6.441409999999999636e-01
6.320999999999999730e+00 6.461860000000000381e-01
6.331000000000000405e+00 6.481970000000000232e-01
6.341000000000000192e+00 6.501759999999999762e-01
6.350999999999999979e+00 6.521249999999999547e-01
6.360999999999999766e+00 6.540460000000000163e-01
6.371000000000000441e+00 6.559390000000000498e-01
6.381000000000000227e+00 6.578060000000000018e-01
6.391000000000000014e+00 6.596490000000000409e-01
6.400999999999999801e+00 6.614700000000000024e-01
6.410999999999999588e+00 6.632679999999999687e-01
6.421000000000000263e+00 6.650470000000000548e-01
6.431000000000000050e+00 6.668060000000000098e-01
6.440999999999999837e+00 6.685470000000000024e-01
6.450999999999999623e+00 6.702719999999999789e-01
6.461000000000000298e+00 6.719800000000000217e-01
6.471000000000000085e+00 6.736739999999999950e-01
6.480999999999999872e+00 6.753540000000000099e-01
6.490999999999999659e+00 6.770220000000000127e-01
6.501000000000000334e+00 6.786769999999999747e-01
6.511000000000000121e+00 6.803209999999999535e-01
6.520999999999999908e+00 6.819560000000000066e-01
6.530999999999999694e+00 6.835809999999999942e-01
6.541000000000000369e+00 6.851969999999999450e-01
6.551000000000000156e+00 6.868060000000000276e-01
6.560999999999999943e+00 6.884090000000000487e-01
6.570999999999999730e+00 6.900049999999999795e-01
6.581000000000000405e+00 6.915949999999999598e-01
6.591000000000000192e+00 6.931810000000000471e-01
6.600999999999999979e+00 6.947640000000000482e-01
6.610999999999999766e+00 6.963420000000000165e-01
6.621000000000000441e+00 6.979189999999999561e-01
6.631000000000000227e+00 6.994930000000000314e-01
6.641000000000000014e+00 7.010659999999999670e-01
6.650999999999999801e+00 7.026379999999999848e-01
6.660999999999999588e+00 7.042100000000000026e-01
6.671000000000000263e+00 7.057830000000000492e-01
6.681000000000000050e+00 7.073559999999999848e-01
6.690999999999999837e+00 7.089320000000000066e-01
6.700999999999999623e+00 7.105099999999999749e-01
6.711000000000000298e+00 7.120900000000000007e-01
6.721000000000000085e+00 7.136740000000000306e-01
6.730999999999999872e+00 7.152619999999999534e-01
6.740999999999999659e+00 7.168539999999999912e-01
6.751000000000000334e+00 7.184519999999999795e-01
6.761000000000000121e+00 7.200550000000000006e-01
6.770999999999999908e+00 7.216639999999999722e-01
6.780999999999999694e+00 7.232790000000000052e-01
6.791000000000000369e+00 7.249020000000000463e-01
6.801000000000000156e+00 7.265319999999999556e-01
6.810999999999999943e+00 7.281710000000000127e-01
6.820999999999999730e+00 7.298179999999999668e-01
6.831000000000000405e+00 7.314739999999999576e-01
6.841000000000000192e+00 7.331400000000000139e-01
6.850999999999999979e+00 7.348160000000000247e-01
6.860999999999999766e+00 7.365030000000000188e-01
6.871000000000000441e+00 7.381999999999999673e-01
6.881000000000000227e+00 7.399099999999999566e-01
6.891000000000000014e+00 7.416310000000000402e-01
6.900999999999999801e+00 7.433650000000000535e-01
6.910999999999999588e+00 7.451119999999999965e-01
6.921000000000000263e+00 7.468730000000000091e-01
6.931000000000000050e+00 7.486469999999999514e-01
6.940999999999999837e+00 7.504370000000000207e-01
6.950999999999999623e+00 7.522410000000000485e-01
6.961000000000000298e+00 7.540609999999999813e-01
6.971000000000000085e+00 7.558970000000000411e-01
6.980999999999999872e+00 7.577490000000000059e-01
6.990999999999999659e+00 7.596180000000000154e-01
7.001000000000000334e+00 7.615049999999999875e-01
7.011000000000000121e+00 7.634090000000000042e-01
7.020999999999999908e+00 7.653320000000000123e-01
7.030999999999999694e+00 7.672750000000000403e-01
7.041000000000000369e+00 7.692360000000000309e-01
7.051000000000000156e+00 7.712170000000000414e-01
7.060999999999999943e+00 7.732189999999999896e-01
7.070999999999999730e+00 7.752419999999999867e-01
7.081000000000000405e+00 7.772860000000000325e-01
7.091000000000000192e+00 7.793520000000000447e-01
7.100999999999999979e+00 7.814400000000000235e-01
7.110999999999999766e+00 7.835509999999999975e-01
7.121000000000000441e+00 7.856859999999999955e-01
7.131000000000000227e+00 7.878439999999999888e-01
7.141000000000000014e+00 7.900270000000000348e-01
7.150999999999999801e+00 7.922350000000000225e-01
7.160999999999999588e+00 7.944670000000000343e-01
7.171000000000000263e+00 7.967260000000000453e-01
7.181000000000000050e+00 7.990110000000000268e-01
7.190999999999999837e+00 8.013219999999999787e-01
7.200999999999999623e+00 8.036609999999999587e-01
7.211000000000000298e+00 8.060270000000000490e-01
7.221000000000000085e+00 8.084209999999999452e-01
7.230999999999999872e+00 8.108440000000000092e-01
7.240999999999999659e+00 8.132960000000000189e-01
7.251000000000000334e+00 8.157769999999999744e-01
7.261000000000000121e+00 8.182880000000000154e-01
7.270999999999999908e+00 8.208280000000000021e-01
7.280999999999999694e+00 8.234000000000000208e-01
7.291000000000000369e+00 8.260020000000000140e-01
7.301000000000000156e+00 8.286350000000000104e-01
7.310999999999999943e+00 8.312990000000000101e-01
7.320999999999999730e+00 8.339959999999999596e-01
7.331000000000000405e+00 8.367240000000000233e-01
7.341000000000000192e+00 8.394850000000000367e-01
7.350999999999999979e+00 8.422770000000000534e-01
7.360999999999999766e+00 8.451030000000000486e-01
7.371000000000000441e+00 8.479609999999999648e-01
7.381000000000000227e+00 8.508510000000000240e-01
7.391000000000000014e+00 8.537740000000000329e-01
7.400999999999999801e+00 8.567299999999999915e-01
7.410999999999999588e+00 8.597179999999999822e-01
7.421000000000000263e+00 8.627390000000000336e-01
7.431000000000000050e+00 8.657920000000000060e-01
7.440999999999999837e+00 8.688759999999999817e-01
7.450999999999999623e+00 8.719919999999999893e-01
7.461000000000000298e+00 8.751379999999999715e-01
7.471000000000000085e+00 8.783149999999999569e-01
7.480999999999999872e+00 8.815209999999999990e-01
7.490999999999999659e+00 8.847559999999999869e-01
7.501000000000000334e+00 8.880179999999999740e-01
7.511000000000000121e+00 8.913069999999999604e-01
7.520999999999999908e+00 8.946209999999999996e-01
7.530999999999999694e+00 8.979599999999999804e-01
7.541000000000000369e+00 9.013200000000000101e-01
7.551000000000000156e+00 9.047009999999999774e-01
7.560999999999999943e+00 9.081010000000000471e-01
7.570999999999999730e+00 9.115180000000000504e-01
7.581000000000000405e+00 9.149479999999999835e-01
7.591000000000000192e+00 9.183900000000000396e-01
7.600999999999999979e+00 9.218410000000000215e-01
7.610999999999999766e+00 9.252970000000000361e-01
7.621000000000000441e+00 9.287549999999999972e-01
7.631000000000000227e+00 9.322110000000000118e-01
7.641000000000000014e+00 9.356609999999999649e-01
7.650999999999999801e+00 9.391019999999999923e-01
7.660999999999999588e+00 9.425270000000000037e-01
7.671000000000000263e+00 9.459319999999999951e-01
7.681000000000000050e+00 9.493120000000000447e-01
7.690999999999999837e+00 9.526599999999999513e-01
7.700999999999999623e+00 9.559699999999999864e-01
7.711000000000000298e+00 9.592349999999999488e-01
7.721000000000000085e+00 9.624479999999999702e-01
7.730999999999999872e+00 9.656019999999999603e-01
7.740999999999999659e+00 9.686879999999999935e-01
7.751000000000000334e+00 9.716970000000000329e-01
7.761000000000000121e+00 9.746200000000000419e-01
7.770999999999999908e+00 9.774479999999999835e-01
7.780999999999999694e+00 9.801699999999999857e-01
7.791000000000000369e+00 9.827759999999999829e-01
7.801000000000000156e+00 9.852549999999999919e-01
7.810999999999999943e+00 9.875950000000000006e-01
7.820999999999999730e+00 9.897839999999999971e-01
7.831000000000000405e+00 9.918099999999999694e-01
7.841000000000000192e+00 9.936599999999999877e-01
7.850999999999999979e+00 9.953220000000000400e-01
7.860999999999999766e+00 9.967819999999999458e-01
7.871000000000000441e+00 9.980259999999999687e-01
7.881000000000000227e+00 9.990409999999999568e-01
7.891000000000000014e+00 9.998139999999999805e-01
7.900999999999999801e+00 1.000331999999999999e+00
7.910999999999999588e+00 1.000580999999999943e+00
7.921000000000000263e+00 1.000547000000000075e+00
7.931000000000000050e+00 1.000220000000000109e+00
7.940999999999999837e+00 9.995870000000000033e-01
7.950999999999999623e+00 9.986359999999999681e-01
7.961000000000000298e+00 9.973579999999999668e-01
7.971000000000000085e+00 9.957420000000000160e-01
7.980999999999999872e+00 9.937799999999999967e-01
7.990999999999999659e+00 9.914659999999999584e-01
