4.390000000000000013e-01 9.938249999999999584e-01
4.410000000000000031e-01 9.911149999999999682e-01
4.430000000000000049e-01 9.905540000000000456e-01
4.450000000000000067e-01 9.904600000000000071e-01
4.470000000000000084e-01 9.905150000000000343e-01
4.490000000000000102e-01 9.906179999999999986e-01
4.510000000000000120e-01 9.907310000000000283e-01
4.530000000000000138e-01 9.908379999999999965e-01
4.550000000000000155e-01 9.909339999999999815e-01
4.570000000000000173e-01 9.910179999999999545e-01
4.590000000000000191e-01 9.910889999999999977e-01
4.610000000000000209e-01 9.911489999999999467e-01
4.630000000000000226e-01 9.911969999999999947e-01
4.650000000000000244e-01 9.912360000000000060e-01
4.670000000000000262e-01 9.912659999999999805e-01
4.689999999999999725e-01 9.912870000000000292e-01
4.709999999999999742e-01 9.913020000000000165e-01
4.729999999999999760e-01 9.913089999999999957e-01
4.749999999999999778e-01 9.913110000000000532e-01
4.769999999999999796e-01 9.913070000000000492e-01
4.789999999999999813e-01 9.912969999999999837e-01
4.809999999999999831e-01 9.912840000000000540e-01
4.829999999999999849e-01 9.912659999999999805e-01
4.849999999999999867e-01 9.912450000000000427e-01
4.869999999999999885e-01 9.912199999999999900e-01
4.889999999999999902e-01 9.911910000000000442e-01
4.909999999999999920e-01 9.911600000000000410e-01
4.929999999999999938e-01 9.911259999999999515e-01
4.949999999999999956e-01 9.910900000000000265e-01
4.969999999999999973e-01 9.910510000000000153e-01
4.989999999999999991e-01 9.910109999999999753e-01
5.010000000000000009e-01 9.909679999999999600e-01
5.030000000000000027e-01 9.909229999999999983e-01
5.050000000000000044e-01 9.908770000000000078e-01
5.070000000000000062e-01 9.908280000000000420e-01
5.090000000000000080e-01 9.907789999999999653e-01
5.110000000000000098e-01 9.907280000000000530e-01
5.130000000000000115e-01 9.906760000000000010e-01
5.150000000000000133e-01 9.906220000000000026e-01
5.170000000000000151e-01 9.905669999999999753e-01
5.190000000000000169e-01 9.905110000000000303e-01
5.210000000000000187e-01 9.904549999999999743e-01
5.230000000000000204e-01 9.903969999999999718e-01
5.250000000000000222e-01 9.903380000000000516e-01
5.270000000000000240e-01 9.902779999999999916e-01
5.290000000000000258e-01 9.902180000000000426e-01
5.310000000000000275e-01 9.901569999999999538e-01
5.330000000000000293e-01 9.900949999999999473e-01
5.350000000000000311e-01 9.900320000000000231e-01
5.370000000000000329e-01 9.899689999999999879e-01
5.390000000000000346e-01 9.899050000000000349e-01
5.410000000000000364e-01 9.898409999999999709e-01
5.430000000000000382e-01 9.897759999999999891e-01
5.450000000000000400e-01 9.897099999999999786e-01
5.470000000000000417e-01 9.896439999999999682e-01
5.490000000000000435e-01 9.895770000000000399e-01
5.510000000000000453e-01 9.895100000000000007e-01
5.530000000000000471e-01 9.894420000000000437e-01
5.550000000000000488e-01 9.893739999999999757e-01
5.570000000000000506e-01 9.893060000000000187e-01
5.590000000000000524e-01 9.892370000000000330e-01
5.610000000000000542e-01 9.891670000000000185e-01
5.629999999999999449e-01 9.890970000000000040e-01
5.649999999999999467e-01 9.890269999999999895e-01
5.669999999999999485e-01 9.889559999999999462e-01
5.689999999999999503e-01 9.888850000000000140e-01
5.709999999999999520e-01 9.888139999999999707e-01
5.729999999999999538e-01 9.887420000000000098e-01
5.749999999999999556e-01 9.886700000000000488e-01
5.769999999999999574e-01 9.885969999999999480e-01
5.789999999999999591e-01 9.885239999999999583e-01
5.809999999999999609e-01 9.884509999999999685e-01
5.829999999999999627e-01 9.883769999999999500e-01
5.849999999999999645e-01 9.883030000000000426e-01
5.869999999999999662e-01 9.882290000000000241e-01
5.889999999999999680e-01 9.881539999999999768e-01
5.909999999999999698e-01 9.880790000000000406e-01
5.929999999999999716e-01 9.880029999999999646e-01
5.949999999999999734e-01 9.879269999999999996e-01
5.969999999999999751e-01 9.878510000000000346e-01
5.989999999999999769e-01 9.877740000000000409e-01
6.009999999999999787e-01 9.876970000000000471e-01
6.029999999999999805e-01 9.876190000000000246e-01
6.049999999999999822e-01 9.875410000000000021e-01
6.069999999999999840e-01 9.874629999999999797e-01
6.089999999999999858e-01 9.873840000000000394e-01
6.109999999999999876e-01 9.873049999999999882e-01
6.129999999999999893e-01 9.872250000000000192e-01
6.149999999999999911e-01 9.871450000000000502e-01
6.169999999999999929e-01 9.870649999999999702e-01
6.189999999999999947e-01 9.869839999999999725e-01
6.209999999999999964e-01 9.869019999999999460e-01
6.229999999999999982e-01 9.868200000000000305e-01
6.250000000000000000e-01 9.867380000000000040e-01
6.270000000000000018e-01 9.866549999999999487e-01
6.290000000000000036e-01 9.865720000000000045e-01
6.310000000000000053e-01 9.864880000000000315e-01
6.330000000000000071e-01 9.864030000000000298e-01
6.350000000000000089e-01 9.863189999999999458e-01
6.370000000000000107e-01 9.862330000000000263e-01
6.390000000000000124e-01 9.861480000000000246e-01
6.410000000000000142e-01 9.860609999999999653e-01
6.430000000000000160e-01 9.859740000000000171e-01
6.450000000000000178e-01 9.858869999999999578e-01
6.470000000000000195e-01 9.857989999999999808e-01
6.490000000000000213e-01 9.857110000000000039e-01
6.510000000000000231e-01 9.856219999999999981e-01
6.530000000000000249e-01 9.855319999999999636e-01
6.550000000000000266e-01 9.854420000000000401e-01
6.570000000000000284e-01 9.853520000000000056e-01
6.590000000000000302e-01 9.852610000000000534e-01
6.610000000000000320e-01 9.851689999999999614e-01
6.630000000000000338e-01 9.850769999999999804e-01
6.650000000000000355e-01 9.849839999999999707e-01
6.670000000000000373e-01 9.848909999999999609e-01
6.690000000000000391e-01 9.847970000000000335e-01
6.710000000000000409e-01 9.847019999999999662e-01
6.730000000000000426e-01 9.846070000000000100e-01
6.750000000000000444e-01 9.845120000000000537e-01
6.770000000000000462e-01 9.844150000000000400e-01
6.790000000000000480e-01 9.843180000000000263e-01
6.810000000000000497e-01 9.842210000000000125e-01
6.830000000000000515e-01 9.841229999999999700e-01
6.850000000000000533e-01 9.840240000000000098e-01
6.870000000000000551e-01 9.839250000000000496e-01
6.889999999999999458e-01 9.838249999999999496e-01
6.909999999999999476e-01 9.837240000000000428e-01
6.929999999999999494e-01 9.836230000000000251e-01
6.949999999999999512e-01 9.835209999999999786e-01
6.969999999999999529e-01 9.834190000000000431e-01
6.989999999999999547e-01 9.833159999999999679e-01
7.009999999999999565e-01 9.832119999999999749e-01
7.029999999999999583e-01 9.831079999999999819e-01
7.049999999999999600e-01 9.830029999999999601e-01
7.069999999999999618e-01 9.828980000000000494e-01
7.089999999999999636e-01 9.827909999999999702e-01
7.109999999999999654e-01 9.826850000000000307e-01
7.129999999999999671e-01 9.825770000000000337e-01
7.149999999999999689e-01 9.824690000000000367e-01
7.169999999999999707e-01 9.823600000000000110e-01
7.189999999999999725e-01 9.822509999999999852e-01
7.209999999999999742e-01 9.821410000000000418e-01
7.229999999999999760e-01 9.820299999999999585e-01
7.249999999999999778e-01 9.819189999999999863e-01
7.269999999999999796e-01 9.818069999999999853e-01
7.289999999999999813e-01 9.816949999999999843e-01
7.309999999999999831e-01 9.815819999999999546e-01
7.329999999999999849e-01 9.814680000000000071e-01
7.349999999999999867e-01 9.813530000000000308e-01
7.369999999999999885e-01 9.812380000000000546e-01
7.389999999999999902e-01 9.811229999999999674e-01
7.409999999999999920e-01 9.810060000000000446e-01
7.429999999999999938e-01 9.808900000000000396e-01
7.449999999999999956e-01 9.807719999999999771e-01
7.469999999999999973e-01 9.806540000000000257e-01
7.489999999999999991e-01 9.805350000000000454e-01
7.510000000000000009e-01 9.804159999999999542e-01
7.530000000000000027e-01 9.802959999999999452e-01
7.550000000000000044e-01 9.801750000000000185e-01
7.570000000000000062e-01 9.800539999999999807e-01
7.590000000000000080e-01 9.799320000000000253e-01
7.610000000000000098e-01 9.798099999999999588e-01
7.630000000000000115e-01 9.796869999999999745e-01
7.650000000000000133e-01 9.795629999999999615e-01
7.670000000000000151e-01 9.794389999999999485e-01
7.690000000000000169e-01 9.793140000000000178e-01
7.710000000000000187e-01 9.791889999999999761e-01
7.730000000000000204e-01 9.790619999999999878e-01
7.750000000000000222e-01 9.789360000000000284e-01
7.770000000000000240e-01 9.788090000000000401e-01
7.790000000000000258e-01 9.786810000000000231e-01
7.810000000000000275e-01 9.785519999999999774e-01
7.830000000000000293e-01 9.784230000000000427e-01
7.850000000000000311e-01 9.782939999999999969e-01
7.870000000000000329e-01 9.781640000000000335e-01
7.890000000000000346e-01 9.780330000000000412e-01
7.910000000000000364e-01 9.779020000000000490e-01
7.930000000000000382e-01 9.777700000000000280e-01
7.950000000000000400e-01 9.776369999999999783e-01
7.970000000000000417e-01 9.775040000000000395e-01
7.990000000000000435e-01 9.773709999999999898e-01
8.010000000000000453e-01 9.772370000000000223e-01
8.030000000000000471e-01 9.771020000000000261e-01
8.050000000000000488e-01 9.769670000000000298e-01
8.070000000000000506e-01 9.768310000000000048e-01
8.090000000000000524e-01 9.766939999999999511e-01
8.110000000000000542e-01 9.765570000000000084e-01
8.129999999999999449e-01 9.764199999999999546e-01
8.149999999999999467e-01 9.762809999999999544e-01
8.169999999999999485e-01 9.761429999999999829e-01
8.189999999999999503e-01 9.760039999999999827e-01
8.209999999999999520e-01 9.758639999999999537e-01
8.229999999999999538e-01 9.757230000000000070e-01
8.249999999999999556e-01 9.755819999999999492e-01
8.269999999999999574e-01 9.754410000000000025e-01
8.289999999999999591e-01 9.752990000000000270e-01
8.309999999999999609e-01 9.751560000000000228e-01
8.329999999999999627e-01 9.750130000000000186e-01
8.349999999999999645e-01 9.748689999999999856e-01
8.369999999999999662e-01 9.747249999999999526e-01
8.389999999999999680e-01 9.745800000000000018e-01
8.409999999999999698e-01 9.744350000000000511e-01
8.429999999999999716e-01 9.742889999999999606e-01
8.449999999999999734e-01 9.741419999999999524e-01
8.469999999999999751e-01 9.739950000000000552e-01
8.489999999999999769e-01 9.738480000000000469e-01
8.509999999999999787e-01 9.737000000000000099e-01
8.529999999999999805e-01 9.735510000000000552e-01
8.549999999999999822e-01 9.734009999999999607e-01
8.569999999999999840e-01 9.732520000000000060e-01
8.589999999999999858e-01 9.731009999999999938e-01
8.609999999999999876e-01 9.729499999999999815e-01
8.629999999999999893e-01 9.727989999999999693e-01
8.649999999999999911e-01 9.726460000000000106e-01
8.669999999999999929e-01 9.724939999999999696e-01
8.689999999999999947e-01 9.723399999999999821e-01
8.709999999999999964e-01 9.721870000000000234e-01
8.729999999999999982e-01 9.720320000000000071e-01
8.750000000000000000e-01 9.718769999999999909e-01
8.770000000000000018e-01 9.717209999999999459e-01
8.790000000000000036e-01 9.715650000000000119e-01
8.810000000000000053e-01 9.714080000000000492e-01
8.830000000000000071e-01 9.712509999999999755e-01
8.850000000000000089e-01 9.710929999999999840e-01
8.870000000000000107e-01 9.709349999999999925e-01
8.890000000000000124e-01 9.707750000000000545e-01
8.910000000000000142e-01 9.706160000000000343e-01
8.930000000000000160e-01 9.704549999999999566e-01
8.950000000000000178e-01 9.702939999999999898e-01
8.970000000000000195e-01 9.701330000000000231e-01
8.990000000000000213e-01 9.699699999999999989e-01
9.010000000000000231e-01 9.698069999999999746e-01
9.030000000000000249e-01 9.696439999999999504e-01
9.050000000000000266e-01 9.694800000000000084e-01
9.070000000000000284e-01 9.693150000000000377e-01
9.090000000000000302e-01 9.691490000000000382e-01
9.110000000000000320e-01 9.689830000000000387e-01
9.130000000000000338e-01 9.688170000000000393e-01
9.150000000000000355e-01 9.686489999999999823e-01
9.170000000000000373e-01 9.684810000000000363e-01
9.190000000000000391e-01 9.683119999999999505e-01
9.210000000000000409e-01 9.681429999999999758e-01
9.230000000000000426e-01 9.679729999999999723e-01
9.250000000000000444e-01 9.678020000000000511e-01
9.270000000000000462e-01 9.676299999999999901e-01
9.290000000000000480e-01 9.674580000000000402e-01
9.310000000000000497e-01 9.672849999999999504e-01
9.330000000000000515e-01 9.671110000000000539e-01
9.350000000000000533e-01 9.669370000000000465e-01
9.370000000000000551e-01 9.667620000000000102e-01
9.389999999999999458e-01 9.665859999999999452e-01
9.409999999999999476e-01 9.664089999999999625e-01
9.429999999999999494e-01 9.662319999999999798e-01
9.449999999999999512e-01 9.660539999999999683e-01
9.469999999999999529e-01 9.658750000000000391e-01
9.489999999999999547e-01 9.656949999999999701e-01
9.509999999999999565e-01 9.655139999999999834e-01
9.529999999999999583e-01 9.653329999999999966e-01
9.549999999999999600e-01 9.651509999999999811e-01
9.569999999999999618e-01 9.649680000000000479e-01
9.589999999999999636e-01 9.647839999999999749e-01
9.609999999999999654e-01 9.645989999999999842e-01
9.629999999999999671e-01 9.644139999999999935e-01
9.649999999999999689e-01 9.642269999999999452e-01
9.669999999999999707e-01 9.640400000000000080e-01
9.689999999999999725e-01 9.638520000000000421e-01
9.709999999999999742e-01 9.636630000000000473e-01
9.729999999999999760e-01 9.634730000000000238e-01
9.749999999999999778e-01 9.632819999999999716e-01
9.769999999999999796e-01 9.630910000000000304e-01
9.789999999999999813e-01 9.628980000000000317e-01
9.809999999999999831e-01 9.627040000000000042e-01
9.829999999999999849e-01 9.625099999999999767e-01
9.849999999999999867e-01 9.623140000000000027e-01
9.869999999999999885e-01 9.621180000000000287e-01
9.889999999999999902e-01 9.619199999999999973e-01
9.909999999999999920e-01 9.617219999999999658e-01
9.929999999999999938e-01 9.615230000000000166e-01
9.949999999999999956e-01 9.613220000000000098e-01
9.969999999999999973e-01 9.611210000000000031e-01
9.989999999999999991e-01 9.609180000000000499e-01
1.000999999999999890e+00 9.607149999999999856e-01
1.002999999999999892e+00 9.605099999999999749e-01
1.004999999999999893e+00 9.603040000000000465e-01
1.006999999999999895e+00 9.600980000000000070e-01
1.008999999999999897e+00 9.598900000000000210e-01
1.010999999999999899e+00 9.596810000000000063e-01
1.012999999999999901e+00 9.594709999999999628e-01
1.014999999999999902e+00 9.592589999999999728e-01
1.016999999999999904e+00 9.590469999999999828e-01
1.018999999999999906e+00 9.588339999999999641e-01
1.020999999999999908e+00 9.586189999999999989e-01
1.022999999999999909e+00 9.584030000000000049e-01
1.024999999999999911e+00 9.581859999999999822e-01
1.026999999999999913e+00 9.579680000000000417e-01
1.028999999999999915e+00 9.577480000000000437e-01
1.030999999999999917e+00 9.575280000000000458e-01
1.032999999999999918e+00 9.573059999999999903e-01
1.034999999999999920e+00 9.570819999999999883e-01
1.036999999999999922e+00 9.568579999999999863e-01
1.038999999999999924e+00 9.566320000000000379e-01
1.040999999999999925e+00 9.564049999999999496e-01
1.042999999999999927e+00 9.561770000000000547e-01
1.044999999999999929e+00 9.559469999999999912e-01
1.046999999999999931e+00 9.557160000000000100e-01
1.048999999999999932e+00 9.554840000000000000e-01
1.050999999999999934e+00 9.552500000000000435e-01
1.052999999999999936e+00 9.550149999999999473e-01
1.054999999999999938e+00 9.547790000000000443e-01
1.056999999999999940e+00 9.545409999999999728e-01
1.058999999999999941e+00 9.543019999999999836e-01
1.060999999999999943e+00 9.540610000000000479e-01
1.062999999999999945e+00 9.538189999999999724e-01
1.064999999999999947e+00 9.535749999999999504e-01
1.066999999999999948e+00 9.533300000000000107e-01
1.068999999999999950e+00 9.530840000000000423e-01
1.070999999999999952e+00 9.528360000000000163e-01
1.072999999999999954e+00 9.525860000000000438e-01
1.074999999999999956e+00 9.523350000000000426e-01
1.076999999999999957e+00 9.520830000000000126e-01
1.078999999999999959e+00 9.518290000000000362e-01
1.080999999999999961e+00 9.515730000000000022e-01
1.082999999999999963e+00 9.513160000000000505e-01
1.084999999999999964e+00 9.510570000000000412e-01
1.086999999999999966e+00 9.507959999999999745e-01
1.088999999999999968e+00 9.505339999999999900e-01
1.090999999999999970e+00 9.502709999999999768e-01
1.092999999999999972e+00 9.500049999999999883e-01
1.094999999999999973e+00 9.497379999999999711e-01
1.096999999999999975e+00 9.494700000000000362e-01
1.098999999999999977e+00 9.491990000000000149e-01
1.100999999999999979e+00 9.489269999999999650e-01
1.102999999999999980e+00 9.486539999999999973e-01
1.104999999999999982e+00 9.483780000000000543e-01
1.106999999999999984e+00 9.481009999999999716e-01
1.108999999999999986e+00 9.478220000000000534e-01
1.110999999999999988e+00 9.475409999999999666e-01
1.112999999999999989e+00 9.472589999999999621e-01
1.114999999999999991e+00 9.469739999999999824e-01
1.116999999999999993e+00 9.466879999999999740e-01
1.118999999999999995e+00 9.464000000000000190e-01
1.120999999999999996e+00 9.461110000000000353e-01
1.122999999999999998e+00 9.458189999999999653e-01
1.125000000000000000e+00 9.455259999999999776e-01
1.127000000000000002e+00 9.452300000000000146e-01
1.129000000000000004e+00 9.449330000000000229e-01
1.131000000000000005e+00 9.446339999999999737e-01
1.133000000000000007e+00 9.443329999999999780e-01
1.135000000000000009e+00 9.440300000000000358e-01
1.137000000000000011e+00 9.437250000000000361e-01
1.139000000000000012e+00 9.434179999999999788e-01
1.141000000000000014e+00 9.431089999999999751e-01
1.143000000000000016e+00 9.427980000000000249e-01
1.145000000000000018e+00 9.424850000000000172e-01
1.147000000000000020e+00 9.421699999999999520e-01
1.149000000000000021e+00 9.418530000000000513e-01
1.151000000000000023e+00 9.415339999999999820e-01
1.153000000000000025e+00 9.412129999999999663e-01
1.155000000000000027e+00 9.408900000000000041e-01
1.157000000000000028e+00 9.405649999999999844e-01
1.159000000000000030e+00 9.402380000000000182e-01
1.161000000000000032e+00 9.399079999999999657e-01
1.163000000000000034e+00 9.395769999999999955e-01
1.165000000000000036e+00 9.392430000000000501e-01
1.167000000000000037e+00 9.389070000000000471e-01
1.169000000000000039e+00 9.385689999999999866e-01
1.171000000000000041e+00 9.382289999999999797e-01
1.173000000000000043e+00 9.378859999999999975e-01
1.175000000000000044e+00 9.375419999999999865e-01
1.177000000000000046e+00 9.371950000000000003e-01
1.179000000000000048e+00 9.368459999999999566e-01
1.181000000000000050e+00 9.364949999999999664e-01
1.183000000000000052e+00 9.361410000000000009e-01
1.185000000000000053e+00 9.357849999999999779e-01
1.187000000000000055e+00 9.354270000000000085e-01
1.189000000000000057e+00 9.350669999999999815e-01
1.191000000000000059e+00 9.347039999999999793e-01
1.193000000000000060e+00 9.343390000000000306e-01
1.195000000000000062e+00 9.339709999999999956e-01
1.197000000000000064e+00 9.336020000000000429e-01
1.199000000000000066e+00 9.332289999999999752e-01
1.201000000000000068e+00 9.328549999999999898e-01
1.203000000000000069e+00 9.324780000000000291e-01
1.205000000000000071e+00 9.320990000000000109e-01
1.207000000000000073e+00 9.317170000000000174e-01
1.209000000000000075e+00 9.313329999999999664e-01
1.211000000000000076e+00 9.309460000000000512e-01
1.213000000000000078e+00 9.305569999999999675e-01
1.215000000000000080e+00 9.301650000000000196e-01
1.217000000000000082e+00 9.297710000000000141e-01
1.219000000000000083e+00 9.293740000000000334e-01
1.221000000000000085e+00 9.289749999999999952e-01
1.223000000000000087e+00 9.285740000000000105e-01
1.225000000000000089e+00 9.281690000000000218e-01
1.227000000000000091e+00 9.277630000000000043e-01
1.229000000000000092e+00 9.273529999999999829e-01
1.231000000000000094e+00 9.269410000000000149e-01
1.233000000000000096e+00 9.265269999999999895e-01
1.235000000000000098e+00 9.261099999999999888e-01
1.237000000000000099e+00 9.256900000000000128e-01
1.239000000000000101e+00 9.252669999999999506e-01
1.241000000000000103e+00 9.248420000000000529e-01
1.243000000000000105e+00 9.244139999999999580e-01
1.245000000000000107e+00 9.239840000000000275e-01
1.247000000000000108e+00 9.235510000000000108e-01
1.249000000000000110e+00 9.231150000000000189e-01
1.250999999999999890e+00 9.226760000000000517e-01
1.252999999999999892e+00 9.222350000000000270e-01
1.254999999999999893e+00 9.217910000000000270e-01
1.256999999999999895e+00 9.213440000000000518e-01
1.258999999999999897e+00 9.208950000000000191e-01
1.260999999999999899e+00 9.204419999999999824e-01
1.262999999999999901e+00 9.199869999999999992e-01
1.264999999999999902e+00 9.195290000000000408e-01
1.266999999999999904e+00 9.190679999999999961e-01
1.268999999999999906e+00 9.186039999999999761e-01
1.270999999999999908e+00 9.181380000000000097e-01
1.272999999999999909e+00 9.176680000000000392e-01
1.274999999999999911e+00 9.171960000000000113e-01
1.276999999999999913e+00 9.167210000000000081e-01
1.278999999999999915e+00 9.162430000000000296e-01
1.280999999999999917e+00 9.157610000000000472e-01
1.282999999999999918e+00 9.152780000000000360e-01
1.284999999999999920e+00 9.147899999999999920e-01
1.286999999999999922e+00 9.143000000000000016e-01
1.288999999999999924e+00 9.138079999999999536e-01
1.290999999999999925e+00 9.133120000000000127e-01
1.292999999999999927e+00 9.128129999999999855e-01
1.294999999999999929e+00 9.123109999999999831e-01
1.296999999999999931e+00 9.118049999999999766e-01
1.298999999999999932e+00 9.112970000000000237e-01
1.300999999999999934e+00 9.107859999999999845e-01
1.302999999999999936e+00 9.102719999999999700e-01
1.304999999999999938e+00 9.097539999999999516e-01
1.306999999999999940e+00 9.092339999999999867e-01
1.308999999999999941e+00 9.087100000000000177e-01
1.310999999999999943e+00 9.081829999999999625e-01
1.312999999999999945e+00 9.076539999999999608e-01
1.314999999999999947e+00 9.071200000000000374e-01
1.316999999999999948e+00 9.065839999999999455e-01
1.318999999999999950e+00 9.060439999999999605e-01
1.320999999999999952e+00 9.055020000000000291e-01
1.322999999999999954e+00 9.049559999999999826e-01
1.324999999999999956e+00 9.044060000000000432e-01
1.326999999999999957e+00 9.038540000000000463e-01
1.328999999999999959e+00 9.032980000000000453e-01
1.330999999999999961e+00 9.027389999999999581e-01
1.332999999999999963e+00 9.021759999999999780e-01
1.334999999999999964e+00 9.016110000000000513e-01
1.336999999999999966e+00 9.010409999999999808e-01
1.338999999999999968e+00 9.004689999999999639e-01
1.340999999999999970e+00 8.998930000000000540e-01
1.342999999999999972e+00 8.993139999999999468e-01
1.344999999999999973e+00 8.987309999999999466e-01
1.346999999999999975e+00 8.981449999999999712e-01
1.348999999999999977e+00 8.975549999999999917e-01
1.350999999999999979e+00 8.969620000000000370e-01
1.352999999999999980e+00 8.963659999999999961e-01
1.354999999999999982e+00 8.957659999999999512e-01
1.356999999999999984e+00 8.951620000000000132e-01
1.358999999999999986e+00 8.945549999999999891e-01
1.360999999999999988e+00 8.939439999999999609e-01
1.362999999999999989e+00 8.933299999999999574e-01
1.364999999999999991e+00 8.927119999999999500e-01
1.366999999999999993e+00 8.920909999999999673e-01
1.368999999999999995e+00 8.914659999999999807e-01
1.370999999999999996e+00 8.908369999999999900e-01
1.372999999999999998e+00 8.902050000000000241e-01
1.375000000000000000e+00 8.895690000000000541e-01
1.377000000000000002e+00 8.889289999999999692e-01
1.379000000000000004e+00 8.882860000000000200e-01
1.381000000000000005e+00 8.876389999999999558e-01
1.383000000000000007e+00 8.869879999999999987e-01
1.385000000000000009e+00 8.863339999999999552e-01
1.387000000000000011e+00 8.856749999999999901e-01
1.389000000000000012e+00 8.850130000000000496e-01
1.391000000000000014e+00 8.843469999999999942e-01
1.393000000000000016e+00 8.836779999999999635e-01
1.395000000000000018e+00 8.830040000000000111e-01
1.397000000000000020e+00 8.823269999999999724e-01
1.399000000000000021e+00 8.816460000000000408e-01
1.401000000000000023e+00 8.809599999999999653e-01
1.403000000000000025e+00 8.802710000000000257e-01
1.405000000000000027e+00 8.795779999999999710e-01
1.407000000000000028e+00 8.788810000000000233e-01
1.409000000000000030e+00 8.781799999999999606e-01
1.411000000000000032e+00 8.774750000000000050e-01
1.413000000000000034e+00 8.767660000000000453e-01
1.415000000000000036e+00 8.760529999999999706e-01
1.417000000000000037e+00 8.753360000000000030e-01
1.419000000000000039e+00 8.746150000000000313e-01
1.421000000000000041e+00 8.738899999999999446e-01
1.423000000000000043e+00 8.731609999999999649e-01
1.425000000000000044e+00 8.724269999999999525e-01
1.427000000000000046e+00 8.716899999999999649e-01
1.429000000000000048e+00 8.709480000000000555e-01
1.431000000000000050e+00 8.702029999999999488e-01
1.433000000000000052e+00 8.694530000000000314e-01
1.435000000000000053e+00 8.686989999999999990e-01
1.437000000000000055e+00 8.679400000000000448e-01
1.439000000000000057e+00 8.671780000000000044e-01
1.441000000000000059e+00 8.664110000000000422e-01
1.443000000000000060e+00 8.656399999999999650e-01
1.445000000000000062e+00 8.648639999999999661e-01
1.447000000000000064e+00 8.640849999999999920e-01
1.449000000000000066e+00 8.633009999999999851e-01
1.451000000000000068e+00 8.625119999999999454e-01
1.453000000000000069e+00 8.617190000000000127e-01
1.455000000000000071e+00 8.609229999999999938e-01
1.457000000000000073e+00 8.601210000000000244e-01
1.459000000000000075e+00 8.593150000000000510e-01
1.461000000000000076e+00 8.585049999999999626e-01
1.463000000000000078e+00 8.576909999999999812e-01
1.465000000000000080e+00 8.568710000000000493e-01
1.467000000000000082e+00 8.560480000000000311e-01
1.469000000000000083e+00 8.552199999999999802e-01
1.471000000000000085e+00 8.543870000000000076e-01
1.473000000000000087e+00 8.535500000000000309e-01
1.475000000000000089e+00 8.527090000000000503e-01
1.477000000000000091e+00 8.518630000000000368e-01
1.479000000000000092e+00 8.510119999999999907e-01
1.481000000000000094e+00 8.501570000000000515e-01
1.483000000000000096e+00 8.492979999999999974e-01
1.485000000000000098e+00 8.484340000000000215e-01
1.487000000000000099e+00 8.475650000000000128e-01
1.489000000000000101e+00 8.466909999999999714e-01
1.491000000000000103e+00 8.458130000000000370e-01
1.493000000000000105e+00 8.449309999999999876e-01
1.495000000000000107e+00 8.440429999999999877e-01
1.497000000000000108e+00 8.431520000000000126e-01
1.499000000000000110e+00 8.422549999999999759e-01
1.500999999999999890e+00 8.413540000000000463e-01
1.502999999999999892e+00 8.404479999999999729e-01
1.504999999999999893e+00 8.395380000000000065e-01
1.506999999999999895e+00 8.386230000000000073e-01
1.508999999999999897e+00 8.377029999999999754e-01
1.510999999999999899e+00 8.367790000000000505e-01
1.512999999999999901e+00 8.358499999999999819e-01
1.514999999999999902e+00 8.349159999999999915e-01
1.516999999999999904e+00 8.339769999999999683e-01
1.518999999999999906e+00 8.330340000000000522e-01
1.520999999999999908e+00 8.320859999999999923e-01
1.522999999999999909e+00 8.311340000000000394e-01
1.524999999999999911e+00 8.301770000000000538e-01
1.526999999999999913e+00 8.292150000000000354e-01
1.528999999999999915e+00 8.282479999999999842e-01
1.530999999999999917e+00 8.272770000000000401e-01
1.532999999999999918e+00 8.263009999999999522e-01
1.534999999999999920e+00 8.253209999999999713e-01
1.536999999999999922e+00 8.243359999999999577e-01
1.538999999999999924e+00 8.233460000000000223e-01
1.540999999999999925e+00 8.223510000000000542e-01
1.542999999999999927e+00 8.213519999999999710e-01
1.544999999999999929e+00 8.203479999999999661e-01
1.546999999999999931e+00 8.193399999999999572e-01
1.548999999999999932e+00 8.183280000000000554e-01
1.550999999999999934e+00 8.173099999999999810e-01
1.552999999999999936e+00 8.162880000000000136e-01
1.554999999999999938e+00 8.152610000000000134e-01
1.556999999999999940e+00 8.142300000000000093e-01
1.558999999999999941e+00 8.131950000000000012e-01
1.560999999999999943e+00 8.121540000000000425e-01
1.562999999999999945e+00 8.111099999999999977e-01
1.564999999999999947e+00 8.100610000000000310e-01
1.566999999999999948e+00 8.090079999999999494e-01
1.568999999999999950e+00 8.079499999999999460e-01
1.570999999999999952e+00 8.068880000000000496e-01
1.572999999999999954e+00 8.058220000000000383e-01
1.574999999999999956e+00 8.047509999999999941e-01
1.576999999999999957e+00 8.036759999999999460e-01
1.578999999999999959e+00 8.025959999999999761e-01
1.580999999999999961e+00 8.015130000000000310e-01
1.582999999999999963e+00 8.004250000000000531e-01
1.584999999999999964e+00 7.993339999999999890e-01
1.586999999999999966e+00 7.982380000000000031e-01
1.588999999999999968e+00 7.971380000000000132e-01
1.590999999999999970e+00 7.960350000000000481e-01
1.592999999999999972e+00 7.949270000000000502e-01
1.594999999999999973e+00 7.938150000000000484e-01
1.596999999999999975e+00 7.926999999999999602e-01
1.598999999999999977e+00 7.915809999999999791e-01
1.600999999999999979e+00 7.904579999999999940e-01
1.602999999999999980e+00 7.893320000000000336e-01
1.604999999999999982e+00 7.882019999999999582e-01
1.606999999999999984e+00 7.870679999999999898e-01
1.608999999999999986e+00 7.859300000000000175e-01
1.610999999999999988e+00 7.847899999999999876e-01
1.612999999999999989e+00 7.836459999999999537e-01
1.614999999999999991e+00 7.824989999999999446e-01
1.616999999999999993e+00 7.813489999999999602e-01
1.618999999999999995e+00 7.801960000000000006e-01
1.620999999999999996e+00 7.790390000000000370e-01
1.622999999999999998e+00 7.778800000000000159e-01
1.625000000000000000e+00 7.767169999999999908e-01
1.627000000000000002e+00 7.755520000000000191e-01
1.629000000000000004e+00 7.743839999999999613e-01
1.631000000000000005e+00 7.732139999999999569e-01
1.633000000000000007e+00 7.720409999999999773e-01
1.635000000000000009e+00 7.708660000000000512e-01
1.637000000000000011e+00 7.696880000000000388e-01
1.639000000000000012e+00 7.685079999999999689e-01
1.641000000000000014e+00 7.673259999999999525e-01
1.643000000000000016e+00 7.661419999999999897e-01
1.645000000000000018e+00 7.649559999999999693e-01
1.647000000000000020e+00 7.637680000000000025e-01
1.649000000000000021e+00 7.625790000000000068e-01
1.651000000000000023e+00 7.613879999999999537e-01
1.653000000000000025e+00 7.601949999999999541e-01
1.655000000000000027e+00 7.590019999999999545e-01
1.657000000000000028e+00 7.578070000000000084e-01
1.659000000000000030e+00 7.566110000000000335e-01
1.661000000000000032e+00 7.554140000000000299e-01
1.663000000000000034e+00 7.542159999999999975e-01
1.665000000000000036e+00 7.530170000000000474e-01
1.667000000000000037e+00 7.518190000000000150e-01
1.669000000000000039e+00 7.506199999999999539e-01
1.671000000000000041e+00 7.494199999999999751e-01
1.673000000000000043e+00 7.482199999999999962e-01
1.675000000000000044e+00 7.470210000000000461e-01
1.677000000000000046e+00 7.458219999999999850e-01
1.679000000000000048e+00 7.446230000000000349e-01
1.681000000000000050e+00 7.434239999999999737e-01
1.683000000000000052e+00 7.422260000000000524e-01
1.685000000000000053e+00 7.410299999999999665e-01
1.687000000000000055e+00 7.398339999999999916e-01
1.689000000000000057e+00 7.386390000000000455e-01
1.691000000000000059e+00 7.374460000000000459e-01
1.693000000000000060e+00 7.362549999999999928e-01
1.695000000000000062e+00 7.350649999999999684e-01
1.697000000000000064e+00 7.338770000000000016e-01
1.699000000000000066e+00 7.326909999999999812e-01
1.701000000000000068e+00 7.315070000000000183e-01
1.703000000000000069e+00 7.303260000000000307e-01
1.705000000000000071e+00 7.291469999999999896e-01
1.707000000000000073e+00 7.279719999999999525e-01
1.709000000000000075e+00 7.268000000000000016e-01
1.711000000000000076e+00 7.256310000000000260e-01
1.713000000000000078e+00 7.244650000000000256e-01
1.715000000000000080e+00 7.233020000000000005e-01
1.717000000000000082e+00 7.221450000000000369e-01
1.719000000000000083e+00 7.209910000000000485e-01
1.721000000000000085e+00 7.198409999999999531e-01
1.723000000000000087e+00 7.186960000000000015e-01
1.725000000000000089e+00 7.175550000000000539e-01
1.727000000000000091e+00 7.164199999999999458e-01
1.729000000000000092e+00 7.152899999999999814e-01
1.731000000000000094e+00 7.141650000000000498e-01
1.733000000000000096e+00 7.130459999999999576e-01
1.735000000000000098e+00 7.119320000000000093e-01
1.737000000000000099e+00 7.108250000000000401e-01
1.739000000000000101e+00 7.097250000000000503e-01
1.741000000000000103e+00 7.086299999999999821e-01
1.743000000000000105e+00 7.075430000000000330e-01
1.745000000000000107e+00 7.064620000000000344e-01
1.747000000000000108e+00 7.053880000000000150e-01
1.749000000000000110e+00 7.043230000000000324e-01
1.750999999999999890e+00 7.032650000000000290e-01
1.752999999999999892e+00 7.022150000000000336e-01
1.754999999999999893e+00 7.011739999999999640e-01
1.756999999999999895e+00 7.001399999999999846e-01
1.758999999999999897e+00 6.991159999999999597e-01
1.760999999999999899e+00 6.981000000000000538e-01
1.762999999999999901e+00 6.970929999999999627e-01
1.764999999999999902e+00 6.960969999999999658e-01
1.766999999999999904e+00 6.951089999999999769e-01
1.768999999999999906e+00 6.941319999999999713e-01
1.770999999999999908e+00 6.931640000000000024e-01
1.772999999999999909e+00 6.922070000000000167e-01
1.774999999999999911e+00 6.912610000000000143e-01
1.776999999999999913e+00 6.903259999999999952e-01
1.778999999999999915e+00 6.894019999999999593e-01
1.780999999999999917e+00 6.884890000000000176e-01
1.782999999999999918e+00 6.875879999999999770e-01
1.784999999999999920e+00 6.866980000000000306e-01
1.786999999999999922e+00 6.858210000000000139e-01
1.788999999999999924e+00 6.849560000000000093e-01
1.790999999999999925e+00 6.841040000000000454e-01
1.792999999999999927e+00 6.832639999999999825e-01
1.794999999999999929e+00 6.824369999999999603e-01
1.796999999999999931e+00 6.816240000000000077e-01
1.798999999999999932e+00 6.808239999999999847e-01
1.800999999999999934e+00 6.800380000000000313e-01
1.802999999999999936e+00 6.792660000000000364e-01
1.804999999999999938e+00 6.785080000000000000e-01
1.806999999999999940e+00 6.777640000000000331e-01
1.808999999999999941e+00 6.770350000000000534e-01
1.810999999999999943e+00 6.763209999999999500e-01
1.812999999999999945e+00 6.756210000000000271e-01
1.814999999999999947e+00 6.749370000000000092e-01
1.816999999999999948e+00 6.742679999999999785e-01
1.818999999999999950e+00 6.736149999999999638e-01
1.820999999999999952e+00 6.729770000000000474e-01
1.822999999999999954e+00 6.723559999999999537e-01
1.824999999999999956e+00 6.717499999999999583e-01
1.826999999999999957e+00 6.711610000000000076e-01
1.828999999999999959e+00 6.705889999999999906e-01
1.830999999999999961e+00 6.700329999999999897e-01
1.832999999999999963e+00 6.694940000000000335e-01
1.834999999999999964e+00 6.689720000000000111e-01
1.836999999999999966e+00 6.684679999999999511e-01
1.838999999999999968e+00 6.679800000000000182e-01
1.840999999999999970e+00 6.675109999999999655e-01
1.842999999999999972e+00 6.670580000000000398e-01
1.844999999999999973e+00 6.666239999999999943e-01
1.846999999999999975e+00 6.662069999999999936e-01
1.848999999999999977e+00 6.658089999999999842e-01
1.850999999999999979e+00 6.654290000000000482e-01
1.852999999999999980e+00 6.650669999999999638e-01
1.854999999999999982e+00 6.647229999999999528e-01
1.856999999999999984e+00 6.643980000000000441e-01
1.858999999999999986e+00 6.640909999999999869e-01
1.860999999999999988e+00 6.638030000000000319e-01
1.862999999999999989e+00 6.635339999999999572e-01
1.864999999999999991e+00 6.632829999999999560e-01
1.866999999999999993e+00 6.630519999999999747e-01
1.868999999999999995e+00 6.628389999999999560e-01
1.870999999999999996e+00 6.626450000000000395e-01
1.872999999999999998e+00 6.624719999999999498e-01
1.875000000000000000e+00 6.623160000000000158e-01
1.877000000000000002e+00 6.621799999999999908e-01
1.879000000000000004e+00 6.620629999999999571e-01
1.881000000000000005e+00 6.619660000000000544e-01
1.883000000000000007e+00 6.618880000000000319e-01
1.885000000000000009e+00 6.618290000000000006e-01
1.887000000000000011e+00 6.617889999999999606e-01
1.889000000000000012e+00 6.617690000000000516e-01
1.891000000000000014e+00 6.617669999999999941e-01
1.893000000000000016e+00 6.617859999999999854e-01
1.895000000000000018e+00 6.618239999999999679e-01
1.897000000000000020e+00 6.618810000000000526e-01
1.899000000000000021e+00 6.619559999999999889e-01
1.901000000000000023e+00 6.620519999999999738e-01
1.903000000000000025e+00 6.621660000000000323e-01
1.905000000000000027e+00 6.622989999999999711e-01
1.907000000000000028e+00 6.624520000000000408e-01
1.909000000000000030e+00 6.626229999999999620e-01
1.911000000000000032e+00 6.628140000000000143e-01
1.913000000000000034e+00 6.630230000000000290e-01
1.915000000000000036e+00 6.632510000000000350e-01
1.917000000000000037e+00 6.634970000000000034e-01
1.919000000000000039e+00 6.637629999999999919e-01
1.921000000000000041e+00 6.640470000000000539e-01
1.923000000000000043e+00 6.643489999999999673e-01
1.925000000000000044e+00 6.646689999999999543e-01
1.927000000000000046e+00 6.650080000000000435e-01
1.929000000000000048e+00 6.653639999999999555e-01
1.931000000000000050e+00 6.657389999999999697e-01
1.933000000000000052e+00 6.661310000000000286e-01
1.935000000000000053e+00 6.665410000000000501e-01
1.937000000000000055e+00 6.669690000000000341e-01
1.939000000000000057e+00 6.674130000000000340e-01
1.941000000000000059e+00 6.678749999999999964e-01
1.943000000000000060e+00 6.683540000000000036e-01
1.945000000000000062e+00 6.688499999999999446e-01
1.947000000000000064e+00 6.693639999999999590e-01
1.949000000000000066e+00 6.698929999999999607e-01
1.951000000000000068e+00 6.704390000000000072e-01
1.953000000000000069e+00 6.710009999999999586e-01
1.955000000000000071e+00 6.715780000000000083e-01
1.957000000000000073e+00 6.721730000000000205e-01
1.959000000000000075e+00 6.727819999999999911e-01
1.961000000000000076e+00 6.734069999999999778e-01
1.963000000000000078e+00 6.740479999999999805e-01
1.965000000000000080e+00 6.747039999999999704e-01
1.967000000000000082e+00 6.753740000000000299e-01
1.969000000000000083e+00 6.760599999999999943e-01
1.971000000000000085e+00 6.767589999999999995e-01
1.973000000000000087e+00 6.774729999999999919e-01
1.975000000000000089e+00 6.782010000000000538e-01
1.977000000000000091e+00 6.789439999999999920e-01
1.979000000000000092e+00 6.796990000000000531e-01
