1.000000000000000021e-03 1.000226000000000059e+00
2.000000000000000042e-03 1.000382000000000104e+00
3.000000000000000062e-03 1.001625999999999905e+00
4.000000000000000083e-03 1.001211999999999991e+00
5.000000000000000104e-03 1.000706000000000095e+00
6.000000000000000125e-03 1.000275999999999943e+00
7.000000000000000146e-03 1.000018999999999991e+00
8.000000000000000167e-03 1.000094000000000038e+00
8.999999999999999320e-03 1.000532999999999895e+00
1.000000000000000021e-02 1.001020999999999939e+00
1.099999999999999936e-02 1.001241000000000048e+00
1.200000000000000025e-02 1.001198000000000032e+00
1.299999999999999940e-02 1.001022000000000078e+00
1.400000000000000029e-02 1.000804999999999945e+00
1.499999999999999944e-02 1.000593000000000066e+00
1.600000000000000033e-02 1.000405999999999906e+00
1.700000000000000122e-02 1.000251000000000001e+00
1.799999999999999864e-02 1.000132999999999939e+00
1.899999999999999953e-02 1.000053000000000081e+00
2.000000000000000042e-02 1.000010000000000066e+00
2.100000000000000130e-02 1.000000999999999918e+00
2.199999999999999872e-02 1.000021000000000049e+00
2.299999999999999961e-02 1.000061000000000089e+00
2.400000000000000050e-02 1.000108999999999915e+00
2.500000000000000139e-02 1.000151999999999930e+00
2.599999999999999881e-02 1.000181999999999904e+00
2.699999999999999969e-02 1.000194000000000027e+00
2.800000000000000058e-02 1.000188000000000077e+00
2.900000000000000147e-02 1.000167999999999946e+00
2.999999999999999889e-02 1.000140000000000029e+00
3.099999999999999978e-02 1.000107000000000079e+00
3.200000000000000067e-02 1.000075000000000047e+00
3.300000000000000155e-02 1.000046999999999908e+00
3.400000000000000244e-02 1.000024000000000024e+00
3.500000000000000333e-02 1.000008000000000008e+00
3.599999999999999728e-02 1.000000999999999918e+00
3.699999999999999817e-02 1.000000999999999918e+00
3.799999999999999906e-02 1.000008999999999926e+00
3.899999999999999994e-02 1.000021999999999966e+00
4.000000000000000083e-02 1.000038999999999900e+00
4.100000000000000172e-02 1.000056999999999974e+00
4.200000000000000261e-02 1.000072000000000072e+00
4.299999999999999656e-02 1.000078999999999940e+00
4.399999999999999745e-02 1.000073999999999907e+00
4.499999999999999833e-02 1.000053999999999998e+00
4.599999999999999922e-02 1.000021999999999966e+00
4.700000000000000011e-02 1.041654000000000080e+00
4.800000000000000100e-02 7.171579999999999622e-01
4.900000000000000189e-02 7.252199999999999758e-01
5.000000000000000278e-02 7.571870000000000545e-01
5.099999999999999672e-02 5.638900000000000023e-01
5.199999999999999761e-02 4.601310000000000122e-01
5.299999999999999850e-02 3.946109999999999896e-01
5.399999999999999939e-02 3.570099999999999940e-01
5.500000000000000028e-02 3.513820000000000277e-01
5.600000000000000117e-02 3.724000000000000088e-01
5.700000000000000205e-02 3.850689999999999946e-01
5.800000000000000294e-02 3.705470000000000153e-01
5.899999999999999689e-02 3.432479999999999976e-01
5.999999999999999778e-02 3.156209999999999849e-01
6.099999999999999867e-02 2.914950000000000041e-01
6.199999999999999956e-02 2.712629999999999764e-01
6.300000000000000044e-02 2.545169999999999932e-01
6.400000000000000133e-02 2.408299999999999885e-01
6.500000000000000222e-02 2.299420000000000075e-01
6.600000000000000311e-02 2.217909999999999882e-01
6.700000000000000400e-02 2.164679999999999938e-01
6.800000000000000488e-02 2.141200000000000048e-01
6.900000000000000577e-02 2.147600000000000064e-01
7.000000000000000666e-02 2.180360000000000076e-01
7.099999999999999367e-02 2.230920000000000125e-01
7.199999999999999456e-02 2.287049999999999916e-01
7.299999999999999545e-02 2.336799999999999988e-01
7.399999999999999634e-02 2.372499999999999887e-01
7.499999999999999722e-02 2.391989999999999950e-01
7.599999999999999811e-02 2.397219999999999906e-01
7.699999999999999900e-02 2.391900000000000137e-01
7.799999999999999989e-02 2.379850000000000021e-01
7.900000000000000078e-02 2.364169999999999883e-01
8.000000000000000167e-02 2.347110000000000030e-01
8.100000000000000255e-02 2.330149999999999999e-01
8.200000000000000344e-02 2.314249999999999918e-01
8.300000000000000433e-02 2.299990000000000090e-01
8.400000000000000522e-02 2.287710000000000021e-01
8.500000000000000611e-02 2.277619999999999922e-01
8.599999999999999312e-02 2.269889999999999963e-01
8.699999999999999400e-02 2.264629999999999976e-01
8.799999999999999489e-02 2.261970000000000092e-01
8.899999999999999578e-02 2.262079999999999924e-01
8.999999999999999667e-02 2.265109999999999901e-01
9.099999999999999756e-02 2.271279999999999966e-01
9.199999999999999845e-02 2.280790000000000040e-01
9.299999999999999933e-02 2.293830000000000036e-01
9.400000000000000022e-02 2.310540000000000094e-01
9.500000000000000111e-02 2.330979999999999996e-01
9.600000000000000200e-02 2.355049999999999921e-01
9.700000000000000289e-02 2.382499999999999896e-01
9.800000000000000377e-02 2.412890000000000035e-01
9.900000000000000466e-02 2.445589999999999986e-01
1.000000000000000056e-01 2.479830000000000090e-01
1.010000000000000064e-01 2.514750000000000041e-01
1.019999999999999934e-01 2.549480000000000079e-01
1.029999999999999943e-01 2.583230000000000248e-01
1.039999999999999952e-01 2.615310000000000135e-01
1.049999999999999961e-01 2.645250000000000101e-01
1.059999999999999970e-01 2.672729999999999828e-01
1.069999999999999979e-01 2.697599999999999998e-01
1.079999999999999988e-01 2.719860000000000055e-01
1.089999999999999997e-01 2.739619999999999833e-01
1.100000000000000006e-01 2.757069999999999799e-01
1.110000000000000014e-01 2.772439999999999904e-01
1.120000000000000023e-01 2.785960000000000103e-01
1.130000000000000032e-01 2.797890000000000099e-01
1.140000000000000041e-01 2.808450000000000113e-01
1.150000000000000050e-01 2.817870000000000097e-01
1.160000000000000059e-01 2.826350000000000251e-01
1.170000000000000068e-01 2.834050000000000180e-01
1.179999999999999938e-01 2.841139999999999777e-01
1.189999999999999947e-01 2.847740000000000271e-01
1.199999999999999956e-01 2.853990000000000138e-01
1.209999999999999964e-01 2.859990000000000032e-01
1.219999999999999973e-01 2.865820000000000034e-01
1.229999999999999982e-01 2.871589999999999976e-01
1.239999999999999991e-01 2.877350000000000185e-01
1.250000000000000000e-01 2.883189999999999920e-01
1.260000000000000009e-01 2.889160000000000061e-01
1.270000000000000018e-01 2.895329999999999848e-01
1.280000000000000027e-01 2.901759999999999895e-01
1.290000000000000036e-01 2.908490000000000242e-01
1.300000000000000044e-01 2.915579999999999838e-01
1.310000000000000053e-01 2.923080000000000123e-01
1.320000000000000062e-01 2.931030000000000024e-01
1.330000000000000071e-01 2.939459999999999851e-01
1.340000000000000080e-01 2.948419999999999930e-01
1.350000000000000089e-01 2.957929999999999726e-01
1.360000000000000098e-01 2.968000000000000083e-01
1.370000000000000107e-01 2.978660000000000196e-01
1.380000000000000115e-01 2.989890000000000048e-01
1.390000000000000124e-01 3.001699999999999924e-01
1.400000000000000133e-01 3.014049999999999785e-01
1.409999999999999865e-01 3.026909999999999878e-01
1.419999999999999873e-01 3.040249999999999897e-01
1.429999999999999882e-01 3.054000000000000048e-01
1.439999999999999891e-01 3.068089999999999984e-01
1.449999999999999900e-01 3.082440000000000180e-01
1.459999999999999909e-01 3.096979999999999733e-01
1.469999999999999918e-01 3.111619999999999941e-01
1.479999999999999927e-01 3.126260000000000150e-01
1.489999999999999936e-01 3.140819999999999723e-01
1.499999999999999944e-01 3.155220000000000247e-01
1.509999999999999953e-01 3.169379999999999975e-01
1.519999999999999962e-01 3.183239999999999958e-01
1.529999999999999971e-01 3.196740000000000137e-01
1.539999999999999980e-01 3.209850000000000203e-01
1.549999999999999989e-01 3.222530000000000117e-01
1.559999999999999998e-01 3.234779999999999878e-01
1.570000000000000007e-01 3.246580000000000021e-01
1.580000000000000016e-01 3.257950000000000013e-01
1.590000000000000024e-01 3.268909999999999871e-01
1.600000000000000033e-01 3.279469999999999885e-01
1.610000000000000042e-01 3.289679999999999827e-01
1.620000000000000051e-01 3.299579999999999735e-01
1.630000000000000060e-01 3.309190000000000187e-01
1.640000000000000069e-01 3.318579999999999863e-01
1.650000000000000078e-01 3.327769999999999895e-01
1.660000000000000087e-01 3.336810000000000054e-01
1.670000000000000095e-01 3.345750000000000113e-01
1.680000000000000104e-01 3.354630000000000112e-01
1.690000000000000113e-01 3.363470000000000071e-01
1.700000000000000122e-01 3.372319999999999762e-01
1.710000000000000131e-01 3.381199999999999761e-01
1.719999999999999862e-01 3.390139999999999820e-01
1.729999999999999871e-01 3.399159999999999959e-01
1.739999999999999880e-01 3.408289999999999931e-01
1.749999999999999889e-01 3.417540000000000022e-01
1.759999999999999898e-01 3.426919999999999966e-01
1.769999999999999907e-01 3.436440000000000050e-01
1.779999999999999916e-01 3.446119999999999739e-01
1.789999999999999925e-01 3.455949999999999855e-01
1.799999999999999933e-01 3.465949999999999864e-01
1.809999999999999942e-01 3.476110000000000033e-01
1.819999999999999951e-01 3.486440000000000095e-01
1.829999999999999960e-01 3.496929999999999761e-01
1.839999999999999969e-01 3.507580000000000142e-01
1.849999999999999978e-01 3.518390000000000128e-01
1.859999999999999987e-01 3.529349999999999987e-01
1.869999999999999996e-01 3.540460000000000274e-01
1.880000000000000004e-01 3.551719999999999877e-01
1.890000000000000013e-01 3.563109999999999888e-01
1.900000000000000022e-01 3.574629999999999752e-01
1.910000000000000031e-01 3.586280000000000023e-01
1.920000000000000040e-01 3.598040000000000127e-01
1.930000000000000049e-01 3.609919999999999796e-01
1.940000000000000058e-01 3.621889999999999832e-01
1.950000000000000067e-01 3.633970000000000256e-01
1.960000000000000075e-01 3.646130000000000204e-01
1.970000000000000084e-01 3.658379999999999965e-01
1.980000000000000093e-01 3.670700000000000074e-01
1.990000000000000102e-01 3.683080000000000243e-01
2.000000000000000111e-01 3.695519999999999916e-01
