4.700000000000000011e-02 9.509419999999999540e-01
4.900000000000000189e-02 5.972300000000000386e-01
5.099999999999999672e-02 3.924560000000000271e-01
5.299999999999999850e-02 3.654189999999999938e-01
5.500000000000000028e-02 3.435090000000000088e-01
5.700000000000000205e-02 2.788399999999999768e-01
5.899999999999999689e-02 2.340379999999999960e-01
6.099999999999999867e-02 2.267669999999999964e-01
6.300000000000000044e-02 2.269369999999999998e-01
6.500000000000000222e-02 2.275200000000000000e-01
6.700000000000000400e-02 2.261700000000000099e-01
6.900000000000000577e-02 2.206039999999999945e-01
7.099999999999999367e-02 2.097620000000000040e-01
7.299999999999999545e-02 1.973769999999999969e-01
7.499999999999999722e-02 1.898809999999999942e-01
7.699999999999999900e-02 1.890729999999999911e-01
7.900000000000000078e-02 1.925560000000000049e-01
8.100000000000000255e-02 1.979039999999999966e-01
8.300000000000000433e-02 2.038149999999999962e-01
8.500000000000000611e-02 2.097199999999999898e-01
8.699999999999999400e-02 2.153639999999999999e-01
8.899999999999999578e-02 2.206029999999999935e-01
9.099999999999999756e-02 2.253259999999999985e-01
9.299999999999999933e-02 2.294470000000000121e-01
9.500000000000000111e-02 2.329269999999999952e-01
9.700000000000000289e-02 2.358200000000000018e-01
9.900000000000000466e-02 2.383079999999999921e-01
1.010000000000000064e-01 2.406719999999999970e-01
1.029999999999999943e-01 2.432040000000000035e-01
1.049999999999999961e-01 2.460940000000000072e-01
1.069999999999999979e-01 2.493799999999999906e-01
1.089999999999999997e-01 2.529819999999999847e-01
1.110000000000000014e-01 2.567690000000000250e-01
1.130000000000000032e-01 2.606140000000000123e-01
1.150000000000000050e-01 2.644239999999999924e-01
1.170000000000000068e-01 2.681359999999999855e-01
1.189999999999999947e-01 2.717169999999999863e-01
1.209999999999999964e-01 2.751520000000000077e-01
1.229999999999999982e-01 2.784369999999999901e-01
1.250000000000000000e-01 2.815710000000000157e-01
1.270000000000000018e-01 2.845590000000000064e-01
1.290000000000000036e-01 2.874019999999999908e-01
1.310000000000000053e-01 2.901029999999999998e-01
1.330000000000000071e-01 2.926599999999999757e-01
1.350000000000000089e-01 2.950729999999999742e-01
1.370000000000000107e-01 2.973410000000000220e-01
1.390000000000000124e-01 2.994649999999999812e-01
1.409999999999999865e-01 3.014459999999999917e-01
1.429999999999999882e-01 3.032920000000000060e-01
1.449999999999999900e-01 3.050149999999999806e-01
1.469999999999999918e-01 3.066349999999999909e-01
1.489999999999999936e-01 3.081749999999999767e-01
1.509999999999999953e-01 3.096630000000000216e-01
1.529999999999999971e-01 3.111280000000000157e-01
1.549999999999999989e-01 3.125979999999999870e-01
1.570000000000000007e-01 3.140959999999999863e-01
1.590000000000000024e-01 3.156430000000000069e-01
1.610000000000000042e-01 3.172519999999999785e-01
1.630000000000000060e-01 3.189299999999999913e-01
1.650000000000000078e-01 3.206820000000000226e-01
1.670000000000000095e-01 3.225100000000000189e-01
1.690000000000000113e-01 3.244110000000000049e-01
1.710000000000000131e-01 3.263829999999999787e-01
1.729999999999999871e-01 3.284239999999999937e-01
1.749999999999999889e-01 3.305299999999999905e-01
1.769999999999999907e-01 3.326979999999999937e-01
1.789999999999999925e-01 3.349260000000000015e-01
1.809999999999999942e-01 3.372109999999999830e-01
1.829999999999999960e-01 3.395500000000000185e-01
1.849999999999999978e-01 3.419409999999999950e-01
1.869999999999999996e-01 3.443809999999999927e-01
1.890000000000000013e-01 3.468660000000000077e-01
1.910000000000000031e-01 3.493939999999999824e-01
1.930000000000000049e-01 3.519599999999999951e-01
1.950000000000000067e-01 3.545579999999999843e-01
1.970000000000000084e-01 3.571819999999999995e-01
1.990000000000000102e-01 3.598270000000000080e-01
2.010000000000000120e-01 3.624839999999999729e-01
2.030000000000000138e-01 3.651460000000000261e-01
2.049999999999999878e-01 3.678049999999999931e-01
2.069999999999999896e-01 3.704500000000000015e-01
2.089999999999999913e-01 3.730740000000000167e-01
2.109999999999999931e-01 3.756669999999999732e-01
2.129999999999999949e-01 3.782209999999999739e-01
2.149999999999999967e-01 3.807269999999999821e-01
2.169999999999999984e-01 3.831769999999999898e-01
2.190000000000000002e-01 3.855640000000000178e-01
2.210000000000000020e-01 3.878820000000000046e-01
2.230000000000000038e-01 3.901249999999999996e-01
2.250000000000000056e-01 3.922900000000000276e-01
2.270000000000000073e-01 3.943720000000000003e-01
2.290000000000000091e-01 3.963709999999999734e-01
2.310000000000000109e-01 3.982829999999999981e-01
2.330000000000000127e-01 4.001100000000000212e-01
2.349999999999999867e-01 4.018510000000000137e-01
2.369999999999999885e-01 4.035079999999999778e-01
2.389999999999999902e-01 4.050799999999999956e-01
2.409999999999999920e-01 4.065710000000000157e-01
2.429999999999999938e-01 4.079829999999999846e-01
2.449999999999999956e-01 4.093160000000000132e-01
2.469999999999999973e-01 4.105750000000000233e-01
2.489999999999999991e-01 4.117620000000000169e-01
2.510000000000000009e-01 4.128780000000000228e-01
2.530000000000000027e-01 4.139280000000000181e-01
2.550000000000000044e-01 4.149149999999999783e-01
2.570000000000000062e-01 4.158410000000000162e-01
2.590000000000000080e-01 4.167100000000000248e-01
2.610000000000000098e-01 4.175260000000000082e-01
2.630000000000000115e-01 4.182910000000000239e-01
2.650000000000000133e-01 4.190099999999999936e-01
2.670000000000000151e-01 4.196880000000000055e-01
2.690000000000000169e-01 4.203259999999999774e-01
2.710000000000000187e-01 4.209309999999999996e-01
2.730000000000000204e-01 4.215059999999999918e-01
2.750000000000000222e-01 4.220550000000000135e-01
2.770000000000000240e-01 4.225829999999999864e-01
2.790000000000000258e-01 4.230940000000000256e-01
2.810000000000000275e-01 4.235920000000000241e-01
2.829999999999999738e-01 4.240800000000000125e-01
2.849999999999999756e-01 4.245639999999999969e-01
2.869999999999999774e-01 4.250470000000000081e-01
2.889999999999999791e-01 4.255320000000000213e-01
2.909999999999999809e-01 4.260240000000000138e-01
2.929999999999999827e-01 4.265240000000000142e-01
2.949999999999999845e-01 4.270360000000000267e-01
2.969999999999999862e-01 4.275630000000000264e-01
2.989999999999999880e-01 4.281059999999999865e-01
3.009999999999999898e-01 4.286670000000000202e-01
3.029999999999999916e-01 4.292469999999999897e-01
3.049999999999999933e-01 4.298480000000000079e-01
3.069999999999999951e-01 4.304700000000000193e-01
3.089999999999999969e-01 4.311119999999999952e-01
3.109999999999999987e-01 4.317750000000000199e-01
3.130000000000000004e-01 4.324569999999999803e-01
3.150000000000000022e-01 4.331559999999999855e-01
3.170000000000000040e-01 4.338730000000000087e-01
3.190000000000000058e-01 4.346030000000000171e-01
3.210000000000000075e-01 4.353449999999999820e-01
3.230000000000000093e-01 4.360959999999999837e-01
3.250000000000000111e-01 4.368520000000000181e-01
3.270000000000000129e-01 4.376110000000000277e-01
3.290000000000000147e-01 4.383679999999999799e-01
3.310000000000000164e-01 4.391200000000000103e-01
3.330000000000000182e-01 4.398630000000000040e-01
3.350000000000000200e-01 4.405930000000000124e-01
3.370000000000000218e-01 4.413070000000000048e-01
3.390000000000000235e-01 4.419989999999999752e-01
3.410000000000000253e-01 4.426680000000000059e-01
3.430000000000000271e-01 4.433070000000000066e-01
3.449999999999999734e-01 4.439150000000000040e-01
3.469999999999999751e-01 4.444879999999999942e-01
3.489999999999999769e-01 4.450230000000000019e-01
3.509999999999999787e-01 4.455160000000000231e-01
3.529999999999999805e-01 4.459659999999999735e-01
3.549999999999999822e-01 4.463690000000000158e-01
3.569999999999999840e-01 4.467229999999999812e-01
3.589999999999999858e-01 4.470279999999999809e-01
3.609999999999999876e-01 4.472800000000000109e-01
3.629999999999999893e-01 4.474790000000000156e-01
3.649999999999999911e-01 4.476240000000000219e-01
3.669999999999999929e-01 4.477140000000000009e-01
3.689999999999999947e-01 4.477470000000000061e-01
3.709999999999999964e-01 4.477249999999999841e-01
3.729999999999999982e-01 4.476459999999999884e-01
3.750000000000000000e-01 4.475109999999999921e-01
3.770000000000000018e-01 4.473190000000000222e-01
3.790000000000000036e-01 4.470720000000000249e-01
3.810000000000000053e-01 4.467700000000000005e-01
3.830000000000000071e-01 4.464130000000000043e-01
3.850000000000000089e-01 4.460020000000000095e-01
3.870000000000000107e-01 4.455390000000000184e-01
3.890000000000000124e-01 4.450250000000000039e-01
3.910000000000000142e-01 4.444600000000000217e-01
3.930000000000000160e-01 4.438469999999999915e-01
3.950000000000000178e-01 4.431869999999999976e-01
3.970000000000000195e-01 4.424810000000000132e-01
3.990000000000000213e-01 4.417320000000000135e-01
4.010000000000000231e-01 4.409410000000000274e-01
4.030000000000000249e-01 4.401100000000000012e-01
4.050000000000000266e-01 4.392420000000000213e-01
4.069999999999999729e-01 4.383380000000000054e-01
4.089999999999999747e-01 4.374009999999999843e-01
4.109999999999999765e-01 4.364339999999999886e-01
4.129999999999999782e-01 4.354390000000000205e-01
4.149999999999999800e-01 4.344180000000000264e-01
4.169999999999999818e-01 4.333750000000000102e-01
4.189999999999999836e-01 4.323110000000000008e-01
4.209999999999999853e-01 4.312309999999999754e-01
4.229999999999999871e-01 4.301360000000000183e-01
4.249999999999999889e-01 4.290300000000000225e-01
4.269999999999999907e-01 4.279149999999999898e-01
4.289999999999999925e-01 4.267949999999999799e-01
4.309999999999999942e-01 4.256730000000000236e-01
4.329999999999999960e-01 4.245519999999999849e-01
4.349999999999999978e-01 4.234350000000000058e-01
4.369999999999999996e-01 4.223239999999999772e-01
4.390000000000000013e-01 4.212239999999999873e-01
4.410000000000000031e-01 4.201369999999999827e-01
4.430000000000000049e-01 4.190659999999999941e-01
4.450000000000000067e-01 4.180139999999999967e-01
4.470000000000000084e-01 4.169840000000000213e-01
4.490000000000000102e-01 4.159789999999999877e-01
4.510000000000000120e-01 4.150010000000000088e-01
4.530000000000000138e-01 4.140530000000000044e-01
4.550000000000000155e-01 4.131389999999999785e-01
4.570000000000000173e-01 4.122589999999999866e-01
4.590000000000000191e-01 4.114160000000000039e-01
4.610000000000000209e-01 4.106119999999999770e-01
4.630000000000000226e-01 4.098499999999999921e-01
4.650000000000000244e-01 4.091299999999999937e-01
4.670000000000000262e-01 4.084550000000000125e-01
4.689999999999999725e-01 4.078249999999999931e-01
4.709999999999999742e-01 4.072410000000000196e-01
4.729999999999999760e-01 4.067049999999999832e-01
4.749999999999999778e-01 4.062160000000000215e-01
4.769999999999999796e-01 4.057760000000000256e-01
4.789999999999999813e-01 4.053840000000000221e-01
4.809999999999999831e-01 4.050389999999999824e-01
4.829999999999999849e-01 4.047419999999999907e-01
4.849999999999999867e-01 4.044920000000000182e-01
4.869999999999999885e-01 4.042870000000000075e-01
4.889999999999999902e-01 4.041259999999999852e-01
4.909999999999999920e-01 4.040070000000000050e-01
4.929999999999999938e-01 4.039289999999999825e-01
4.949999999999999956e-01 4.038889999999999980e-01
4.969999999999999973e-01 4.038849999999999940e-01
4.989999999999999991e-01 4.039130000000000220e-01
5.010000000000000009e-01 4.039719999999999978e-01
5.030000000000000027e-01 4.040569999999999995e-01
5.050000000000000044e-01 4.041649999999999965e-01
5.070000000000000062e-01 4.042919999999999847e-01
5.090000000000000080e-01 4.044340000000000157e-01
5.110000000000000098e-01 4.045860000000000012e-01
5.130000000000000115e-01 4.047450000000000214e-01
5.150000000000000133e-01 4.049039999999999861e-01
5.170000000000000151e-01 4.050590000000000024e-01
5.190000000000000169e-01 4.052049999999999819e-01
5.210000000000000187e-01 4.053350000000000009e-01
5.230000000000000204e-01 4.054449999999999998e-01
5.250000000000000222e-01 4.055270000000000263e-01
5.270000000000000240e-01 4.055750000000000188e-01
5.290000000000000258e-01 4.055830000000000268e-01
5.310000000000000275e-01 4.055440000000000156e-01
5.330000000000000293e-01 4.054499999999999771e-01
5.350000000000000311e-01 4.052939999999999876e-01
5.370000000000000329e-01 4.050679999999999836e-01
5.390000000000000346e-01 4.047640000000000127e-01
5.410000000000000364e-01 4.043729999999999825e-01
5.430000000000000382e-01 4.038860000000000228e-01
5.450000000000000400e-01 4.032930000000000126e-01
5.470000000000000417e-01 4.025839999999999974e-01
5.490000000000000435e-01 4.017490000000000228e-01
5.510000000000000453e-01 4.007760000000000211e-01
5.530000000000000471e-01 3.996529999999999805e-01
5.550000000000000488e-01 3.983670000000000266e-01
5.570000000000000506e-01 3.969050000000000078e-01
5.590000000000000524e-01 3.952510000000000190e-01
5.610000000000000542e-01 3.933900000000000174e-01
5.629999999999999449e-01 3.913030000000000119e-01
5.649999999999999467e-01 3.889730000000000132e-01
5.669999999999999485e-01 3.863779999999999992e-01
5.689999999999999503e-01 3.834960000000000035e-01
5.709999999999999520e-01 3.803010000000000002e-01
5.729999999999999538e-01 3.767659999999999898e-01
5.749999999999999556e-01 3.728609999999999980e-01
5.769999999999999574e-01 3.685519999999999907e-01
5.789999999999999591e-01 3.637989999999999835e-01
5.809999999999999609e-01 3.585610000000000186e-01
5.829999999999999627e-01 3.527890000000000192e-01
5.849999999999999645e-01 3.464289999999999869e-01
5.869999999999999662e-01 3.394199999999999995e-01
5.889999999999999680e-01 3.316899999999999848e-01
5.909999999999999698e-01 3.231620000000000048e-01
5.929999999999999716e-01 3.137440000000000229e-01
5.949999999999999734e-01 3.033330000000000193e-01
5.969999999999999751e-01 2.918109999999999871e-01
5.989999999999999769e-01 2.790469999999999895e-01
6.009999999999999787e-01 2.648940000000000183e-01
6.029999999999999805e-01 2.491939999999999988e-01
6.049999999999999822e-01 2.317859999999999920e-01
6.069999999999999840e-01 2.125329999999999997e-01
6.089999999999999858e-01 1.913759999999999906e-01
6.109999999999999876e-01 1.684730000000000116e-01
6.129999999999999893e-01 1.445539999999999881e-01
6.149999999999999911e-01 1.218090000000000006e-01
6.169999999999999929e-01 1.058779999999999999e-01
6.189999999999999947e-01 1.071590000000000042e-01
6.209999999999999964e-01 1.333060000000000078e-01
6.229999999999999982e-01 1.817549999999999999e-01
6.250000000000000000e-01 2.474609999999999865e-01
6.270000000000000018e-01 3.275069999999999926e-01
6.290000000000000036e-01 4.198459999999999970e-01
6.310000000000000053e-01 5.215739999999999821e-01
6.330000000000000071e-01 6.277770000000000294e-01
6.350000000000000089e-01 7.312720000000000331e-01
6.370000000000000107e-01 8.237700000000000022e-01
6.390000000000000124e-01 8.982670000000000377e-01
6.410000000000000142e-01 9.512990000000000057e-01
6.430000000000000160e-01 9.835070000000000201e-01
6.450000000000000178e-01 9.984070000000000444e-01
6.470000000000000195e-01 1.000544000000000100e+00
6.490000000000000213e-01 9.941449999999999454e-01
6.510000000000000231e-01 9.825329999999999897e-01
6.530000000000000249e-01 9.680619999999999781e-01
6.550000000000000266e-01 9.522909999999999986e-01
6.570000000000000284e-01 9.362009999999999499e-01
6.590000000000000302e-01 9.203799999999999759e-01
6.610000000000000320e-01 9.051599999999999646e-01
6.630000000000000338e-01 8.907119999999999482e-01
6.650000000000000355e-01 8.771060000000000523e-01
6.670000000000000373e-01 8.643549999999999844e-01
6.690000000000000391e-01 8.524350000000000538e-01
6.710000000000000409e-01 8.413049999999999695e-01
6.730000000000000426e-01 8.309140000000000414e-01
6.750000000000000444e-01 8.212089999999999668e-01
6.770000000000000462e-01 8.121340000000000225e-01
6.790000000000000480e-01 8.036400000000000210e-01
6.810000000000000497e-01 7.956760000000000499e-01
6.830000000000000515e-01 7.882000000000000117e-01
6.850000000000000533e-01 7.811679999999999735e-01
6.870000000000000551e-01 7.745450000000000390e-01
6.889999999999999458e-01 7.682970000000000077e-01
6.909999999999999476e-01 7.623929999999999874e-01
6.929999999999999494e-01 7.568059999999999787e-01
6.949999999999999512e-01 7.515100000000000113e-01
6.969999999999999529e-01 7.464849999999999541e-01
6.989999999999999547e-01 7.417089999999999517e-01
7.009999999999999565e-01 7.371640000000000414e-01
7.029999999999999583e-01 7.328350000000000142e-01
7.049999999999999600e-01 7.287059999999999649e-01
7.069999999999999618e-01 7.247649999999999926e-01
7.089999999999999636e-01 7.209999999999999742e-01
7.109999999999999654e-01 7.173990000000000089e-01
7.129999999999999671e-01 7.139529999999999488e-01
7.149999999999999689e-01 7.106540000000000079e-01
7.169999999999999707e-01 7.074920000000000098e-01
7.189999999999999725e-01 7.044620000000000326e-01
7.209999999999999742e-01 7.015550000000000397e-01
7.229999999999999760e-01 6.987670000000000270e-01
7.249999999999999778e-01 6.960920000000000440e-01
7.269999999999999796e-01 6.935249999999999471e-01
7.289999999999999813e-01 6.910619999999999541e-01
7.309999999999999831e-01 6.886970000000000036e-01
7.329999999999999849e-01 6.864280000000000381e-01
7.349999999999999867e-01 6.842510000000000536e-01
7.369999999999999885e-01 6.821629999999999638e-01
7.389999999999999902e-01 6.801610000000000156e-01
7.409999999999999920e-01 6.782420000000000115e-01
7.429999999999999938e-01 6.764040000000000052e-01
7.449999999999999956e-01 6.746429999999999927e-01
7.469999999999999973e-01 6.729589999999999739e-01
7.489999999999999991e-01 6.713500000000000023e-01
7.510000000000000009e-01 6.698119999999999630e-01
7.530000000000000027e-01 6.683449999999999669e-01
7.550000000000000044e-01 6.669460000000000388e-01
7.570000000000000062e-01 6.656140000000000390e-01
7.590000000000000080e-01 6.643480000000000496e-01
7.610000000000000098e-01 6.631460000000000132e-01
7.630000000000000115e-01 6.620070000000000121e-01
7.650000000000000133e-01 6.609289999999999887e-01
7.670000000000000151e-01 6.599110000000000253e-01
7.690000000000000169e-01 6.589509999999999534e-01
7.710000000000000187e-01 6.580489999999999950e-01
7.730000000000000204e-01 6.572019999999999529e-01
7.750000000000000222e-01 6.564109999999999667e-01
7.770000000000000240e-01 6.556729999999999503e-01
7.790000000000000258e-01 6.549869999999999859e-01
7.810000000000000275e-01 6.543529999999999625e-01
7.830000000000000293e-01 6.537680000000000158e-01
7.850000000000000311e-01 6.532320000000000348e-01
7.870000000000000329e-01 6.527429999999999621e-01
7.890000000000000346e-01 6.523010000000000197e-01
7.910000000000000364e-01 6.519030000000000102e-01
7.930000000000000382e-01 6.515499999999999625e-01
7.950000000000000400e-01 6.512390000000000123e-01
7.970000000000000417e-01 6.509690000000000198e-01
7.990000000000000435e-01 6.507389999999999564e-01
8.010000000000000453e-01 6.505480000000000151e-01
8.030000000000000471e-01 6.503940000000000277e-01
8.050000000000000488e-01 6.502759999999999652e-01
8.070000000000000506e-01 6.501940000000000497e-01
8.090000000000000524e-01 6.501449999999999729e-01
8.110000000000000542e-01 6.501280000000000392e-01
8.129999999999999449e-01 6.501430000000000264e-01
8.149999999999999467e-01 6.501869999999999594e-01
8.169999999999999485e-01 6.502599999999999492e-01
8.189999999999999503e-01 6.503600000000000492e-01
8.209999999999999520e-01 6.504860000000000086e-01
8.229999999999999538e-01 6.506370000000000209e-01
8.249999999999999556e-01 6.508110000000000284e-01
8.269999999999999574e-01 6.510070000000000023e-01
8.289999999999999591e-01 6.512250000000000538e-01
8.309999999999999609e-01 6.514619999999999855e-01
8.329999999999999627e-01 6.517169999999999908e-01
8.349999999999999645e-01 6.519899999999999585e-01
8.369999999999999662e-01 6.522790000000000532e-01
8.389999999999999680e-01 6.525830000000000242e-01
8.409999999999999698e-01 6.529000000000000359e-01
8.429999999999999716e-01 6.532299999999999773e-01
8.449999999999999734e-01 6.535720000000000418e-01
8.469999999999999751e-01 6.539239999999999498e-01
8.489999999999999769e-01 6.542850000000000055e-01
8.509999999999999787e-01 6.546539999999999582e-01
8.529999999999999805e-01 6.550310000000000299e-01
8.549999999999999822e-01 6.554130000000000233e-01
8.569999999999999840e-01 6.558009999999999673e-01
8.589999999999999858e-01 6.561919999999999975e-01
8.609999999999999876e-01 6.565870000000000317e-01
8.629999999999999893e-01 6.569840000000000124e-01
8.649999999999999911e-01 6.573830000000000506e-01
8.669999999999999929e-01 6.577819999999999778e-01
8.689999999999999947e-01 6.581799999999999873e-01
8.709999999999999964e-01 6.585779999999999967e-01
8.729999999999999982e-01 6.589730000000000310e-01
8.750000000000000000e-01 6.593649999999999789e-01
8.770000000000000018e-01 6.597539999999999516e-01
8.790000000000000036e-01 6.601380000000000026e-01
8.810000000000000053e-01 6.605180000000000495e-01
8.830000000000000071e-01 6.608920000000000350e-01
8.850000000000000089e-01 6.612590000000000412e-01
8.870000000000000107e-01 6.616199999999999859e-01
8.890000000000000124e-01 6.619730000000000336e-01
8.910000000000000142e-01 6.623170000000000446e-01
8.930000000000000160e-01 6.626530000000000475e-01
8.950000000000000178e-01 6.629800000000000137e-01
8.970000000000000195e-01 6.632970000000000255e-01
8.990000000000000213e-01 6.636039999999999717e-01
9.010000000000000231e-01 6.638990000000000169e-01
9.030000000000000249e-01 6.641839999999999966e-01
9.050000000000000266e-01 6.644569999999999643e-01
9.070000000000000284e-01 6.647180000000000311e-01
9.090000000000000302e-01 6.649669999999999748e-01
9.110000000000000320e-01 6.652029999999999887e-01
9.130000000000000338e-01 6.654259999999999620e-01
9.150000000000000355e-01 6.656349999999999767e-01
9.170000000000000373e-01 6.658309999999999507e-01
9.190000000000000391e-01 6.660129999999999661e-01
9.210000000000000409e-01 6.661799999999999944e-01
9.230000000000000426e-01 6.663320000000000354e-01
9.250000000000000444e-01 6.664700000000000069e-01
9.270000000000000462e-01 6.665929999999999911e-01
9.290000000000000480e-01 6.666999999999999593e-01
9.310000000000000497e-01 6.667920000000000513e-01
9.330000000000000515e-01 6.668680000000000163e-01
9.350000000000000533e-01 6.669279999999999653e-01
9.370000000000000551e-01 6.669720000000000093e-01
9.389999999999999458e-01 6.670009999999999550e-01
9.409999999999999476e-01 6.670120000000000493e-01
9.429999999999999494e-01 6.670080000000000453e-01
9.449999999999999512e-01 6.669859999999999678e-01
9.469999999999999529e-01 6.669490000000000141e-01
9.489999999999999547e-01 6.668939999999999868e-01
9.509999999999999565e-01 6.668230000000000546e-01
9.529999999999999583e-01 6.667340000000000488e-01
9.549999999999999600e-01 6.666290000000000271e-01
9.569999999999999618e-01 6.665069999999999606e-01
9.589999999999999636e-01 6.663679999999999604e-01
9.609999999999999654e-01 6.662109999999999976e-01
9.629999999999999671e-01 6.660380000000000189e-01
9.649999999999999689e-01 6.658469999999999667e-01
9.669999999999999707e-01 6.656400000000000095e-01
9.689999999999999725e-01 6.654149999999999787e-01
9.709999999999999742e-01 6.651730000000000143e-01
9.729999999999999760e-01 6.649140000000000050e-01
9.749999999999999778e-01 6.646379999999999511e-01
9.769999999999999796e-01 6.643449999999999633e-01
9.789999999999999813e-01 6.640350000000000419e-01
9.809999999999999831e-01 6.637079999999999647e-01
9.829999999999999849e-01 6.633639999999999537e-01
9.849999999999999867e-01 6.630040000000000378e-01
9.869999999999999885e-01 6.626260000000000483e-01
9.889999999999999902e-01 6.622320000000000428e-01
9.909999999999999920e-01 6.618220000000000214e-01
9.929999999999999938e-01 6.613949999999999552e-01
9.949999999999999956e-01 6.609509999999999552e-01
9.969999999999999973e-01 6.604919999999999680e-01
9.989999999999999991e-01 6.600160000000000471e-01
1.000999999999999890e+00 6.595239999999999991e-01
1.002999999999999892e+00 6.590169999999999639e-01
1.004999999999999893e+00 6.584929999999999950e-01
1.006999999999999895e+00 6.579540000000000388e-01
1.008999999999999897e+00 6.573999999999999844e-01
1.010999999999999899e+00 6.568300000000000249e-01
1.012999999999999901e+00 6.562449999999999672e-01
1.014999999999999902e+00 6.556450000000000333e-01
1.016999999999999904e+00 6.550310000000000299e-01
1.018999999999999906e+00 6.544020000000000392e-01
1.020999999999999908e+00 6.537589999999999790e-01
1.022999999999999909e+00 6.531019999999999603e-01
1.024999999999999911e+00 6.524299999999999544e-01
1.026999999999999913e+00 6.517460000000000475e-01
1.028999999999999915e+00 6.510479999999999601e-01
1.030999999999999917e+00 6.503360000000000252e-01
1.032999999999999918e+00 6.496119999999999672e-01
1.034999999999999920e+00 6.488760000000000083e-01
1.036999999999999922e+00 6.481270000000000087e-01
1.038999999999999924e+00 6.473659999999999970e-01
1.040999999999999925e+00 6.465940000000000021e-01
1.042999999999999927e+00 6.458099999999999952e-01
1.044999999999999929e+00 6.450150000000000050e-01
1.046999999999999931e+00 6.442099999999999493e-01
1.048999999999999932e+00 6.433940000000000214e-01
1.050999999999999934e+00 6.425689999999999458e-01
1.052999999999999936e+00 6.417329999999999979e-01
1.054999999999999938e+00 6.408890000000000420e-01
1.056999999999999940e+00 6.400369999999999671e-01
1.058999999999999941e+00 6.391759999999999664e-01
1.060999999999999943e+00 6.383069999999999578e-01
1.062999999999999945e+00 6.374309999999999699e-01
1.064999999999999947e+00 6.365469999999999740e-01
1.066999999999999948e+00 6.356579999999999453e-01
1.068999999999999950e+00 6.347620000000000484e-01
1.070999999999999952e+00 6.338620000000000365e-01
1.072999999999999954e+00 6.329559999999999631e-01
1.074999999999999956e+00 6.320459999999999967e-01
1.076999999999999957e+00 6.311320000000000263e-01
1.078999999999999959e+00 6.302149999999999697e-01
1.080999999999999961e+00 6.292950000000000488e-01
1.082999999999999963e+00 6.283729999999999594e-01
1.084999999999999964e+00 6.274499999999999522e-01
1.086999999999999966e+00 6.265260000000000273e-01
1.088999999999999968e+00 6.256019999999999914e-01
1.090999999999999970e+00 6.246789999999999843e-01
1.092999999999999972e+00 6.237559999999999771e-01
1.094999999999999973e+00 6.228359999999999452e-01
1.096999999999999975e+00 6.219170000000000531e-01
1.098999999999999977e+00 6.210020000000000540e-01
1.100999999999999979e+00 6.200919999999999765e-01
1.102999999999999980e+00 6.191849999999999854e-01
1.104999999999999982e+00 6.182849999999999735e-01
1.106999999999999984e+00 6.173899999999999944e-01
1.108999999999999986e+00 6.165019999999999945e-01
1.110999999999999988e+00 6.156220000000000026e-01
1.112999999999999989e+00 6.147510000000000474e-01
1.114999999999999991e+00 6.138879999999999892e-01
1.116999999999999993e+00 6.130360000000000253e-01
1.118999999999999995e+00 6.121950000000000447e-01
1.120999999999999996e+00 6.113650000000000473e-01
1.122999999999999998e+00 6.105479999999999796e-01
1.125000000000000000e+00 6.097439999999999527e-01
1.127000000000000002e+00 6.089539999999999953e-01
1.129000000000000004e+00 6.081790000000000251e-01
1.131000000000000005e+00 6.074199999999999600e-01
1.133000000000000007e+00 6.066780000000000506e-01
1.135000000000000009e+00 6.059529999999999639e-01
1.137000000000000011e+00 6.052459999999999507e-01
1.139000000000000012e+00 6.045580000000000398e-01
1.141000000000000014e+00 6.038900000000000379e-01
1.143000000000000016e+00 6.032429999999999737e-01
1.145000000000000018e+00 6.026169999999999582e-01
1.147000000000000020e+00 6.020130000000000203e-01
1.149000000000000021e+00 6.014319999999999666e-01
1.151000000000000023e+00 6.008759999999999657e-01
1.153000000000000025e+00 6.003429999999999600e-01
1.155000000000000027e+00 5.998360000000000358e-01
1.157000000000000028e+00 5.993549999999999711e-01
1.159000000000000030e+00 5.989010000000000167e-01
1.161000000000000032e+00 5.984730000000000327e-01
1.163000000000000034e+00 5.980750000000000233e-01
1.165000000000000036e+00 5.977040000000000131e-01
1.167000000000000037e+00 5.973629999999999773e-01
1.169000000000000039e+00 5.970520000000000271e-01
1.171000000000000041e+00 5.967710000000000514e-01
1.173000000000000043e+00 5.965209999999999679e-01
1.175000000000000044e+00 5.963030000000000275e-01
1.177000000000000046e+00 5.961170000000000080e-01
1.179000000000000048e+00 5.959630000000000205e-01
1.181000000000000050e+00 5.958419999999999828e-01
1.183000000000000052e+00 5.957550000000000345e-01
1.185000000000000053e+00 5.957010000000000360e-01
1.187000000000000055e+00 5.956810000000000160e-01
1.189000000000000057e+00 5.956949999999999745e-01
1.191000000000000059e+00 5.957440000000000513e-01
1.193000000000000060e+00 5.958280000000000243e-01
1.195000000000000062e+00 5.959459999999999757e-01
1.197000000000000064e+00 5.960999999999999632e-01
1.199000000000000066e+00 5.962889999999999580e-01
1.201000000000000068e+00 5.965120000000000422e-01
1.203000000000000069e+00 5.967719999999999692e-01
1.205000000000000071e+00 5.970659999999999856e-01
1.207000000000000073e+00 5.973960000000000381e-01
1.209000000000000075e+00 5.977609999999999868e-01
1.211000000000000076e+00 5.981610000000000538e-01
1.213000000000000078e+00 5.985960000000000170e-01
1.215000000000000080e+00 5.990649999999999586e-01
1.217000000000000082e+00 5.995690000000000186e-01
1.219000000000000083e+00 6.001069999999999460e-01
1.221000000000000085e+00 6.006789999999999630e-01
1.223000000000000087e+00 6.012849999999999584e-01
1.225000000000000089e+00 6.019240000000000146e-01
1.227000000000000091e+00 6.025960000000000205e-01
1.229000000000000092e+00 6.032999999999999474e-01
1.231000000000000094e+00 6.040360000000000174e-01
1.233000000000000096e+00 6.048029999999999795e-01
1.235000000000000098e+00 6.056009999999999449e-01
1.237000000000000099e+00 6.064300000000000246e-01
1.239000000000000101e+00 6.072880000000000500e-01
1.241000000000000103e+00 6.081750000000000211e-01
1.243000000000000105e+00 6.090919999999999668e-01
1.245000000000000107e+00 6.100360000000000227e-01
1.247000000000000108e+00 6.110069999999999668e-01
1.249000000000000110e+00 6.120039999999999925e-01
1.250999999999999890e+00 6.130280000000000173e-01
1.252999999999999892e+00 6.140759999999999552e-01
1.254999999999999893e+00 6.151489999999999458e-01
1.256999999999999895e+00 6.162459999999999605e-01
1.258999999999999897e+00 6.173650000000000526e-01
1.260999999999999899e+00 6.185060000000000002e-01
1.262999999999999901e+00 6.196690000000000254e-01
1.264999999999999902e+00 6.208519999999999595e-01
1.266999999999999904e+00 6.220550000000000246e-01
1.268999999999999906e+00 6.232760000000000522e-01
1.270999999999999908e+00 6.245159999999999600e-01
1.272999999999999909e+00 6.257730000000000237e-01
1.274999999999999911e+00 6.270459999999999923e-01
1.276999999999999913e+00 6.283349999999999769e-01
1.278999999999999915e+00 6.296380000000000310e-01
1.280999999999999917e+00 6.309559999999999613e-01
1.282999999999999918e+00 6.322860000000000147e-01
1.284999999999999920e+00 6.336289999999999978e-01
1.286999999999999922e+00 6.349829999999999641e-01
1.288999999999999924e+00 6.363480000000000247e-01
1.290999999999999925e+00 6.377230000000000398e-01
1.292999999999999927e+00 6.391069999999999807e-01
1.294999999999999929e+00 6.404990000000000405e-01
1.296999999999999931e+00 6.418989999999999974e-01
1.298999999999999932e+00 6.433050000000000157e-01
1.300999999999999934e+00 6.447180000000000133e-01
1.302999999999999936e+00 6.461350000000000149e-01
1.304999999999999938e+00 6.475579999999999670e-01
1.306999999999999940e+00 6.489829999999999766e-01
1.308999999999999941e+00 6.504130000000000189e-01
1.310999999999999943e+00 6.518439999999999790e-01
1.312999999999999945e+00 6.532769999999999966e-01
1.314999999999999947e+00 6.547119999999999607e-01
1.316999999999999948e+00 6.561460000000000070e-01
1.318999999999999950e+00 6.575809999999999711e-01
1.320999999999999952e+00 6.590139999999999887e-01
1.322999999999999954e+00 6.604459999999999775e-01
1.324999999999999956e+00 6.618760000000000199e-01
1.326999999999999957e+00 6.633040000000000047e-01
1.328999999999999959e+00 6.647279999999999855e-01
1.330999999999999961e+00 6.661479999999999624e-01
1.332999999999999963e+00 6.675640000000000462e-01
1.334999999999999964e+00 6.689749999999999863e-01
1.336999999999999966e+00 6.703810000000000047e-01
1.338999999999999968e+00 6.717809999999999615e-01
1.340999999999999970e+00 6.731749999999999678e-01
1.342999999999999972e+00 6.745619999999999949e-01
1.344999999999999973e+00 6.759420000000000428e-01
1.346999999999999975e+00 6.773150000000000004e-01
1.348999999999999977e+00 6.786790000000000322e-01
1.350999999999999979e+00 6.800349999999999451e-01
1.352999999999999980e+00 6.813820000000000432e-01
1.354999999999999982e+00 6.827199999999999935e-01
1.356999999999999984e+00 6.840490000000000181e-01
1.358999999999999986e+00 6.853679999999999772e-01
1.360999999999999988e+00 6.866759999999999531e-01
1.362999999999999989e+00 6.879739999999999744e-01
1.364999999999999991e+00 6.892620000000000413e-01
1.366999999999999993e+00 6.905379999999999852e-01
1.368999999999999995e+00 6.918029999999999458e-01
1.370999999999999996e+00 6.930560000000000054e-01
1.372999999999999998e+00 6.942979999999999707e-01
1.375000000000000000e+00 6.955270000000000064e-01
1.377000000000000002e+00 6.967440000000000300e-01
1.379000000000000004e+00 6.979490000000000416e-01
1.381000000000000005e+00 6.991410000000000124e-01
1.383000000000000007e+00 7.003200000000000536e-01
1.385000000000000009e+00 7.014860000000000539e-01
1.387000000000000011e+00 7.026390000000000136e-01
1.389000000000000012e+00 7.037790000000000434e-01
1.391000000000000014e+00 7.049050000000000038e-01
1.393000000000000016e+00 7.060170000000000057e-01
1.395000000000000018e+00 7.071150000000000491e-01
1.397000000000000020e+00 7.082000000000000517e-01
1.399000000000000021e+00 7.092699999999999561e-01
1.401000000000000023e+00 7.103270000000000417e-01
1.403000000000000025e+00 7.113690000000000291e-01
1.405000000000000027e+00 7.123969999999999470e-01
1.407000000000000028e+00 7.134099999999999886e-01
1.409000000000000030e+00 7.144089999999999607e-01
1.411000000000000032e+00 7.153939999999999744e-01
1.413000000000000034e+00 7.163629999999999720e-01
1.415000000000000036e+00 7.173190000000000399e-01
1.417000000000000037e+00 7.182589999999999808e-01
1.419000000000000039e+00 7.191849999999999632e-01
1.421000000000000041e+00 7.200959999999999583e-01
1.423000000000000043e+00 7.209919999999999662e-01
1.425000000000000044e+00 7.218740000000000157e-01
1.427000000000000046e+00 7.227400000000000491e-01
1.429000000000000048e+00 7.235920000000000130e-01
1.431000000000000050e+00 7.244289999999999896e-01
1.433000000000000052e+00 7.252509999999999790e-01
1.435000000000000053e+00 7.260590000000000099e-01
1.437000000000000055e+00 7.268510000000000248e-01
1.439000000000000057e+00 7.276289999999999702e-01
1.441000000000000059e+00 7.283920000000000394e-01
1.443000000000000060e+00 7.291389999999999816e-01
1.445000000000000062e+00 7.298729999999999940e-01
1.447000000000000064e+00 7.305909999999999904e-01
1.449000000000000066e+00 7.312950000000000284e-01
1.451000000000000068e+00 7.319839999999999680e-01
1.453000000000000069e+00 7.326589999999999492e-01
1.455000000000000071e+00 7.333190000000000541e-01
1.457000000000000073e+00 7.339639999999999498e-01
1.459000000000000075e+00 7.345949999999999980e-01
1.461000000000000076e+00 7.352119999999999767e-01
1.463000000000000078e+00 7.358139999999999681e-01
1.465000000000000080e+00 7.364009999999999723e-01
1.467000000000000082e+00 7.369740000000000180e-01
1.469000000000000083e+00 7.375329999999999941e-01
1.471000000000000085e+00 7.380780000000000118e-01
1.473000000000000087e+00 7.386089999999999600e-01
1.475000000000000089e+00 7.391250000000000320e-01
1.477000000000000091e+00 7.396279999999999522e-01
1.479000000000000092e+00 7.401159999999999961e-01
1.481000000000000094e+00 7.405909999999999993e-01
1.483000000000000096e+00 7.410520000000000440e-01
1.485000000000000098e+00 7.414990000000000192e-01
1.487000000000000099e+00 7.419320000000000359e-01
1.489000000000000101e+00 7.423520000000000119e-01
1.491000000000000103e+00 7.427580000000000293e-01
1.493000000000000105e+00 7.431510000000000060e-01
1.495000000000000107e+00 7.435300000000000242e-01
1.497000000000000108e+00 7.438960000000000017e-01
1.499000000000000110e+00 7.442480000000000206e-01
1.500999999999999890e+00 7.445880000000000276e-01
1.502999999999999892e+00 7.449139999999999651e-01
1.504999999999999893e+00 7.452269999999999728e-01
1.506999999999999895e+00 7.455279999999999685e-01
1.508999999999999897e+00 7.458150000000000057e-01
1.510999999999999899e+00 7.460900000000000309e-01
1.512999999999999901e+00 7.463520000000000154e-01
1.514999999999999902e+00 7.466009999999999591e-01
1.516999999999999904e+00 7.468369999999999731e-01
1.518999999999999906e+00 7.470609999999999751e-01
1.520999999999999908e+00 7.472729999999999650e-01
1.522999999999999909e+00 7.474720000000000253e-01
1.524999999999999911e+00 7.476589999999999625e-01
1.526999999999999913e+00 7.478339999999999987e-01
1.528999999999999915e+00 7.479970000000000230e-01
1.530999999999999917e+00 7.481480000000000352e-01
1.532999999999999918e+00 7.482870000000000354e-01
1.534999999999999920e+00 7.484140000000000237e-01
1.536999999999999922e+00 7.485289999999999999e-01
1.538999999999999924e+00 7.486319999999999641e-01
1.540999999999999925e+00 7.487239999999999451e-01
1.542999999999999927e+00 7.488050000000000539e-01
1.544999999999999929e+00 7.488740000000000396e-01
1.546999999999999931e+00 7.489310000000000134e-01
1.548999999999999932e+00 7.489780000000000326e-01
1.550999999999999934e+00 7.490130000000000399e-01
1.552999999999999936e+00 7.490379999999999816e-01
1.554999999999999938e+00 7.490510000000000224e-01
1.556999999999999940e+00 7.490529999999999688e-01
1.558999999999999941e+00 7.490440000000000431e-01
1.560999999999999943e+00 7.490250000000000519e-01
1.562999999999999945e+00 7.489949999999999664e-01
1.564999999999999947e+00 7.489550000000000374e-01
1.566999999999999948e+00 7.489040000000000141e-01
1.568999999999999950e+00 7.488420000000000076e-01
1.570999999999999952e+00 7.487709999999999644e-01
1.572999999999999954e+00 7.486890000000000489e-01
1.574999999999999956e+00 7.485969999999999569e-01
1.576999999999999957e+00 7.484950000000000214e-01
1.578999999999999959e+00 7.483830000000000204e-01
1.580999999999999961e+00 7.482619999999999827e-01
1.582999999999999963e+00 7.481309999999999905e-01
1.584999999999999964e+00 7.479900000000000437e-01
1.586999999999999966e+00 7.478390000000000315e-01
1.588999999999999968e+00 7.476789999999999825e-01
1.590999999999999970e+00 7.475100000000000078e-01
1.592999999999999972e+00 7.473319999999999963e-01
1.594999999999999973e+00 7.471440000000000303e-01
1.596999999999999975e+00 7.469479999999999453e-01
1.598999999999999977e+00 7.467420000000000169e-01
1.600999999999999979e+00 7.465279999999999694e-01
1.602999999999999980e+00 7.463049999999999962e-01
1.604999999999999982e+00 7.460729999999999862e-01
1.606999999999999984e+00 7.458329999999999682e-01
1.608999999999999986e+00 7.455850000000000533e-01
1.610999999999999988e+00 7.453290000000000193e-01
1.612999999999999989e+00 7.450639999999999485e-01
1.614999999999999991e+00 7.447909999999999808e-01
1.616999999999999993e+00 7.445110000000000339e-01
1.618999999999999995e+00 7.442220000000000502e-01
1.620999999999999996e+00 7.439259999999999762e-01
1.622999999999999998e+00 7.436230000000000340e-01
1.625000000000000000e+00 7.433119999999999727e-01
1.627000000000000002e+00 7.429940000000000433e-01
1.629000000000000004e+00 7.426679999999999948e-01
1.631000000000000005e+00 7.423359999999999959e-01
1.633000000000000007e+00 7.419970000000000176e-01
1.635000000000000009e+00 7.416509999999999492e-01
1.637000000000000011e+00 7.412980000000000125e-01
1.639000000000000012e+00 7.409390000000000143e-01
1.641000000000000014e+00 7.405739999999999545e-01
1.643000000000000016e+00 7.402030000000000554e-01
1.645000000000000018e+00 7.398249999999999549e-01
1.647000000000000020e+00 7.394420000000000437e-01
1.649000000000000021e+00 7.390529999999999600e-01
1.651000000000000023e+00 7.386589999999999545e-01
1.653000000000000025e+00 7.382589999999999986e-01
1.655000000000000027e+00 7.378540000000000099e-01
1.657000000000000028e+00 7.374439999999999884e-01
1.659000000000000030e+00 7.370290000000000452e-01
1.661000000000000032e+00 7.366099999999999870e-01
1.663000000000000034e+00 7.361860000000000070e-01
1.665000000000000036e+00 7.357569999999999943e-01
1.667000000000000037e+00 7.353250000000000064e-01
1.669000000000000039e+00 7.348879999999999857e-01
1.671000000000000041e+00 7.344479999999999897e-01
1.673000000000000043e+00 7.340050000000000185e-01
1.675000000000000044e+00 7.335570000000000146e-01
1.677000000000000046e+00 7.331069999999999531e-01
1.679000000000000048e+00 7.326540000000000274e-01
1.681000000000000050e+00 7.321980000000000155e-01
1.683000000000000052e+00 7.317390000000000283e-01
1.685000000000000053e+00 7.312779999999999836e-01
1.687000000000000055e+00 7.308149999999999924e-01
1.689000000000000057e+00 7.303500000000000547e-01
1.691000000000000059e+00 7.298829999999999485e-01
1.693000000000000060e+00 7.294150000000000356e-01
1.695000000000000062e+00 7.289449999999999541e-01
1.697000000000000064e+00 7.284749999999999837e-01
1.699000000000000066e+00 7.280039999999999845e-01
1.701000000000000068e+00 7.275319999999999565e-01
1.703000000000000069e+00 7.270600000000000396e-01
1.705000000000000071e+00 7.265880000000000116e-01
1.707000000000000073e+00 7.261159999999999837e-01
1.709000000000000075e+00 7.256449999999999845e-01
1.711000000000000076e+00 7.251739999999999853e-01
1.713000000000000078e+00 7.247040000000000148e-01
1.715000000000000080e+00 7.242349999999999621e-01
1.717000000000000082e+00 7.237679999999999669e-01
1.719000000000000083e+00 7.233030000000000292e-01
1.721000000000000085e+00 7.228400000000000380e-01
1.723000000000000087e+00 7.223779999999999646e-01
1.725000000000000089e+00 7.219200000000000061e-01
1.727000000000000091e+00 7.214639999999999942e-01
1.729000000000000092e+00 7.210109999999999575e-01
1.731000000000000094e+00 7.205620000000000358e-01
1.733000000000000096e+00 7.201159999999999783e-01
1.735000000000000098e+00 7.196740000000000359e-01
1.737000000000000099e+00 7.192370000000000152e-01
1.739000000000000101e+00 7.188029999999999697e-01
1.741000000000000103e+00 7.183749999999999858e-01
1.743000000000000105e+00 7.179510000000000058e-01
1.745000000000000107e+00 7.175329999999999764e-01
1.747000000000000108e+00 7.171199999999999797e-01
1.749000000000000110e+00 7.167139999999999622e-01
1.750999999999999890e+00 7.163129999999999775e-01
1.752999999999999892e+00 7.159189999999999721e-01
1.754999999999999893e+00 7.155319999999999458e-01
1.756999999999999895e+00 7.151509999999999811e-01
1.758999999999999897e+00 7.147780000000000244e-01
1.760999999999999899e+00 7.144120000000000470e-01
1.762999999999999901e+00 7.140539999999999665e-01
1.764999999999999902e+00 7.137040000000000051e-01
1.766999999999999904e+00 7.133629999999999693e-01
1.768999999999999906e+00 7.130300000000000527e-01
1.770999999999999908e+00 7.127059999999999507e-01
1.772999999999999909e+00 7.123909999999999965e-01
1.774999999999999911e+00 7.120859999999999967e-01
1.776999999999999913e+00 7.117900000000000338e-01
1.778999999999999915e+00 7.115040000000000253e-01
1.780999999999999917e+00 7.112290000000000001e-01
1.782999999999999918e+00 7.109630000000000116e-01
1.784999999999999920e+00 7.107090000000000352e-01
1.786999999999999922e+00 7.104650000000000132e-01
1.788999999999999924e+00 7.102330000000000032e-01
1.790999999999999925e+00 7.100119999999999765e-01
1.792999999999999927e+00 7.098020000000000440e-01
1.794999999999999929e+00 7.096040000000000125e-01
1.796999999999999931e+00 7.094190000000000218e-01
1.798999999999999932e+00 7.092450000000000143e-01
