Energy PhaseShift
4.700000000000000011e-02 -3.053869999999999862e+01
4.900000000000000189e-02 -3.310020000000000095e+01
5.099999999999999672e-02 -3.471730000000000160e+01
5.299999999999999850e-02 -3.612109999999999843e+01
5.500000000000000028e-02 -3.739479999999999649e+01
5.700000000000000205e-02 -3.858310000000000173e+01
5.899999999999999689e-02 -3.970600000000000307e+01
6.099999999999999867e-02 -4.077329999999999899e+01
6.300000000000000044e-02 -4.179249999999999687e+01
6.500000000000000222e-02 -4.277000000000000313e+01
6.700000000000000400e-02 -4.371110000000000184e+01
6.900000000000000577e-02 -4.462019999999999698e+01
7.099999999999999367e-02 -4.550070000000000192e+01
7.299999999999999545e-02 -4.635529999999999973e+01
7.499999999999999722e-02 -4.718580000000000041e+01
7.699999999999999900e-02 -4.799419999999999931e+01
7.900000000000000078e-02 -4.878170000000000073e+01
8.100000000000000255e-02 -4.954970000000000141e+01
8.300000000000000433e-02 -5.029930000000000234e+01
8.500000000000000611e-02 -5.103170000000000073e+01
8.699999999999999400e-02 -5.174770000000000181e+01
8.899999999999999578e-02 -5.244850000000000279e+01
9.099999999999999756e-02 -5.313459999999999894e+01
9.299999999999999933e-02 -5.380700000000000216e+01
9.500000000000000111e-02 -5.446629999999999683e+01
9.700000000000000289e-02 -5.511319999999999908e+01
9.900000000000000466e-02 -5.574810000000000088e+01
1.010000000000000064e-01 -5.637169999999999703e+01
1.029999999999999943e-01 -5.698429999999999751e+01
1.049999999999999961e-01 -5.758650000000000091e+01
1.069999999999999979e-01 -5.817849999999999966e+01
1.089999999999999997e-01 -5.876089999999999947e+01
1.110000000000000014e-01 -5.933379999999999654e+01
1.130000000000000032e-01 -5.989770000000000039e+01
1.150000000000000050e-01 -6.045289999999999964e+01
1.170000000000000068e-01 -6.099960000000000093e+01
1.189999999999999947e-01 -6.153810000000000002e+01
1.209999999999999964e-01 -6.206880000000000308e+01
1.229999999999999982e-01 -6.259170000000000300e+01
1.250000000000000000e-01 -6.310730000000000217e+01
1.270000000000000018e-01 -6.361560000000000059e+01
1.290000000000000036e-01 -6.411690000000000111e+01
1.310000000000000053e-01 -6.461150000000000659e+01
1.330000000000000071e-01 -6.509950000000000614e+01
1.350000000000000089e-01 -6.558119999999999550e+01
1.370000000000000107e-01 -6.605660000000000309e+01
1.390000000000000124e-01 -6.652599999999999625e+01
1.409999999999999865e-01 -6.698950000000000671e+01
1.429999999999999882e-01 -6.744719999999999516e+01
1.449999999999999900e-01 -6.789950000000000330e+01
1.469999999999999918e-01 -6.834629999999999939e+01
1.489999999999999936e-01 -6.878770000000000095e+01
1.509999999999999953e-01 -6.922410000000000707e+01
1.529999999999999971e-01 -6.965540000000000020e+01
1.549999999999999989e-01 -7.008180000000000121e+01
1.570000000000000007e-01 -7.050329999999999586e+01
1.590000000000000024e-01 -7.092019999999999413e+01
1.610000000000000042e-01 -7.133249999999999602e+01
1.630000000000000060e-01 -7.174030000000000484e+01
1.650000000000000078e-01 -7.214369999999999550e+01
1.670000000000000095e-01 -7.254279999999999973e+01
1.690000000000000113e-01 -7.293770000000000664e+01
1.710000000000000131e-01 -7.332850000000000534e+01
1.729999999999999871e-01 -7.371519999999999584e+01
1.749999999999999889e-01 -7.409810000000000230e+01
1.769999999999999907e-01 -7.447700000000000387e+01
1.789999999999999925e-01 -7.485219999999999629e+01
1.809999999999999942e-01 -7.522360000000000468e+01
1.829999999999999960e-01 -7.559139999999999304e+01
1.849999999999999978e-01 -7.595560000000000400e+01
1.869999999999999996e-01 -7.631640000000000157e+01
1.890000000000000013e-01 -7.667369999999999663e+01
1.910000000000000031e-01 -7.702760000000000673e+01
1.930000000000000049e-01 -7.737829999999999586e+01
1.950000000000000067e-01 -7.772560000000000002e+01
1.970000000000000084e-01 -7.806980000000000075e+01
1.990000000000000102e-01 -7.841089999999999804e+01
2.010000000000000120e-01 -7.874890000000000612e+01
2.030000000000000138e-01 -7.908389999999999986e+01
2.049999999999999878e-01 -7.941599999999999682e+01
2.069999999999999896e-01 -7.974509999999999366e+01
2.089999999999999913e-01 -8.007129999999999370e+01
2.109999999999999931e-01 -8.039480000000000359e+01
2.129999999999999949e-01 -8.071550000000000580e+01
2.149999999999999967e-01 -8.103350000000000364e+01
2.169999999999999984e-01 -8.134879999999999711e+01
2.190000000000000002e-01 -8.166140000000000043e+01
2.210000000000000020e-01 -8.197150000000000603e+01
2.230000000000000038e-01 -8.227909999999999968e+01
2.250000000000000056e-01 -8.258410000000000650e+01
2.270000000000000073e-01 -8.288670000000000471e+01
2.290000000000000091e-01 -8.318689999999999429e+01
2.310000000000000109e-01 -8.348470000000000368e+01
2.330000000000000127e-01 -8.378010000000000446e+01
2.349999999999999867e-01 -8.407319999999999993e+01
2.369999999999999885e-01 -8.436400000000000432e+01
2.389999999999999902e-01 -8.465260000000000673e+01
2.409999999999999920e-01 -8.493890000000000384e+01
2.429999999999999938e-01 -8.522310000000000230e+01
2.449999999999999956e-01 -8.550520000000000209e+01
2.469999999999999973e-01 -8.578509999999999991e+01
2.489999999999999991e-01 -8.606289999999999907e+01
2.510000000000000009e-01 -8.633859999999999957e+01
2.530000000000000027e-01 -8.661239999999999384e+01
2.550000000000000044e-01 -8.688410000000000366e+01
2.570000000000000062e-01 -8.715380000000000393e+01
2.590000000000000080e-01 -8.742159999999999798e+01
2.610000000000000098e-01 -8.768750000000000000e+01
2.630000000000000115e-01 -8.795140000000000668e+01
2.650000000000000133e-01 -8.821349999999999625e+01
2.670000000000000151e-01 -8.847369999999999379e+01
2.690000000000000169e-01 -8.873210000000000264e+01
2.710000000000000187e-01 -8.898869999999999436e+01
2.730000000000000204e-01 -8.924360000000000070e+01
2.750000000000000222e-01 -8.949660000000000082e+01
2.770000000000000240e-01 -8.974790000000000134e+01
2.790000000000000258e-01 -8.999750000000000227e+01
2.810000000000000275e-01 8.975459999999999638e+01
2.829999999999999738e-01 8.950839999999999463e+01
2.849999999999999756e-01 8.926380000000000337e+01
2.869999999999999774e-01 8.902079999999999416e+01
2.889999999999999791e-01 8.877949999999999875e+01
2.909999999999999809e-01 8.853979999999999961e+01
2.929999999999999827e-01 8.830169999999999675e+01
2.949999999999999845e-01 8.806510000000000105e+01
2.969999999999999862e-01 8.783010000000000161e+01
2.989999999999999880e-01 8.759659999999999513e+01
3.009999999999999898e-01 8.736459999999999582e+01
3.029999999999999916e-01 8.713410000000000366e+01
3.049999999999999933e-01 8.690510000000000446e+01
3.069999999999999951e-01 8.667759999999999820e+01
3.089999999999999969e-01 8.645149999999999579e+01
3.109999999999999987e-01 8.622679999999999723e+01
3.130000000000000004e-01 8.600360000000000582e+01
3.150000000000000022e-01 8.578180000000000405e+01
3.170000000000000040e-01 8.556130000000000280e+01
3.190000000000000058e-01 8.534229999999999450e+01
3.210000000000000075e-01 8.512460000000000093e+01
3.230000000000000093e-01 8.490819999999999368e+01
3.250000000000000111e-01 8.469320000000000448e+01
3.270000000000000129e-01 8.447950000000000159e+01
3.290000000000000147e-01 8.426720000000000255e+01
3.310000000000000164e-01 8.405610000000000070e+01
3.330000000000000182e-01 8.384629999999999939e+01
3.350000000000000200e-01 8.363779999999999859e+01
3.370000000000000218e-01 8.343059999999999832e+01
3.390000000000000235e-01 8.322469999999999857e+01
3.410000000000000253e-01 8.301990000000000691e+01
3.430000000000000271e-01 8.281650000000000489e+01
3.449999999999999734e-01 8.261419999999999675e+01
3.469999999999999751e-01 8.241320000000000334e+01
3.489999999999999769e-01 8.221339999999999293e+01
3.509999999999999787e-01 8.201470000000000482e+01
3.529999999999999805e-01 8.181730000000000302e+01
3.549999999999999822e-01 8.162109999999999843e+01
3.569999999999999840e-01 8.142600000000000193e+01
3.589999999999999858e-01 8.123210000000000264e+01
3.609999999999999876e-01 8.103929999999999723e+01
3.629999999999999893e-01 8.084780000000000655e+01
3.649999999999999911e-01 8.065730000000000643e+01
3.669999999999999929e-01 8.046800000000000352e+01
3.689999999999999947e-01 8.027979999999999450e+01
3.709999999999999964e-01 8.009279999999999688e+01
3.729999999999999982e-01 7.990680000000000405e+01
3.750000000000000000e-01 7.972199999999999420e+01
3.770000000000000018e-01 7.953830000000000666e+01
3.790000000000000036e-01 7.935569999999999879e+01
3.810000000000000053e-01 7.917419999999999902e+01
3.830000000000000071e-01 7.899370000000000402e+01
3.850000000000000089e-01 7.881440000000000623e+01
3.870000000000000107e-01 7.863609999999999900e+01
3.890000000000000124e-01 7.845900000000000318e+01
3.910000000000000142e-01 7.828289999999999793e+01
3.930000000000000160e-01 7.810779999999999745e+01
3.950000000000000178e-01 7.793389999999999418e+01
3.970000000000000195e-01 7.776099999999999568e+01
3.990000000000000213e-01 7.758920000000000528e+01
4.010000000000000231e-01 7.741840000000000543e+01
4.030000000000000249e-01 7.724869999999999948e+01
4.050000000000000266e-01 7.707999999999999829e+01
4.069999999999999729e-01 7.691240000000000521e+01
4.089999999999999747e-01 7.674580000000000268e+01
4.109999999999999765e-01 7.658039999999999736e+01
4.129999999999999782e-01 7.641589999999999350e+01
4.149999999999999800e-01 7.625249999999999773e+01
4.169999999999999818e-01 7.609019999999999584e+01
4.189999999999999836e-01 7.592889999999999873e+01
4.209999999999999853e-01 7.576860000000000639e+01
4.229999999999999871e-01 7.560949999999999704e+01
4.249999999999999889e-01 7.545130000000000337e+01
4.269999999999999907e-01 7.529430000000000689e+01
4.289999999999999925e-01 7.513830000000000098e+01
4.309999999999999942e-01 7.498329999999999984e+01
4.329999999999999960e-01 7.482949999999999591e+01
4.349999999999999978e-01 7.467659999999999343e+01
4.369999999999999996e-01 7.452490000000000236e+01
4.390000000000000013e-01 7.437430000000000518e+01
4.410000000000000031e-01 7.422469999999999857e+01
4.430000000000000049e-01 7.407620000000000005e+01
4.450000000000000067e-01 7.392879999999999541e+01
4.470000000000000084e-01 7.378260000000000218e+01
4.490000000000000102e-01 7.363739999999999952e+01
4.510000000000000120e-01 7.349339999999999407e+01
4.530000000000000138e-01 7.335039999999999338e+01
4.550000000000000155e-01 7.320869999999999322e+01
4.570000000000000173e-01 7.306799999999999784e+01
4.590000000000000191e-01 7.292860000000000298e+01
4.610000000000000209e-01 7.279030000000000200e+01
4.630000000000000226e-01 7.265309999999999491e+01
4.650000000000000244e-01 7.251720000000000255e+01
4.670000000000000262e-01 7.238249999999999318e+01
4.689999999999999725e-01 7.224899999999999523e+01
4.709999999999999742e-01 7.211679999999999779e+01
4.729999999999999760e-01 7.198579999999999757e+01
4.749999999999999778e-01 7.185609999999999786e+01
4.769999999999999796e-01 7.172769999999999868e+01
4.789999999999999813e-01 7.160060000000000002e+01
4.809999999999999831e-01 7.147490000000000521e+01
4.829999999999999849e-01 7.135049999999999670e+01
4.849999999999999867e-01 7.122750000000000625e+01
4.869999999999999885e-01 7.110590000000000543e+01
4.889999999999999902e-01 7.098579999999999757e+01
4.909999999999999920e-01 7.086719999999999686e+01
4.929999999999999938e-01 7.075010000000000332e+01
4.949999999999999956e-01 7.063450000000000273e+01
4.969999999999999973e-01 7.052049999999999841e+01
4.989999999999999991e-01 7.040810000000000457e+01
5.010000000000000009e-01 7.029739999999999611e+01
5.030000000000000027e-01 7.018840000000000146e+01
5.050000000000000044e-01 7.008119999999999550e+01
5.070000000000000062e-01 6.997570000000000334e+01
5.090000000000000080e-01 6.987220000000000653e+01
5.110000000000000098e-01 6.977049999999999841e+01
5.130000000000000115e-01 6.967090000000000316e+01
5.150000000000000133e-01 6.957319999999999993e+01
5.170000000000000151e-01 6.947780000000000200e+01
5.190000000000000169e-01 6.938450000000000273e+01
5.210000000000000187e-01 6.929340000000000543e+01
5.230000000000000204e-01 6.920480000000000587e+01
5.250000000000000222e-01 6.911860000000000070e+01
5.270000000000000240e-01 6.903499999999999659e+01
5.290000000000000258e-01 6.895399999999999352e+01
5.310000000000000275e-01 6.887579999999999814e+01
5.330000000000000293e-01 6.880060000000000286e+01
5.350000000000000311e-01 6.872830000000000439e+01
5.370000000000000329e-01 6.865930000000000177e+01
5.390000000000000346e-01 6.859359999999999502e+01
5.410000000000000364e-01 6.853149999999999409e+01
5.430000000000000382e-01 6.847299999999999898e+01
5.450000000000000400e-01 6.841849999999999454e+01
5.470000000000000417e-01 6.836809999999999832e+01
5.490000000000000435e-01 6.832200000000000273e+01
5.510000000000000453e-01 6.828060000000000684e+01
5.530000000000000471e-01 6.824410000000000309e+01
5.550000000000000488e-01 6.821280000000000143e+01
5.570000000000000506e-01 6.818710000000000093e+01
5.590000000000000524e-01 6.816729999999999734e+01
5.610000000000000542e-01 6.815389999999999304e+01
5.629999999999999449e-01 6.814730000000000132e+01
5.649999999999999467e-01 6.814799999999999613e+01
5.669999999999999485e-01 6.815649999999999409e+01
5.689999999999999503e-01 6.817359999999999332e+01
5.709999999999999520e-01 6.819979999999999620e+01
5.729999999999999538e-01 6.823609999999999332e+01
5.749999999999999556e-01 6.828310000000000457e+01
5.769999999999999574e-01 6.834199999999999875e+01
5.789999999999999591e-01 6.841379999999999484e+01
5.809999999999999609e-01 6.849970000000000425e+01
5.829999999999999627e-01 6.860120000000000573e+01
5.849999999999999645e-01 6.871980000000000643e+01
5.869999999999999662e-01 6.885750000000000171e+01
5.889999999999999680e-01 6.901640000000000441e+01
5.909999999999999698e-01 6.919880000000000564e+01
5.929999999999999716e-01 6.940760000000000218e+01
5.949999999999999734e-01 6.964619999999999322e+01
5.969999999999999751e-01 6.991840000000000543e+01
5.989999999999999769e-01 7.022860000000000014e+01
6.009999999999999787e-01 7.058240000000000691e+01
6.029999999999999805e-01 7.098600000000000421e+01
6.049999999999999822e-01 7.144719999999999516e+01
6.069999999999999840e-01 7.197499999999999432e+01
6.089999999999999858e-01 7.258069999999999311e+01
6.109999999999999876e-01 7.327769999999999584e+01
6.129999999999999893e-01 7.408240000000000691e+01
6.149999999999999911e-01 7.501500000000000057e+01
6.169999999999999929e-01 7.610009999999999764e+01
6.189999999999999947e-01 7.736780000000000257e+01
6.209999999999999964e-01 7.885429999999999495e+01
6.229999999999999982e-01 8.060250000000000625e+01
6.250000000000000000e-01 8.266129999999999711e+01
6.270000000000000018e-01 8.508240000000000691e+01
6.290000000000000036e-01 8.791259999999999764e+01
6.310000000000000053e-01 -8.881980000000000075e+01
6.330000000000000071e-01 -8.512619999999999720e+01
6.350000000000000089e-01 -8.107940000000000680e+01
6.370000000000000107e-01 -7.682269999999999754e+01
6.390000000000000124e-01 -7.255020000000000380e+01
6.410000000000000142e-01 -6.845990000000000464e+01
6.430000000000000160e-01 -6.470420000000000016e+01
6.450000000000000178e-01 -6.135669999999999646e+01
6.470000000000000195e-01 3.152400000000000091e+01
6.490000000000000213e-01 3.400939999999999941e+01
6.510000000000000231e-01 3.612429999999999808e+01
6.530000000000000249e-01 3.792139999999999844e+01
6.550000000000000266e-01 3.945049999999999812e+01
6.570000000000000284e-01 4.075529999999999831e+01
6.590000000000000302e-01 4.187330000000000041e+01
6.610000000000000320e-01 4.283529999999999660e+01
6.630000000000000338e-01 4.366680000000000206e+01
6.650000000000000355e-01 4.438839999999999719e+01
6.670000000000000373e-01 4.501720000000000255e+01
6.690000000000000391e-01 4.556700000000000017e+01
6.710000000000000409e-01 4.604930000000000234e+01
6.730000000000000426e-01 4.647359999999999758e+01
6.750000000000000444e-01 4.684759999999999991e+01
6.770000000000000462e-01 4.717790000000000106e+01
6.790000000000000480e-01 4.747019999999999840e+01
6.810000000000000497e-01 4.772890000000000299e+01
6.830000000000000515e-01 4.795810000000000173e+01
6.850000000000000533e-01 4.816109999999999758e+01
6.870000000000000551e-01 4.834089999999999776e+01
6.889999999999999458e-01 4.849989999999999668e+01
6.909999999999999476e-01 4.864030000000000342e+01
6.929999999999999494e-01 4.876400000000000290e+01
6.949999999999999512e-01 4.887259999999999849e+01
6.969999999999999529e-01 4.896759999999999735e+01
6.989999999999999547e-01 4.905019999999999669e+01
7.009999999999999565e-01 4.912169999999999703e+01
7.029999999999999583e-01 4.918280000000000030e+01
7.049999999999999600e-01 4.923469999999999658e+01
7.069999999999999618e-01 4.927790000000000248e+01
7.089999999999999636e-01 4.931329999999999814e+01
7.109999999999999654e-01 4.934150000000000347e+01
7.129999999999999671e-01 4.936299999999999955e+01
7.149999999999999689e-01 4.937839999999999918e+01
7.169999999999999707e-01 4.938810000000000144e+01
7.189999999999999725e-01 4.939249999999999829e+01
7.209999999999999742e-01 4.939209999999999923e+01
7.229999999999999760e-01 4.938709999999999667e+01
7.249999999999999778e-01 4.937800000000000011e+01
7.269999999999999796e-01 4.936489999999999867e+01
7.289999999999999813e-01 4.934819999999999851e+01
7.309999999999999831e-01 4.932800000000000296e+01
7.329999999999999849e-01 4.930469999999999686e+01
7.349999999999999867e-01 4.927839999999999776e+01
7.369999999999999885e-01 4.924929999999999808e+01
7.389999999999999902e-01 4.921759999999999735e+01
7.409999999999999920e-01 4.918339999999999890e+01
7.429999999999999938e-01 4.914699999999999847e+01
7.449999999999999956e-01 4.910829999999999984e+01
7.469999999999999973e-01 4.906770000000000209e+01
7.489999999999999991e-01 4.902510000000000190e+01
7.510000000000000009e-01 4.898069999999999879e+01
7.530000000000000027e-01 4.893469999999999942e+01
7.550000000000000044e-01 4.888700000000000045e+01
7.570000000000000062e-01 4.883780000000000143e+01
7.590000000000000080e-01 4.878719999999999857e+01
7.610000000000000098e-01 4.873519999999999897e+01
7.630000000000000115e-01 4.868200000000000216e+01
7.650000000000000133e-01 4.862760000000000105e+01
7.670000000000000151e-01 4.857200000000000273e+01
7.690000000000000169e-01 4.851539999999999964e+01
7.710000000000000187e-01 4.845770000000000266e+01
7.730000000000000204e-01 4.839909999999999712e+01
7.750000000000000222e-01 4.833959999999999724e+01
7.770000000000000240e-01 4.827920000000000300e+01
7.790000000000000258e-01 4.821790000000000020e+01
7.810000000000000275e-01 4.815590000000000259e+01
7.830000000000000293e-01 4.809320000000000306e+01
7.850000000000000311e-01 4.802980000000000160e+01
7.870000000000000329e-01 4.796569999999999823e+01
7.890000000000000346e-01 4.790100000000000335e+01
7.910000000000000364e-01 4.783559999999999945e+01
7.930000000000000382e-01 4.776979999999999649e+01
7.950000000000000400e-01 4.770340000000000202e+01
7.970000000000000417e-01 4.763640000000000185e+01
7.990000000000000435e-01 4.756900000000000261e+01
8.010000000000000453e-01 4.750119999999999720e+01
8.030000000000000471e-01 4.743289999999999651e+01
8.050000000000000488e-01 4.736419999999999675e+01
8.070000000000000506e-01 4.729509999999999792e+01
8.090000000000000524e-01 4.722570000000000334e+01
8.110000000000000542e-01 4.715590000000000259e+01
8.129999999999999449e-01 4.708579999999999899e+01
8.149999999999999467e-01 4.701530000000000342e+01
8.169999999999999485e-01 4.694460000000000122e+01
8.189999999999999503e-01 4.687360000000000326e+01
8.209999999999999520e-01 4.680230000000000246e+01
8.229999999999999538e-01 4.673080000000000211e+01
8.249999999999999556e-01 4.665910000000000224e+01
8.269999999999999574e-01 4.658709999999999951e+01
8.289999999999999591e-01 4.651489999999999725e+01
8.309999999999999609e-01 4.644250000000000256e+01
8.329999999999999627e-01 4.636999999999999744e+01
8.349999999999999645e-01 4.629719999999999658e+01
8.369999999999999662e-01 4.622440000000000282e+01
8.389999999999999680e-01 4.615129999999999910e+01
8.409999999999999698e-01 4.607809999999999917e+01
8.429999999999999716e-01 4.600480000000000302e+01
8.449999999999999734e-01 4.593139999999999645e+01
8.469999999999999751e-01 4.585779999999999745e+01
8.489999999999999769e-01 4.578410000000000224e+01
8.509999999999999787e-01 4.571039999999999992e+01
8.529999999999999805e-01 4.563649999999999807e+01
8.549999999999999822e-01 4.556260000000000332e+01
8.569999999999999840e-01 4.548859999999999815e+01
8.589999999999999858e-01 4.541449999999999676e+01
8.609999999999999876e-01 4.534040000000000248e+01
8.629999999999999893e-01 4.526619999999999777e+01
8.649999999999999911e-01 4.519189999999999685e+01
8.669999999999999929e-01 4.511760000000000304e+01
8.689999999999999947e-01 4.504330000000000211e+01
8.709999999999999964e-01 4.496900000000000119e+01
8.729999999999999982e-01 4.489459999999999695e+01
8.750000000000000000e-01 4.482019999999999982e+01
8.770000000000000018e-01 4.474569999999999936e+01
8.790000000000000036e-01 4.467130000000000223e+01
8.810000000000000053e-01 4.459680000000000177e+01
8.830000000000000071e-01 4.452239999999999753e+01
8.850000000000000089e-01 4.444789999999999708e+01
8.870000000000000107e-01 4.437349999999999994e+01
8.890000000000000124e-01 4.429899999999999949e+01
8.910000000000000142e-01 4.422460000000000235e+01
8.930000000000000160e-01 4.415010000000000190e+01
8.950000000000000178e-01 4.407569999999999766e+01
8.970000000000000195e-01 4.400130000000000052e+01
8.990000000000000213e-01 4.392699999999999960e+01
9.010000000000000231e-01 4.385260000000000247e+01
9.030000000000000249e-01 4.377830000000000155e+01
9.050000000000000266e-01 4.370400000000000063e+01
9.070000000000000284e-01 4.362980000000000302e+01
9.090000000000000302e-01 4.355559999999999832e+01
9.110000000000000320e-01 4.348140000000000072e+01
9.130000000000000338e-01 4.340729999999999933e+01
9.150000000000000355e-01 4.333319999999999794e+01
9.170000000000000373e-01 4.325919999999999987e+01
9.190000000000000391e-01 4.318520000000000181e+01
9.210000000000000409e-01 4.311129999999999995e+01
9.230000000000000426e-01 4.303739999999999810e+01
9.250000000000000444e-01 4.296359999999999957e+01
9.270000000000000462e-01 4.288989999999999725e+01
9.290000000000000480e-01 4.281620000000000203e+01
9.310000000000000497e-01 4.274249999999999972e+01
9.330000000000000515e-01 4.266899999999999693e+01
9.350000000000000533e-01 4.259539999999999793e+01
9.370000000000000551e-01 4.252199999999999847e+01
9.389999999999999458e-01 4.244859999999999900e+01
9.409999999999999476e-01 4.237530000000000285e+01
9.429999999999999494e-01 4.230210000000000292e+01
9.449999999999999512e-01 4.222890000000000299e+01
9.469999999999999529e-01 4.215579999999999927e+01
9.489999999999999547e-01 4.208279999999999887e+01
9.509999999999999565e-01 4.200990000000000180e+01
9.529999999999999583e-01 4.193699999999999761e+01
9.549999999999999600e-01 4.186419999999999675e+01
9.569999999999999618e-01 4.179149999999999920e+01
9.589999999999999636e-01 4.171889999999999787e+01
9.609999999999999654e-01 4.164639999999999986e+01
9.629999999999999671e-01 4.157390000000000185e+01
9.649999999999999689e-01 4.150160000000000338e+01
9.669999999999999707e-01 4.142929999999999779e+01
9.689999999999999725e-01 4.135710000000000264e+01
9.709999999999999742e-01 4.128490000000000038e+01
9.729999999999999760e-01 4.121289999999999765e+01
9.749999999999999778e-01 4.114099999999999824e+01
9.769999999999999796e-01 4.106909999999999883e+01
9.789999999999999813e-01 4.099739999999999895e+01
9.809999999999999831e-01 4.092569999999999908e+01
9.829999999999999849e-01 4.085410000000000252e+01
9.849999999999999867e-01 4.078260000000000218e+01
9.869999999999999885e-01 4.071119999999999806e+01
9.889999999999999902e-01 4.063989999999999725e+01
9.909999999999999920e-01 4.056869999999999976e+01
9.929999999999999938e-01 4.049759999999999849e+01
9.949999999999999956e-01 4.042649999999999721e+01
9.969999999999999973e-01 4.035560000000000258e+01
9.989999999999999991e-01 4.028479999999999706e+01
1.000999999999999890e+00 4.021399999999999864e+01
1.002999999999999892e+00 4.014339999999999975e+01
1.004999999999999893e+00 4.007280000000000086e+01
1.006999999999999895e+00 4.000240000000000151e+01
1.008999999999999897e+00 3.993200000000000216e+01
1.010999999999999899e+00 3.986180000000000234e+01
1.012999999999999901e+00 3.979160000000000252e+01
1.014999999999999902e+00 3.972149999999999892e+01
1.016999999999999904e+00 3.965160000000000196e+01
1.018999999999999906e+00 3.958169999999999789e+01
1.020999999999999908e+00 3.951200000000000045e+01
1.022999999999999909e+00 3.944230000000000302e+01
1.024999999999999911e+00 3.937270000000000181e+01
1.026999999999999913e+00 3.930330000000000013e+01
1.028999999999999915e+00 3.923389999999999844e+01
1.030999999999999917e+00 3.916460000000000008e+01
1.032999999999999918e+00 3.909550000000000125e+01
1.034999999999999920e+00 3.902640000000000242e+01
1.036999999999999922e+00 3.895750000000000313e+01
1.038999999999999924e+00 3.888859999999999673e+01
1.040999999999999925e+00 3.881989999999999696e+01
1.042999999999999927e+00 3.875119999999999720e+01
1.044999999999999929e+00 3.868269999999999698e+01
1.046999999999999931e+00 3.861419999999999675e+01
1.048999999999999932e+00 3.854590000000000316e+01
1.050999999999999934e+00 3.847760000000000247e+01
1.052999999999999936e+00 3.840950000000000131e+01
1.054999999999999938e+00 3.834140000000000015e+01
1.056999999999999940e+00 3.827349999999999852e+01
1.058999999999999941e+00 3.820570000000000022e+01
1.060999999999999943e+00 3.813790000000000191e+01
1.062999999999999945e+00 3.807030000000000314e+01
1.064999999999999947e+00 3.800280000000000058e+01
1.066999999999999948e+00 3.793540000000000134e+01
1.068999999999999950e+00 3.786800000000000210e+01
1.070999999999999952e+00 3.780080000000000240e+01
1.072999999999999954e+00 3.773369999999999891e+01
1.074999999999999956e+00 3.766669999999999874e+01
1.076999999999999957e+00 3.759980000000000189e+01
1.078999999999999959e+00 3.753300000000000125e+01
1.080999999999999961e+00 3.746629999999999683e+01
1.082999999999999963e+00 3.739970000000000283e+01
1.084999999999999964e+00 3.733319999999999794e+01
1.086999999999999966e+00 3.726680000000000348e+01
1.088999999999999968e+00 3.720049999999999812e+01
1.090999999999999970e+00 3.713430000000000319e+01
1.092999999999999972e+00 3.706830000000000069e+01
1.094999999999999973e+00 3.700229999999999819e+01
1.096999999999999975e+00 3.693639999999999901e+01
1.098999999999999977e+00 3.687060000000000315e+01
1.100999999999999979e+00 3.680499999999999972e+01
1.102999999999999980e+00 3.673940000000000339e+01
1.104999999999999982e+00 3.667390000000000327e+01
1.106999999999999984e+00 3.660860000000000269e+01
1.108999999999999986e+00 3.654330000000000211e+01
1.110999999999999988e+00 3.647820000000000107e+01
1.112999999999999989e+00 3.641310000000000002e+01
1.114999999999999991e+00 3.634819999999999851e+01
1.116999999999999993e+00 3.628329999999999700e+01
1.118999999999999995e+00 3.621860000000000213e+01
1.120999999999999996e+00 3.615390000000000015e+01
1.122999999999999998e+00 3.608939999999999770e+01
1.125000000000000000e+00 3.602490000000000236e+01
1.127000000000000002e+00 3.596059999999999945e+01
1.129000000000000004e+00 3.589639999999999986e+01
1.131000000000000005e+00 3.583220000000000027e+01
1.133000000000000007e+00 3.576820000000000022e+01
1.135000000000000009e+00 3.570420000000000016e+01
1.137000000000000011e+00 3.564039999999999964e+01
1.139000000000000012e+00 3.557670000000000243e+01
1.141000000000000014e+00 3.551310000000000144e+01
1.143000000000000016e+00 3.544950000000000045e+01
1.145000000000000018e+00 3.538609999999999900e+01
1.147000000000000020e+00 3.532280000000000086e+01
1.149000000000000021e+00 3.525950000000000273e+01
1.151000000000000023e+00 3.519639999999999702e+01
1.153000000000000025e+00 3.513340000000000174e+01
1.155000000000000027e+00 3.507050000000000267e+01
1.157000000000000028e+00 3.500759999999999650e+01
1.159000000000000030e+00 3.494489999999999696e+01
1.161000000000000032e+00 3.488230000000000075e+01
1.163000000000000034e+00 3.481980000000000075e+01
1.165000000000000036e+00 3.475730000000000075e+01
1.167000000000000037e+00 3.469500000000000028e+01
1.169000000000000039e+00 3.463280000000000314e+01
1.171000000000000041e+00 3.457070000000000221e+01
1.173000000000000043e+00 3.450860000000000127e+01
1.175000000000000044e+00 3.444669999999999987e+01
1.177000000000000046e+00 3.438490000000000180e+01
1.179000000000000048e+00 3.432309999999999661e+01
1.181000000000000050e+00 3.426149999999999807e+01
1.183000000000000052e+00 3.419989999999999952e+01
1.185000000000000053e+00 3.413850000000000051e+01
1.187000000000000055e+00 3.407719999999999771e+01
1.189000000000000057e+00 3.401590000000000202e+01
1.191000000000000059e+00 3.395479999999999876e+01
1.193000000000000060e+00 3.389370000000000260e+01
1.195000000000000062e+00 3.383279999999999887e+01
1.197000000000000064e+00 3.377190000000000225e+01
1.199000000000000066e+00 3.371110000000000184e+01
1.201000000000000068e+00 3.365050000000000097e+01
1.203000000000000069e+00 3.358990000000000009e+01
1.205000000000000071e+00 3.352940000000000254e+01
1.207000000000000073e+00 3.346900000000000119e+01
1.209000000000000075e+00 3.340879999999999939e+01
1.211000000000000076e+00 3.334859999999999758e+01
1.213000000000000078e+00 3.328849999999999909e+01
1.215000000000000080e+00 3.322849999999999682e+01
1.217000000000000082e+00 3.316859999999999786e+01
1.219000000000000083e+00 3.310880000000000223e+01
1.221000000000000085e+00 3.304910000000000281e+01
1.223000000000000087e+00 3.298949999999999960e+01
1.225000000000000089e+00 3.292990000000000350e+01
1.227000000000000091e+00 3.287049999999999983e+01
1.229000000000000092e+00 3.281119999999999948e+01
1.231000000000000094e+00 3.275189999999999912e+01
1.233000000000000096e+00 3.269279999999999831e+01
1.235000000000000098e+00 3.263380000000000081e+01
1.237000000000000099e+00 3.257480000000000331e+01
1.239000000000000101e+00 3.251590000000000202e+01
1.241000000000000103e+00 3.245720000000000027e+01
1.243000000000000105e+00 3.239849999999999852e+01
1.245000000000000107e+00 3.233990000000000009e+01
1.247000000000000108e+00 3.228139999999999787e+01
1.249000000000000110e+00 3.222299999999999898e+01
1.250999999999999890e+00 3.216470000000000340e+01
1.252999999999999892e+00 3.210649999999999693e+01
1.254999999999999893e+00 3.204829999999999757e+01
1.256999999999999895e+00 3.199030000000000129e+01
1.258999999999999897e+00 3.193230000000000146e+01
1.260999999999999899e+00 3.187450000000000117e+01
1.262999999999999901e+00 3.181670000000000087e+01
1.264999999999999902e+00 3.175900000000000034e+01
1.266999999999999904e+00 3.170149999999999935e+01
1.268999999999999906e+00 3.164399999999999835e+01
1.270999999999999908e+00 3.158660000000000068e+01
1.272999999999999909e+00 3.152929999999999922e+01
1.274999999999999911e+00 3.147200000000000131e+01
1.276999999999999913e+00 3.141489999999999938e+01
1.278999999999999915e+00 3.135790000000000077e+01
1.280999999999999917e+00 3.130089999999999861e+01
1.282999999999999918e+00 3.124399999999999977e+01
1.284999999999999920e+00 3.118730000000000047e+01
1.286999999999999922e+00 3.113060000000000116e+01
1.288999999999999924e+00 3.107400000000000162e+01
1.290999999999999925e+00 3.101739999999999853e+01
1.292999999999999927e+00 3.096099999999999852e+01
1.294999999999999929e+00 3.090469999999999828e+01
1.296999999999999931e+00 3.084840000000000160e+01
1.298999999999999932e+00 3.079230000000000089e+01
1.300999999999999934e+00 3.073620000000000019e+01
1.302999999999999936e+00 3.068019999999999925e+01
1.304999999999999938e+00 3.062430000000000163e+01
1.306999999999999940e+00 3.056850000000000023e+01
1.308999999999999941e+00 3.051279999999999859e+01
1.310999999999999943e+00 3.045710000000000051e+01
1.312999999999999945e+00 3.040159999999999840e+01
1.314999999999999947e+00 3.034609999999999985e+01
1.316999999999999948e+00 3.029070000000000107e+01
1.318999999999999950e+00 3.023539999999999850e+01
1.320999999999999952e+00 3.018019999999999925e+01
1.322999999999999954e+00 3.012500000000000000e+01
1.324999999999999956e+00 3.007000000000000028e+01
1.326999999999999957e+00 3.001500000000000057e+01
1.328999999999999959e+00 2.996020000000000039e+01
1.330999999999999961e+00 2.990540000000000020e+01
1.332999999999999963e+00 2.985069999999999979e+01
1.334999999999999964e+00 2.979599999999999937e+01
1.336999999999999966e+00 2.974149999999999849e+01
1.338999999999999968e+00 2.968700000000000117e+01
1.340999999999999970e+00 2.963269999999999982e+01
1.342999999999999972e+00 2.957839999999999847e+01
1.344999999999999973e+00 2.952420000000000044e+01
1.346999999999999975e+00 2.946999999999999886e+01
1.348999999999999977e+00 2.941600000000000037e+01
1.350999999999999979e+00 2.936199999999999832e+01
1.352999999999999980e+00 2.930819999999999936e+01
1.354999999999999982e+00 2.925440000000000040e+01
1.356999999999999984e+00 2.920060000000000144e+01
1.358999999999999986e+00 2.914699999999999847e+01
1.360999999999999988e+00 2.909349999999999881e+01
1.362999999999999989e+00 2.903999999999999915e+01
1.364999999999999991e+00 2.898659999999999926e+01
1.366999999999999993e+00 2.893329999999999913e+01
1.368999999999999995e+00 2.888009999999999877e+01
1.370999999999999996e+00 2.882689999999999841e+01
1.372999999999999998e+00 2.877380000000000138e+01
1.375000000000000000e+00 2.872090000000000032e+01
1.377000000000000002e+00 2.866789999999999949e+01
1.379000000000000004e+00 2.861510000000000176e+01
1.381000000000000005e+00 2.856240000000000023e+01
1.383000000000000007e+00 2.850969999999999871e+01
1.385000000000000009e+00 2.845710000000000051e+01
1.387000000000000011e+00 2.840459999999999852e+01
1.389000000000000012e+00 2.835219999999999985e+01
1.391000000000000014e+00 2.829980000000000118e+01
1.393000000000000016e+00 2.824749999999999872e+01
1.395000000000000018e+00 2.819529999999999959e+01
1.397000000000000020e+00 2.814320000000000022e+01
1.399000000000000021e+00 2.809120000000000061e+01
1.401000000000000023e+00 2.803920000000000101e+01
1.403000000000000025e+00 2.798730000000000118e+01
1.405000000000000027e+00 2.793550000000000111e+01
1.407000000000000028e+00 2.788380000000000081e+01
1.409000000000000030e+00 2.783210000000000051e+01
1.411000000000000032e+00 2.778049999999999997e+01
1.413000000000000034e+00 2.772899999999999920e+01
1.415000000000000036e+00 2.767760000000000176e+01
1.417000000000000037e+00 2.762630000000000052e+01
1.419000000000000039e+00 2.757499999999999929e+01
1.421000000000000041e+00 2.752380000000000138e+01
1.423000000000000043e+00 2.747269999999999968e+01
1.425000000000000044e+00 2.742160000000000153e+01
1.427000000000000046e+00 2.737069999999999936e+01
1.429000000000000048e+00 2.731980000000000075e+01
1.431000000000000050e+00 2.726889999999999858e+01
1.433000000000000052e+00 2.721819999999999951e+01
1.435000000000000053e+00 2.716750000000000043e+01
1.437000000000000055e+00 2.711690000000000111e+01
1.439000000000000057e+00 2.706640000000000157e+01
1.441000000000000059e+00 2.701599999999999824e+01
1.443000000000000060e+00 2.696559999999999846e+01
1.445000000000000062e+00 2.691529999999999845e+01
1.447000000000000064e+00 2.686499999999999844e+01
1.449000000000000066e+00 2.681490000000000151e+01
1.451000000000000068e+00 2.676480000000000103e+01
1.453000000000000069e+00 2.671480000000000032e+01
1.455000000000000071e+00 2.666489999999999938e+01
1.457000000000000073e+00 2.661499999999999844e+01
1.459000000000000075e+00 2.656520000000000081e+01
1.461000000000000076e+00 2.651549999999999940e+01
1.463000000000000078e+00 2.646580000000000155e+01
1.465000000000000080e+00 2.641629999999999967e+01
1.467000000000000082e+00 2.636680000000000135e+01
1.469000000000000083e+00 2.631729999999999947e+01
1.471000000000000085e+00 2.626800000000000068e+01
1.473000000000000087e+00 2.621869999999999834e+01
1.475000000000000089e+00 2.616949999999999932e+01
1.477000000000000091e+00 2.612030000000000030e+01
1.479000000000000092e+00 2.607130000000000081e+01
1.481000000000000094e+00 2.602230000000000132e+01
1.483000000000000096e+00 2.597329999999999828e+01
1.485000000000000098e+00 2.592449999999999832e+01
1.487000000000000099e+00 2.587569999999999837e+01
1.489000000000000101e+00 2.582689999999999841e+01
1.491000000000000103e+00 2.577830000000000155e+01
1.493000000000000105e+00 2.572970000000000113e+01
1.495000000000000107e+00 2.568120000000000047e+01
1.497000000000000108e+00 2.563269999999999982e+01
1.499000000000000110e+00 2.558439999999999870e+01
1.500999999999999890e+00 2.553610000000000113e+01
1.502999999999999892e+00 2.548780000000000001e+01
1.504999999999999893e+00 2.543969999999999843e+01
1.506999999999999895e+00 2.539150000000000063e+01
1.508999999999999897e+00 2.534349999999999881e+01
1.510999999999999899e+00 2.529560000000000031e+01
1.512999999999999901e+00 2.524769999999999825e+01
1.514999999999999902e+00 2.519979999999999976e+01
1.516999999999999904e+00 2.515210000000000079e+01
1.518999999999999906e+00 2.510439999999999827e+01
1.520999999999999908e+00 2.505669999999999931e+01
1.522999999999999909e+00 2.500919999999999987e+01
1.524999999999999911e+00 2.496170000000000044e+01
1.526999999999999913e+00 2.491430000000000078e+01
1.528999999999999915e+00 2.486690000000000111e+01
1.530999999999999917e+00 2.481960000000000122e+01
1.532999999999999918e+00 2.477240000000000109e+01
1.534999999999999920e+00 2.472520000000000095e+01
1.536999999999999922e+00 2.467820000000000036e+01
1.538999999999999924e+00 2.463109999999999999e+01
1.540999999999999925e+00 2.458419999999999916e+01
1.542999999999999927e+00 2.453729999999999833e+01
1.544999999999999929e+00 2.449040000000000106e+01
1.546999999999999931e+00 2.444369999999999976e+01
1.548999999999999932e+00 2.439699999999999847e+01
1.550999999999999934e+00 2.435030000000000072e+01
1.552999999999999936e+00 2.430379999999999896e+01
1.554999999999999938e+00 2.425730000000000075e+01
1.556999999999999940e+00 2.421079999999999899e+01
1.558999999999999941e+00 2.416450000000000031e+01
1.560999999999999943e+00 2.411820000000000164e+01
1.562999999999999945e+00 2.407189999999999941e+01
1.564999999999999947e+00 2.402570000000000050e+01
1.566999999999999948e+00 2.397960000000000136e+01
1.568999999999999950e+00 2.393359999999999843e+01
1.570999999999999952e+00 2.388759999999999906e+01
1.572999999999999954e+00 2.384159999999999968e+01
1.574999999999999956e+00 2.379579999999999984e+01
1.576999999999999957e+00 2.375000000000000000e+01
1.578999999999999959e+00 2.370420000000000016e+01
1.580999999999999961e+00 2.365859999999999985e+01
1.582999999999999963e+00 2.361299999999999955e+01
1.584999999999999964e+00 2.356739999999999924e+01
1.586999999999999966e+00 2.352189999999999870e+01
1.588999999999999968e+00 2.347650000000000148e+01
1.590999999999999970e+00 2.343110000000000070e+01
1.592999999999999972e+00 2.338579999999999970e+01
1.594999999999999973e+00 2.334059999999999846e+01
1.596999999999999975e+00 2.329540000000000077e+01
1.598999999999999977e+00 2.325029999999999930e+01
1.600999999999999979e+00 2.320530000000000115e+01
1.602999999999999980e+00 2.316029999999999944e+01
1.604999999999999982e+00 2.311530000000000129e+01
1.606999999999999984e+00 2.307049999999999912e+01
1.608999999999999986e+00 2.302570000000000050e+01
1.610999999999999988e+00 2.298089999999999833e+01
1.612999999999999989e+00 2.293619999999999948e+01
1.614999999999999991e+00 2.289160000000000039e+01
1.616999999999999993e+00 2.284700000000000131e+01
1.618999999999999995e+00 2.280249999999999844e+01
1.620999999999999996e+00 2.275809999999999889e+01
1.622999999999999998e+00 2.271369999999999933e+01
1.625000000000000000e+00 2.266939999999999955e+01
1.627000000000000002e+00 2.262509999999999977e+01
1.629000000000000004e+00 2.258089999999999975e+01
1.631000000000000005e+00 2.253679999999999950e+01
1.633000000000000007e+00 2.249269999999999925e+01
1.635000000000000009e+00 2.244869999999999877e+01
1.637000000000000011e+00 2.240469999999999828e+01
1.639000000000000012e+00 2.236080000000000112e+01
1.641000000000000014e+00 2.231690000000000040e+01
1.643000000000000016e+00 2.227309999999999945e+01
1.645000000000000018e+00 2.222939999999999827e+01
1.647000000000000020e+00 2.218570000000000064e+01
1.649000000000000021e+00 2.214209999999999923e+01
1.651000000000000023e+00 2.209860000000000113e+01
1.653000000000000025e+00 2.205509999999999948e+01
1.655000000000000027e+00 2.201160000000000139e+01
1.657000000000000028e+00 2.196819999999999951e+01
1.659000000000000030e+00 2.192490000000000094e+01
1.661000000000000032e+00 2.188169999999999860e+01
1.663000000000000034e+00 2.183840000000000003e+01
1.665000000000000036e+00 2.179530000000000101e+01
1.667000000000000037e+00 2.175219999999999843e+01
1.669000000000000039e+00 2.170919999999999916e+01
1.671000000000000041e+00 2.166619999999999990e+01
1.673000000000000043e+00 2.162330000000000041e+01
1.675000000000000044e+00 2.158040000000000092e+01
1.677000000000000046e+00 2.153760000000000119e+01
1.679000000000000048e+00 2.149480000000000146e+01
1.681000000000000050e+00 2.145210000000000150e+01
1.683000000000000052e+00 2.140950000000000131e+01
1.685000000000000053e+00 2.136690000000000111e+01
1.687000000000000055e+00 2.132440000000000069e+01
1.689000000000000057e+00 2.128190000000000026e+01
1.691000000000000059e+00 2.123949999999999960e+01
1.693000000000000060e+00 2.119709999999999894e+01
1.695000000000000062e+00 2.115480000000000160e+01
1.697000000000000064e+00 2.111260000000000048e+01
1.699000000000000066e+00 2.107039999999999935e+01
1.701000000000000068e+00 2.102830000000000155e+01
1.703000000000000069e+00 2.098620000000000019e+01
1.705000000000000071e+00 2.094419999999999860e+01
1.707000000000000073e+00 2.090220000000000056e+01
1.709000000000000075e+00 2.086029999999999873e+01
1.711000000000000076e+00 2.081840000000000046e+01
1.713000000000000078e+00 2.077659999999999840e+01
1.715000000000000080e+00 2.073489999999999966e+01
1.717000000000000082e+00 2.069320000000000093e+01
1.719000000000000083e+00 2.065149999999999864e+01
1.721000000000000085e+00 2.060989999999999966e+01
1.723000000000000087e+00 2.056840000000000046e+01
1.725000000000000089e+00 2.052690000000000126e+01
1.727000000000000091e+00 2.048549999999999827e+01
1.729000000000000092e+00 2.044409999999999883e+01
1.731000000000000094e+00 2.040279999999999916e+01
1.733000000000000096e+00 2.036149999999999949e+01
1.735000000000000098e+00 2.032029999999999959e+01
1.737000000000000099e+00 2.027919999999999945e+01
1.739000000000000101e+00 2.023799999999999955e+01
1.741000000000000103e+00 2.019699999999999918e+01
1.743000000000000105e+00 2.015599999999999881e+01
1.745000000000000107e+00 2.011510000000000176e+01
1.747000000000000108e+00 2.007420000000000115e+01
1.749000000000000110e+00 2.003330000000000055e+01
1.750999999999999890e+00 1.999249999999999972e+01
1.752999999999999892e+00 1.995179999999999865e+01
1.754999999999999893e+00 1.991110000000000113e+01
1.756999999999999895e+00 1.987049999999999983e+01
1.758999999999999897e+00 1.982989999999999853e+01
1.760999999999999899e+00 1.978940000000000055e+01
1.762999999999999901e+00 1.974889999999999901e+01
1.764999999999999902e+00 1.970850000000000080e+01
1.766999999999999904e+00 1.966809999999999903e+01
1.768999999999999906e+00 1.962780000000000058e+01
1.770999999999999908e+00 1.958759999999999835e+01
1.772999999999999909e+00 1.954729999999999990e+01
1.774999999999999911e+00 1.950720000000000098e+01
1.776999999999999913e+00 1.946709999999999852e+01
1.778999999999999915e+00 1.942699999999999960e+01
1.780999999999999917e+00 1.938700000000000045e+01
1.782999999999999918e+00 1.934710000000000107e+01
1.784999999999999920e+00 1.930720000000000169e+01
1.786999999999999922e+00 1.926729999999999876e+01
1.788999999999999924e+00 1.922749999999999915e+01
1.790999999999999925e+00 1.918779999999999930e+01
1.792999999999999927e+00 1.914809999999999945e+01
1.794999999999999929e+00 1.910839999999999961e+01
1.796999999999999931e+00 1.906879999999999953e+01
1.798999999999999932e+00 1.902929999999999922e+01
