 10  8  9  3 00  0  0  0  0
nnn_pot
  6                                                            Z1  BVs 1 - 6
  6  6
                                    14.255641   
                                    11.749537   
                                    4.999666    
                                    1.130043    
                                    0.098747    
                                    0.002554    
    7.055930    2.194263    1.124759    0.031020    0.008608    0.003666
  1  1
          1.
  1  1
                      1.
  1  1
                                  1.
  1  1
                                              1.
  1  1
                                                          1.
  1  1
                                                                      1.
  6                                                            Z2  BVs 7 - 12
  6  6
                                    16.771547   
                                    4.031118    
                                    0.531206    
                                    0.186752    
                                    0.030542    
                                    0.006736    
   10.951530    0.487678    0.092308    0.037857    0.010574    0.005094
  1  1
          1.
  1  1
                      1.
  1  1
                                  1.
  1  1
                                              1.
  1  1
                                                          1.
  1  1
                                                                      1.
eob-tni/123_123
elu-tni/000_000
eob-tni/123_123
elu-tni/000_000
eob-tni/123_123
elu-tni/000_000
