5.364000000000000018e-02 -5.033199999999999896e+00
5.564000000000000196e-02 -8.031800000000000495e+00
5.763999999999999679e-02 -1.016489999999999938e+01
5.963999999999999857e-02 -1.190760000000000041e+01
6.164000000000000035e-02 -1.341319999999999979e+01
6.364000000000000212e-02 -1.475479999999999947e+01
6.564000000000000390e-02 -1.597400000000000020e+01
6.763999999999999180e-02 -1.709720000000000084e+01
6.963999999999999357e-02 -1.814260000000000161e+01
7.163999999999999535e-02 -1.912310000000000088e+01
7.363999999999999713e-02 -2.004830000000000112e+01
7.563999999999999890e-02 -2.092579999999999885e+01
7.764000000000000068e-02 -2.176160000000000139e+01
7.964000000000000246e-02 -2.256030000000000157e+01
8.164000000000000423e-02 -2.332590000000000074e+01
8.364000000000000601e-02 -2.406169999999999831e+01
8.564000000000000778e-02 -2.477049999999999841e+01
8.764000000000000956e-02 -2.545459999999999923e+01
8.963999999999999746e-02 -2.611609999999999943e+01
9.163999999999999924e-02 -2.675669999999999860e+01
9.364000000000000101e-02 -2.737800000000000011e+01
9.564000000000000279e-02 -2.798140000000000072e+01
9.764000000000000457e-02 -2.856800000000000139e+01
9.964000000000000634e-02 -2.913909999999999911e+01
1.016399999999999942e-01 -2.969539999999999935e+01
1.036399999999999960e-01 -3.023799999999999955e+01
1.056399999999999978e-01 -3.076760000000000161e+01
1.076399999999999996e-01 -3.128500000000000014e+01
1.096400000000000013e-01 -3.179070000000000107e+01
1.116400000000000031e-01 -3.228540000000000276e+01
1.136400000000000049e-01 -3.276970000000000027e+01
1.156400000000000067e-01 -3.324399999999999977e+01
1.176400000000000085e-01 -3.370879999999999654e+01
1.196399999999999963e-01 -3.416460000000000008e+01
1.216399999999999981e-01 -3.461169999999999902e+01
1.236399999999999999e-01 -3.505060000000000286e+01
1.256400000000000017e-01 -3.548149999999999693e+01
1.276400000000000035e-01 -3.590489999999999782e+01
1.296400000000000052e-01 -3.632090000000000174e+01
1.316400000000000070e-01 -3.672990000000000066e+01
1.336400000000000088e-01 -3.713219999999999743e+01
1.356400000000000106e-01 -3.752799999999999869e+01
1.376399999999999846e-01 -3.791749999999999687e+01
1.396399999999999864e-01 -3.830100000000000193e+01
1.416399999999999881e-01 -3.867860000000000298e+01
1.436399999999999899e-01 -3.905069999999999908e+01
1.456399999999999917e-01 -3.941720000000000113e+01
1.476399999999999935e-01 -3.977859999999999729e+01
1.496399999999999952e-01 -4.013479999999999848e+01
1.516399999999999970e-01 -4.048610000000000042e+01
1.536399999999999988e-01 -4.083259999999999934e+01
1.556400000000000006e-01 -4.117439999999999856e+01
1.576400000000000023e-01 -4.151180000000000092e+01
1.596400000000000041e-01 -4.184470000000000312e+01
1.616400000000000059e-01 -4.217349999999999710e+01
1.636400000000000077e-01 -4.249810000000000088e+01
1.656400000000000095e-01 -4.281860000000000355e+01
1.676400000000000112e-01 -4.313530000000000086e+01
1.696400000000000130e-01 -4.344819999999999993e+01
1.716400000000000148e-01 -4.375739999999999696e+01
1.736400000000000166e-01 -4.406289999999999907e+01
1.756400000000000183e-01 -4.436500000000000199e+01
1.776400000000000201e-01 -4.466360000000000241e+01
1.796400000000000219e-01 -4.495889999999999986e+01
1.816400000000000237e-01 -4.525090000000000146e+01
1.836399999999999977e-01 -4.553970000000000340e+01
1.856399999999999995e-01 -4.582540000000000191e+01
1.876400000000000012e-01 -4.610810000000000031e+01
1.896400000000000030e-01 -4.638790000000000191e+01
1.916399999999999770e-01 -4.666470000000000340e+01
1.936399999999999788e-01 -4.693869999999999720e+01
1.956399999999999806e-01 -4.720989999999999753e+01
1.976399999999999824e-01 -4.747840000000000060e+01
1.996399999999999841e-01 -4.774430000000000263e+01
2.016399999999999859e-01 -4.800759999999999650e+01
2.036399999999999877e-01 -4.826830000000000354e+01
2.056399999999999895e-01 -4.852649999999999864e+01
2.076399999999999912e-01 -4.878229999999999933e+01
2.096399999999999930e-01 -4.903569999999999851e+01
2.116399999999999948e-01 -4.928679999999999950e+01
2.136399999999999966e-01 -4.953560000000000230e+01
2.156399999999999983e-01 -4.978209999999999980e+01
2.176400000000000001e-01 -5.002640000000000242e+01
2.196400000000000019e-01 -5.026850000000000307e+01
2.216400000000000037e-01 -5.050849999999999795e+01
2.236400000000000055e-01 -5.074649999999999750e+01
2.256400000000000072e-01 -5.098239999999999839e+01
2.276400000000000090e-01 -5.121620000000000061e+01
2.296399999999999830e-01 -5.144809999999999661e+01
2.316399999999999848e-01 -5.167810000000000059e+01
2.336399999999999866e-01 -5.190619999999999834e+01
2.356399999999999884e-01 -5.213239999999999696e+01
2.376399999999999901e-01 -5.235669999999999646e+01
2.396399999999999919e-01 -5.257930000000000348e+01
2.416399999999999937e-01 -5.279999999999999716e+01
2.436399999999999955e-01 -5.301910000000000167e+01
2.456399999999999972e-01 -5.323640000000000327e+01
2.476399999999999990e-01 -5.345199999999999818e+01
2.496400000000000008e-01 -5.366590000000000060e+01
2.516399999999999748e-01 -5.387830000000000297e+01
2.536399999999999766e-01 -5.408899999999999864e+01
2.556399999999999784e-01 -5.429809999999999803e+01
2.576399999999999801e-01 -5.450569999999999737e+01
2.596399999999999819e-01 -5.471170000000000044e+01
2.616399999999999837e-01 -5.491629999999999967e+01
2.636399999999999855e-01 -5.511930000000000263e+01
2.656399999999999872e-01 -5.532090000000000174e+01
2.676399999999999890e-01 -5.552100000000000080e+01
2.696399999999999908e-01 -5.571970000000000312e+01
2.716399999999999926e-01 -5.591700000000000159e+01
2.736399999999999944e-01 -5.611299999999999955e+01
2.756399999999999961e-01 -5.630760000000000076e+01
2.776399999999999979e-01 -5.650079999999999814e+01
2.796399999999999997e-01 -5.669270000000000209e+01
2.816400000000000015e-01 -5.688329999999999842e+01
2.836400000000000032e-01 -5.707269999999999754e+01
2.856400000000000050e-01 -5.726069999999999993e+01
2.876400000000000068e-01 -5.744760000000000133e+01
2.896400000000000086e-01 -5.763320000000000221e+01
2.916400000000000103e-01 -5.781750000000000256e+01
2.936400000000000121e-01 -5.800070000000000192e+01
2.956400000000000139e-01 -5.818269999999999698e+01
2.976400000000000157e-01 -5.836359999999999815e+01
2.996400000000000174e-01 -5.854319999999999879e+01
3.016400000000000192e-01 -5.872180000000000177e+01
3.036400000000000210e-01 -5.889920000000000044e+01
3.056400000000000228e-01 -5.907560000000000144e+01
3.076400000000000245e-01 -5.925079999999999814e+01
3.096400000000000263e-01 -5.942490000000000094e+01
3.116400000000000281e-01 -5.959799999999999898e+01
3.136400000000000299e-01 -5.977009999999999934e+01
3.156400000000000317e-01 -5.994109999999999872e+01
3.176400000000000334e-01 -6.011110000000000042e+01
3.196400000000000352e-01 -6.028009999999999735e+01
3.216400000000000370e-01 -6.044800000000000040e+01
3.236400000000000388e-01 -6.061500000000000199e+01
3.256400000000000405e-01 -6.078099999999999881e+01
3.276400000000000423e-01 -6.094610000000000127e+01
3.296400000000000441e-01 -6.111019999999999897e+01
3.316399999999999904e-01 -6.127340000000000231e+01
3.336399999999999921e-01 -6.143560000000000088e+01
3.356399999999999939e-01 -6.159689999999999799e+01
3.376399999999999957e-01 -6.175730000000000075e+01
3.396399999999999975e-01 -6.191680000000000206e+01
3.416399999999999992e-01 -6.207549999999999812e+01
3.436400000000000010e-01 -6.223319999999999652e+01
3.456400000000000028e-01 -6.239009999999999678e+01
3.476400000000000046e-01 -6.254610000000000269e+01
3.496400000000000063e-01 -6.270130000000000337e+01
3.516400000000000081e-01 -6.285560000000000258e+01
3.536400000000000099e-01 -6.300919999999999987e+01
3.556399999999999562e-01 -6.316190000000000282e+01
3.576399999999999579e-01 -6.331380000000000052e+01
3.596399999999999597e-01 -6.346479999999999677e+01
3.616399999999999615e-01 -6.361509999999999820e+01
3.636399999999999633e-01 -6.376469999999999771e+01
3.656399999999999650e-01 -6.391340000000000288e+01
3.676399999999999668e-01 -6.406140000000000612e+01
3.696399999999999686e-01 -6.420860000000000412e+01
3.716399999999999704e-01 -6.435509999999999309e+01
3.736399999999999721e-01 -6.450079999999999814e+01
3.756399999999999739e-01 -6.464579999999999416e+01
3.776399999999999757e-01 -6.479000000000000625e+01
3.796399999999999775e-01 -6.493359999999999843e+01
3.816399999999999793e-01 -6.507640000000000668e+01
3.836399999999999810e-01 -6.521850000000000591e+01
3.856399999999999828e-01 -6.535999999999999943e+01
3.876399999999999846e-01 -6.550069999999999482e+01
3.896399999999999864e-01 -6.564079999999999870e+01
3.916399999999999881e-01 -6.578019999999999357e+01
3.936399999999999899e-01 -6.591889999999999361e+01
3.956399999999999917e-01 -6.605689999999999884e+01
3.976399999999999935e-01 -6.619429999999999836e+01
3.996399999999999952e-01 -6.633110000000000639e+01
4.016399999999999970e-01 -6.646720000000000539e+01
4.036399999999999988e-01 -6.660259999999999536e+01
4.056400000000000006e-01 -6.673749999999999716e+01
4.076400000000000023e-01 -6.687170000000000414e+01
4.096400000000000041e-01 -6.700530000000000541e+01
4.116400000000000059e-01 -6.713830000000000098e+01
4.136400000000000077e-01 -6.727060000000000173e+01
4.156400000000000095e-01 -6.740240000000000009e+01
4.176400000000000112e-01 -6.753360000000000696e+01
4.196400000000000130e-01 -6.766419999999999391e+01
4.216400000000000148e-01 -6.779420000000000357e+01
4.236400000000000166e-01 -6.792359999999999332e+01
4.256400000000000183e-01 -6.805249999999999488e+01
4.276400000000000201e-01 -6.818080000000000496e+01
4.296400000000000219e-01 -6.830849999999999511e+01
4.316400000000000237e-01 -6.843569999999999709e+01
4.336400000000000254e-01 -6.856229999999999336e+01
4.356400000000000272e-01 -6.868840000000000146e+01
4.376400000000000290e-01 -6.881390000000000384e+01
4.396400000000000308e-01 -6.893890000000000384e+01
4.416400000000000325e-01 -6.906329999999999814e+01
4.436400000000000343e-01 -6.918729999999999336e+01
4.456400000000000361e-01 -6.931069999999999709e+01
4.476400000000000379e-01 -6.943359999999999843e+01
4.496400000000000396e-01 -6.955589999999999407e+01
4.516400000000000414e-01 -6.967780000000000484e+01
4.536400000000000432e-01 -6.979919999999999902e+01
4.556400000000000450e-01 -6.992000000000000171e+01
4.576399999999999912e-01 -7.004040000000000532e+01
4.596399999999999930e-01 -7.016030000000000655e+01
4.616399999999999948e-01 -7.027970000000000539e+01
4.636399999999999966e-01 -7.039860000000000184e+01
4.656399999999999983e-01 -7.051699999999999591e+01
4.676400000000000001e-01 -7.063500000000000512e+01
4.696400000000000019e-01 -7.075249999999999773e+01
4.716400000000000037e-01 -7.086950000000000216e+01
4.736400000000000055e-01 -7.098600000000000421e+01
4.756400000000000072e-01 -7.110209999999999297e+01
4.776400000000000090e-01 -7.121779999999999688e+01
4.796400000000000108e-01 -7.133299999999999841e+01
4.816400000000000126e-01 -7.144769999999999754e+01
4.836400000000000143e-01 -7.156199999999999761e+01
4.856400000000000161e-01 -7.167589999999999861e+01
4.876400000000000179e-01 -7.178929999999999723e+01
4.896400000000000197e-01 -7.190229999999999677e+01
4.916400000000000214e-01 -7.201479999999999393e+01
4.936400000000000232e-01 -7.212699999999999534e+01
4.956400000000000250e-01 -7.223869999999999436e+01
4.976400000000000268e-01 -7.234999999999999432e+01
4.996400000000000285e-01 -7.246080000000000609e+01
5.016400000000000858e-01 -7.257129999999999370e+01
5.036400000000000876e-01 -7.268139999999999645e+01
5.056400000000000894e-01 -7.279099999999999682e+01
5.076400000000000912e-01 -7.290030000000000143e+01
5.096400000000000929e-01 -7.300910000000000366e+01
5.116399999999999837e-01 -7.311759999999999593e+01
5.136399999999999855e-01 -7.322560000000000002e+01
5.156399999999999872e-01 -7.333329999999999416e+01
5.176399999999999890e-01 -7.344060000000000343e+01
5.196399999999999908e-01 -7.354749999999999943e+01
5.216399999999999926e-01 -7.365399999999999636e+01
5.236399999999999944e-01 -7.376019999999999754e+01
5.256399999999999961e-01 -7.386589999999999634e+01
5.276399999999999979e-01 -7.397129999999999939e+01
5.296399999999999997e-01 -7.407640000000000668e+01
5.316400000000000015e-01 -7.418099999999999739e+01
5.336400000000000032e-01 -7.428530000000000655e+01
5.356400000000000050e-01 -7.438920000000000243e+01
5.376400000000000068e-01 -7.449280000000000257e+01
5.396400000000000086e-01 -7.459600000000000364e+01
5.416400000000000103e-01 -7.469889999999999475e+01
5.436400000000000121e-01 -7.480140000000000100e+01
5.456400000000000139e-01 -7.490359999999999729e+01
5.476400000000000157e-01 -7.500539999999999452e+01
5.496400000000000174e-01 -7.510689999999999600e+01
5.516400000000000192e-01 -7.520810000000000173e+01
5.536399999999999100e-01 -7.530889999999999418e+01
5.556399999999999118e-01 -7.540930000000000177e+01
5.576399999999999135e-01 -7.550950000000000273e+01
5.596399999999999153e-01 -7.560930000000000462e+01
5.616399999999999171e-01 -7.570879999999999654e+01
5.636399999999999189e-01 -7.580790000000000362e+01
5.656399999999999206e-01 -7.590670000000000073e+01
5.676399999999999224e-01 -7.600520000000000209e+01
5.696399999999999242e-01 -7.610339999999999350e+01
5.716399999999999260e-01 -7.620130000000000337e+01
5.736399999999999277e-01 -7.629890000000000327e+01
5.756399999999999295e-01 -7.639610000000000412e+01
5.776399999999999313e-01 -7.649309999999999832e+01
5.796399999999999331e-01 -7.658969999999999345e+01
5.816399999999999348e-01 -7.668600000000000705e+01
5.836399999999999366e-01 -7.678199999999999648e+01
5.856399999999999384e-01 -7.687779999999999347e+01
5.876399999999999402e-01 -7.697320000000000562e+01
5.896399999999999419e-01 -7.706829999999999359e+01
5.916399999999999437e-01 -7.716310000000000002e+01
5.936399999999999455e-01 -7.725769999999999982e+01
5.956399999999999473e-01 -7.735190000000000055e+01
5.976399999999999491e-01 -7.744589999999999463e+01
5.996399999999999508e-01 -7.753959999999999297e+01
6.016399999999999526e-01 -7.763290000000000646e+01
6.036399999999999544e-01 -7.772610000000000241e+01
6.056399999999999562e-01 -7.781889999999999930e+01
6.076399999999999579e-01 -7.791140000000000043e+01
6.096399999999999597e-01 -7.800369999999999493e+01
6.116399999999999615e-01 -7.809569999999999368e+01
6.136399999999999633e-01 -7.818739999999999668e+01
6.156399999999999650e-01 -7.827880000000000393e+01
6.176399999999999668e-01 -7.837000000000000455e+01
6.196399999999999686e-01 -7.846089999999999520e+01
6.216399999999999704e-01 -7.855150000000000432e+01
6.236399999999999721e-01 -7.864190000000000680e+01
6.256399999999999739e-01 -7.873199999999999932e+01
6.276399999999999757e-01 -7.882189999999999941e+01
6.296399999999999775e-01 -7.891150000000000375e+01
6.316399999999999793e-01 -7.900079999999999814e+01
6.336399999999999810e-01 -7.908990000000000009e+01
6.356399999999999828e-01 -7.917870000000000630e+01
6.376399999999999846e-01 -7.926720000000000255e+01
6.396399999999999864e-01 -7.935559999999999548e+01
6.416399999999999881e-01 -7.944360000000000355e+01
6.436399999999999899e-01 -7.953140000000000498e+01
6.456399999999999917e-01 -7.961899999999999977e+01
6.476399999999999935e-01 -7.970629999999999882e+01
6.496399999999999952e-01 -7.979340000000000543e+01
6.516399999999999970e-01 -7.988020000000000209e+01
6.536399999999999988e-01 -7.996680000000000632e+01
6.556400000000000006e-01 -8.005320000000000391e+01
6.576400000000000023e-01 -8.013930000000000575e+01
6.596400000000000041e-01 -8.022520000000000095e+01
6.616400000000000059e-01 -8.031080000000000041e+01
6.636400000000000077e-01 -8.039619999999999322e+01
6.656400000000000095e-01 -8.048139999999999361e+01
6.676400000000000112e-01 -8.056640000000000157e+01
6.696400000000000130e-01 -8.065109999999999957e+01
6.716400000000000148e-01 -8.073560000000000514e+01
6.736400000000000166e-01 -8.081980000000000075e+01
6.756400000000000183e-01 -8.090389999999999304e+01
6.776400000000000201e-01 -8.098770000000000380e+01
6.796400000000000219e-01 -8.107129999999999370e+01
6.816400000000000237e-01 -8.115460000000000207e+01
6.836400000000000254e-01 -8.123779999999999291e+01
6.856400000000000272e-01 -8.132070000000000221e+01
6.876400000000000290e-01 -8.140340000000000487e+01
6.896400000000000308e-01 -8.148590000000000089e+01
6.916400000000000325e-01 -8.156820000000000448e+01
6.936400000000000343e-01 -8.165030000000000143e+01
6.956400000000000361e-01 -8.173220000000000596e+01
6.976400000000000379e-01 -8.181380000000000052e+01
6.996400000000000396e-01 -8.189520000000000266e+01
7.016400000000000414e-01 -8.197650000000000148e+01
7.036400000000000432e-01 -8.205750000000000455e+01
7.056400000000000450e-01 -8.213830000000000098e+01
7.076400000000000468e-01 -8.221890000000000498e+01
7.096400000000000485e-01 -8.229930000000000234e+01
7.116400000000000503e-01 -8.237949999999999307e+01
7.136400000000000521e-01 -8.245950000000000557e+01
7.156400000000000539e-01 -8.253929999999999723e+01
7.176400000000000556e-01 -8.261889999999999645e+01
7.196400000000000574e-01 -8.269830000000000325e+01
7.216400000000000592e-01 -8.277750000000000341e+01
7.236400000000000610e-01 -8.285649999999999693e+01
7.256400000000000627e-01 -8.293529999999999802e+01
7.276400000000000645e-01 -8.301390000000000668e+01
7.296400000000000663e-01 -8.309239999999999782e+01
7.316400000000000681e-01 -8.317059999999999320e+01
7.336400000000000698e-01 -8.324859999999999616e+01
7.356400000000000716e-01 -8.332649999999999579e+01
7.376400000000000734e-01 -8.340420000000000300e+01
7.396400000000000752e-01 -8.348160000000000025e+01
7.416400000000000770e-01 -8.355889999999999418e+01
7.436400000000000787e-01 -8.363599999999999568e+01
7.456400000000000805e-01 -8.371290000000000475e+01
7.476400000000000823e-01 -8.378969999999999629e+01
