Energy PhaseShift
5.299999999999999850e-02 6.778350000000000364e+01
5.399999999999999939e-02 6.605119999999999436e+01
5.500000000000000028e-02 6.475480000000000302e+01
5.600000000000000117e-02 6.365619999999999834e+01
5.700000000000000205e-02 6.267849999999999966e+01
5.800000000000000294e-02 6.178509999999999991e+01
5.899999999999999689e-02 6.095499999999999829e+01
5.999999999999999778e-02 6.017499999999999716e+01
6.099999999999999867e-02 5.943599999999999994e+01
6.199999999999999956e-02 5.873149999999999693e+01
6.300000000000000044e-02 5.805649999999999977e+01
6.400000000000000133e-02 5.740729999999999933e+01
6.500000000000000222e-02 5.678079999999999927e+01
6.600000000000000311e-02 5.617470000000000141e+01
6.700000000000000400e-02 5.558689999999999998e+01
6.800000000000000488e-02 5.501570000000000249e+01
6.900000000000000577e-02 5.445980000000000132e+01
7.000000000000000666e-02 5.391790000000000305e+01
7.099999999999999367e-02 5.338900000000000290e+01
7.199999999999999456e-02 5.287210000000000321e+01
7.299999999999999545e-02 5.236650000000000205e+01
7.399999999999999634e-02 5.187140000000000128e+01
7.499999999999999722e-02 5.138620000000000232e+01
7.599999999999999811e-02 5.091029999999999944e+01
7.699999999999999900e-02 5.044330000000000069e+01
7.799999999999999989e-02 4.998460000000000036e+01
7.900000000000000078e-02 4.953390000000000271e+01
8.000000000000000167e-02 4.909069999999999823e+01
8.100000000000000255e-02 4.865469999999999828e+01
8.200000000000000344e-02 4.822560000000000002e+01
8.300000000000000433e-02 4.780299999999999727e+01
8.400000000000000522e-02 4.738680000000000092e+01
8.500000000000000611e-02 4.697659999999999769e+01
8.599999999999999312e-02 4.657229999999999848e+01
8.699999999999999400e-02 4.617349999999999710e+01
8.799999999999999489e-02 4.578009999999999735e+01
8.899999999999999578e-02 4.539200000000000301e+01
8.999999999999999667e-02 4.500880000000000081e+01
9.099999999999999756e-02 4.463049999999999784e+01
9.199999999999999845e-02 4.425690000000000168e+01
9.299999999999999933e-02 4.388779999999999859e+01
9.400000000000000022e-02 4.352309999999999945e+01
9.500000000000000111e-02 4.316270000000000095e+01
9.600000000000000200e-02 4.280639999999999645e+01
9.700000000000000289e-02 4.245409999999999684e+01
9.800000000000000377e-02 4.210580000000000211e+01
9.900000000000000466e-02 4.176120000000000232e+01
1.000000000000000056e-01 4.142029999999999745e+01
1.010000000000000064e-01 4.108299999999999841e+01
1.019999999999999934e-01 4.074929999999999808e+01
1.029999999999999943e-01 4.041890000000000072e+01
1.039999999999999952e-01 4.009179999999999922e+01
1.049999999999999961e-01 3.976800000000000068e+01
1.059999999999999970e-01 3.944740000000000180e+01
1.069999999999999979e-01 3.912980000000000302e+01
1.079999999999999988e-01 3.881530000000000058e+01
1.089999999999999997e-01 3.850370000000000203e+01
1.100000000000000006e-01 3.819500000000000028e+01
1.110000000000000014e-01 3.788909999999999911e+01
1.120000000000000023e-01 3.758599999999999852e+01
1.130000000000000032e-01 3.728560000000000230e+01
1.140000000000000041e-01 3.698780000000000001e+01
1.150000000000000050e-01 3.669259999999999877e+01
1.160000000000000059e-01 3.639990000000000236e+01
1.170000000000000068e-01 3.610979999999999990e+01
1.179999999999999938e-01 3.582200000000000273e+01
1.189999999999999947e-01 3.553670000000000329e+01
1.199999999999999956e-01 3.525370000000000203e+01
1.209999999999999964e-01 3.497299999999999898e+01
1.219999999999999973e-01 3.469449999999999790e+01
1.229999999999999982e-01 3.441830000000000211e+01
1.239999999999999991e-01 3.414419999999999789e+01
1.250000000000000000e-01 3.387230000000000274e+01
1.260000000000000009e-01 3.360249999999999915e+01
1.270000000000000018e-01 3.333469999999999800e+01
1.280000000000000027e-01 3.306900000000000261e+01
1.290000000000000036e-01 3.280519999999999925e+01
1.300000000000000044e-01 3.254339999999999833e+01
1.310000000000000053e-01 3.228349999999999653e+01
1.320000000000000062e-01 3.202550000000000097e+01
1.330000000000000071e-01 3.176940000000000097e+01
1.340000000000000080e-01 3.151510000000000034e+01
1.350000000000000089e-01 3.126259999999999906e+01
1.360000000000000098e-01 3.101190000000000069e+01
1.370000000000000107e-01 3.076300000000000168e+01
1.380000000000000115e-01 3.051569999999999894e+01
1.390000000000000124e-01 3.027019999999999911e+01
1.400000000000000133e-01 3.002629999999999910e+01
1.409999999999999865e-01 2.978399999999999892e+01
1.419999999999999873e-01 2.954339999999999833e+01
1.429999999999999882e-01 2.930440000000000111e+01
1.439999999999999891e-01 2.906690000000000040e+01
1.449999999999999900e-01 2.883099999999999952e+01
1.459999999999999909e-01 2.859659999999999869e+01
1.469999999999999918e-01 2.836370000000000147e+01
1.479999999999999927e-01 2.813240000000000052e+01
1.489999999999999936e-01 2.790240000000000009e+01
1.499999999999999944e-01 2.767389999999999972e+01
1.509999999999999953e-01 2.744689999999999941e+01
1.519999999999999962e-01 2.722119999999999962e+01
1.529999999999999971e-01 2.699699999999999989e+01
1.539999999999999980e-01 2.677410000000000068e+01
1.549999999999999989e-01 2.655249999999999844e+01
1.559999999999999998e-01 2.633230000000000004e+01
1.570000000000000007e-01 2.611339999999999861e+01
1.580000000000000016e-01 2.589580000000000126e+01
1.590000000000000024e-01 2.567950000000000088e+01
1.600000000000000033e-01 2.546440000000000126e+01
1.610000000000000042e-01 2.525059999999999860e+01
1.620000000000000051e-01 2.503810000000000002e+01
1.630000000000000060e-01 2.482669999999999888e+01
1.640000000000000069e-01 2.461659999999999826e+01
1.650000000000000078e-01 2.440759999999999863e+01
1.660000000000000087e-01 2.419989999999999952e+01
1.670000000000000095e-01 2.399330000000000140e+01
1.680000000000000104e-01 2.378780000000000072e+01
1.690000000000000113e-01 2.358350000000000080e+01
1.700000000000000122e-01 2.338029999999999831e+01
1.710000000000000131e-01 2.317820000000000036e+01
1.719999999999999862e-01 2.297719999999999985e+01
1.729999999999999871e-01 2.277720000000000056e+01
1.739999999999999880e-01 2.257839999999999847e+01
1.749999999999999889e-01 2.238060000000000116e+01
1.759999999999999898e-01 2.218390000000000128e+01
1.769999999999999907e-01 2.198819999999999908e+01
1.779999999999999916e-01 2.179350000000000165e+01
1.789999999999999925e-01 2.159979999999999833e+01
1.799999999999999933e-01 2.140719999999999956e+01
1.809999999999999942e-01 2.121549999999999869e+01
1.819999999999999951e-01 2.102479999999999905e+01
1.829999999999999960e-01 2.083510000000000062e+01
1.839999999999999969e-01 2.064630000000000010e+01
1.849999999999999978e-01 2.045850000000000080e+01
1.859999999999999987e-01 2.027159999999999940e+01
1.869999999999999996e-01 2.008569999999999922e+01
1.880000000000000004e-01 1.990070000000000050e+01
1.890000000000000013e-01 1.971659999999999968e+01
1.900000000000000022e-01 1.953330000000000055e+01
1.910000000000000031e-01 1.935099999999999909e+01
1.920000000000000040e-01 1.916959999999999908e+01
1.930000000000000049e-01 1.898900000000000077e+01
1.940000000000000058e-01 1.880930000000000035e+01
1.950000000000000067e-01 1.863050000000000139e+01
1.960000000000000075e-01 1.845250000000000057e+01
1.970000000000000084e-01 1.827540000000000120e+01
1.980000000000000093e-01 1.809909999999999997e+01
1.990000000000000102e-01 1.792360000000000042e+01
2.000000000000000111e-01 1.774889999999999901e+01
2.010000000000000120e-01 1.757499999999999929e+01
2.020000000000000129e-01 1.740200000000000102e+01
2.030000000000000138e-01 1.722970000000000113e+01
2.039999999999999869e-01 1.705819999999999936e+01
2.049999999999999878e-01 1.688749999999999929e+01
2.059999999999999887e-01 1.671760000000000090e+01
2.069999999999999896e-01 1.654840000000000089e+01
2.079999999999999905e-01 1.637999999999999901e+01
2.089999999999999913e-01 1.621229999999999905e+01
2.099999999999999922e-01 1.604540000000000077e+01
2.109999999999999931e-01 1.587920000000000087e+01
2.119999999999999940e-01 1.571380000000000088e+01
2.129999999999999949e-01 1.554899999999999949e+01
2.139999999999999958e-01 1.538499999999999979e+01
2.149999999999999967e-01 1.522170000000000023e+01
2.159999999999999976e-01 1.505910000000000082e+01
2.169999999999999984e-01 1.489719999999999978e+01
2.179999999999999993e-01 1.473600000000000065e+01
2.190000000000000002e-01 1.457540000000000013e+01
2.200000000000000011e-01 1.441559999999999953e+01
2.210000000000000020e-01 1.425639999999999930e+01
2.220000000000000029e-01 1.409789999999999921e+01
2.230000000000000038e-01 1.393999999999999950e+01
2.240000000000000047e-01 1.378289999999999971e+01
2.250000000000000056e-01 1.362630000000000052e+01
2.260000000000000064e-01 1.347039999999999971e+01
2.270000000000000073e-01 1.331520000000000081e+01
2.280000000000000082e-01 1.316050000000000075e+01
2.290000000000000091e-01 1.300660000000000061e+01
2.300000000000000100e-01 1.285319999999999929e+01
2.310000000000000109e-01 1.270040000000000013e+01
2.320000000000000118e-01 1.254829999999999934e+01
2.330000000000000127e-01 1.239680000000000071e+01
2.340000000000000135e-01 1.224579999999999913e+01
2.349999999999999867e-01 1.209549999999999947e+01
2.359999999999999876e-01 1.194580000000000020e+01
2.369999999999999885e-01 1.179659999999999975e+01
2.379999999999999893e-01 1.164809999999999945e+01
2.389999999999999902e-01 1.150009999999999977e+01
2.399999999999999911e-01 1.135270000000000046e+01
2.409999999999999920e-01 1.120589999999999975e+01
2.419999999999999929e-01 1.105959999999999965e+01
2.429999999999999938e-01 1.091389999999999993e+01
2.439999999999999947e-01 1.076870000000000083e+01
2.449999999999999956e-01 1.062410000000000032e+01
2.459999999999999964e-01 1.048010000000000019e+01
2.469999999999999973e-01 1.033660000000000068e+01
2.479999999999999982e-01 1.019359999999999999e+01
2.489999999999999991e-01 1.005119999999999969e+01
2.500000000000000000e-01 9.909299999999999997e+00
2.510000000000000009e-01 9.767899999999999139e+00
2.520000000000000018e-01 9.627100000000000435e+00
2.530000000000000027e-01 9.486700000000000799e+00
2.540000000000000036e-01 9.346899999999999764e+00
2.550000000000000044e-01 9.207599999999999341e+00
2.560000000000000053e-01 9.068799999999999528e+00
2.570000000000000062e-01 8.930600000000000094e+00
2.580000000000000071e-01 8.792799999999999727e+00
2.590000000000000080e-01 8.655499999999999972e+00
2.600000000000000089e-01 8.518700000000000827e+00
2.610000000000000098e-01 8.382400000000000517e+00
2.620000000000000107e-01 8.246600000000000819e+00
2.630000000000000115e-01 8.111200000000000188e+00
2.640000000000000124e-01 7.976399999999999935e+00
2.650000000000000133e-01 7.841999999999999638e+00
2.660000000000000142e-01 7.708099999999999952e+00
2.670000000000000151e-01 7.574600000000000222e+00
2.680000000000000160e-01 7.441600000000000215e+00
2.690000000000000169e-01 7.309099999999999930e+00
2.700000000000000178e-01 7.177100000000000257e+00
2.710000000000000187e-01 7.045499999999999652e+00
2.720000000000000195e-01 6.914299999999999891e+00
2.730000000000000204e-01 6.783599999999999852e+00
2.740000000000000213e-01 6.653400000000000425e+00
2.750000000000000222e-01 6.523600000000000065e+00
2.760000000000000231e-01 6.394199999999999662e+00
2.770000000000000240e-01 6.265299999999999869e+00
2.780000000000000249e-01 6.136800000000000033e+00
2.790000000000000258e-01 6.008700000000000152e+00
2.800000000000000266e-01 5.881099999999999994e+00
2.810000000000000275e-01 5.753800000000000026e+00
2.819999999999999729e-01 5.627100000000000435e+00
2.829999999999999738e-01 5.500700000000000145e+00
2.839999999999999747e-01 5.374699999999999811e+00
2.849999999999999756e-01 5.249200000000000088e+00
2.859999999999999765e-01 5.124100000000000321e+00
2.869999999999999774e-01 4.999299999999999855e+00
2.879999999999999782e-01 4.875000000000000000e+00
2.889999999999999791e-01 4.751100000000000101e+00
2.899999999999999800e-01 4.627600000000000158e+00
2.909999999999999809e-01 4.504500000000000171e+00
2.919999999999999818e-01 4.381700000000000372e+00
2.929999999999999827e-01 4.259400000000000297e+00
2.939999999999999836e-01 4.137500000000000178e+00
2.949999999999999845e-01 4.015900000000000247e+00
2.959999999999999853e-01 3.894800000000000040e+00
2.969999999999999862e-01 3.774000000000000021e+00
2.979999999999999871e-01 3.653599999999999959e+00
2.989999999999999880e-01 3.533500000000000085e+00
2.999999999999999889e-01 3.413899999999999935e+00
3.009999999999999898e-01 3.294599999999999973e+00
3.019999999999999907e-01 3.175699999999999967e+00
3.029999999999999916e-01 3.057100000000000151e+00
3.039999999999999925e-01 2.939000000000000057e+00
3.049999999999999933e-01 2.821200000000000152e+00
3.059999999999999942e-01 2.703699999999999992e+00
3.069999999999999951e-01 2.586599999999999788e+00
3.079999999999999960e-01 2.469899999999999984e+00
3.089999999999999969e-01 2.353499999999999925e+00
3.099999999999999978e-01 2.237499999999999822e+00
3.109999999999999987e-01 2.121799999999999908e+00
3.119999999999999996e-01 2.006499999999999950e+00
3.130000000000000004e-01 1.891499999999999959e+00
3.140000000000000013e-01 1.776799999999999935e+00
3.150000000000000022e-01 1.662500000000000089e+00
3.160000000000000031e-01 1.548599999999999977e+00
3.170000000000000040e-01 1.434900000000000064e+00
3.180000000000000049e-01 1.321700000000000097e+00
3.190000000000000058e-01 1.208700000000000108e+00
3.200000000000000067e-01 1.096100000000000074e+00
3.210000000000000075e-01 9.838000000000000078e-01
3.220000000000000084e-01 8.718000000000000194e-01
3.230000000000000093e-01 7.601999999999999869e-01
3.240000000000000102e-01 6.489000000000000323e-01
3.250000000000000111e-01 5.379000000000000448e-01
3.260000000000000120e-01 4.272000000000000242e-01
3.270000000000000129e-01 3.168000000000000260e-01
3.280000000000000138e-01 2.068000000000000116e-01
3.290000000000000147e-01 9.710000000000000575e-02
3.300000000000000155e-01 -1.239999999999999956e-02
3.310000000000000164e-01 -1.214999999999999969e-01
3.320000000000000173e-01 -2.301999999999999880e-01
3.330000000000000182e-01 -3.387000000000000011e-01
3.340000000000000191e-01 -4.469000000000000195e-01
3.350000000000000200e-01 -5.547999999999999599e-01
3.360000000000000209e-01 -6.623999999999999888e-01
3.370000000000000218e-01 -7.695999999999999508e-01
3.380000000000000226e-01 -8.766000000000000458e-01
3.390000000000000235e-01 -9.832999999999999519e-01
3.400000000000000244e-01 -1.089699999999999891e+00
3.410000000000000253e-01 -1.195799999999999974e+00
3.420000000000000262e-01 -1.301600000000000090e+00
3.430000000000000271e-01 -1.407100000000000017e+00
3.439999999999999725e-01 -1.512299999999999978e+00
3.449999999999999734e-01 -1.617199999999999971e+00
3.459999999999999742e-01 -1.721899999999999986e+00
3.469999999999999751e-01 -1.826300000000000034e+00
3.479999999999999760e-01 -1.930299999999999905e+00
3.489999999999999769e-01 -2.034100000000000019e+00
3.499999999999999778e-01 -2.137700000000000156e+00
3.509999999999999787e-01 -2.240899999999999892e+00
3.519999999999999796e-01 -2.343900000000000095e+00
3.529999999999999805e-01 -2.446600000000000108e+00
3.539999999999999813e-01 -2.548999999999999932e+00
3.549999999999999822e-01 -2.651100000000000012e+00
3.559999999999999831e-01 -2.753000000000000114e+00
3.569999999999999840e-01 -2.854600000000000026e+00
3.579999999999999849e-01 -2.955999999999999961e+00
3.589999999999999858e-01 -3.056999999999999940e+00
3.599999999999999867e-01 -3.157900000000000151e+00
3.609999999999999876e-01 -3.258399999999999963e+00
3.619999999999999885e-01 -3.358699999999999797e+00
3.629999999999999893e-01 -3.458699999999999886e+00
3.639999999999999902e-01 -3.558499999999999996e+00
3.649999999999999911e-01 -3.657999999999999918e+00
3.659999999999999920e-01 -3.757200000000000095e+00
3.669999999999999929e-01 -3.856199999999999850e+00
3.679999999999999938e-01 -3.955000000000000071e+00
3.689999999999999947e-01 -4.053499999999999659e+00
3.699999999999999956e-01 -4.151699999999999946e+00
3.709999999999999964e-01 -4.249699999999999811e+00
3.719999999999999973e-01 -4.347400000000000375e+00
3.729999999999999982e-01 -4.444899999999999629e+00
3.739999999999999991e-01 -4.542200000000000237e+00
3.750000000000000000e-01 -4.639199999999999768e+00
3.760000000000000009e-01 -4.735899999999999999e+00
3.770000000000000018e-01 -4.832499999999999574e+00
3.780000000000000027e-01 -4.928700000000000081e+00
3.790000000000000036e-01 -5.024799999999999933e+00
3.800000000000000044e-01 -5.120599999999999596e+00
3.810000000000000053e-01 -5.216099999999999959e+00
3.820000000000000062e-01 -5.311499999999999666e+00
3.830000000000000071e-01 -5.406500000000000306e+00
3.840000000000000080e-01 -5.501400000000000290e+00
3.850000000000000089e-01 -5.596000000000000085e+00
3.860000000000000098e-01 -5.690400000000000347e+00
3.870000000000000107e-01 -5.784600000000000186e+00
3.880000000000000115e-01 -5.878499999999999837e+00
3.890000000000000124e-01 -5.972199999999999953e+00
3.900000000000000133e-01 -6.065699999999999648e+00
3.910000000000000142e-01 -6.158900000000000041e+00
3.920000000000000151e-01 -6.251999999999999780e+00
3.930000000000000160e-01 -6.344800000000000217e+00
3.940000000000000169e-01 -6.437299999999999578e+00
3.950000000000000178e-01 -6.529700000000000060e+00
3.960000000000000187e-01 -6.621800000000000352e+00
3.970000000000000195e-01 -6.713700000000000223e+00
3.980000000000000204e-01 -6.805399999999999672e+00
3.990000000000000213e-01 -6.896899999999999586e+00
4.000000000000000222e-01 -6.988199999999999967e+00
