 11  2 12 31  1  1 +2  0  0 -1
  1  1  1  1  0  0  0  0  0  0  0  0  0  0  1  1
   0.0000000   1.0000000   1.0000000   1.0000000   1.0000000   1.0000000   1.0000000
   1.0000000   1.0000000   1.0000000   1.0000000   1.0000000   1.0000000   1.0000000
   1.0000000   1.0000000   1.0000000   1.0000000   1.0000000   1.0000000   1.0000000
   1.0000000   1.0000000   1.0000000   1.0000000   1.0000000   1.0000000   1.0000000
   1.0000000   1.0000000
   0 94   0   0   0   1
  84
3.093009000         
0.012783550         
-0.089168650        
-0.000241170        
6.459270000         
-0.341681300        
0.090368240         
-0.018660260        
-1.594714000        
-0.144455300        
-0.425781700        
0.004501868         
0.235983200         
0.098614010         
0.026376520         
-0.014241570        
-0.010233140        
-0.068792600        
0.022287340         
-0.007064095        
0.008002038         
-0.016851810        
-0.092724880        
0.001888192         
-0.002821449        
0.004055826         
-0.006903778        
-0.003042351        
0.000040814         
-0.000020338        
0.000058116         
-0.000063693        
-0.252086400        
-0.032775060        
0.170657900         
0.176804000         
-0.024176110        
-0.139896500        
177.292300000       
-51.613090000       
18.876360000        
-268.730000000      
81.023070000        
-33.282920000       
93.073380000        
-29.749360000       
14.628560000        
-0.054702860        
-0.087407660        
-0.066174640        
-0.027174530        
0.039457830         
-0.061133560        
0.002010817         
-0.028959590        
0.086322830         
2.012608196         
-2.750454221        
5.020817192         
2.213123493         
1.117896816         
0.464225250         
0.139680563         
0.939700837         
-3.430754149        
-1.512240402        
-0.763865521        
-0.317207865        
-0.095444557        
3.131335413         
2.760519535         
1.394398464         
0.579047159         
0.174229285         
0.608404011         
0.614636200         
0.255237907         
0.076798439         
0.155233057         
0.128926219         
0.038792562         
0.026769379         
0.016109257         
0.002423554         
  1  1  0
  56  29  30  31  32  33  34  35  36  37  38  39  40  41  42  43  44  45  46  47
  48  49  50  51  52  53  54  55  56  57  58  59  60  61  62  63  64  65  66  67
  68  69  70  71  72  73  74  75  76  77  78  79  80  81  82  83  84
   1   2   3   4   5   6   7   8   9  10  11  12  13  14  15  16  17  18  19  20
  21  22  23  24  25  26  27  28  29  30  31  32  33  34  35  36  37  38  39  40
  41  42  43  44  45  46  47  48  49  50  51  52  53  54  55  56
  1  1  1  1  1  1  1  1  1  1  1  1  1  1  1  1  1  1  1  1  1  1  1  1  1  1  1  1
  2  2  0
  28   1   2   3   4   5   6   7   8   9  10  11  12  13  14  15  16  17  18  19
  20  21  22  23  24  25  26  27  28
  57  58  59  60  61  62  63  64  65  66  67  68  69  70  71  72  73  74  75  76
  77  78  79  80  81  82  83  84
  1  1  1  1  1  1  1  1  1  1  1  1  1  1  1  1  1  1  1  1  1  1  1  1  1  1  1  1
  1  1  0 -1
   1  29
46  
  0  1  0  1  0  1  0  1  0  1  0  1  0  1  0  1  0  0  0  0  0  0  0  0  0  0  0  0
  1  1  0
   1  30
79  
  0  1  0  1  0  1  0  1  0  1  0  1  0  1  0  1  0  0  0  0  0  0  0  0  0  0  0  0
  1  1  0
   1  31
61  
  0  1  0  1  0  1  0  1  0  1  0  1  0  1  0  1  0  0  0  0  0  0  0  0  0  0  0  0
  1  1  0
   1  32
75  
  0  1  0  1  0  1  0  1  0  1  0  1  0  1  0  1  0  0  0  0  0  0  0  0  0  0  0  0
  1  1  0
   1  33
60  
  0  1  0  1  0  1  0  1  0  1  0  1  0  1  0  1  0  0  0  0  0  0  0  0  0  0  0  0
  1  1  0
   1  34
11  
  0  1  0  1  0  1  0  1  0  1  0  1  0  1  0  1  0  0  0  0  0  0  0  0  0  0  0  0
  1  1  0
   1  35
76  
  0  1  0  1  0  1  0  1  0  1  0  1  0  1  0  1  0  0  0  0  0  0  0  0  0  0  0  0
  1  1  0
   1  36
57  
  0  1  0  1  0  1  0  1  0  1  0  1  0  1  0  1  0  0  0  0  0  0  0  0  0  0  0  0
  1  1  0
   1  37
13  
  1  0  1  0  1  0  1  0  1  0  1  0  1  0  1  0  0  0  0  0  0  0  0  0  0  0  0  0
  1  1  0
   1  38
33  
  1  0  1  0  1  0  1  0  1  0  1  0  1  0  1  0  0  0  0  0  0  0  0  0  0  0  0  0
  1  1  0
   1  39
73  
  1  0  1  0  1  0  1  0  1  0  1  0  1  0  1  0  0  0  0  0  0  0  0  0  0  0  0  0
  1  1  0
   1  40
45  
  1  0  1  0  1  0  1  0  1  0  1  0  1  0  1  0  0  0  0  0  0  0  0  0  0  0  0  0
  1  1  0
   1  41
65  
  1  0  1  0  1  0  1  0  1  0  1  0  1  0  1  0  0  0  0  0  0  0  0  0  0  0  0  0
  1  1  0
   1  42
68  
  1  0  1  0  1  0  1  0  1  0  1  0  1  0  1  0  0  0  0  0  0  0  0  0  0  0  0  0
  1  1  0
   1  43
72  
  1  0  1  0  1  0  1  0  1  0  1  0  1  0  1  0  0  0  0  0  0  0  0  0  0  0  0  0
  1  1  0
   1  44
80  
  1  0  1  0  1  0  1  0  1  0  1  0  1  0  1  0  0  0  0  0  0  0  0  0  0  0  0  0
  1  1  0
   1  45
76  
  0  1  0  1  0  1  0  1  0  1  0  1  0  1  0  1  0  0  0  0  0  0  0  0  0  0  0  0
  1  1  0
   1  46
9   
  0  1  0  1  0  1  0  1  0  1  0  1  0  1  0  1  0  0  0  0  0  0  0  0  0  0  0  0
  1  1  0
   1  47
62  
  0  1  0  1  0  1  0  1  0  1  0  1  0  1  0  1  0  0  0  0  0  0  0  0  0  0  0  0
  1  1  0
   1  48
43  
  0  1  0  1  0  1  0  1  0  1  0  1  0  1  0  1  0  0  0  0  0  0  0  0  0  0  0  0
  1  1  0
   1  49
38  
  0  1  0  1  0  1  0  1  0  1  0  1  0  1  0  1  0  0  0  0  0  0  0  0  0  0  0  0
  1  1  0
   1  50
71  
  0  1  0  1  0  1  0  1  0  1  0  1  0  1  0  1  0  0  0  0  0  0  0  0  0  0  0  0
  1  1  0
   1  51
45  
  0  1  0  1  0  1  0  1  0  1  0  1  0  1  0  1  0  0  0  0  0  0  0  0  0  0  0  0
  1  1  0
   1  52
61  
  0  1  0  1  0  1  0  1  0  1  0  1  0  1  0  1  0  0  0  0  0  0  0  0  0  0  0  0
  1  1  0
   1  53
61  
  1  0  1  0  1  0  1  0  1  0  1  0  1  0  1  0  0  0  0  0  0  0  0  0  0  0  0  0
  1  1  0
   1  54
73  
  1  0  1  0  1  0  1  0  1  0  1  0  1  0  1  0  0  0  0  0  0  0  0  0  0  0  0  0
  1  1  0
   1  55
61  
  1  0  1  0  1  0  1  0  1  0  1  0  1  0  1  0  0  0  0  0  0  0  0  0  0  0  0  0
  1  1  0
   1  56
75  
  1  0  1  0  1  0  1  0  1  0  1  0  1  0  1  0  0  0  0  0  0  0  0  0  0  0  0  0
  1  1  0
   1  57
64  
  0  1  0  1  0  1  0  1  0  1  0  1  0  1  0  1  0  0  0  0  0  0  0  0  0  0  0  0
  1  1  0
   1  58
58  
  0  1  0  1  0  1  0  1  0  1  0  1  0  1  0  1  0  0  0  0  0  0  0  0  0  0  0  0
  1  1  0
   1  59
41  
  0  1  0  1  0  1  0  1  0  1  0  1  0  1  0  1  0  0  0  0  0  0  0  0  0  0  0  0
  1  1  0
   1  60
13  
  0  1  0  1  0  1  0  1  0  1  0  1  0  1  0  1  0  0  0  0  0  0  0  0  0  0  0  0
  1  1  0
   1  61
74  
  0  1  0  1  0  1  0  1  0  1  0  1  0  1  0  1  0  0  0  0  0  0  0  0  0  0  0  0
  1  1  0
   1  62
33  
  0  1  0  1  0  1  0  1  0  1  0  1  0  1  0  1  0  0  0  0  0  0  0  0  0  0  0  0
  1  1  0
   1  63
80  
  0  1  0  1  0  1  0  1  0  1  0  1  0  1  0  1  0  0  0  0  0  0  0  0  0  0  0  0
  1  1  0
   1  64
1   
  0  1  0  1  0  1  0  1  0  1  0  1  0  1  0  1  0  0  0  0  0  0  0  0  0  0  0  0
  1  1  0
   1  65
38  
  1  0  1  0  1  0  1  0  1  0  1  0  1  0  1  0  0  0  0  0  0  0  0  0  0  0  0  0
  1  1  0
   1  66
76  
  1  0  1  0  1  0  1  0  1  0  1  0  1  0  1  0  0  0  0  0  0  0  0  0  0  0  0  0
  1  1  0
   1  67
60  
  1  0  1  0  1  0  1  0  1  0  1  0  1  0  1  0  0  0  0  0  0  0  0  0  0  0  0  0
  1  1  0
   1  68
66  
  1  0  1  0  1  0  1  0  1  0  1  0  1  0  1  0  0  0  0  0  0  0  0  0  0  0  0  0
  1  1  0
   1  69
35  
  1  0  1  0  1  0  1  0  1  0  1  0  1  0  1  0  0  0  0  0  0  0  0  0  0  0  0  0
  1  1  0
   1  70
45  
  1  0  1  0  1  0  1  0  1  0  1  0  1  0  1  0  0  0  0  0  0  0  0  0  0  0  0  0
  1  1  0
   1  71
6   
  1  0  1  0  1  0  1  0  1  0  1  0  1  0  1  0  0  0  0  0  0  0  0  0  0  0  0  0
  1  1  0
   1  72
5   
  1  0  1  0  1  0  1  0  1  0  1  0  1  0  1  0  0  0  0  0  0  0  0  0  0  0  0  0
  1  1  0
   1  73
46  
  0  1  0  1  0  1  0  1  0  1  0  1  0  1  0  1  0  0  0  0  0  0  0  0  0  0  0  0
  1  1  0
   1  74
5   
  0  1  0  1  0  1  0  1  0  1  0  1  0  1  0  1  0  0  0  0  0  0  0  0  0  0  0  0
  1  1  0
   1  75
6   
  0  1  0  1  0  1  0  1  0  1  0  1  0  1  0  1  0  0  0  0  0  0  0  0  0  0  0  0
  1  1  0
   1  76
72  
  0  1  0  1  0  1  0  1  0  1  0  1  0  1  0  1  0  0  0  0  0  0  0  0  0  0  0  0
  1  1  0
   1  77
33  
  0  1  0  1  0  1  0  1  0  1  0  1  0  1  0  1  0  0  0  0  0  0  0  0  0  0  0  0
  1  1  0
   1  78
46  
  0  1  0  1  0  1  0  1  0  1  0  1  0  1  0  1  0  0  0  0  0  0  0  0  0  0  0  0
  1  1  0
   1  79
35  
  0  1  0  1  0  1  0  1  0  1  0  1  0  1  0  1  0  0  0  0  0  0  0  0  0  0  0  0
  1  1  0
   1  80
40  
  0  1  0  1  0  1  0  1  0  1  0  1  0  1  0  1  0  0  0  0  0  0  0  0  0  0  0  0
  2  2  0
   1   1
38  
  1  0  1  0  1  0  1  0  1  0  1  0  1  0  1  0  0  0  0  0  0  0  0  0  0  0  0  0
  2  2  0
   1   2
1   
  1  0  1  0  1  0  1  0  1  0  1  0  1  0  1  0  0  0  0  0  0  0  0  0  0  0  0  0
  2  2  0
   1   3
46  
  1  0  1  0  1  0  1  0  1  0  1  0  1  0  1  0  0  0  0  0  0  0  0  0  0  0  0  0
  2  2  0
   1   4
63  
  1  0  1  0  1  0  1  0  1  0  1  0  1  0  1  0  0  0  0  0  0  0  0  0  0  0  0  0
  2  2  0
   1   5
62  
  0  1  0  1  0  1  0  1  0  1  0  1  0  1  0  1  0  0  0  0  0  0  0  0  0  0  0  0
  2  2  0
   1   6
72  
  0  1  0  1  0  1  0  1  0  1  0  1  0  1  0  1  0  0  0  0  0  0  0  0  0  0  0  0
  2  2  0
   1   7
5   
  0  1  0  1  0  1  0  1  0  1  0  1  0  1  0  1  0  0  0  0  0  0  0  0  0  0  0  0
  2  2  0
   1   8
79  
  0  1  0  1  0  1  0  1  0  1  0  1  0  1  0  1  0  0  0  0  0  0  0  0  0  0  0  0
  2  2  0
   1   9
80  
  0  1  0  1  0  1  0  1  0  1  0  1  0  1  0  1  0  0  0  0  0  0  0  0  0  0  0  0
  2  2  0
   1  10
79  
  0  1  0  1  0  1  0  1  0  1  0  1  0  1  0  1  0  0  0  0  0  0  0  0  0  0  0  0
  2  2  0
   1  11
36  
  0  1  0  1  0  1  0  1  0  1  0  1  0  1  0  1  0  0  0  0  0  0  0  0  0  0  0  0
  2  2  0
   1  12
46  
  0  1  0  1  0  1  0  1  0  1  0  1  0  1  0  1  0  0  0  0  0  0  0  0  0  0  0  0
  2  2  0
   1  13
44  
  1  0  1  0  1  0  1  0  1  0  1  0  1  0  1  0  0  0  0  0  0  0  0  0  0  0  0  0
  2  2  0
   1  14
80  
  1  0  1  0  1  0  1  0  1  0  1  0  1  0  1  0  0  0  0  0  0  0  0  0  0  0  0  0
  2  2  0
   1  15
46  
  1  0  1  0  1  0  1  0  1  0  1  0  1  0  1  0  0  0  0  0  0  0  0  0  0  0  0  0
  2  2  0
   1  16
76  
  1  0  1  0  1  0  1  0  1  0  1  0  1  0  1  0  0  0  0  0  0  0  0  0  0  0  0  0
  2  2  0
   1  17
67  
  1  0  1  0  1  0  1  0  1  0  1  0  1  0  1  0  0  0  0  0  0  0  0  0  0  0  0  0
  2  2  0
   1  18
67  
  1  0  1  0  1  0  1  0  1  0  1  0  1  0  1  0  0  0  0  0  0  0  0  0  0  0  0  0
  2  2  0
   1  19
5   
  1  0  1  0  1  0  1  0  1  0  1  0  1  0  1  0  0  0  0  0  0  0  0  0  0  0  0  0
  2  2  0
   1  20
62  
  1  0  1  0  1  0  1  0  1  0  1  0  1  0  1  0  0  0  0  0  0  0  0  0  0  0  0  0
  2  2  0
   1  21
43  
  0  1  0  1  0  1  0  1  0  1  0  1  0  1  0  1  0  0  0  0  0  0  0  0  0  0  0  0
  2  2  0
   1  22
1   
  0  1  0  1  0  1  0  1  0  1  0  1  0  1  0  1  0  0  0  0  0  0  0  0  0  0  0  0
  2  2  0
   1  23
71  
  0  1  0  1  0  1  0  1  0  1  0  1  0  1  0  1  0  0  0  0  0  0  0  0  0  0  0  0
  2  2  0
   1  24
1   
  0  1  0  1  0  1  0  1  0  1  0  1  0  1  0  1  0  0  0  0  0  0  0  0  0  0  0  0
  2  2  0
   1  85
75  
  0  1  0  1  0  1  0  0  0  0  0  0
  2  2  0
   1  86
58  
  0  1  0  1  0  1  0  0  0  0  0  0
  2  2  0
   1  87
6   
  0  1  0  1  0  1  0  0  0  0  0  0
  2  2  0
   1  88
36  
  0  1  0  1  0  1  0  0  0  0  0  0
  2  2  0
   1  89
58  
  0  1  0  1  0  1  0  0  0  0  0  0
  2  2  0
   1  90
47  
  0  1  0  1  0  1  0  0  0  0  0  0
  2  2  0
   1  91
9   
  0  1  0  1  0  1  0  0  0  0  0  0
  2  2  0
   1  92
77  
  0  1  0  1  0  1  0  0  0  0  0  0
  2  2  0
   1  93
70  
  1  0  1  0  1  0  1  0  0  0  0  0
  2  2  0
   1  94
73  
  1  0  1  0  1  0  1  0  0  0  0  0
  2  2  0
   1  95
80  
  1  0  1  0  1  0  1  0  1  0  0  0
  2  2  0
   1  96
46  
  1  0  1  0  1  0  1  0  1  0  0  0
  2  2  0
   1  97
41  
  1  0  1  0  1  0  1  0  1  0  0  0
  2  2  0
   1  98
66  
  1  0  1  0  1  0  1  0  1  0  0  0
  2  2  0
   1  99
71  
  1  0  1  0  1  0  1  0  1  0  0  0
  2  2  0
   1 100
6   
  1  0  1  0  1  0  1  0  1  0  0  0
  2  2  0
   1 101
47  
  0  1  0  1  0  1  0  1  0  0  0  0
  2  2  0
   1 102
79  
  0  1  0  1  0  1  0  1  0  0  0  0
  2  2  0
   1 103
46  
  0  1  0  1  0  1  0  1  0  0  0  0
  2  2  0
   1 104
41  
  0  1  0  1  0  1  0  1  0  0  0  0
  1  1  0
   1 105
71  
  1  0  1  0  1  0  1  0  0  0  0  0
  1  1  0
   1 106
75  
  1  0  1  0  1  0  1  0  0  0  0  0
  1  1  0
   1 107
40  
  1  0  1  0  1  0  1  0  0  0  0  0
  1  1  0
   1 108
77  
  1  0  1  0  1  0  1  0  0  0  0  0
  1  1  0
   1 109
46  
  1  0  1  0  1  0  1  0  0  0  0  0
  1  1  0
   1 110
80  
  1  0  1  0  1  0  1  0  0  0  0  0
  1  1  0
   1 111
44  
  1  0  1  0  1  0  1  0  0  0  0  0
  1  1  0
   1 112
62  
  1  0  1  0  1  0  1  0  0  0  0  0
  1  1  0
   1 113
79  
  0  1  0  1  0  1  0  1  0  0  0  0
  1  1  0
   1 114
5   
  0  1  0  1  0  1  0  1  0  0  0  0
  1  1  0
   1 115
43  
  0  1  0  1  0  1  0  1  0  0  0  0
  1  1  0
   1 116
44  
  0  1  0  1  0  1  0  1  0  0  0  0
  1  1  0
   1 117
38  
  0  1  0  1  0  1  0  1  0  0  0  0
  1  1  0
   1 118
11  
  0  1  0  1  0  1  0  1  0  0  0  0
  1  1  0
   1 119
65  
  0  1  0  1  0  1  0  1  0  0  0  0
  1  1  0
   1 120
13  
  0  1  0  1  0  1  0  1  0  0  0  0
  1  1  0
   1 121
70  
  1  0  1  0  1  0  1  0  1  0  0  0
  1  1  0
   1 122
38  
  1  0  1  0  1  0  1  0  1  0  0  0
  1  1  0
   1 123
59  
  1  0  1  0  1  0  1  0  0  0  0  0
  1  1  0
   1 124
36  
  1  0  1  0  1  0  1  0  0  0  0  0
