3.960000000000000187e-01 2.937710000000000043e-01
3.985000000000000209e-01 3.477839999999999820e-01
4.010000000000000231e-01 3.708580000000000210e-01
4.035000000000000253e-01 3.830299999999999816e-01
4.060000000000000275e-01 3.901979999999999893e-01
4.084999999999999742e-01 3.944659999999999833e-01
4.109999999999999765e-01 3.967899999999999761e-01
4.134999999999999787e-01 3.977399999999999824e-01
4.159999999999999809e-01 3.977189999999999892e-01
4.184999999999999831e-01 3.970310000000000228e-01
4.209999999999999853e-01 3.958960000000000257e-01
4.234999999999999876e-01 3.944750000000000201e-01
4.259999999999999898e-01 3.928780000000000050e-01
4.284999999999999920e-01 3.911819999999999742e-01
4.309999999999999942e-01 3.894340000000000024e-01
4.334999999999999964e-01 3.876669999999999838e-01
4.359999999999999987e-01 3.858989999999999920e-01
4.385000000000000009e-01 3.841430000000000122e-01
4.410000000000000031e-01 3.824040000000000217e-01
4.435000000000000053e-01 3.806869999999999976e-01
4.460000000000000075e-01 3.789959999999999996e-01
4.485000000000000098e-01 3.773329999999999740e-01
4.510000000000000120e-01 3.756999999999999784e-01
4.535000000000000142e-01 3.740999999999999881e-01
4.560000000000000164e-01 3.725339999999999763e-01
4.585000000000000187e-01 3.710060000000000024e-01
4.610000000000000209e-01 3.695180000000000131e-01
4.635000000000000231e-01 3.680700000000000083e-01
4.660000000000000253e-01 3.666659999999999919e-01
4.685000000000000275e-01 3.653049999999999908e-01
4.709999999999999742e-01 3.639890000000000070e-01
4.734999999999999765e-01 3.627179999999999849e-01
4.759999999999999787e-01 3.614910000000000068e-01
4.784999999999999809e-01 3.603089999999999904e-01
4.809999999999999831e-01 3.591699999999999893e-01
4.834999999999999853e-01 3.580729999999999746e-01
4.859999999999999876e-01 3.570160000000000000e-01
4.884999999999999898e-01 3.559990000000000099e-01
4.909999999999999920e-01 3.550180000000000002e-01
4.934999999999999942e-01 3.540739999999999998e-01
4.959999999999999964e-01 3.531619999999999759e-01
4.984999999999999987e-01 3.522819999999999840e-01
5.010000000000000009e-01 3.514320000000000221e-01
5.034999999999999476e-01 3.506090000000000040e-01
5.060000000000000053e-01 3.498120000000000118e-01
5.084999999999999520e-01 3.490389999999999882e-01
5.110000000000000098e-01 3.482890000000000152e-01
5.134999999999999565e-01 3.475590000000000068e-01
5.160000000000000142e-01 3.468479999999999897e-01
5.184999999999999609e-01 3.461549999999999905e-01
5.210000000000000187e-01 3.454789999999999806e-01
5.234999999999999654e-01 3.448169999999999846e-01
5.260000000000000231e-01 3.441699999999999759e-01
5.284999999999999698e-01 3.435349999999999793e-01
5.310000000000000275e-01 3.429119999999999946e-01
5.334999999999999742e-01 3.422990000000000199e-01
5.360000000000000320e-01 3.416959999999999997e-01
5.384999999999999787e-01 3.411020000000000163e-01
5.410000000000000364e-01 3.405159999999999854e-01
5.434999999999999831e-01 3.399380000000000179e-01
5.460000000000000409e-01 3.393650000000000277e-01
5.484999999999999876e-01 3.387990000000000168e-01
5.510000000000000453e-01 3.382370000000000099e-01
5.534999999999999920e-01 3.376799999999999802e-01
5.560000000000000497e-01 3.371259999999999812e-01
5.584999999999999964e-01 3.365750000000000131e-01
5.610000000000000542e-01 3.360270000000000201e-01
5.635000000000000009e-01 3.354809999999999737e-01
5.659999999999999476e-01 3.349360000000000115e-01
5.685000000000000053e-01 3.343920000000000226e-01
5.709999999999999520e-01 3.338479999999999781e-01
5.735000000000000098e-01 3.333030000000000159e-01
5.759999999999999565e-01 3.327579999999999982e-01
5.785000000000000142e-01 3.322120000000000073e-01
5.809999999999999609e-01 3.316640000000000144e-01
5.835000000000000187e-01 3.311140000000000194e-01
5.859999999999999654e-01 3.305620000000000225e-01
5.885000000000000231e-01 3.300069999999999948e-01
5.909999999999999698e-01 3.294480000000000186e-01
5.935000000000000275e-01 3.288860000000000117e-01
5.959999999999999742e-01 3.283190000000000275e-01
5.985000000000000320e-01 3.277490000000000125e-01
6.009999999999999787e-01 3.271729999999999916e-01
6.035000000000000364e-01 3.265930000000000222e-01
6.059999999999999831e-01 3.260080000000000200e-01
6.085000000000000409e-01 3.254170000000000118e-01
6.109999999999999876e-01 3.248199999999999976e-01
6.135000000000000453e-01 3.242180000000000062e-01
6.159999999999999920e-01 3.236089999999999800e-01
6.185000000000000497e-01 3.229940000000000033e-01
6.209999999999999964e-01 3.223719999999999919e-01
6.235000000000000542e-01 3.217439999999999745e-01
6.260000000000000009e-01 3.211089999999999778e-01
6.284999999999999476e-01 3.204679999999999751e-01
6.310000000000000053e-01 3.198190000000000199e-01
6.334999999999999520e-01 3.191629999999999745e-01
6.360000000000000098e-01 3.185000000000000053e-01
6.384999999999999565e-01 3.178289999999999726e-01
6.410000000000000142e-01 3.171519999999999895e-01
6.434999999999999609e-01 3.164669999999999983e-01
6.460000000000000187e-01 3.157749999999999724e-01
6.484999999999999654e-01 3.150749999999999940e-01
6.510000000000000231e-01 3.143679999999999808e-01
6.534999999999999698e-01 3.136539999999999884e-01
6.560000000000000275e-01 3.129330000000000167e-01
6.584999999999999742e-01 3.122039999999999815e-01
6.610000000000000320e-01 3.114689999999999959e-01
6.634999999999999787e-01 3.107260000000000022e-01
6.660000000000000364e-01 3.099759999999999738e-01
6.684999999999999831e-01 3.092199999999999949e-01
6.710000000000000409e-01 3.084569999999999812e-01
6.734999999999999876e-01 3.076869999999999883e-01
6.760000000000000453e-01 3.069109999999999894e-01
6.784999999999999920e-01 3.061280000000000112e-01
6.810000000000000497e-01 3.053390000000000271e-01
6.834999999999999964e-01 3.045439999999999814e-01
6.860000000000000542e-01 3.037429999999999852e-01
6.885000000000000009e-01 3.029370000000000118e-01
6.909999999999999476e-01 3.021249999999999769e-01
6.935000000000000053e-01 3.013069999999999915e-01
6.959999999999999520e-01 3.004850000000000021e-01
6.985000000000000098e-01 2.996570000000000067e-01
7.009999999999999565e-01 2.988250000000000073e-01
7.035000000000000142e-01 2.979879999999999751e-01
7.059999999999999609e-01 2.971469999999999945e-01
7.085000000000000187e-01 2.963020000000000098e-01
7.109999999999999654e-01 2.954530000000000212e-01
7.135000000000000231e-01 2.945999999999999730e-01
7.159999999999999698e-01 2.937440000000000051e-01
7.185000000000000275e-01 2.928839999999999777e-01
7.209999999999999742e-01 2.920220000000000038e-01
7.235000000000000320e-01 2.911569999999999991e-01
7.259999999999999787e-01 2.902890000000000192e-01
7.285000000000000364e-01 2.894189999999999818e-01
7.309999999999999831e-01 2.885480000000000267e-01
7.335000000000000409e-01 2.876739999999999853e-01
7.359999999999999876e-01 2.867990000000000261e-01
7.385000000000000453e-01 2.859229999999999827e-01
7.409999999999999920e-01 2.850460000000000216e-01
7.435000000000000497e-01 2.841690000000000049e-01
7.459999999999999964e-01 2.832899999999999863e-01
7.485000000000000542e-01 2.824119999999999964e-01
7.510000000000000009e-01 2.815340000000000065e-01
7.534999999999999476e-01 2.806560000000000166e-01
7.560000000000000053e-01 2.797789999999999999e-01
7.584999999999999520e-01 2.789019999999999833e-01
7.610000000000000098e-01 2.780270000000000241e-01
7.634999999999999565e-01 2.771520000000000095e-01
7.660000000000000142e-01 2.762800000000000256e-01
7.684999999999999609e-01 2.754090000000000149e-01
7.710000000000000187e-01 2.745400000000000063e-01
7.734999999999999654e-01 2.736739999999999728e-01
7.760000000000000231e-01 2.728099999999999969e-01
7.784999999999999698e-01 2.719489999999999963e-01
7.810000000000000275e-01 2.710910000000000264e-01
7.834999999999999742e-01 2.702370000000000050e-01
7.860000000000000320e-01 2.693849999999999856e-01
7.884999999999999787e-01 2.685379999999999989e-01
7.910000000000000364e-01 2.676939999999999875e-01
7.934999999999999831e-01 2.668550000000000089e-01
7.960000000000000409e-01 2.660190000000000055e-01
7.984999999999999876e-01 2.651890000000000081e-01
8.010000000000000453e-01 2.643630000000000146e-01
8.034999999999999920e-01 2.635419999999999985e-01
8.060000000000000497e-01 2.627260000000000151e-01
8.084999999999999964e-01 2.619159999999999822e-01
8.110000000000000542e-01 2.611109999999999820e-01
8.135000000000000009e-01 2.603110000000000146e-01
8.159999999999999476e-01 2.595180000000000264e-01
8.185000000000000053e-01 2.587300000000000155e-01
8.209999999999999520e-01 2.579489999999999839e-01
8.235000000000000098e-01 2.571740000000000137e-01
8.259999999999999565e-01 2.564060000000000228e-01
8.285000000000000142e-01 2.556439999999999824e-01
8.309999999999999609e-01 2.548889999999999767e-01
8.335000000000000187e-01 2.541410000000000058e-01
8.359999999999999654e-01 2.534000000000000141e-01
8.385000000000000231e-01 2.526660000000000017e-01
8.409999999999999698e-01 2.519390000000000240e-01
8.435000000000000275e-01 2.512199999999999989e-01
8.459999999999999742e-01 2.505080000000000084e-01
8.485000000000000320e-01 2.498039999999999983e-01
8.509999999999999787e-01 2.491069999999999951e-01
8.535000000000000364e-01 2.484190000000000009e-01
8.559999999999999831e-01 2.477380000000000138e-01
8.585000000000000409e-01 2.470640000000000058e-01
8.609999999999999876e-01 2.463990000000000069e-01
8.635000000000000453e-01 2.457419999999999882e-01
8.659999999999999920e-01 2.450930000000000053e-01
8.685000000000000497e-01 2.444520000000000026e-01
8.709999999999999964e-01 2.438190000000000079e-01
8.735000000000000542e-01 2.431949999999999945e-01
8.760000000000000009e-01 2.425779999999999881e-01
8.784999999999999476e-01 2.419699999999999906e-01
8.810000000000000053e-01 2.413700000000000012e-01
8.834999999999999520e-01 2.407789999999999930e-01
8.860000000000000098e-01 2.401949999999999918e-01
8.884999999999999565e-01 2.396199999999999997e-01
8.910000000000000142e-01 2.390529999999999877e-01
8.934999999999999609e-01 2.384950000000000125e-01
8.960000000000000187e-01 2.379439999999999888e-01
8.984999999999999654e-01 2.374020000000000019e-01
9.010000000000000231e-01 2.368679999999999952e-01
9.034999999999999698e-01 2.363419999999999965e-01
9.060000000000000275e-01 2.358240000000000058e-01
9.084999999999999742e-01 2.353139999999999954e-01
9.110000000000000320e-01 2.348119999999999929e-01
9.134999999999999787e-01 2.343179999999999985e-01
9.160000000000000364e-01 2.338320000000000121e-01
9.184999999999999831e-01 2.333530000000000049e-01
9.210000000000000409e-01 2.328820000000000057e-01
9.234999999999999876e-01 2.324189999999999867e-01
9.260000000000000453e-01 2.319630000000000025e-01
9.284999999999999920e-01 2.315149999999999986e-01
9.310000000000000497e-01 2.310740000000000016e-01
9.334999999999999964e-01 2.306400000000000117e-01
9.360000000000000542e-01 2.302140000000000020e-01
9.385000000000000009e-01 2.297939999999999983e-01
9.409999999999999476e-01 2.293810000000000016e-01
9.435000000000000053e-01 2.289750000000000119e-01
9.459999999999999520e-01 2.285760000000000014e-01
9.485000000000000098e-01 2.281829999999999969e-01
9.509999999999999565e-01 2.277969999999999995e-01
9.535000000000000142e-01 2.274170000000000080e-01
9.559999999999999609e-01 2.270429999999999948e-01
9.585000000000000187e-01 2.266739999999999866e-01
9.609999999999999654e-01 2.263120000000000132e-01
9.635000000000000231e-01 2.259559999999999902e-01
9.659999999999999698e-01 2.256039999999999990e-01
9.685000000000000275e-01 2.252589999999999870e-01
9.709999999999999742e-01 2.249180000000000068e-01
9.735000000000000320e-01 2.245830000000000048e-01
9.759999999999999787e-01 2.242520000000000069e-01
9.785000000000000364e-01 2.239259999999999862e-01
9.809999999999999831e-01 2.236049999999999982e-01
9.835000000000000409e-01 2.232879999999999865e-01
9.859999999999999876e-01 2.229760000000000075e-01
9.885000000000000453e-01 2.226670000000000038e-01
9.909999999999999920e-01 2.223620000000000041e-01
9.935000000000000497e-01 2.220610000000000084e-01
9.959999999999999964e-01 2.217629999999999879e-01
9.985000000000000542e-01 2.214689999999999992e-01
1.000999999999999890e+00 2.211780000000000135e-01
1.003500000000000059e+00 2.208900000000000030e-01
1.006000000000000005e+00 2.206039999999999945e-01
1.008499999999999952e+00 2.203209999999999891e-01
1.010999999999999899e+00 2.200409999999999866e-01
1.013500000000000068e+00 2.197629999999999861e-01
1.016000000000000014e+00 2.194859999999999867e-01
1.018499999999999961e+00 2.192119999999999902e-01
1.020999999999999908e+00 2.189389999999999947e-01
1.023500000000000076e+00 2.186680000000000013e-01
1.026000000000000023e+00 2.183980000000000088e-01
1.028499999999999970e+00 2.181289999999999896e-01
1.030999999999999917e+00 2.178599999999999981e-01
1.033500000000000085e+00 2.175930000000000086e-01
1.036000000000000032e+00 2.173259999999999914e-01
1.038499999999999979e+00 2.170590000000000019e-01
1.040999999999999925e+00 2.167930000000000135e-01
1.043500000000000094e+00 2.165259999999999962e-01
1.046000000000000041e+00 2.162590000000000068e-01
1.048499999999999988e+00 2.159919999999999896e-01
1.050999999999999934e+00 2.157239999999999991e-01
1.053500000000000103e+00 2.154550000000000076e-01
1.056000000000000050e+00 2.151849999999999874e-01
1.058499999999999996e+00 2.149139999999999939e-01
1.060999999999999943e+00 2.146409999999999985e-01
1.063499999999999890e+00 2.143670000000000020e-01
1.066000000000000059e+00 2.140920000000000045e-01
1.068500000000000005e+00 2.138140000000000041e-01
1.070999999999999952e+00 2.135340000000000016e-01
1.073499999999999899e+00 2.132519999999999971e-01
1.076000000000000068e+00 2.129679999999999906e-01
1.078500000000000014e+00 2.126810000000000089e-01
1.080999999999999961e+00 2.123909999999999965e-01
1.083499999999999908e+00 2.120980000000000087e-01
1.086000000000000076e+00 2.118019999999999903e-01
1.088500000000000023e+00 2.115029999999999966e-01
1.090999999999999970e+00 2.111999999999999988e-01
1.093499999999999917e+00 2.108939999999999981e-01
1.096000000000000085e+00 2.105839999999999934e-01
1.098500000000000032e+00 2.102700000000000125e-01
1.100999999999999979e+00 2.099519999999999997e-01
1.103499999999999925e+00 2.096300000000000108e-01
1.106000000000000094e+00 2.093029999999999891e-01
1.108500000000000041e+00 2.089719999999999911e-01
1.110999999999999988e+00 2.086359999999999881e-01
1.113499999999999934e+00 2.082950000000000079e-01
1.116000000000000103e+00 2.079499999999999960e-01
1.118500000000000050e+00 2.075990000000000058e-01
1.120999999999999996e+00 2.072430000000000105e-01
1.123499999999999943e+00 2.068820000000000103e-01
1.125999999999999890e+00 2.065150000000000041e-01
1.128500000000000059e+00 2.061429999999999929e-01
1.131000000000000005e+00 2.057650000000000035e-01
1.133499999999999952e+00 2.053810000000000080e-01
1.135999999999999899e+00 2.049920000000000075e-01
1.138500000000000068e+00 2.045960000000000001e-01
1.141000000000000014e+00 2.041939999999999866e-01
1.143499999999999961e+00 2.037859999999999949e-01
1.145999999999999908e+00 2.033709999999999962e-01
1.148500000000000076e+00 2.029499999999999915e-01
1.151000000000000023e+00 2.025220000000000076e-01
1.153499999999999970e+00 2.020879999999999899e-01
1.155999999999999917e+00 2.016469999999999929e-01
1.158500000000000085e+00 2.011989999999999890e-01
1.161000000000000032e+00 2.007450000000000068e-01
1.163499999999999979e+00 2.002829999999999888e-01
1.165999999999999925e+00 1.998139999999999916e-01
1.168500000000000094e+00 1.993379999999999874e-01
1.171000000000000041e+00 1.988550000000000040e-01
1.173499999999999988e+00 1.983640000000000125e-01
1.175999999999999934e+00 1.978659999999999863e-01
1.178500000000000103e+00 1.973610000000000086e-01
1.181000000000000050e+00 1.968479999999999952e-01
1.183499999999999996e+00 1.963270000000000015e-01
1.185999999999999943e+00 1.957990000000000008e-01
1.188499999999999890e+00 1.952639999999999931e-01
1.191000000000000059e+00 1.947200000000000042e-01
1.193500000000000005e+00 1.941690000000000083e-01
1.195999999999999952e+00 1.936110000000000053e-01
1.198499999999999899e+00 1.930439999999999934e-01
1.201000000000000068e+00 1.924690000000000012e-01
1.203500000000000014e+00 1.918870000000000020e-01
1.205999999999999961e+00 1.912969999999999948e-01
1.208499999999999908e+00 1.906980000000000064e-01
1.211000000000000076e+00 1.900920000000000110e-01
1.213500000000000023e+00 1.894780000000000075e-01
1.215999999999999970e+00 1.888549999999999951e-01
1.218499999999999917e+00 1.882250000000000034e-01
1.221000000000000085e+00 1.875870000000000037e-01
1.223500000000000032e+00 1.869399999999999951e-01
1.225999999999999979e+00 1.862860000000000071e-01
1.228499999999999925e+00 1.856240000000000112e-01
1.231000000000000094e+00 1.849530000000000063e-01
1.233500000000000041e+00 1.842739999999999934e-01
1.235999999999999988e+00 1.835880000000000012e-01
1.238499999999999934e+00 1.828930000000000000e-01
1.241000000000000103e+00 1.821899999999999908e-01
1.243500000000000050e+00 1.814790000000000014e-01
1.245999999999999996e+00 1.807610000000000050e-01
1.248499999999999943e+00 1.800339999999999996e-01
1.250999999999999890e+00 1.792989999999999862e-01
1.253500000000000059e+00 1.785559999999999925e-01
1.256000000000000005e+00 1.778049999999999908e-01
1.258499999999999952e+00 1.770460000000000089e-01
1.260999999999999899e+00 1.762799999999999923e-01
1.263500000000000068e+00 1.755049999999999943e-01
1.266000000000000014e+00 1.747229999999999894e-01
1.268499999999999961e+00 1.739320000000000033e-01
1.270999999999999908e+00 1.731340000000000101e-01
1.273500000000000076e+00 1.723290000000000100e-01
1.276000000000000023e+00 1.715150000000000008e-01
1.278499999999999970e+00 1.706940000000000124e-01
1.280999999999999917e+00 1.698649999999999882e-01
1.283500000000000085e+00 1.690280000000000116e-01
1.286000000000000032e+00 1.681840000000000002e-01
1.288499999999999979e+00 1.673320000000000085e-01
1.290999999999999925e+00 1.664730000000000099e-01
1.293500000000000094e+00 1.656070000000000042e-01
1.296000000000000041e+00 1.647319999999999895e-01
1.298499999999999988e+00 1.638509999999999966e-01
1.300999999999999934e+00 1.629619999999999957e-01
1.303500000000000103e+00 1.620659999999999878e-01
1.306000000000000050e+00 1.611630000000000007e-01
1.308499999999999996e+00 1.602520000000000056e-01
1.310999999999999943e+00 1.593350000000000044e-01
1.313499999999999890e+00 1.584099999999999953e-01
1.316000000000000059e+00 1.574780000000000069e-01
1.318500000000000005e+00 1.565390000000000115e-01
1.320999999999999952e+00 1.555930000000000091e-01
1.323499999999999899e+00 1.546410000000000007e-01
1.326000000000000068e+00 1.536810000000000120e-01
1.328500000000000014e+00 1.527149999999999896e-01
1.330999999999999961e+00 1.517419999999999880e-01
1.333499999999999908e+00 1.507620000000000071e-01
1.336000000000000076e+00 1.497759999999999925e-01
1.338500000000000023e+00 1.487829999999999986e-01
1.340999999999999970e+00 1.477829999999999977e-01
1.343499999999999917e+00 1.467769999999999908e-01
1.346000000000000085e+00 1.457640000000000047e-01
1.348500000000000032e+00 1.447450000000000125e-01
1.350999999999999979e+00 1.437199999999999867e-01
1.353499999999999925e+00 1.426880000000000093e-01
1.356000000000000094e+00 1.416499999999999981e-01
1.358500000000000041e+00 1.406050000000000078e-01
1.360999999999999988e+00 1.395550000000000124e-01
1.363499999999999934e+00 1.384980000000000100e-01
1.366000000000000103e+00 1.374350000000000016e-01
1.368500000000000050e+00 1.363659999999999872e-01
1.370999999999999996e+00 1.352909999999999946e-01
1.373499999999999943e+00 1.342089999999999950e-01
1.375999999999999890e+00 1.331219999999999903e-01
1.378500000000000059e+00 1.320290000000000075e-01
1.381000000000000005e+00 1.309299999999999908e-01
1.383499999999999952e+00 1.298249999999999960e-01
1.385999999999999899e+00 1.287139999999999951e-01
1.388500000000000068e+00 1.275969999999999882e-01
1.391000000000000014e+00 1.264740000000000031e-01
1.393499999999999961e+00 1.253460000000000130e-01
1.395999999999999908e+00 1.242110000000000020e-01
1.398500000000000076e+00 1.230709999999999998e-01
1.401000000000000023e+00 1.219250000000000056e-01
1.403499999999999970e+00 1.207730000000000053e-01
1.405999999999999917e+00 1.196149999999999991e-01
1.408500000000000085e+00 1.184510000000000007e-01
1.411000000000000032e+00 1.172819999999999974e-01
1.413499999999999979e+00 1.161060000000000009e-01
1.415999999999999925e+00 1.149249999999999994e-01
1.418500000000000094e+00 1.137380000000000058e-01
1.421000000000000041e+00 1.125459999999999933e-01
1.423499999999999988e+00 1.113470000000000015e-01
1.425999999999999934e+00 1.101420000000000038e-01
1.428500000000000103e+00 1.089320000000000010e-01
1.431000000000000050e+00 1.077150000000000052e-01
1.433499999999999996e+00 1.064930000000000043e-01
1.435999999999999943e+00 1.052639999999999965e-01
1.438499999999999890e+00 1.040289999999999965e-01
1.441000000000000059e+00 1.027890000000000054e-01
1.443500000000000005e+00 1.015419999999999934e-01
1.445999999999999952e+00 1.002880000000000021e-01
1.448499999999999899e+00 9.902900000000000591e-02
1.451000000000000068e+00 9.776300000000000268e-02
1.453500000000000014e+00 9.649099999999999344e-02
1.455999999999999961e+00 9.521200000000000496e-02
1.458499999999999908e+00 9.392699999999999660e-02
1.461000000000000076e+00 9.263499999999999512e-02
1.463500000000000023e+00 9.133600000000000052e-02
1.465999999999999970e+00 9.003099999999999992e-02
1.468499999999999917e+00 8.871900000000000619e-02
1.471000000000000085e+00 8.739900000000000446e-02
1.473500000000000032e+00 8.607299999999999673e-02
1.475999999999999979e+00 8.473899999999999488e-02
1.478499999999999925e+00 8.339799999999999991e-02
1.481000000000000094e+00 8.204899999999999693e-02
1.483500000000000041e+00 8.069300000000000084e-02
1.485999999999999988e+00 7.932899999999999674e-02
1.488499999999999934e+00 7.795699999999999852e-02
1.491000000000000103e+00 7.657799999999999330e-02
1.493500000000000050e+00 7.519000000000000683e-02
1.495999999999999996e+00 7.379299999999999748e-02
1.498499999999999943e+00 7.238899999999999502e-02
1.500999999999999890e+00 7.097499999999999643e-02
1.503500000000000059e+00 6.955300000000000371e-02
1.506000000000000005e+00 6.812200000000000200e-02
1.508499999999999952e+00 6.668100000000000416e-02
1.510999999999999899e+00 6.523199999999999832e-02
1.513500000000000068e+00 6.377199999999999536e-02
1.516000000000000014e+00 6.230299999999999727e-02
1.518499999999999961e+00 6.082400000000000306e-02
1.520999999999999908e+00 5.933499999999999885e-02
1.523500000000000076e+00 5.783499999999999752e-02
1.526000000000000023e+00 5.632399999999999907e-02
1.528499999999999970e+00 5.480299999999999755e-02
1.530999999999999917e+00 5.326999999999999791e-02
1.533500000000000085e+00 5.172600000000000114e-02
1.536000000000000032e+00 5.017100000000000032e-02
1.538499999999999979e+00 4.860300000000000037e-02
1.540999999999999925e+00 4.702300000000000230e-02
1.543500000000000094e+00 4.543099999999999916e-02
1.546000000000000041e+00 4.382500000000000284e-02
1.548499999999999988e+00 4.220700000000000146e-02
1.550999999999999934e+00 4.057499999999999996e-02
1.553500000000000103e+00 3.892999999999999933e-02
1.556000000000000050e+00 3.726999999999999758e-02
1.558499999999999996e+00 3.559600000000000264e-02
1.560999999999999943e+00 3.390699999999999964e-02
1.563499999999999890e+00 3.220300000000000246e-02
1.566000000000000059e+00 3.048299999999999968e-02
1.568500000000000005e+00 2.874799999999999925e-02
1.570999999999999952e+00 2.699599999999999916e-02
1.573499999999999899e+00 2.522800000000000042e-02
1.576000000000000068e+00 2.344299999999999856e-02
1.578500000000000014e+00 2.163999999999999951e-02
1.580999999999999961e+00 1.982000000000000081e-02
1.583499999999999908e+00 1.798100000000000045e-02
1.586000000000000076e+00 1.612299999999999844e-02
1.588500000000000023e+00 1.424599999999999998e-02
1.590999999999999970e+00 1.234999999999999987e-02
1.593499999999999917e+00 1.043299999999999957e-02
1.596000000000000085e+00 8.496000000000000080e-03
1.598500000000000032e+00 6.538000000000000408e-03
1.600999999999999979e+00 4.558999999999999685e-03
1.603499999999999925e+00 2.556999999999999811e-03
1.606000000000000094e+00 5.330000000000000536e-04
1.608500000000000041e+00 1.515999999999999986e-03
1.610999999999999988e+00 3.586999999999999911e-03
1.613499999999999934e+00 5.682000000000000418e-03
1.616000000000000103e+00 7.803000000000000040e-03
1.618500000000000050e+00 9.948999999999999511e-03
1.620999999999999996e+00 1.212099999999999983e-02
1.623499999999999943e+00 1.431900000000000013e-02
1.625999999999999890e+00 1.654500000000000068e-02
1.628500000000000059e+00 1.879899999999999974e-02
1.631000000000000005e+00 2.108099999999999904e-02
1.633499999999999952e+00 2.339199999999999960e-02
1.635999999999999899e+00 2.573299999999999893e-02
1.638500000000000068e+00 2.810500000000000151e-02
1.641000000000000014e+00 3.050800000000000040e-02
1.643499999999999961e+00 3.294300000000000006e-02
1.645999999999999908e+00 3.541099999999999803e-02
1.648500000000000076e+00 3.791200000000000125e-02
1.651000000000000023e+00 4.044799999999999784e-02
1.653499999999999970e+00 4.301800000000000068e-02
1.655999999999999917e+00 4.562399999999999789e-02
1.658500000000000085e+00 4.826699999999999741e-02
1.661000000000000032e+00 5.094699999999999923e-02
1.663499999999999979e+00 5.366599999999999843e-02
1.665999999999999925e+00 5.642400000000000193e-02
1.668500000000000094e+00 5.922100000000000281e-02
1.671000000000000041e+00 6.205999999999999711e-02
1.673499999999999988e+00 6.493999999999999773e-02
1.675999999999999934e+00 6.786300000000000665e-02
1.678500000000000103e+00 7.082900000000000307e-02
1.681000000000000050e+00 7.384000000000000286e-02
1.683499999999999996e+00 7.689699999999999314e-02
1.685999999999999943e+00 8.000000000000000167e-02
1.688499999999999890e+00 8.315100000000000269e-02
1.691000000000000059e+00 8.634999999999999620e-02
1.693500000000000005e+00 8.959899999999999809e-02
1.695999999999999952e+00 9.289899999999999547e-02
1.698499999999999899e+00 9.625000000000000222e-02
1.701000000000000068e+00 9.965499999999999359e-02
1.703500000000000014e+00 1.031129999999999963e-01
1.705999999999999961e+00 1.066259999999999986e-01
1.708499999999999908e+00 1.101960000000000023e-01
1.711000000000000076e+00 1.138229999999999936e-01
1.713500000000000023e+00 1.175090000000000023e-01
1.715999999999999970e+00 1.212550000000000017e-01
1.718499999999999917e+00 1.250620000000000065e-01
1.721000000000000085e+00 1.289309999999999901e-01
1.723500000000000032e+00 1.328640000000000099e-01
1.725999999999999979e+00 1.368610000000000104e-01
1.728499999999999925e+00 1.409249999999999947e-01
1.731000000000000094e+00 1.450569999999999915e-01
1.733500000000000041e+00 1.492570000000000008e-01
1.735999999999999988e+00 1.535269999999999968e-01
1.738499999999999934e+00 1.578700000000000103e-01
1.741000000000000103e+00 1.622850000000000126e-01
1.743500000000000050e+00 1.667740000000000056e-01
1.745999999999999996e+00 1.713399999999999923e-01
1.748499999999999943e+00 1.759819999999999995e-01
1.750999999999999890e+00 1.807030000000000025e-01
1.753500000000000059e+00 1.855050000000000032e-01
1.756000000000000005e+00 1.903880000000000017e-01
1.758499999999999952e+00 1.953539999999999999e-01
1.760999999999999899e+00 2.004049999999999998e-01
1.763500000000000068e+00 2.055420000000000025e-01
1.766000000000000014e+00 2.107660000000000089e-01
1.768499999999999961e+00 2.160799999999999943e-01
1.770999999999999908e+00 2.214839999999999864e-01
1.773500000000000076e+00 2.269799999999999873e-01
1.776000000000000023e+00 2.325699999999999990e-01
1.778499999999999970e+00 2.382549999999999946e-01
1.780999999999999917e+00 2.440370000000000039e-01
1.783500000000000085e+00 2.499170000000000003e-01
1.786000000000000032e+00 2.558960000000000123e-01
1.788499999999999979e+00 2.619770000000000154e-01
1.790999999999999925e+00 2.681600000000000095e-01
1.793500000000000094e+00 2.744460000000000233e-01
1.796000000000000041e+00 2.808379999999999765e-01
1.798499999999999988e+00 2.873370000000000091e-01
1.800999999999999934e+00 2.939439999999999831e-01
1.803500000000000103e+00 3.006590000000000096e-01
1.806000000000000050e+00 3.074850000000000083e-01
1.808499999999999996e+00 3.144230000000000080e-01
1.810999999999999943e+00 3.214730000000000087e-01
1.813499999999999890e+00 3.286370000000000124e-01
1.816000000000000059e+00 3.359150000000000191e-01
1.818500000000000005e+00 3.433089999999999753e-01
1.820999999999999952e+00 3.508189999999999920e-01
1.823499999999999899e+00 3.584470000000000156e-01
1.826000000000000068e+00 3.661909999999999887e-01
1.828500000000000014e+00 3.740539999999999976e-01
1.830999999999999961e+00 3.820350000000000135e-01
1.833499999999999908e+00 3.901339999999999808e-01
1.836000000000000076e+00 3.983519999999999839e-01
1.838500000000000023e+00 4.066879999999999939e-01
1.840999999999999970e+00 4.151420000000000110e-01
1.843499999999999917e+00 4.237139999999999795e-01
1.846000000000000085e+00 4.324020000000000086e-01
1.848500000000000032e+00 4.412070000000000158e-01
1.850999999999999979e+00 4.501260000000000261e-01
1.853499999999999925e+00 4.591589999999999838e-01
1.856000000000000094e+00 4.683039999999999980e-01
1.858500000000000041e+00 4.775590000000000113e-01
1.860999999999999988e+00 4.869220000000000215e-01
1.863499999999999934e+00 4.963899999999999979e-01
1.866000000000000103e+00 5.059609999999999941e-01
1.868500000000000050e+00 5.156309999999999505e-01
1.870999999999999996e+00 5.253980000000000317e-01
1.873499999999999943e+00 5.352569999999999828e-01
1.875999999999999890e+00 5.452050000000000507e-01
1.878500000000000059e+00 5.552359999999999518e-01
1.881000000000000005e+00 5.653460000000000152e-01
1.883499999999999952e+00 5.755310000000000148e-01
1.885999999999999899e+00 5.857830000000000537e-01
1.888500000000000068e+00 5.960969999999999880e-01
1.891000000000000014e+00 6.064669999999999783e-01
1.893499999999999961e+00 6.168860000000000454e-01
1.895999999999999908e+00 6.273459999999999592e-01
1.898500000000000076e+00 6.378399999999999626e-01
1.901000000000000023e+00 6.483600000000000474e-01
1.903499999999999970e+00 6.588969999999999549e-01
1.905999999999999917e+00 6.694419999999999815e-01
1.908500000000000085e+00 6.799859999999999793e-01
1.911000000000000032e+00 6.905200000000000227e-01
1.913499999999999979e+00 7.010330000000000172e-01
1.915999999999999925e+00 7.115150000000000086e-01
1.918500000000000094e+00 7.219550000000000134e-01
1.921000000000000041e+00 7.323429999999999662e-01
1.923499999999999988e+00 7.426679999999999948e-01
1.925999999999999934e+00 7.529179999999999762e-01
1.928500000000000103e+00 7.630820000000000380e-01
1.931000000000000050e+00 7.731479999999999464e-01
1.933499999999999996e+00 7.831050000000000511e-01
1.935999999999999943e+00 7.929410000000000069e-01
1.938499999999999890e+00 8.026440000000000241e-01
1.941000000000000059e+00 8.122030000000000083e-01
1.943500000000000005e+00 8.216069999999999762e-01
1.945999999999999952e+00 8.308429999999999982e-01
1.948499999999999899e+00 8.399020000000000374e-01
1.951000000000000068e+00 8.487719999999999709e-01
1.953500000000000014e+00 8.574429999999999552e-01
1.955999999999999961e+00 8.659059999999999535e-01
1.958499999999999908e+00 8.741499999999999826e-01
1.961000000000000076e+00 8.821660000000000057e-01
1.963500000000000023e+00 8.899470000000000436e-01
1.965999999999999970e+00 8.974839999999999485e-01
1.968499999999999917e+00 9.047699999999999632e-01
1.971000000000000085e+00 9.117979999999999974e-01
1.973500000000000032e+00 9.185630000000000184e-01
1.975999999999999979e+00 9.250589999999999646e-01
1.978499999999999925e+00 9.312810000000000255e-01
1.981000000000000094e+00 9.372270000000000323e-01
1.983500000000000041e+00 9.428919999999999524e-01
1.985999999999999988e+00 9.482739999999999503e-01
1.988499999999999934e+00 9.533730000000000260e-01
1.991000000000000103e+00 9.581859999999999822e-01
1.993500000000000050e+00 9.627149999999999874e-01
1.995999999999999996e+00 9.669590000000000130e-01
1.998499999999999943e+00 9.709189999999999765e-01
2.000999999999999890e+00 9.745989999999999931e-01
2.003499999999999837e+00 9.779999999999999805e-01
2.005999999999999783e+00 9.811250000000000249e-01
2.008500000000000174e+00 9.839790000000000481e-01
2.011000000000000121e+00 9.865650000000000253e-01
2.013500000000000068e+00 9.888879999999999892e-01
2.016000000000000014e+00 9.909529999999999728e-01
2.018499999999999961e+00 9.927669999999999551e-01
2.020999999999999908e+00 9.943340000000000511e-01
2.023499999999999854e+00 9.956610000000000182e-01
2.025999999999999801e+00 9.967540000000000289e-01
2.028500000000000192e+00 9.976209999999999800e-01
2.031000000000000139e+00 9.982680000000000442e-01
2.033500000000000085e+00 9.987019999999999786e-01
2.036000000000000032e+00 9.989310000000000134e-01
2.038499999999999979e+00 9.989620000000000166e-01
2.040999999999999925e+00 9.988029999999999964e-01
2.043499999999999872e+00 9.984600000000000142e-01
2.045999999999999819e+00 9.979419999999999957e-01
2.048500000000000210e+00 9.972550000000000026e-01
2.051000000000000156e+00 9.964070000000000427e-01
2.053500000000000103e+00 9.954060000000000130e-01
2.056000000000000050e+00 9.942590000000000039e-01
2.058499999999999996e+00 9.929719999999999658e-01
2.060999999999999943e+00 9.915530000000000177e-01
2.063499999999999890e+00 9.900090000000000279e-01
2.065999999999999837e+00 9.883459999999999468e-01
2.068499999999999783e+00 9.865709999999999757e-01
2.071000000000000174e+00 9.846899999999999542e-01
2.073500000000000121e+00 9.827090000000000547e-01
2.076000000000000068e+00 9.806350000000000344e-01
2.078500000000000014e+00 9.784730000000000372e-01
2.080999999999999961e+00 9.762290000000000134e-01
2.083499999999999908e+00 9.739090000000000247e-01
2.085999999999999854e+00 9.715169999999999639e-01
2.088499999999999801e+00 9.690590000000000037e-01
2.091000000000000192e+00 9.665390000000000370e-01
2.093500000000000139e+00 9.639630000000000143e-01
2.096000000000000085e+00 9.613340000000000218e-01
2.098500000000000032e+00 9.586580000000000101e-01
2.100999999999999979e+00 9.559379999999999544e-01
2.103499999999999925e+00 9.531779999999999697e-01
2.105999999999999872e+00 9.503819999999999490e-01
2.108499999999999819e+00 9.475540000000000074e-01
2.111000000000000210e+00 9.446970000000000089e-01
2.113500000000000156e+00 9.418140000000000400e-01
2.116000000000000103e+00 9.389079999999999648e-01
2.118500000000000050e+00 9.359840000000000382e-01
2.120999999999999996e+00 9.330420000000000380e-01
2.123499999999999943e+00 9.300869999999999971e-01
2.125999999999999890e+00 9.271200000000000552e-01
2.128499999999999837e+00 9.241439999999999655e-01
2.130999999999999783e+00 9.211620000000000363e-01
2.133500000000000174e+00 9.181749999999999634e-01
2.136000000000000121e+00 9.151860000000000550e-01
2.138500000000000068e+00 9.121970000000000356e-01
2.141000000000000014e+00 9.092090000000000449e-01
2.143499999999999961e+00 9.062240000000000295e-01
2.145999999999999908e+00 9.032449999999999646e-01
2.148499999999999854e+00 9.002719999999999612e-01
2.150999999999999801e+00 8.973069999999999657e-01
2.153500000000000192e+00 8.943520000000000358e-01
2.156000000000000139e+00 8.914069999999999494e-01
2.158500000000000085e+00 8.884750000000000147e-01
2.161000000000000032e+00 8.855560000000000098e-01
2.163499999999999979e+00 8.826509999999999634e-01
2.165999999999999925e+00 8.797620000000000440e-01
2.168499999999999872e+00 8.768899999999999473e-01
2.170999999999999819e+00 8.740350000000000064e-01
2.173500000000000210e+00 8.711980000000000279e-01
2.176000000000000156e+00 8.683809999999999585e-01
2.178500000000000103e+00 8.655829999999999913e-01
2.181000000000000050e+00 8.628069999999999906e-01
2.183499999999999996e+00 8.600520000000000387e-01
2.185999999999999943e+00 8.573180000000000245e-01
2.188499999999999890e+00 8.546080000000000343e-01
2.190999999999999837e+00 8.519210000000000393e-01
2.193499999999999783e+00 8.492579999999999574e-01
2.196000000000000174e+00 8.466190000000000104e-01
2.198500000000000121e+00 8.440060000000000340e-01
2.201000000000000068e+00 8.414169999999999705e-01
2.203500000000000014e+00 8.388550000000000173e-01
2.205999999999999961e+00 8.363180000000000058e-01
2.208499999999999908e+00 8.338079999999999936e-01
2.210999999999999854e+00 8.313249999999999806e-01
2.213499999999999801e+00 8.288699999999999957e-01
2.216000000000000192e+00 8.264420000000000099e-01
2.218500000000000139e+00 8.240420000000000522e-01
2.221000000000000085e+00 8.216700000000000115e-01
2.223500000000000032e+00 8.193259999999999987e-01
2.225999999999999979e+00 8.170110000000000428e-01
2.228499999999999925e+00 8.147250000000000325e-01
2.230999999999999872e+00 8.124679999999999680e-01
2.233499999999999819e+00 8.102409999999999890e-01
2.236000000000000210e+00 8.080420000000000380e-01
2.238500000000000156e+00 8.058739999999999792e-01
2.241000000000000103e+00 8.037349999999999772e-01
2.243500000000000050e+00 8.016269999999999785e-01
2.245999999999999996e+00 7.995480000000000365e-01
2.248499999999999943e+00 7.974999999999999867e-01
2.250999999999999890e+00 7.954820000000000224e-01
2.253499999999999837e+00 7.934949999999999504e-01
2.255999999999999783e+00 7.915379999999999638e-01
2.258500000000000174e+00 7.896119999999999806e-01
2.261000000000000121e+00 7.877159999999999718e-01
2.263500000000000068e+00 7.858519999999999950e-01
2.266000000000000014e+00 7.840179999999999927e-01
2.268499999999999961e+00 7.822149999999999936e-01
2.270999999999999908e+00 7.804440000000000266e-01
2.273499999999999854e+00 7.787039999999999518e-01
2.275999999999999801e+00 7.769939999999999625e-01
2.278500000000000192e+00 7.753160000000000052e-01
2.281000000000000139e+00 7.736690000000000511e-01
2.283500000000000085e+00 7.720540000000000180e-01
2.286000000000000032e+00 7.704699999999999882e-01
2.288499999999999979e+00 7.689169999999999616e-01
2.290999999999999925e+00 7.673950000000000493e-01
2.293499999999999872e+00 7.659049999999999470e-01
2.295999999999999819e+00 7.644459999999999589e-01
2.298500000000000210e+00 7.630179999999999740e-01
2.301000000000000156e+00 7.616220000000000212e-01
2.303500000000000103e+00 7.602569999999999606e-01
2.306000000000000050e+00 7.589240000000000430e-01
2.308499999999999996e+00 7.576220000000000176e-01
2.310999999999999943e+00 7.563509999999999955e-01
2.313499999999999890e+00 7.551120000000000054e-01
2.315999999999999837e+00 7.539029999999999898e-01
2.318499999999999783e+00 7.527260000000000062e-01
2.321000000000000174e+00 7.515810000000000546e-01
2.323500000000000121e+00 7.504659999999999664e-01
2.326000000000000068e+00 7.493819999999999926e-01
2.328500000000000014e+00 7.483300000000000507e-01
2.330999999999999961e+00 7.473079999999999723e-01
2.333499999999999908e+00 7.463180000000000369e-01
2.335999999999999854e+00 7.453579999999999650e-01
2.338499999999999801e+00 7.444290000000000074e-01
2.341000000000000192e+00 7.435310000000000530e-01
2.343500000000000139e+00 7.426639999999999908e-01
2.346000000000000085e+00 7.418270000000000142e-01
2.348500000000000032e+00 7.410210000000000408e-01
2.350999999999999979e+00 7.402450000000000419e-01
2.353499999999999925e+00 7.395000000000000462e-01
2.355999999999999872e+00 7.387839999999999963e-01
2.358499999999999819e+00 7.380989999999999496e-01
2.361000000000000210e+00 7.374439999999999884e-01
2.363500000000000156e+00 7.368190000000000017e-01
2.366000000000000103e+00 7.362229999999999608e-01
2.368500000000000050e+00 7.356570000000000054e-01
2.370999999999999996e+00 7.351210000000000244e-01
2.373499999999999943e+00 7.346139999999999892e-01
2.375999999999999890e+00 7.341360000000000108e-01
2.378499999999999837e+00 7.336880000000000068e-01
2.380999999999999783e+00 7.332680000000000309e-01
2.383500000000000174e+00 7.328780000000000294e-01
2.386000000000000121e+00 7.325150000000000272e-01
2.388500000000000068e+00 7.321819999999999995e-01
2.391000000000000014e+00 7.318759999999999710e-01
2.393499999999999961e+00 7.315989999999999993e-01
2.395999999999999908e+00 7.313499999999999446e-01
2.398499999999999854e+00 7.311280000000000001e-01
2.400999999999999801e+00 7.309339999999999726e-01
2.403500000000000192e+00 7.307670000000000554e-01
2.406000000000000139e+00 7.306270000000000264e-01
2.408500000000000085e+00 7.305139999999999967e-01
2.411000000000000032e+00 7.304279999999999662e-01
2.413499999999999979e+00 7.303680000000000172e-01
2.415999999999999925e+00 7.303349999999999564e-01
2.418499999999999872e+00 7.303269999999999484e-01
2.420999999999999819e+00 7.303450000000000220e-01
2.423500000000000210e+00 7.303880000000000372e-01
2.426000000000000156e+00 7.304570000000000229e-01
2.428500000000000103e+00 7.305500000000000327e-01
2.431000000000000050e+00 7.306679999999999842e-01
2.433499999999999996e+00 7.308109999999999884e-01
2.435999999999999943e+00 7.309769999999999879e-01
2.438499999999999890e+00 7.311670000000000114e-01
2.440999999999999837e+00 7.313800000000000301e-01
2.443499999999999783e+00 7.316160000000000441e-01
2.446000000000000174e+00 7.318750000000000533e-01
2.448500000000000121e+00 7.321560000000000290e-01
2.451000000000000068e+00 7.324600000000000000e-01
2.453500000000000014e+00 7.327850000000000197e-01
2.455999999999999961e+00 7.331309999999999771e-01
2.458499999999999908e+00 7.334979999999999833e-01
2.460999999999999854e+00 7.338850000000000096e-01
2.463499999999999801e+00 7.342929999999999735e-01
2.466000000000000192e+00 7.347200000000000397e-01
2.468500000000000139e+00 7.351670000000000149e-01
2.471000000000000085e+00 7.356319999999999526e-01
2.473500000000000032e+00 7.361159999999999926e-01
