3.977100000000000080e-01 9.359189999999999454e-01
4.027100000000000124e-01 9.147089999999999943e-01
4.077100000000000168e-01 9.061219999999999830e-01
4.127100000000000213e-01 9.021940000000000515e-01
4.177100000000000257e-01 9.005819999999999936e-01
4.227099999999999747e-01 9.002379999999999827e-01
4.277099999999999791e-01 9.006039999999999601e-01
4.327099999999999835e-01 9.013670000000000293e-01
4.377099999999999880e-01 9.023489999999999567e-01
4.427099999999999924e-01 9.034470000000000001e-01
4.477099999999999969e-01 9.046020000000000172e-01
4.527100000000000013e-01 9.057790000000000008e-01
4.577100000000000057e-01 9.069549999999999557e-01
4.627100000000000102e-01 9.081169999999999520e-01
4.677100000000000146e-01 9.092559999999999532e-01
4.727100000000000191e-01 9.103679999999999550e-01
4.777099999999999680e-01 9.114480000000000359e-01
4.827099999999999724e-01 9.124949999999999450e-01
4.877099999999999769e-01 9.135079999999999867e-01
4.927099999999999813e-01 9.144860000000000211e-01
4.977099999999999858e-01 9.154299999999999660e-01
5.027099999999999902e-01 9.163390000000000146e-01
5.077099999999999946e-01 9.172160000000000313e-01
5.127099999999999991e-01 9.180599999999999872e-01
5.177100000000000035e-01 9.188739999999999686e-01
5.227100000000000080e-01 9.196579999999999755e-01
5.277100000000000124e-01 9.204149999999999832e-01
5.327100000000000168e-01 9.211449999999999916e-01
5.377100000000000213e-01 9.218499999999999472e-01
5.427100000000000257e-01 9.225320000000000187e-01
5.477099999999999191e-01 9.231920000000000126e-01
5.527100000000000346e-01 9.238300000000000400e-01
5.577099999999999280e-01 9.244489999999999652e-01
5.627099999999999325e-01 9.250490000000000101e-01
5.677099999999999369e-01 9.256320000000000103e-01
5.727099999999999413e-01 9.261979999999999658e-01
5.777099999999999458e-01 9.267490000000000450e-01
5.827099999999999502e-01 9.272850000000000259e-01
5.877099999999999547e-01 9.278070000000000483e-01
5.927099999999999591e-01 9.283160000000000300e-01
5.977099999999999635e-01 9.288119999999999710e-01
6.027099999999999680e-01 9.292960000000000109e-01
6.077099999999999724e-01 9.297689999999999566e-01
6.127099999999999769e-01 9.302300000000000013e-01
6.177099999999999813e-01 9.306820000000000093e-01
6.227099999999999858e-01 9.311230000000000340e-01
6.277099999999999902e-01 9.315550000000000219e-01
6.327099999999999946e-01 9.319779999999999731e-01
6.377099999999999991e-01 9.323930000000000273e-01
6.427100000000000035e-01 9.327990000000000448e-01
6.477100000000000080e-01 9.331960000000000255e-01
6.527099999999999014e-01 9.335869999999999447e-01
6.577100000000000168e-01 9.339699999999999669e-01
6.627099999999999103e-01 9.343449999999999811e-01
6.677100000000000257e-01 9.347140000000000448e-01
6.727099999999999191e-01 9.350770000000000470e-01
6.777100000000000346e-01 9.354329999999999590e-01
6.827099999999999280e-01 9.357830000000000314e-01
6.877100000000000435e-01 9.361270000000000424e-01
6.927099999999999369e-01 9.364660000000000206e-01
6.977100000000000524e-01 9.367990000000000483e-01
7.027099999999999458e-01 9.371270000000000433e-01
7.077100000000000612e-01 9.374500000000000055e-01
7.127099999999999547e-01 9.377680000000000460e-01
7.177100000000000701e-01 9.380810000000000537e-01
7.227099999999999635e-01 9.383899999999999464e-01
7.277100000000000790e-01 9.386940000000000284e-01
7.327099999999999724e-01 9.389939999999999953e-01
7.377099999999999769e-01 9.392890000000000406e-01
7.427099999999999813e-01 9.395809999999999995e-01
7.477099999999999858e-01 9.398680000000000367e-01
7.527099999999999902e-01 9.401519999999999877e-01
7.577099999999999946e-01 9.404320000000000457e-01
7.627099999999999991e-01 9.407079999999999886e-01
7.677099999999998925e-01 9.409809999999999564e-01
7.727100000000000080e-01 9.412500000000000311e-01
7.777099999999999014e-01 9.415160000000000196e-01
7.827100000000000168e-01 9.417780000000000040e-01
7.877099999999999103e-01 9.420370000000000132e-01
7.927100000000000257e-01 9.422930000000000472e-01
7.977099999999999191e-01 9.425459999999999949e-01
8.027100000000000346e-01 9.427959999999999674e-01
8.077099999999999280e-01 9.430420000000000469e-01
8.127100000000000435e-01 9.432859999999999578e-01
8.177099999999999369e-01 9.435270000000000046e-01
8.227100000000000524e-01 9.437649999999999650e-01
8.277099999999999458e-01 9.440009999999999790e-01
8.327100000000000612e-01 9.442329999999999890e-01
8.377099999999999547e-01 9.444630000000000525e-01
8.427100000000000701e-01 9.446900000000000297e-01
8.477099999999999635e-01 9.449149999999999494e-01
8.527100000000000790e-01 9.451370000000000049e-01
8.577099999999999724e-01 9.453570000000000029e-01
8.627099999999999769e-01 9.455740000000000256e-01
8.677099999999999813e-01 9.457889999999999908e-01
8.727099999999999858e-01 9.460020000000000095e-01
8.777099999999999902e-01 9.462120000000000530e-01
8.827099999999999946e-01 9.464200000000000390e-01
8.877099999999999991e-01 9.466259999999999675e-01
8.927099999999998925e-01 9.468299999999999494e-01
8.977100000000000080e-01 9.470319999999999849e-01
9.027099999999999014e-01 9.472310000000000452e-01
9.077100000000000168e-01 9.474280000000000479e-01
9.127099999999999103e-01 9.476240000000000219e-01
9.177100000000000257e-01 9.478170000000000206e-01
9.227099999999999191e-01 9.480089999999999906e-01
9.277100000000000346e-01 9.481990000000000141e-01
9.327099999999999280e-01 9.483859999999999513e-01
9.377100000000000435e-01 9.485719999999999708e-01
9.427099999999999369e-01 9.487569999999999615e-01
9.477100000000000524e-01 9.489389999999999770e-01
9.527099999999999458e-01 9.491199999999999637e-01
9.577100000000000612e-01 9.492990000000000039e-01
9.627099999999999547e-01 9.494770000000000154e-01
9.677100000000000701e-01 9.496529999999999694e-01
9.727099999999999635e-01 9.498280000000000056e-01
9.777100000000000790e-01 9.500009999999999843e-01
9.827099999999999724e-01 9.501720000000000166e-01
9.877099999999998658e-01 9.503430000000000488e-01
9.927099999999999813e-01 9.505109999999999948e-01
9.977099999999998747e-01 9.506790000000000518e-01
1.002709999999999990e+00 9.508450000000000513e-01
1.007709999999999884e+00 9.510100000000000220e-01
1.012709999999999999e+00 9.511739999999999640e-01
1.017709999999999892e+00 9.513359999999999594e-01
1.022710000000000008e+00 9.514979999999999549e-01
1.027709999999999901e+00 9.516580000000000039e-01
1.032710000000000017e+00 9.518180000000000529e-01
1.037709999999999910e+00 9.519760000000000444e-01
1.042710000000000026e+00 9.521330000000000071e-01
1.047709999999999919e+00 9.522899999999999698e-01
1.052710000000000035e+00 9.524449999999999861e-01
1.057709999999999928e+00 9.526000000000000023e-01
1.062710000000000043e+00 9.527529999999999610e-01
1.067709999999999937e+00 9.529060000000000308e-01
1.072710000000000052e+00 9.530579999999999607e-01
1.077709999999999946e+00 9.532100000000000017e-01
1.082710000000000061e+00 9.533610000000000140e-01
1.087709999999999955e+00 9.535109999999999975e-01
1.092710000000000070e+00 9.536599999999999522e-01
1.097709999999999964e+00 9.538090000000000179e-01
1.102710000000000079e+00 9.539570000000000549e-01
1.107709999999999972e+00 9.541049999999999809e-01
1.112709999999999866e+00 9.542519999999999891e-01
1.117709999999999981e+00 9.543989999999999974e-01
1.122709999999999875e+00 9.545460000000000056e-01
1.127709999999999990e+00 9.546919999999999851e-01
1.132709999999999884e+00 9.548370000000000468e-01
1.137709999999999999e+00 9.549830000000000263e-01
1.142709999999999892e+00 9.551279999999999770e-01
1.147710000000000008e+00 9.552730000000000388e-01
1.152709999999999901e+00 9.554169999999999607e-01
1.157710000000000017e+00 9.555609999999999937e-01
1.162709999999999910e+00 9.557060000000000555e-01
1.167710000000000026e+00 9.558489999999999487e-01
1.172709999999999919e+00 9.559929999999999817e-01
1.177710000000000035e+00 9.561370000000000147e-01
1.182709999999999928e+00 9.562810000000000477e-01
1.187710000000000043e+00 9.564240000000000519e-01
1.192709999999999937e+00 9.565679999999999739e-01
1.197710000000000052e+00 9.567109999999999781e-01
1.202709999999999946e+00 9.568550000000000111e-01
1.207710000000000061e+00 9.569990000000000441e-01
1.212709999999999955e+00 9.571420000000000483e-01
1.217710000000000070e+00 9.572859999999999703e-01
1.222709999999999964e+00 9.574300000000000033e-01
1.227710000000000079e+00 9.575740000000000363e-01
1.232709999999999972e+00 9.577179999999999582e-01
1.237709999999999866e+00 9.578619999999999912e-01
1.242709999999999981e+00 9.580060000000000242e-01
1.247709999999999875e+00 9.581509999999999749e-01
1.252709999999999990e+00 9.582960000000000367e-01
1.257709999999999884e+00 9.584409999999999874e-01
1.262709999999999999e+00 9.585860000000000491e-01
1.267709999999999892e+00 9.587320000000000286e-01
1.272710000000000008e+00 9.588769999999999794e-01
1.277709999999999901e+00 9.590229999999999588e-01
1.282710000000000017e+00 9.591699999999999671e-01
1.287709999999999910e+00 9.593159999999999465e-01
1.292710000000000026e+00 9.594629999999999548e-01
1.297709999999999919e+00 9.596099999999999630e-01
1.302710000000000035e+00 9.597569999999999713e-01
1.307709999999999928e+00 9.599050000000000082e-01
1.312710000000000043e+00 9.600530000000000452e-01
1.317709999999999937e+00 9.602020000000000000e-01
1.322710000000000052e+00 9.603500000000000369e-01
1.327709999999999946e+00 9.605000000000000204e-01
1.332710000000000061e+00 9.606489999999999752e-01
1.337709999999999955e+00 9.607989999999999586e-01
1.342710000000000070e+00 9.609490000000000531e-01
1.347709999999999964e+00 9.610990000000000366e-01
1.352710000000000079e+00 9.612500000000000488e-01
1.357709999999999972e+00 9.614009999999999501e-01
1.362709999999999866e+00 9.615529999999999911e-01
1.367709999999999981e+00 9.617050000000000320e-01
1.372709999999999875e+00 9.618569999999999620e-01
1.377709999999999990e+00 9.620090000000000030e-01
1.382709999999999884e+00 9.621619999999999617e-01
1.387709999999999999e+00 9.623159999999999492e-01
1.392709999999999892e+00 9.624690000000000190e-01
1.397710000000000008e+00 9.626230000000000064e-01
1.402709999999999901e+00 9.627769999999999939e-01
1.407710000000000017e+00 9.629320000000000102e-01
1.412710000000000132e+00 9.630859999999999976e-01
1.417710000000000026e+00 9.632420000000000426e-01
1.422709999999999919e+00 9.633969999999999478e-01
1.427710000000000035e+00 9.635529999999999928e-01
1.432709999999999928e+00 9.637090000000000378e-01
1.437710000000000043e+00 9.638649999999999718e-01
1.442709999999999937e+00 9.640210000000000168e-01
1.447710000000000052e+00 9.641779999999999795e-01
1.452709999999999946e+00 9.643350000000000533e-01
1.457710000000000061e+00 9.644930000000000447e-01
1.462709999999999955e+00 9.646500000000000075e-01
1.467710000000000070e+00 9.648079999999999989e-01
1.472709999999999964e+00 9.649659999999999904e-01
1.477710000000000079e+00 9.651239999999999819e-01
1.482709999999999972e+00 9.652819999999999734e-01
1.487709999999999866e+00 9.654399999999999649e-01
1.492709999999999981e+00 9.655989999999999851e-01
1.497710000000000097e+00 9.657580000000000053e-01
1.502709999999999990e+00 9.659170000000000256e-01
1.507709999999999884e+00 9.660760000000000458e-01
1.512709999999999999e+00 9.662349999999999550e-01
1.517710000000000115e+00 9.663939999999999753e-01
1.522710000000000008e+00 9.665529999999999955e-01
1.527709999999999901e+00 9.667120000000000157e-01
1.532710000000000017e+00 9.668719999999999537e-01
1.537710000000000132e+00 9.670309999999999739e-01
1.542710000000000026e+00 9.671910000000000229e-01
1.547709999999999919e+00 9.673500000000000432e-01
1.552710000000000035e+00 9.675099999999999811e-01
1.557709999999999928e+00 9.676690000000000014e-01
1.562710000000000043e+00 9.678290000000000504e-01
1.567709999999999937e+00 9.679879999999999596e-01
1.572710000000000052e+00 9.681480000000000086e-01
1.577709999999999946e+00 9.683070000000000288e-01
1.582710000000000061e+00 9.684660000000000490e-01
1.587709999999999955e+00 9.686259999999999870e-01
1.592710000000000070e+00 9.687850000000000072e-01
1.597709999999999964e+00 9.689440000000000275e-01
1.602710000000000079e+00 9.691020000000000190e-01
1.607709999999999972e+00 9.692610000000000392e-01
1.612710000000000088e+00 9.694199999999999484e-01
1.617709999999999981e+00 9.695780000000000509e-01
1.622710000000000097e+00 9.697369999999999601e-01
1.627709999999999990e+00 9.698949999999999516e-01
1.632710000000000106e+00 9.700530000000000541e-01
1.637709999999999999e+00 9.702100000000000168e-01
1.642710000000000115e+00 9.703680000000000083e-01
1.647710000000000008e+00 9.705249999999999710e-01
1.652710000000000123e+00 9.706820000000000448e-01
1.657710000000000017e+00 9.708390000000000075e-01
1.662710000000000132e+00 9.709950000000000525e-01
1.667710000000000026e+00 9.711520000000000152e-01
1.672709999999999919e+00 9.713079999999999492e-01
1.677710000000000035e+00 9.714629999999999654e-01
1.682709999999999928e+00 9.716190000000000104e-01
1.687710000000000043e+00 9.717740000000000267e-01
1.692709999999999937e+00 9.719290000000000429e-01
1.697710000000000052e+00 9.720830000000000304e-01
1.702709999999999946e+00 9.722380000000000466e-01
1.707710000000000061e+00 9.723920000000000341e-01
1.712709999999999955e+00 9.725449999999999928e-01
1.717710000000000070e+00 9.726979999999999515e-01
1.722709999999999964e+00 9.728510000000000213e-01
1.727710000000000079e+00 9.730039999999999800e-01
1.732709999999999972e+00 9.731560000000000210e-01
1.737710000000000088e+00 9.733079999999999510e-01
1.742709999999999981e+00 9.734589999999999632e-01
1.747710000000000097e+00 9.736099999999999755e-01
1.752709999999999990e+00 9.737609999999999877e-01
1.757710000000000106e+00 9.739109999999999712e-01
1.762709999999999999e+00 9.740609999999999546e-01
1.767710000000000115e+00 9.742110000000000491e-01
1.772710000000000008e+00 9.743600000000000039e-01
1.777710000000000123e+00 9.745089999999999586e-01
1.782710000000000017e+00 9.746569999999999956e-01
1.787710000000000132e+00 9.748050000000000326e-01
1.792710000000000026e+00 9.749529999999999585e-01
1.797709999999999919e+00 9.750999999999999668e-01
1.802710000000000035e+00 9.752469999999999750e-01
1.807709999999999928e+00 9.753929999999999545e-01
1.812710000000000043e+00 9.755390000000000450e-01
1.817709999999999937e+00 9.756850000000000245e-01
1.822710000000000052e+00 9.758299999999999752e-01
1.827709999999999946e+00 9.759750000000000369e-01
1.832710000000000061e+00 9.761189999999999589e-01
1.837709999999999955e+00 9.762629999999999919e-01
1.842710000000000070e+00 9.764070000000000249e-01
1.847709999999999964e+00 9.765500000000000291e-01
1.852710000000000079e+00 9.766930000000000334e-01
1.857709999999999972e+00 9.768360000000000376e-01
1.862710000000000088e+00 9.769780000000000131e-01
1.867709999999999981e+00 9.771189999999999598e-01
1.872710000000000097e+00 9.772610000000000463e-01
1.877709999999999990e+00 9.774019999999999930e-01
1.882710000000000106e+00 9.775420000000000220e-01
1.887709999999999999e+00 9.776829999999999687e-01
1.892710000000000115e+00 9.778229999999999977e-01
1.897710000000000008e+00 9.779619999999999980e-01
1.902710000000000123e+00 9.781009999999999982e-01
1.907710000000000017e+00 9.782399999999999984e-01
1.912710000000000132e+00 9.783789999999999987e-01
1.917710000000000026e+00 9.785169999999999702e-01
1.922709999999999919e+00 9.786550000000000527e-01
1.927710000000000035e+00 9.787930000000000241e-01
1.932709999999999928e+00 9.789299999999999669e-01
1.937710000000000043e+00 9.790670000000000206e-01
1.942709999999999937e+00 9.792039999999999633e-01
1.947710000000000052e+00 9.793399999999999883e-01
1.952709999999999946e+00 9.794760000000000133e-01
1.957710000000000061e+00 9.796120000000000383e-01
1.962709999999999955e+00 9.797479999999999523e-01
1.967710000000000070e+00 9.798829999999999485e-01
1.972709999999999964e+00 9.800179999999999447e-01
1.977710000000000079e+00 9.801530000000000520e-01
1.982709999999999972e+00 9.802870000000000195e-01
1.987710000000000088e+00 9.804220000000000157e-01
1.992709999999999981e+00 9.805559999999999832e-01
1.997710000000000097e+00 9.806899999999999507e-01
2.002709999999999990e+00 9.808240000000000292e-01
2.007710000000000328e+00 9.809569999999999679e-01
2.012710000000000221e+00 9.810910000000000464e-01
2.017710000000000115e+00 9.812239999999999851e-01
2.022710000000000008e+00 9.813570000000000348e-01
2.027709999999999901e+00 9.814899999999999736e-01
2.032709999999999795e+00 9.816230000000000233e-01
2.037710000000000132e+00 9.817550000000000443e-01
2.042710000000000026e+00 9.818879999999999830e-01
2.047709999999999919e+00 9.820200000000000040e-01
2.052710000000000257e+00 9.821520000000000250e-01
2.057710000000000150e+00 9.822840000000000460e-01
2.062710000000000043e+00 9.824159999999999560e-01
2.067709999999999937e+00 9.825479999999999769e-01
2.072709999999999830e+00 9.826799999999999979e-01
2.077709999999999724e+00 9.828120000000000189e-01
2.082710000000000061e+00 9.829440000000000399e-01
2.087709999999999955e+00 9.830750000000000322e-01
2.092710000000000292e+00 9.832070000000000531e-01
2.097710000000000186e+00 9.833389999999999631e-01
2.102710000000000079e+00 9.834699999999999553e-01
2.107709999999999972e+00 9.836019999999999763e-01
2.112709999999999866e+00 9.837329999999999686e-01
2.117709999999999759e+00 9.838649999999999896e-01
2.122710000000000097e+00 9.839959999999999818e-01
2.127709999999999990e+00 9.841280000000000028e-01
2.132710000000000328e+00 9.842589999999999950e-01
2.137710000000000221e+00 9.843910000000000160e-01
2.142710000000000115e+00 9.845230000000000370e-01
2.147710000000000008e+00 9.846540000000000292e-01
2.152709999999999901e+00 9.847860000000000502e-01
2.157709999999999795e+00 9.849179999999999602e-01
2.162710000000000132e+00 9.850489999999999524e-01
2.167710000000000026e+00 9.851809999999999734e-01
2.172709999999999919e+00 9.853129999999999944e-01
2.177710000000000257e+00 9.854450000000000154e-01
2.182710000000000150e+00 9.855770000000000364e-01
2.187710000000000043e+00 9.857099999999999751e-01
2.192709999999999937e+00 9.858419999999999961e-01
2.197709999999999830e+00 9.859740000000000171e-01
2.202709999999999724e+00 9.861069999999999558e-01
2.207710000000000061e+00 9.862389999999999768e-01
2.212709999999999955e+00 9.863720000000000265e-01
2.217710000000000292e+00 9.865049999999999653e-01
2.222710000000000186e+00 9.866380000000000150e-01
2.227710000000000079e+00 9.867709999999999537e-01
2.232709999999999972e+00 9.869040000000000035e-01
2.237709999999999866e+00 9.870370000000000532e-01
2.242709999999999759e+00 9.871699999999999919e-01
2.247710000000000097e+00 9.873039999999999594e-01
2.252709999999999990e+00 9.874380000000000379e-01
2.257710000000000328e+00 9.875709999999999766e-01
2.262710000000000221e+00 9.877050000000000551e-01
2.267710000000000115e+00 9.878390000000000226e-01
2.272710000000000008e+00 9.879729999999999901e-01
2.277709999999999901e+00 9.881079999999999863e-01
2.282709999999999795e+00 9.882419999999999538e-01
2.287710000000000132e+00 9.883769999999999500e-01
2.292710000000000026e+00 9.885110000000000285e-01
2.297709999999999919e+00 9.886460000000000248e-01
2.302710000000000257e+00 9.887810000000000210e-01
2.307710000000000150e+00 9.889160000000000172e-01
2.312710000000000043e+00 9.890510000000000135e-01
2.317709999999999937e+00 9.891860000000000097e-01
2.322709999999999830e+00 9.893220000000000347e-01
2.327709999999999724e+00 9.894570000000000309e-01
2.332710000000000061e+00 9.895929999999999449e-01
2.337709999999999955e+00 9.897280000000000522e-01
2.342710000000000292e+00 9.898639999999999661e-01
2.347710000000000186e+00 9.899999999999999911e-01
2.352710000000000079e+00 9.901349999999999874e-01
2.357709999999999972e+00 9.902710000000000123e-01
2.362709999999999866e+00 9.904070000000000373e-01
2.367709999999999759e+00 9.905429999999999513e-01
2.372710000000000097e+00 9.906789999999999763e-01
2.377709999999999990e+00 9.908150000000000013e-01
2.382710000000000328e+00 9.909520000000000550e-01
2.387710000000000221e+00 9.910879999999999690e-01
2.392710000000000115e+00 9.912239999999999940e-01
2.397710000000000008e+00 9.913600000000000190e-01
2.402709999999999901e+00 9.914960000000000440e-01
2.407709999999999795e+00 9.916319999999999579e-01
2.412709999999999688e+00 9.917679999999999829e-01
2.417710000000000026e+00 9.919040000000000079e-01
2.422710000000000363e+00 9.920400000000000329e-01
2.427710000000000257e+00 9.921750000000000291e-01
2.432710000000000150e+00 9.923110000000000541e-01
2.437710000000000043e+00 9.924460000000000504e-01
2.442709999999999937e+00 9.925819999999999643e-01
2.447709999999999830e+00 9.927169999999999606e-01
2.452709999999999724e+00 9.928519999999999568e-01
2.457709999999999617e+00 9.929869999999999530e-01
2.462710000000000399e+00 9.931219999999999493e-01
2.467710000000000292e+00 9.932560000000000278e-01
2.472710000000000186e+00 9.933899999999999952e-01
2.477710000000000079e+00 9.935239999999999627e-01
2.482709999999999972e+00 9.936570000000000125e-01
2.487709999999999866e+00 9.937909999999999799e-01
2.492709999999999759e+00 9.939240000000000297e-01
2.497709999999999653e+00 9.940560000000000507e-01
2.502709999999999990e+00 9.941879999999999606e-01
2.507710000000000328e+00 9.943199999999999816e-01
2.512710000000000221e+00 9.944520000000000026e-01
2.517710000000000115e+00 9.945819999999999661e-01
2.522710000000000008e+00 9.947129999999999583e-01
2.527709999999999901e+00 9.948430000000000328e-01
2.532709999999999795e+00 9.949719999999999676e-01
2.537709999999999688e+00 9.951010000000000133e-01
2.542710000000000026e+00 9.952290000000000303e-01
2.547710000000000363e+00 9.953570000000000473e-01
2.552710000000000257e+00 9.954830000000000068e-01
2.557710000000000150e+00 9.956099999999999950e-01
2.562710000000000043e+00 9.957350000000000367e-01
2.567709999999999937e+00 9.958599999999999675e-01
2.572709999999999830e+00 9.959839999999999804e-01
2.577709999999999724e+00 9.961069999999999647e-01
2.582709999999999617e+00 9.962290000000000312e-01
2.587710000000000399e+00 9.963499999999999579e-01
2.592710000000000292e+00 9.964699999999999669e-01
2.597710000000000186e+00 9.965899999999999759e-01
2.602710000000000079e+00 9.967080000000000384e-01
2.607709999999999972e+00 9.968249999999999611e-01
2.612709999999999866e+00 9.969409999999999661e-01
2.617709999999999759e+00 9.970560000000000533e-01
2.622709999999999653e+00 9.971700000000000008e-01
2.627709999999999990e+00 9.972820000000000018e-01
2.632710000000000328e+00 9.973929999999999740e-01
2.637710000000000221e+00 9.975030000000000285e-01
2.642710000000000115e+00 9.976120000000000543e-01
2.647710000000000008e+00 9.977190000000000225e-01
2.652709999999999901e+00 9.978240000000000443e-01
2.657709999999999795e+00 9.979280000000000372e-01
2.662709999999999688e+00 9.980299999999999727e-01
2.667710000000000026e+00 9.981309999999999905e-01
2.672710000000000363e+00 9.982299999999999507e-01
2.677710000000000257e+00 9.983269999999999644e-01
2.682710000000000150e+00 9.984220000000000317e-01
2.687710000000000043e+00 9.985150000000000414e-01
2.692709999999999937e+00 9.986059999999999937e-01
2.697709999999999830e+00 9.986949999999999994e-01
2.702709999999999724e+00 9.987819999999999476e-01
2.707709999999999617e+00 9.988669999999999494e-01
2.712710000000000399e+00 9.989500000000000046e-01
2.717710000000000292e+00 9.990299999999999736e-01
2.722710000000000186e+00 9.991079999999999961e-01
2.727710000000000079e+00 9.991830000000000434e-01
2.732709999999999972e+00 9.992560000000000331e-01
2.737709999999999866e+00 9.993250000000000188e-01
2.742709999999999759e+00 9.993929999999999758e-01
2.747709999999999653e+00 9.994570000000000398e-01
2.752709999999999990e+00 9.995180000000000176e-01
2.757710000000000328e+00 9.995760000000000201e-01
2.762710000000000221e+00 9.996310000000000473e-01
2.767710000000000115e+00 9.996829999999999883e-01
2.772710000000000008e+00 9.997319999999999540e-01
2.777709999999999901e+00 9.997770000000000268e-01
2.782709999999999795e+00 9.998179999999999845e-01
2.787709999999999688e+00 9.998559999999999670e-01
2.792710000000000026e+00 9.998890000000000278e-01
2.797710000000000363e+00 9.999190000000000023e-01
2.802710000000000257e+00 9.999449999999999728e-01
2.807710000000000150e+00 9.999660000000000215e-01
2.812710000000000043e+00 9.999839999999999840e-01
2.817709999999999937e+00 9.999959999999999960e-01
2.822709999999999830e+00 1.000003999999999893e+00
2.827709999999999724e+00 1.000007000000000090e+00
2.832709999999999617e+00 1.000005999999999950e+00
2.837710000000000399e+00 9.999989999999999712e-01
2.842710000000000292e+00 9.999869999999999592e-01
2.847710000000000186e+00 9.999689999999999968e-01
2.852710000000000079e+00 9.999460000000000015e-01
2.857709999999999972e+00 9.999169999999999447e-01
2.862709999999999866e+00 9.998820000000000485e-01
2.867709999999999759e+00 9.998399999999999510e-01
2.872709999999999653e+00 9.997920000000000140e-01
2.877709999999999990e+00 9.997380000000000155e-01
2.882710000000000328e+00 9.996770000000000378e-01
2.887710000000000221e+00 9.996089999999999698e-01
2.892710000000000115e+00 9.995330000000000048e-01
2.897710000000000008e+00 9.994499999999999496e-01
2.902709999999999901e+00 9.993589999999999973e-01
2.907709999999999795e+00 9.992600000000000371e-01
2.912709999999999688e+00 9.991529999999999578e-01
2.917710000000000026e+00 9.990369999999999528e-01
2.922710000000000363e+00 9.989120000000000221e-01
2.927710000000000257e+00 9.987780000000000546e-01
2.932710000000000150e+00 9.986340000000000217e-01
2.937710000000000043e+00 9.984809999999999519e-01
2.942709999999999937e+00 9.983170000000000099e-01
2.947709999999999830e+00 9.981430000000000025e-01
2.952709999999999724e+00 9.979580000000000117e-01
2.957709999999999617e+00 9.977610000000000090e-01
2.962710000000000399e+00 9.975530000000000230e-01
2.967710000000000292e+00 9.973330000000000251e-01
2.972710000000000186e+00 9.971010000000000151e-01
2.977710000000000079e+00 9.968550000000000466e-01
2.982709999999999972e+00 9.965960000000000374e-01
2.987709999999999866e+00 9.963229999999999587e-01
2.992709999999999759e+00 9.960360000000000325e-01
2.997709999999999653e+00 9.957350000000000367e-01
3.002709999999999990e+00 9.954169999999999963e-01
3.007710000000000328e+00 9.950839999999999685e-01
3.012710000000000221e+00 9.947350000000000358e-01
3.017710000000000115e+00 9.943680000000000296e-01
3.022710000000000008e+00 9.939839999999999787e-01
3.027709999999999901e+00 9.935810000000000475e-01
3.032709999999999795e+00 9.931590000000000140e-01
3.037709999999999688e+00 9.927179999999999893e-01
3.042710000000000026e+00 9.922569999999999446e-01
3.047710000000000363e+00 9.917740000000000444e-01
3.052710000000000257e+00 9.912689999999999557e-01
3.057710000000000150e+00 9.907420000000000115e-01
3.062710000000000043e+00 9.901910000000000434e-01
3.067709999999999937e+00 9.896160000000000512e-01
3.072709999999999830e+00 9.890160000000000062e-01
3.077709999999999724e+00 9.883899999999999908e-01
3.082709999999999617e+00 9.877359999999999474e-01
3.087710000000000399e+00 9.870539999999999869e-01
3.092710000000000292e+00 9.863429999999999698e-01
3.097710000000000186e+00 9.856009999999999494e-01
3.102710000000000079e+00 9.848280000000000367e-01
3.107709999999999972e+00 9.840229999999999810e-01
3.112709999999999866e+00 9.831839999999999469e-01
3.117709999999999759e+00 9.823089999999999877e-01
3.122709999999999653e+00 9.813979999999999926e-01
3.127709999999999990e+00 9.804490000000000149e-01
3.132710000000000328e+00 9.794610000000000261e-01
3.137710000000000221e+00 9.784329999999999972e-01
3.142710000000000115e+00 9.773610000000000353e-01
3.147710000000000008e+00 9.762469999999999759e-01
3.152709999999999901e+00 9.750860000000000083e-01
3.157709999999999795e+00 9.738780000000000214e-01
3.162709999999999688e+00 9.726209999999999578e-01
3.167710000000000026e+00 9.713129999999999820e-01
3.172710000000000363e+00 9.699520000000000364e-01
3.177710000000000257e+00 9.685359999999999525e-01
3.182710000000000150e+00 9.670630000000000059e-01
3.187710000000000043e+00 9.655310000000000281e-01
3.192709999999999937e+00 9.639370000000000438e-01
3.197709999999999830e+00 9.622789999999999955e-01
3.202709999999999724e+00 9.605550000000000477e-01
3.207709999999999617e+00 9.587620000000000031e-01
3.212710000000000399e+00 9.568969999999999976e-01
3.217710000000000292e+00 9.549590000000000023e-01
3.222710000000000186e+00 9.529429999999999845e-01
3.227710000000000079e+00 9.508469999999999978e-01
3.232709999999999972e+00 9.486679999999999557e-01
3.237709999999999866e+00 9.464029999999999943e-01
3.242709999999999759e+00 9.440479999999999983e-01
3.247709999999999653e+00 9.416010000000000213e-01
3.252709999999999990e+00 9.390570000000000306e-01
3.257710000000000328e+00 9.364139999999999686e-01
3.262710000000000221e+00 9.336670000000000247e-01
3.267710000000000115e+00 9.308119999999999727e-01
3.272710000000000008e+00 9.278459999999999486e-01
3.277709999999999901e+00 9.247640000000000304e-01
3.282709999999999795e+00 9.215630000000000210e-01
3.287709999999999688e+00 9.182369999999999699e-01
3.292710000000000026e+00 9.147830000000000128e-01
3.297710000000000363e+00 9.111960000000000059e-01
3.302710000000000257e+00 9.074710000000000276e-01
3.307710000000000150e+00 9.036030000000000451e-01
3.312710000000000043e+00 8.995880000000000543e-01
3.317709999999999937e+00 8.954199999999999937e-01
3.322709999999999830e+00 8.910940000000000527e-01
3.327709999999999724e+00 8.866049999999999764e-01
3.332709999999999617e+00 8.819479999999999542e-01
3.337710000000000399e+00 8.771160000000000068e-01
3.342710000000000292e+00 8.721060000000000478e-01
3.347710000000000186e+00 8.669099999999999584e-01
3.352710000000000079e+00 8.615239999999999565e-01
3.357709999999999972e+00 8.559409999999999519e-01
3.362709999999999866e+00 8.501560000000000228e-01
3.367709999999999759e+00 8.441629999999999967e-01
3.372709999999999653e+00 8.379560000000000342e-01
3.377709999999999990e+00 8.315310000000000201e-01
3.382710000000000328e+00 8.248799999999999466e-01
3.387710000000000221e+00 8.179980000000000029e-01
3.392710000000000115e+00 8.108800000000000452e-01
3.397710000000000008e+00 8.035210000000000408e-01
3.402709999999999901e+00 7.959150000000000391e-01
3.407709999999999795e+00 7.880570000000000075e-01
3.412709999999999688e+00 7.799420000000000242e-01
3.417710000000000026e+00 7.715659999999999741e-01
3.422710000000000363e+00 7.629249999999999643e-01
3.427710000000000257e+00 7.540130000000000443e-01
3.432710000000000150e+00 7.448289999999999633e-01
3.437710000000000043e+00 7.353680000000000216e-01
3.442709999999999937e+00 7.256280000000000507e-01
3.447709999999999830e+00 7.156059999999999643e-01
3.452709999999999724e+00 7.053009999999999557e-01
3.457709999999999617e+00 6.947109999999999674e-01
3.462710000000000399e+00 6.838370000000000282e-01
3.467710000000000292e+00 6.726779999999999982e-01
3.472710000000000186e+00 6.612339999999999884e-01
3.477710000000000079e+00 6.495079999999999742e-01
3.482709999999999972e+00 6.375020000000000131e-01
3.487709999999999866e+00 6.252189999999999692e-01
3.492709999999999759e+00 6.126629999999999576e-01
3.497709999999999653e+00 5.998390000000000111e-01
3.502709999999999990e+00 5.867529999999999690e-01
3.507710000000000328e+00 5.734099999999999753e-01
3.512710000000000221e+00 5.598199999999999843e-01
3.517710000000000115e+00 5.459889999999999466e-01
3.522710000000000008e+00 5.319289999999999852e-01
3.527709999999999901e+00 5.176490000000000258e-01
3.532709999999999795e+00 5.031600000000000517e-01
3.537709999999999688e+00 4.884760000000000213e-01
3.542710000000000026e+00 4.736090000000000022e-01
3.547710000000000363e+00 4.585730000000000084e-01
3.552710000000000257e+00 4.433830000000000271e-01
3.557710000000000150e+00 4.280559999999999921e-01
3.562710000000000043e+00 4.126079999999999748e-01
3.567709999999999937e+00 3.970580000000000220e-01
3.572709999999999830e+00 3.814230000000000120e-01
3.577709999999999724e+00 3.657239999999999935e-01
3.582709999999999617e+00 3.499820000000000153e-01
3.587710000000000399e+00 3.342169999999999863e-01
3.592710000000000292e+00 3.184529999999999861e-01
3.597710000000000186e+00 3.027159999999999851e-01
3.602710000000000079e+00 2.870289999999999786e-01
3.607709999999999972e+00 2.714230000000000254e-01
3.612709999999999866e+00 2.559279999999999888e-01
3.617709999999999759e+00 2.405770000000000131e-01
3.622710000000000097e+00 2.254089999999999983e-01
3.627710000000000434e+00 2.104679999999999884e-01
3.632710000000000328e+00 1.958050000000000068e-01
3.637710000000000221e+00 1.814810000000000034e-01
3.642710000000000115e+00 1.675709999999999977e-01
3.647710000000000008e+00 1.541679999999999995e-01
3.652709999999999901e+00 1.413870000000000127e-01
3.657709999999999795e+00 1.293789999999999940e-01
3.662710000000000132e+00 1.183339999999999947e-01
3.667710000000000470e+00 1.084890000000000021e-01
3.672710000000000363e+00 1.001340000000000008e-01
3.677710000000000257e+00 9.359199999999999464e-02
3.682710000000000150e+00 8.917700000000000626e-02
3.687710000000000043e+00 8.712200000000000499e-02
3.692709999999999937e+00 8.749800000000000633e-02
3.697709999999999830e+00 9.017999999999999627e-02
3.702710000000000168e+00 9.488000000000000600e-02
3.707710000000000061e+00 1.012289999999999995e-01
3.712710000000000399e+00 1.088579999999999964e-01
3.717710000000000292e+00 1.174410000000000037e-01
3.722710000000000186e+00 1.267119999999999913e-01
3.727710000000000079e+00 1.364660000000000040e-01
3.732709999999999972e+00 1.465460000000000096e-01
3.737709999999999866e+00 1.568330000000000002e-01
3.742709999999999759e+00 1.672379999999999978e-01
3.747710000000000097e+00 1.776919999999999888e-01
3.752710000000000434e+00 1.881440000000000057e-01
3.757710000000000328e+00 1.985540000000000083e-01
3.762710000000000221e+00 2.088919999999999944e-01
3.767710000000000115e+00 2.191319999999999935e-01
3.772710000000000008e+00 2.292579999999999896e-01
3.777709999999999901e+00 2.392529999999999935e-01
3.782709999999999795e+00 2.491079999999999961e-01
3.787710000000000132e+00 2.588139999999999885e-01
3.792710000000000470e+00 2.683639999999999914e-01
3.797710000000000363e+00 2.777530000000000276e-01
3.802710000000000257e+00 2.869780000000000109e-01
3.807710000000000150e+00 2.960360000000000213e-01
3.812710000000000043e+00 3.049259999999999748e-01
3.817709999999999937e+00 3.136479999999999824e-01
3.822709999999999830e+00 3.221999999999999864e-01
3.827710000000000168e+00 3.305850000000000177e-01
3.832710000000000061e+00 3.388010000000000188e-01
3.837710000000000399e+00 3.468519999999999937e-01
3.842710000000000292e+00 3.547370000000000245e-01
3.847710000000000186e+00 3.624600000000000044e-01
3.852710000000000079e+00 3.700209999999999888e-01
3.857709999999999972e+00 3.774239999999999817e-01
3.862709999999999866e+00 3.846709999999999852e-01
3.867709999999999759e+00 3.917629999999999724e-01
3.872710000000000097e+00 3.987040000000000028e-01
3.877710000000000434e+00 4.054949999999999943e-01
3.882710000000000328e+00 4.121409999999999796e-01
3.887710000000000221e+00 4.186429999999999874e-01
3.892710000000000115e+00 4.250039999999999929e-01
3.897710000000000008e+00 4.312270000000000270e-01
3.902709999999999901e+00 4.373139999999999805e-01
3.907709999999999795e+00 4.432679999999999954e-01
3.912710000000000132e+00 4.490930000000000200e-01
3.917710000000000470e+00 4.547900000000000276e-01
3.922710000000000363e+00 4.603630000000000222e-01
3.927710000000000257e+00 4.658140000000000058e-01
3.932710000000000150e+00 4.711449999999999805e-01
3.937710000000000043e+00 4.763589999999999769e-01
3.942709999999999937e+00 4.814590000000000258e-01
3.947709999999999830e+00 4.864479999999999915e-01
3.952710000000000168e+00 4.913270000000000137e-01
3.957710000000000061e+00 4.960990000000000122e-01
3.962710000000000399e+00 5.007669999999999622e-01
3.967710000000000292e+00 5.053320000000000034e-01
3.972710000000000186e+00 5.097979999999999734e-01
3.977710000000000079e+00 5.141660000000000119e-01
3.982709999999999972e+00 5.184379999999999544e-01
3.987709999999999866e+00 5.226169999999999982e-01
3.992709999999999759e+00 5.267039999999999500e-01
3.997710000000000097e+00 5.307020000000000071e-01
4.002710000000000434e+00 5.346130000000000049e-01
4.007710000000000328e+00 5.384390000000000009e-01
4.012710000000000221e+00 5.421810000000000240e-01
4.017710000000000115e+00 5.458410000000000206e-01
4.022710000000000008e+00 5.494210000000000482e-01
4.027709999999999901e+00 5.529230000000000533e-01
4.032709999999999795e+00 5.563489999999999824e-01
4.037710000000000576e+00 5.596999999999999753e-01
4.042710000000000470e+00 5.629779999999999784e-01
4.047710000000000363e+00 5.661840000000000206e-01
4.052710000000000257e+00 5.693200000000000482e-01
4.057710000000000150e+00 5.723869999999999791e-01
4.062710000000000043e+00 5.753869999999999818e-01
4.067709999999999937e+00 5.783220000000000027e-01
4.072709999999999830e+00 5.811920000000000419e-01
4.077709999999999724e+00 5.839990000000000459e-01
4.082710000000000505e+00 5.867440000000000433e-01
4.087710000000000399e+00 5.894279999999999520e-01
4.092710000000000292e+00 5.920539999999999692e-01
4.097710000000000186e+00 5.946209999999999551e-01
4.102710000000000079e+00 5.971309999999999674e-01
4.107709999999999972e+00 5.995850000000000346e-01
4.112709999999999866e+00 6.019839999999999636e-01
4.117709999999999759e+00 6.043300000000000338e-01
4.122709999999999653e+00 6.066230000000000233e-01
4.127710000000000434e+00 6.088639999999999608e-01
4.132710000000000328e+00 6.110539999999999861e-01
4.137710000000000221e+00 6.131940000000000168e-01
4.142710000000000115e+00 6.152859999999999996e-01
4.147710000000000008e+00 6.173300000000000454e-01
4.152709999999999901e+00 6.193260000000000431e-01
4.157709999999999795e+00 6.212760000000000504e-01
4.162710000000000576e+00 6.231799999999999562e-01
4.167710000000000470e+00 6.250400000000000400e-01
4.172710000000000363e+00 6.268550000000000511e-01
4.177710000000000257e+00 6.286279999999999646e-01
4.182710000000000150e+00 6.303579999999999739e-01
4.187710000000000043e+00 6.320459999999999967e-01
4.192709999999999937e+00 6.336920000000000330e-01
4.197709999999999830e+00 6.352989999999999471e-01
4.202709999999999724e+00 6.368650000000000144e-01
4.207710000000000505e+00 6.383919999999999595e-01
4.212710000000000399e+00 6.398810000000000331e-01
4.217710000000000292e+00 6.413309999999999844e-01
4.222710000000000186e+00 6.427439999999999820e-01
4.227710000000000079e+00 6.441189999999999971e-01
4.232709999999999972e+00 6.454590000000000050e-01
4.237709999999999866e+00 6.467619999999999481e-01
4.242709999999999759e+00 6.480299999999999949e-01
4.247709999999999653e+00 6.492630000000000345e-01
4.252710000000000434e+00 6.504619999999999846e-01
4.257710000000000328e+00 6.516269999999999563e-01
4.262710000000000221e+00 6.527579999999999494e-01
4.267710000000000115e+00 6.538559999999999928e-01
4.272710000000000008e+00 6.549209999999999754e-01
4.277709999999999901e+00 6.559540000000000370e-01
4.282709999999999795e+00 6.569549999999999557e-01
4.287710000000000576e+00 6.579249999999999821e-01
4.292710000000000470e+00 6.588629999999999765e-01
4.297710000000000363e+00 6.597709999999999964e-01
4.302710000000000257e+00 6.606480000000000130e-01
4.307710000000000150e+00 6.614950000000000552e-01
4.312710000000000043e+00 6.623130000000000406e-01
4.317709999999999937e+00 6.631010000000000515e-01
4.322709999999999830e+00 6.638600000000000056e-01
4.327709999999999724e+00 6.645900000000000141e-01
4.332710000000000505e+00 6.652909999999999657e-01
4.337710000000000399e+00 6.659650000000000292e-01
4.342710000000000292e+00 6.666109999999999536e-01
4.347710000000000186e+00 6.672289999999999610e-01
4.352710000000000079e+00 6.678190000000000515e-01
4.357709999999999972e+00 6.683829999999999494e-01
4.362709999999999866e+00 6.689199999999999591e-01
4.367709999999999759e+00 6.694299999999999695e-01
4.372709999999999653e+00 6.699140000000000095e-01
4.377710000000000434e+00 6.703719999999999679e-01
4.382710000000000328e+00 6.708030000000000381e-01
4.387710000000000221e+00 6.712099999999999733e-01
4.392710000000000115e+00 6.715910000000000490e-01
4.397710000000000008e+00 6.719460000000000433e-01
4.402709999999999901e+00 6.722780000000000422e-01
4.407709999999999795e+00 6.725839999999999597e-01
4.412710000000000576e+00 6.728659999999999641e-01
4.417709999999999582e+00 6.731230000000000269e-01
4.422710000000000363e+00 6.733569999999999833e-01
4.427709999999999368e+00 6.735670000000000268e-01
4.432710000000000150e+00 6.737530000000000463e-01
4.437710000000000043e+00 6.739150000000000418e-01
4.442709999999999937e+00 6.740549999999999597e-01
4.447709999999999830e+00 6.741709999999999647e-01
4.452709999999999724e+00 6.742650000000000032e-01
4.457710000000000505e+00 6.743360000000000465e-01
4.462709999999999511e+00 6.743839999999999835e-01
4.467710000000000292e+00 6.744099999999999540e-01
4.472710000000000186e+00 6.744149999999999867e-01
4.477710000000000079e+00 6.743970000000000242e-01
4.482709999999999972e+00 6.743580000000000130e-01
4.487709999999999866e+00 6.742970000000000352e-01
4.492709999999999759e+00 6.742160000000000375e-01
4.497709999999999653e+00 6.741129999999999622e-01
4.502710000000000434e+00 6.739889999999999493e-01
4.507709999999999440e+00 6.738450000000000273e-01
4.512710000000000221e+00 6.736809999999999743e-01
4.517710000000000115e+00 6.734959999999999836e-01
4.522710000000000008e+00 6.732920000000000016e-01
4.527709999999999901e+00 6.730679999999999996e-01
4.532709999999999795e+00 6.728229999999999489e-01
4.537710000000000576e+00 6.725609999999999644e-01
4.542709999999999582e+00 6.722789999999999599e-01
4.547710000000000363e+00 6.719779999999999642e-01
4.552709999999999368e+00 6.716590000000000060e-01
