3.960000000000000187e-01 9.326719999999999455e-01
3.985000000000000209e-01 9.116969999999999796e-01
4.010000000000000231e-01 9.037509999999999710e-01
4.035000000000000253e-01 9.005459999999999576e-01
4.060000000000000275e-01 8.995269999999999655e-01
4.084999999999999742e-01 8.996239999999999792e-01
4.109999999999999765e-01 9.003179999999999517e-01
4.134999999999999787e-01 9.013330000000000508e-01
4.159999999999999809e-01 9.025180000000000424e-01
4.184999999999999831e-01 9.037830000000000030e-01
4.209999999999999853e-01 9.050749999999999629e-01
4.234999999999999876e-01 9.063630000000000297e-01
4.259999999999999898e-01 9.076290000000000191e-01
4.284999999999999920e-01 9.088589999999999725e-01
4.309999999999999942e-01 9.100500000000000256e-01
4.334999999999999964e-01 9.111970000000000347e-01
4.359999999999999987e-01 9.122989999999999711e-01
4.385000000000000009e-01 9.133569999999999744e-01
4.410000000000000031e-01 9.143710000000000448e-01
4.435000000000000053e-01 9.153430000000000177e-01
4.460000000000000075e-01 9.162749999999999506e-01
4.485000000000000098e-01 9.171690000000000120e-01
4.510000000000000120e-01 9.180260000000000087e-01
4.535000000000000142e-01 9.188479999999999981e-01
4.560000000000000164e-01 9.196379999999999555e-01
4.585000000000000187e-01 9.203970000000000207e-01
4.610000000000000209e-01 9.211270000000000291e-01
4.635000000000000231e-01 9.218290000000000095e-01
4.660000000000000253e-01 9.225060000000000482e-01
4.685000000000000275e-01 9.231580000000000341e-01
4.709999999999999742e-01 9.237870000000000248e-01
4.734999999999999765e-01 9.243949999999999667e-01
4.759999999999999787e-01 9.249819999999999709e-01
4.784999999999999809e-01 9.255489999999999551e-01
4.809999999999999831e-01 9.260990000000000055e-01
4.834999999999999853e-01 9.266309999999999825e-01
4.859999999999999876e-01 9.271470000000000544e-01
4.884999999999999898e-01 9.276469999999999994e-01
4.909999999999999920e-01 9.281329999999999858e-01
4.934999999999999942e-01 9.286050000000000137e-01
4.959999999999999964e-01 9.290640000000000009e-01
4.984999999999999987e-01 9.295109999999999761e-01
5.010000000000000009e-01 9.299460000000000504e-01
5.034999999999999476e-01 9.303700000000000303e-01
5.060000000000000053e-01 9.307830000000000270e-01
5.084999999999999520e-01 9.311859999999999582e-01
5.110000000000000098e-01 9.315799999999999637e-01
5.134999999999999565e-01 9.319640000000000146e-01
5.160000000000000142e-01 9.323399999999999466e-01
5.184999999999999609e-01 9.327079999999999815e-01
5.210000000000000187e-01 9.330680000000000085e-01
5.234999999999999654e-01 9.334209999999999452e-01
5.260000000000000231e-01 9.337659999999999849e-01
5.284999999999999698e-01 9.341049999999999631e-01
5.310000000000000275e-01 9.344379999999999908e-01
5.334999999999999742e-01 9.347640000000000393e-01
5.360000000000000320e-01 9.350840000000000263e-01
5.384999999999999787e-01 9.353989999999999805e-01
5.410000000000000364e-01 9.357090000000000130e-01
5.434999999999999831e-01 9.360129999999999839e-01
5.460000000000000409e-01 9.363129999999999509e-01
5.484999999999999876e-01 9.366079999999999961e-01
5.510000000000000453e-01 9.368990000000000373e-01
5.534999999999999920e-01 9.371850000000000458e-01
5.560000000000000497e-01 9.374679999999999680e-01
5.584999999999999964e-01 9.377459999999999685e-01
5.610000000000000542e-01 9.380209999999999937e-01
5.635000000000000009e-01 9.382920000000000149e-01
5.659999999999999476e-01 9.385599999999999499e-01
5.685000000000000053e-01 9.388239999999999919e-01
5.709999999999999520e-01 9.390859999999999763e-01
5.735000000000000098e-01 9.393439999999999568e-01
5.759999999999999565e-01 9.395999999999999908e-01
5.785000000000000142e-01 9.398520000000000207e-01
5.809999999999999609e-01 9.401019999999999932e-01
5.835000000000000187e-01 9.403500000000000192e-01
5.859999999999999654e-01 9.405949999999999589e-01
5.885000000000000231e-01 9.408370000000000344e-01
5.909999999999999698e-01 9.410779999999999701e-01
5.935000000000000275e-01 9.413160000000000416e-01
5.959999999999999742e-01 9.415519999999999445e-01
5.985000000000000320e-01 9.417860000000000120e-01
6.009999999999999787e-01 9.420180000000000220e-01
6.035000000000000364e-01 9.422479999999999745e-01
6.059999999999999831e-01 9.424759999999999804e-01
6.085000000000000409e-01 9.427029999999999577e-01
6.109999999999999876e-01 9.429279999999999884e-01
6.135000000000000453e-01 9.431509999999999616e-01
6.159999999999999920e-01 9.433730000000000171e-01
6.185000000000000497e-01 9.435930000000000151e-01
6.209999999999999964e-01 9.438109999999999555e-01
6.235000000000000542e-01 9.440279999999999783e-01
6.260000000000000009e-01 9.442439999999999722e-01
6.284999999999999476e-01 9.444590000000000485e-01
6.310000000000000053e-01 9.446719999999999562e-01
6.334999999999999520e-01 9.448830000000000284e-01
6.360000000000000098e-01 9.450939999999999896e-01
6.384999999999999565e-01 9.453030000000000044e-01
6.410000000000000142e-01 9.455109999999999904e-01
6.434999999999999609e-01 9.457179999999999476e-01
6.460000000000000187e-01 9.459239999999999871e-01
6.484999999999999654e-01 9.461289999999999978e-01
6.510000000000000231e-01 9.463329999999999798e-01
6.534999999999999698e-01 9.465360000000000440e-01
6.560000000000000275e-01 9.467370000000000507e-01
6.584999999999999742e-01 9.469379999999999464e-01
6.610000000000000320e-01 9.471380000000000354e-01
6.634999999999999787e-01 9.473369999999999846e-01
6.660000000000000364e-01 9.475350000000000161e-01
6.684999999999999831e-01 9.477320000000000189e-01
6.710000000000000409e-01 9.479279999999999928e-01
6.734999999999999876e-01 9.481230000000000491e-01
6.760000000000000453e-01 9.483169999999999655e-01
6.784999999999999920e-01 9.485109999999999930e-01
6.810000000000000497e-01 9.487039999999999917e-01
6.834999999999999964e-01 9.488959999999999617e-01
6.860000000000000542e-01 9.490870000000000140e-01
6.885000000000000009e-01 9.492779999999999552e-01
6.909999999999999476e-01 9.494669999999999499e-01
6.935000000000000053e-01 9.496559999999999446e-01
6.959999999999999520e-01 9.498450000000000504e-01
6.985000000000000098e-01 9.500319999999999876e-01
7.009999999999999565e-01 9.502190000000000358e-01
7.035000000000000142e-01 9.504050000000000553e-01
7.059999999999999609e-01 9.505909999999999638e-01
7.085000000000000187e-01 9.507759999999999545e-01
7.109999999999999654e-01 9.509600000000000275e-01
7.135000000000000231e-01 9.511439999999999895e-01
7.159999999999999698e-01 9.513270000000000337e-01
7.185000000000000275e-01 9.515090000000000492e-01
7.209999999999999742e-01 9.516900000000000359e-01
7.235000000000000320e-01 9.518720000000000514e-01
7.259999999999999787e-01 9.520520000000000094e-01
7.285000000000000364e-01 9.522319999999999673e-01
7.309999999999999831e-01 9.524110000000000076e-01
7.335000000000000409e-01 9.525900000000000478e-01
7.359999999999999876e-01 9.527679999999999483e-01
7.385000000000000453e-01 9.529459999999999598e-01
7.409999999999999920e-01 9.531230000000000535e-01
7.435000000000000497e-01 9.532990000000000075e-01
7.459999999999999964e-01 9.534749999999999615e-01
7.485000000000000542e-01 9.536499999999999977e-01
7.510000000000000009e-01 9.538250000000000339e-01
7.534999999999999476e-01 9.539999999999999591e-01
7.560000000000000053e-01 9.541739999999999666e-01
7.584999999999999520e-01 9.543469999999999454e-01
7.610000000000000098e-01 9.545200000000000351e-01
7.634999999999999565e-01 9.546919999999999851e-01
7.660000000000000142e-01 9.548640000000000461e-01
7.684999999999999609e-01 9.550349999999999673e-01
7.710000000000000187e-01 9.552059999999999995e-01
7.734999999999999654e-01 9.553760000000000030e-01
7.760000000000000231e-01 9.555460000000000065e-01
7.784999999999999698e-01 9.557149999999999812e-01
7.810000000000000275e-01 9.558839999999999559e-01
7.834999999999999742e-01 9.560530000000000417e-01
7.860000000000000320e-01 9.562209999999999877e-01
7.884999999999999787e-01 9.563880000000000159e-01
7.910000000000000364e-01 9.565559999999999619e-01
7.934999999999999831e-01 9.567219999999999613e-01
7.960000000000000409e-01 9.568889999999999896e-01
7.984999999999999876e-01 9.570539999999999603e-01
8.010000000000000453e-01 9.572199999999999598e-01
8.034999999999999920e-01 9.573850000000000415e-01
8.060000000000000497e-01 9.575489999999999835e-01
8.084999999999999964e-01 9.577130000000000365e-01
8.110000000000000542e-01 9.578769999999999785e-01
8.135000000000000009e-01 9.580410000000000315e-01
8.159999999999999476e-01 9.582039999999999447e-01
8.185000000000000053e-01 9.583660000000000512e-01
8.209999999999999520e-01 9.585280000000000467e-01
8.235000000000000098e-01 9.586900000000000421e-01
8.259999999999999565e-01 9.588520000000000376e-01
8.285000000000000142e-01 9.590130000000000043e-01
8.309999999999999609e-01 9.591730000000000533e-01
8.335000000000000187e-01 9.593340000000000201e-01
8.359999999999999654e-01 9.594939999999999580e-01
8.385000000000000231e-01 9.596529999999999783e-01
8.409999999999999698e-01 9.598130000000000273e-01
8.435000000000000275e-01 9.599710000000000187e-01
8.459999999999999742e-01 9.601300000000000390e-01
8.485000000000000320e-01 9.602880000000000305e-01
8.509999999999999787e-01 9.604460000000000219e-01
8.535000000000000364e-01 9.606040000000000134e-01
8.559999999999999831e-01 9.607609999999999761e-01
8.585000000000000409e-01 9.609180000000000499e-01
8.609999999999999876e-01 9.610750000000000126e-01
8.635000000000000453e-01 9.612309999999999466e-01
8.659999999999999920e-01 9.613869999999999916e-01
8.685000000000000497e-01 9.615430000000000366e-01
8.709999999999999964e-01 9.616980000000000528e-01
8.735000000000000542e-01 9.618529999999999580e-01
8.760000000000000009e-01 9.620079999999999742e-01
8.784999999999999476e-01 9.621629999999999905e-01
8.810000000000000053e-01 9.623169999999999780e-01
8.834999999999999520e-01 9.624709999999999654e-01
8.860000000000000098e-01 9.626249999999999529e-01
8.884999999999999565e-01 9.627790000000000514e-01
8.910000000000000142e-01 9.629320000000000102e-01
8.934999999999999609e-01 9.630849999999999689e-01
8.960000000000000187e-01 9.632380000000000386e-01
8.984999999999999654e-01 9.633899999999999686e-01
9.010000000000000231e-01 9.635420000000000096e-01
9.034999999999999698e-01 9.636940000000000506e-01
9.060000000000000275e-01 9.638459999999999805e-01
9.084999999999999742e-01 9.639980000000000215e-01
9.110000000000000320e-01 9.641490000000000338e-01
9.134999999999999787e-01 9.643000000000000460e-01
9.160000000000000364e-01 9.644509999999999472e-01
9.184999999999999831e-01 9.646019999999999595e-01
9.210000000000000409e-01 9.647520000000000540e-01
9.234999999999999876e-01 9.649020000000000374e-01
9.260000000000000453e-01 9.650520000000000209e-01
9.284999999999999920e-01 9.652020000000000044e-01
9.310000000000000497e-01 9.653519999999999879e-01
9.334999999999999964e-01 9.655010000000000536e-01
9.360000000000000542e-01 9.656500000000000083e-01
9.385000000000000009e-01 9.657989999999999631e-01
9.409999999999999476e-01 9.659480000000000288e-01
9.435000000000000053e-01 9.660969999999999835e-01
9.459999999999999520e-01 9.662450000000000205e-01
9.485000000000000098e-01 9.663939999999999753e-01
9.509999999999999565e-01 9.665420000000000122e-01
9.535000000000000142e-01 9.666900000000000492e-01
9.559999999999999609e-01 9.668369999999999465e-01
9.585000000000000187e-01 9.669849999999999834e-01
9.609999999999999654e-01 9.671319999999999917e-01
9.635000000000000231e-01 9.672800000000000287e-01
9.659999999999999698e-01 9.674270000000000369e-01
9.685000000000000275e-01 9.675740000000000451e-01
9.709999999999999742e-01 9.677210000000000534e-01
9.735000000000000320e-01 9.678670000000000329e-01
9.759999999999999787e-01 9.680140000000000411e-01
9.785000000000000364e-01 9.681600000000000206e-01
9.809999999999999831e-01 9.683070000000000288e-01
9.835000000000000409e-01 9.684530000000000083e-01
9.859999999999999876e-01 9.685989999999999878e-01
9.885000000000000453e-01 9.687449999999999672e-01
9.909999999999999920e-01 9.688900000000000290e-01
9.935000000000000497e-01 9.690360000000000085e-01
9.959999999999999964e-01 9.691809999999999592e-01
9.985000000000000542e-01 9.693270000000000497e-01
1.000999999999999890e+00 9.694720000000000004e-01
1.003500000000000059e+00 9.696169999999999511e-01
1.006000000000000005e+00 9.697620000000000129e-01
1.008499999999999952e+00 9.699069999999999636e-01
1.010999999999999899e+00 9.700520000000000254e-01
1.013500000000000068e+00 9.701959999999999473e-01
1.016000000000000014e+00 9.703410000000000091e-01
1.018499999999999961e+00 9.704850000000000421e-01
1.020999999999999908e+00 9.706299999999999928e-01
1.023500000000000076e+00 9.707740000000000258e-01
1.026000000000000023e+00 9.709179999999999477e-01
1.028499999999999970e+00 9.710619999999999807e-01
1.030999999999999917e+00 9.712060000000000137e-01
1.033500000000000085e+00 9.713500000000000467e-01
1.036000000000000032e+00 9.714939999999999687e-01
1.038499999999999979e+00 9.716369999999999729e-01
1.040999999999999925e+00 9.717810000000000059e-01
1.043500000000000094e+00 9.719250000000000389e-01
1.046000000000000041e+00 9.720680000000000431e-01
1.048499999999999988e+00 9.722110000000000474e-01
1.050999999999999934e+00 9.723549999999999693e-01
1.053500000000000103e+00 9.724979999999999736e-01
1.056000000000000050e+00 9.726409999999999778e-01
1.058499999999999996e+00 9.727839999999999820e-01
1.060999999999999943e+00 9.729269999999999863e-01
1.063499999999999890e+00 9.730699999999999905e-01
1.066000000000000059e+00 9.732119999999999660e-01
1.068500000000000005e+00 9.733549999999999702e-01
1.070999999999999952e+00 9.734979999999999745e-01
1.073499999999999899e+00 9.736399999999999499e-01
1.076000000000000068e+00 9.737829999999999542e-01
1.078500000000000014e+00 9.739250000000000407e-01
1.080999999999999961e+00 9.740680000000000449e-01
1.083499999999999908e+00 9.742100000000000204e-01
1.086000000000000076e+00 9.743519999999999959e-01
1.088500000000000023e+00 9.744950000000000001e-01
1.090999999999999970e+00 9.746369999999999756e-01
1.093499999999999917e+00 9.747789999999999511e-01
1.096000000000000085e+00 9.749210000000000376e-01
1.098500000000000032e+00 9.750630000000000130e-01
1.100999999999999979e+00 9.752049999999999885e-01
1.103499999999999925e+00 9.753469999999999640e-01
1.106000000000000094e+00 9.754880000000000217e-01
1.108500000000000041e+00 9.756299999999999972e-01
1.110999999999999988e+00 9.757719999999999727e-01
1.113499999999999934e+00 9.759139999999999482e-01
1.116000000000000103e+00 9.760550000000000059e-01
1.118500000000000050e+00 9.761969999999999814e-01
1.120999999999999996e+00 9.763380000000000392e-01
1.123499999999999943e+00 9.764800000000000146e-01
1.125999999999999890e+00 9.766209999999999614e-01
1.128500000000000059e+00 9.767620000000000191e-01
1.131000000000000005e+00 9.769039999999999946e-01
1.133499999999999952e+00 9.770450000000000523e-01
1.135999999999999899e+00 9.771859999999999991e-01
1.138500000000000068e+00 9.773279999999999745e-01
1.141000000000000014e+00 9.774690000000000323e-01
1.143499999999999961e+00 9.776099999999999790e-01
1.145999999999999908e+00 9.777510000000000367e-01
1.148500000000000076e+00 9.778919999999999835e-01
1.151000000000000023e+00 9.780330000000000412e-01
1.153499999999999970e+00 9.781739999999999879e-01
1.155999999999999917e+00 9.783150000000000457e-01
1.158500000000000085e+00 9.784559999999999924e-01
1.161000000000000032e+00 9.785970000000000502e-01
1.163499999999999979e+00 9.787369999999999681e-01
1.165999999999999925e+00 9.788780000000000259e-01
1.168500000000000094e+00 9.790189999999999726e-01
1.171000000000000041e+00 9.791600000000000303e-01
1.173499999999999988e+00 9.792999999999999483e-01
1.175999999999999934e+00 9.794410000000000061e-01
1.178500000000000103e+00 9.795819999999999528e-01
1.181000000000000050e+00 9.797219999999999818e-01
1.183499999999999996e+00 9.798630000000000395e-01
1.185999999999999943e+00 9.800029999999999575e-01
1.188499999999999890e+00 9.801440000000000152e-01
1.191000000000000059e+00 9.802840000000000442e-01
1.193500000000000005e+00 9.804249999999999909e-01
1.195999999999999952e+00 9.805650000000000199e-01
1.198499999999999899e+00 9.807059999999999667e-01
1.201000000000000068e+00 9.808459999999999956e-01
1.203500000000000014e+00 9.809860000000000246e-01
1.205999999999999961e+00 9.811260000000000536e-01
1.208499999999999908e+00 9.812670000000000003e-01
1.211000000000000076e+00 9.814070000000000293e-01
1.213500000000000023e+00 9.815469999999999473e-01
1.215999999999999970e+00 9.816869999999999763e-01
1.218499999999999917e+00 9.818280000000000340e-01
1.221000000000000085e+00 9.819679999999999520e-01
1.223500000000000032e+00 9.821079999999999810e-01
1.225999999999999979e+00 9.822480000000000100e-01
1.228499999999999925e+00 9.823880000000000390e-01
1.231000000000000094e+00 9.825279999999999569e-01
1.233500000000000041e+00 9.826679999999999859e-01
1.235999999999999988e+00 9.828080000000000149e-01
1.238499999999999934e+00 9.829480000000000439e-01
1.241000000000000103e+00 9.830879999999999619e-01
1.243500000000000050e+00 9.832279999999999909e-01
1.245999999999999996e+00 9.833669999999999911e-01
1.248499999999999943e+00 9.835070000000000201e-01
1.250999999999999890e+00 9.836470000000000491e-01
1.253500000000000059e+00 9.837869999999999671e-01
1.256000000000000005e+00 9.839269999999999960e-01
1.258499999999999952e+00 9.840659999999999963e-01
1.260999999999999899e+00 9.842060000000000253e-01
1.263500000000000068e+00 9.843460000000000543e-01
1.266000000000000014e+00 9.844850000000000545e-01
1.268499999999999961e+00 9.846249999999999725e-01
1.270999999999999908e+00 9.847650000000000015e-01
1.273500000000000076e+00 9.849040000000000017e-01
1.276000000000000023e+00 9.850440000000000307e-01
1.278499999999999970e+00 9.851830000000000309e-01
1.280999999999999917e+00 9.853220000000000312e-01
1.283500000000000085e+00 9.854619999999999491e-01
1.286000000000000032e+00 9.856009999999999494e-01
1.288499999999999979e+00 9.857399999999999496e-01
1.290999999999999925e+00 9.858799999999999786e-01
1.293500000000000094e+00 9.860189999999999788e-01
1.296000000000000041e+00 9.861579999999999790e-01
1.298499999999999988e+00 9.862969999999999793e-01
1.300999999999999934e+00 9.864359999999999795e-01
1.303500000000000103e+00 9.865749999999999797e-01
1.306000000000000050e+00 9.867139999999999800e-01
1.308499999999999996e+00 9.868529999999999802e-01
1.310999999999999943e+00 9.869919999999999805e-01
1.313499999999999890e+00 9.871309999999999807e-01
1.316000000000000059e+00 9.872699999999999809e-01
1.318500000000000005e+00 9.874079999999999524e-01
1.320999999999999952e+00 9.875469999999999526e-01
1.323499999999999899e+00 9.876859999999999529e-01
1.326000000000000068e+00 9.878240000000000354e-01
1.328500000000000014e+00 9.879630000000000356e-01
1.330999999999999961e+00 9.881010000000000071e-01
1.333499999999999908e+00 9.882389999999999786e-01
1.336000000000000076e+00 9.883769999999999500e-01
1.338500000000000023e+00 9.885150000000000325e-01
1.340999999999999970e+00 9.886530000000000040e-01
1.343499999999999917e+00 9.887909999999999755e-01
1.346000000000000085e+00 9.889289999999999470e-01
1.348500000000000032e+00 9.890670000000000295e-01
1.350999999999999979e+00 9.892039999999999722e-01
1.353499999999999925e+00 9.893420000000000547e-01
1.356000000000000094e+00 9.894789999999999974e-01
1.358500000000000041e+00 9.896169999999999689e-01
1.360999999999999988e+00 9.897540000000000227e-01
1.363499999999999934e+00 9.898909999999999654e-01
1.366000000000000103e+00 9.900280000000000191e-01
1.368500000000000050e+00 9.901640000000000441e-01
1.370999999999999996e+00 9.903009999999999868e-01
1.373499999999999943e+00 9.904370000000000118e-01
1.375999999999999890e+00 9.905739999999999545e-01
1.378500000000000059e+00 9.907099999999999795e-01
1.381000000000000005e+00 9.908460000000000045e-01
1.383499999999999952e+00 9.909810000000000008e-01
1.385999999999999899e+00 9.911170000000000258e-01
1.388500000000000068e+00 9.912520000000000220e-01
1.391000000000000014e+00 9.913870000000000182e-01
1.393499999999999961e+00 9.915220000000000145e-01
1.395999999999999908e+00 9.916570000000000107e-01
1.398500000000000076e+00 9.917920000000000069e-01
1.401000000000000023e+00 9.919259999999999744e-01
1.403499999999999970e+00 9.920600000000000529e-01
1.405999999999999917e+00 9.921940000000000204e-01
1.408500000000000085e+00 9.923269999999999591e-01
1.411000000000000032e+00 9.924600000000000088e-01
1.413499999999999979e+00 9.925929999999999476e-01
1.415999999999999925e+00 9.927259999999999973e-01
1.418500000000000094e+00 9.928580000000000183e-01
1.421000000000000041e+00 9.929900000000000393e-01
1.423499999999999988e+00 9.931219999999999493e-01
1.425999999999999934e+00 9.932530000000000525e-01
1.428500000000000103e+00 9.933840000000000447e-01
1.431000000000000050e+00 9.935140000000000082e-01
1.433499999999999996e+00 9.936450000000000005e-01
1.435999999999999943e+00 9.937740000000000462e-01
1.438499999999999890e+00 9.939040000000000097e-01
1.441000000000000059e+00 9.940330000000000554e-01
1.443500000000000005e+00 9.941609999999999614e-01
1.445999999999999952e+00 9.942889999999999784e-01
1.448499999999999899e+00 9.944159999999999666e-01
1.451000000000000068e+00 9.945429999999999549e-01
1.453500000000000014e+00 9.946700000000000541e-01
1.455999999999999961e+00 9.947960000000000136e-01
1.458499999999999908e+00 9.949210000000000553e-01
1.461000000000000076e+00 9.950459999999999861e-01
1.463500000000000023e+00 9.951699999999999990e-01
1.465999999999999970e+00 9.952929999999999833e-01
1.468499999999999917e+00 9.954159999999999675e-01
1.471000000000000085e+00 9.955380000000000340e-01
1.473500000000000032e+00 9.956589999999999607e-01
1.475999999999999979e+00 9.957799999999999985e-01
1.478499999999999925e+00 9.959000000000000075e-01
1.481000000000000094e+00 9.960189999999999877e-01
1.483500000000000041e+00 9.961370000000000502e-01
1.485999999999999988e+00 9.962550000000000017e-01
1.488499999999999934e+00 9.963710000000000067e-01
1.491000000000000103e+00 9.964870000000000116e-01
1.493500000000000050e+00 9.966019999999999879e-01
1.495999999999999996e+00 9.967160000000000464e-01
1.498499999999999943e+00 9.968280000000000474e-01
1.500999999999999890e+00 9.969400000000000484e-01
1.503500000000000059e+00 9.970510000000000206e-01
1.506000000000000005e+00 9.971600000000000463e-01
1.508499999999999952e+00 9.972680000000000433e-01
1.510999999999999899e+00 9.973760000000000403e-01
1.513500000000000068e+00 9.974819999999999798e-01
1.516000000000000014e+00 9.975859999999999728e-01
1.518499999999999961e+00 9.976899999999999658e-01
1.520999999999999908e+00 9.977920000000000122e-01
1.523500000000000076e+00 9.978920000000000012e-01
1.526000000000000023e+00 9.979909999999999615e-01
1.528499999999999970e+00 9.980890000000000040e-01
1.530999999999999917e+00 9.981849999999999890e-01
1.533500000000000085e+00 9.982790000000000274e-01
1.536000000000000032e+00 9.983720000000000372e-01
1.538499999999999979e+00 9.984629999999999894e-01
1.540999999999999925e+00 9.985519999999999952e-01
1.543500000000000094e+00 9.986390000000000544e-01
1.546000000000000041e+00 9.987239999999999451e-01
1.548499999999999988e+00 9.988080000000000291e-01
1.550999999999999934e+00 9.988890000000000269e-01
1.553500000000000103e+00 9.989679999999999671e-01
1.556000000000000050e+00 9.990449999999999608e-01
1.558499999999999996e+00 9.991200000000000081e-01
1.560999999999999943e+00 9.991919999999999691e-01
1.563499999999999890e+00 9.992619999999999836e-01
1.566000000000000059e+00 9.993290000000000228e-01
1.568500000000000005e+00 9.993940000000000046e-01
1.570999999999999952e+00 9.994560000000000111e-01
1.573499999999999899e+00 9.995150000000000423e-01
1.576000000000000068e+00 9.995709999999999873e-01
1.578500000000000014e+00 9.996239999999999570e-01
1.580999999999999961e+00 9.996749999999999803e-01
1.583499999999999908e+00 9.997219999999999995e-01
1.586000000000000076e+00 9.997660000000000435e-01
1.588500000000000023e+00 9.998059999999999725e-01
1.590999999999999970e+00 9.998420000000000085e-01
1.593499999999999917e+00 9.998759999999999870e-01
1.596000000000000085e+00 9.999050000000000438e-01
1.598500000000000032e+00 9.999299999999999855e-01
1.600999999999999979e+00 9.999519999999999520e-01
1.603499999999999925e+00 9.999689999999999968e-01
1.606000000000000094e+00 9.999820000000000375e-01
1.608500000000000041e+00 9.999900000000000455e-01
1.610999999999999988e+00 9.999940000000000495e-01
1.613499999999999934e+00 9.999930000000000208e-01
1.616000000000000103e+00 9.999869999999999592e-01
1.618500000000000050e+00 9.999749999999999472e-01
1.620999999999999996e+00 9.999590000000000423e-01
1.623499999999999943e+00 9.999369999999999647e-01
1.625999999999999890e+00 9.999090000000000478e-01
1.628500000000000059e+00 9.998759999999999870e-01
1.631000000000000005e+00 9.998359999999999470e-01
1.633499999999999952e+00 9.997899999999999565e-01
1.635999999999999899e+00 9.997380000000000155e-01
1.638500000000000068e+00 9.996789999999999843e-01
1.641000000000000014e+00 9.996129999999999738e-01
1.643499999999999961e+00 9.995389999999999553e-01
1.645999999999999908e+00 9.994579999999999576e-01
1.648500000000000076e+00 9.993699999999999806e-01
1.651000000000000023e+00 9.992729999999999668e-01
1.653499999999999970e+00 9.991679999999999451e-01
1.655999999999999917e+00 9.990550000000000264e-01
1.658500000000000085e+00 9.989329999999999599e-01
1.661000000000000032e+00 9.988019999999999676e-01
1.663499999999999979e+00 9.986599999999999921e-01
1.665999999999999925e+00 9.985100000000000087e-01
1.668500000000000094e+00 9.983490000000000419e-01
1.671000000000000041e+00 9.981769999999999810e-01
1.673499999999999988e+00 9.979949999999999655e-01
1.675999999999999934e+00 9.978010000000000490e-01
1.678500000000000103e+00 9.975960000000000383e-01
1.681000000000000050e+00 9.973779999999999868e-01
1.683499999999999996e+00 9.971480000000000343e-01
1.685999999999999943e+00 9.969040000000000123e-01
1.688499999999999890e+00 9.966479999999999784e-01
1.691000000000000059e+00 9.963769999999999571e-01
1.693500000000000005e+00 9.960919999999999774e-01
1.695999999999999952e+00 9.957920000000000105e-01
1.698499999999999899e+00 9.954760000000000275e-01
1.701000000000000068e+00 9.951440000000000285e-01
1.703500000000000014e+00 9.947960000000000136e-01
1.705999999999999961e+00 9.944300000000000361e-01
1.708499999999999908e+00 9.940459999999999852e-01
1.711000000000000076e+00 9.936439999999999717e-01
1.713500000000000023e+00 9.932220000000000493e-01
1.715999999999999970e+00 9.927810000000000246e-01
1.718499999999999917e+00 9.923180000000000334e-01
1.721000000000000085e+00 9.918350000000000222e-01
1.723500000000000032e+00 9.913290000000000157e-01
1.725999999999999979e+00 9.908000000000000140e-01
1.728499999999999925e+00 9.902469999999999883e-01
1.731000000000000094e+00 9.896690000000000209e-01
1.733500000000000041e+00 9.890660000000000007e-01
1.735999999999999988e+00 9.884359999999999813e-01
1.738499999999999934e+00 9.877780000000000449e-01
1.741000000000000103e+00 9.870910000000000517e-01
1.743500000000000050e+00 9.863739999999999730e-01
1.745999999999999996e+00 9.856270000000000309e-01
1.748499999999999943e+00 9.848479999999999457e-01
1.750999999999999890e+00 9.840349999999999930e-01
1.753500000000000059e+00 9.831879999999999509e-01
1.756000000000000005e+00 9.823039999999999550e-01
1.758499999999999952e+00 9.813840000000000341e-01
1.760999999999999899e+00 9.804249999999999909e-01
1.763500000000000068e+00 9.794260000000000188e-01
1.766000000000000014e+00 9.783859999999999779e-01
1.768499999999999961e+00 9.773020000000000040e-01
1.770999999999999908e+00 9.761729999999999574e-01
1.773500000000000076e+00 9.749980000000000313e-01
1.776000000000000023e+00 9.737749999999999462e-01
1.778499999999999970e+00 9.725019999999999776e-01
1.780999999999999917e+00 9.711760000000000392e-01
1.783500000000000085e+00 9.697970000000000201e-01
1.786000000000000032e+00 9.683610000000000273e-01
1.788499999999999979e+00 9.668679999999999497e-01
1.790999999999999925e+00 9.653140000000000054e-01
1.793500000000000094e+00 9.636970000000000258e-01
1.796000000000000041e+00 9.620149999999999535e-01
1.798499999999999988e+00 9.602659999999999529e-01
1.800999999999999934e+00 9.584460000000000202e-01
1.803500000000000103e+00 9.565529999999999866e-01
1.806000000000000050e+00 9.545860000000000456e-01
1.808499999999999996e+00 9.525390000000000246e-01
1.810999999999999943e+00 9.504110000000000058e-01
1.813499999999999890e+00 9.482000000000000428e-01
1.816000000000000059e+00 9.458999999999999631e-01
1.818500000000000005e+00 9.435090000000000421e-01
1.820999999999999952e+00 9.410230000000000539e-01
1.823499999999999899e+00 9.384409999999999696e-01
1.826000000000000068e+00 9.357569999999999499e-01
1.828500000000000014e+00 9.329669999999999908e-01
1.830999999999999961e+00 9.300680000000000058e-01
1.833499999999999908e+00 9.270570000000000199e-01
1.836000000000000076e+00 9.239279999999999715e-01
1.838500000000000023e+00 9.206779999999999964e-01
1.840999999999999970e+00 9.173019999999999508e-01
1.843499999999999917e+00 9.137960000000000527e-01
1.846000000000000085e+00 9.101550000000000473e-01
1.848500000000000032e+00 9.063740000000000130e-01
1.850999999999999979e+00 9.024489999999999457e-01
1.853499999999999925e+00 8.983750000000000346e-01
1.856000000000000094e+00 8.941459999999999964e-01
1.858500000000000041e+00 8.897589999999999666e-01
1.860999999999999988e+00 8.852060000000000484e-01
1.863499999999999934e+00 8.804819999999999869e-01
1.866000000000000103e+00 8.755840000000000289e-01
1.868500000000000050e+00 8.705039999999999445e-01
1.870999999999999996e+00 8.652379999999999516e-01
1.873499999999999943e+00 8.597789999999999599e-01
1.875999999999999890e+00 8.541220000000000478e-01
1.878500000000000059e+00 8.482619999999999605e-01
1.881000000000000005e+00 8.421920000000000517e-01
1.883499999999999952e+00 8.359079999999999844e-01
1.885999999999999899e+00 8.294019999999999726e-01
1.888500000000000068e+00 8.226700000000000124e-01
1.891000000000000014e+00 8.157060000000000421e-01
1.893499999999999961e+00 8.085050000000000292e-01
1.895999999999999908e+00 8.010610000000000230e-01
1.898500000000000076e+00 7.933689999999999909e-01
1.901000000000000023e+00 7.854240000000000110e-01
1.903499999999999970e+00 7.772219999999999684e-01
1.905999999999999917e+00 7.687580000000000524e-01
1.908500000000000085e+00 7.600270000000000081e-01
1.911000000000000032e+00 7.510259999999999714e-01
1.913499999999999979e+00 7.417510000000000492e-01
1.915999999999999925e+00 7.322009999999999907e-01
1.918500000000000094e+00 7.223690000000000389e-01
1.921000000000000041e+00 7.122579999999999467e-01
1.923499999999999988e+00 7.018619999999999859e-01
1.925999999999999934e+00 6.911819999999999631e-01
1.928500000000000103e+00 6.802179999999999893e-01
1.931000000000000050e+00 6.689699999999999536e-01
1.933499999999999996e+00 6.574379999999999669e-01
1.935999999999999943e+00 6.456239999999999757e-01
1.938499999999999890e+00 6.335319999999999840e-01
1.941000000000000059e+00 6.211630000000000207e-01
1.943500000000000005e+00 6.085239999999999538e-01
1.945999999999999952e+00 5.956160000000000343e-01
1.948499999999999899e+00 5.824479999999999658e-01
1.951000000000000068e+00 5.690269999999999495e-01
1.953500000000000014e+00 5.553590000000000471e-01
1.955999999999999961e+00 5.414529999999999621e-01
1.958499999999999908e+00 5.273179999999999534e-01
1.961000000000000076e+00 5.129669999999999508e-01
1.963500000000000023e+00 4.984100000000000197e-01
1.965999999999999970e+00 4.836579999999999768e-01
1.968499999999999917e+00 4.687259999999999760e-01
1.971000000000000085e+00 4.536290000000000044e-01
1.973500000000000032e+00 4.383790000000000187e-01
1.975999999999999979e+00 4.229939999999999811e-01
1.978499999999999925e+00 4.074909999999999921e-01
1.981000000000000094e+00 3.918869999999999854e-01
1.983500000000000041e+00 3.762030000000000096e-01
1.985999999999999988e+00 3.604539999999999966e-01
1.988499999999999934e+00 3.446649999999999991e-01
1.991000000000000103e+00 3.288559999999999817e-01
1.993500000000000050e+00 3.130499999999999949e-01
1.995999999999999996e+00 2.972699999999999787e-01
1.998499999999999943e+00 2.815429999999999877e-01
2.000999999999999890e+00 2.658969999999999945e-01
2.003499999999999837e+00 2.503619999999999735e-01
2.005999999999999783e+00 2.349729999999999874e-01
2.008500000000000174e+00 2.197669999999999901e-01
2.011000000000000121e+00 2.047889999999999988e-01
2.013500000000000068e+00 1.900890000000000080e-01
2.016000000000000014e+00 1.757299999999999973e-01
2.018499999999999961e+00 1.617879999999999874e-01
2.020999999999999908e+00 1.483599999999999919e-01
2.023499999999999854e+00 1.355659999999999921e-01
2.025999999999999801e+00 1.235679999999999973e-01
2.028500000000000192e+00 1.125670000000000004e-01
2.031000000000000139e+00 1.028260000000000007e-01
2.033500000000000085e+00 9.465899999999999315e-02
2.036000000000000032e+00 8.842400000000000260e-02
2.038499999999999979e+00 8.445600000000000329e-02
2.040999999999999925e+00 8.298400000000000221e-02
2.043499999999999872e+00 8.403599999999999959e-02
2.045999999999999819e+00 8.742400000000000171e-02
2.048500000000000210e+00 9.279800000000000548e-02
2.051000000000000156e+00 9.974399999999999933e-02
2.053500000000000103e+00 1.078790000000000027e-01
2.056000000000000050e+00 1.168740000000000057e-01
2.058499999999999996e+00 1.264750000000000041e-01
2.060999999999999943e+00 1.364900000000000002e-01
2.063499999999999890e+00 1.467690000000000106e-01
2.065999999999999837e+00 1.572099999999999886e-01
2.068499999999999783e+00 1.677269999999999872e-01
2.071000000000000174e+00 1.782610000000000028e-01
2.073500000000000121e+00 1.887649999999999884e-01
2.076000000000000068e+00 1.992039999999999922e-01
2.078500000000000014e+00 2.095499999999999863e-01
2.080999999999999961e+00 2.197850000000000081e-01
2.083499999999999908e+00 2.298890000000000100e-01
2.085999999999999854e+00 2.398500000000000076e-01
2.088499999999999801e+00 2.496599999999999930e-01
2.091000000000000192e+00 2.593099999999999850e-01
2.093500000000000139e+00 2.687970000000000081e-01
2.096000000000000085e+00 2.781159999999999743e-01
2.098500000000000032e+00 2.872620000000000173e-01
2.100999999999999979e+00 2.962359999999999993e-01
2.103499999999999925e+00 3.050370000000000026e-01
2.105999999999999872e+00 3.136639999999999984e-01
2.108499999999999819e+00 3.221180000000000154e-01
2.111000000000000210e+00 3.303960000000000230e-01
2.113500000000000156e+00 3.385050000000000003e-01
2.116000000000000103e+00 3.464420000000000277e-01
2.118500000000000050e+00 3.542139999999999733e-01
2.120999999999999996e+00 3.618169999999999997e-01
2.123499999999999943e+00 3.692549999999999999e-01
2.125999999999999890e+00 3.765310000000000046e-01
2.128499999999999837e+00 3.836490000000000178e-01
2.130999999999999783e+00 3.906100000000000128e-01
2.133500000000000174e+00 3.974170000000000202e-01
2.136000000000000121e+00 4.040719999999999867e-01
2.138500000000000068e+00 4.105770000000000253e-01
2.141000000000000014e+00 4.169410000000000061e-01
2.143499999999999961e+00 4.231570000000000054e-01
2.145999999999999908e+00 4.292360000000000064e-01
2.148499999999999854e+00 4.351769999999999805e-01
2.150999999999999801e+00 4.409819999999999851e-01
2.153500000000000192e+00 4.466539999999999955e-01
2.156000000000000139e+00 4.522019999999999929e-01
2.158500000000000085e+00 4.576180000000000248e-01
2.161000000000000032e+00 4.629159999999999942e-01
2.163499999999999979e+00 4.680889999999999773e-01
2.165999999999999925e+00 4.731440000000000090e-01
2.168499999999999872e+00 4.780849999999999822e-01
2.170999999999999819e+00 4.829140000000000099e-01
2.173500000000000210e+00 4.876300000000000079e-01
2.176000000000000156e+00 4.922389999999999821e-01
2.178500000000000103e+00 4.967420000000000169e-01
2.181000000000000050e+00 5.011409999999999476e-01
2.183499999999999996e+00 5.054410000000000291e-01
2.185999999999999943e+00 5.096429999999999572e-01
2.188499999999999890e+00 5.137479999999999825e-01
2.190999999999999837e+00 5.177580000000000515e-01
2.193499999999999783e+00 5.216760000000000286e-01
2.196000000000000174e+00 5.255030000000000534e-01
2.198500000000000121e+00 5.292440000000000477e-01
2.201000000000000068e+00 5.328990000000000116e-01
2.203500000000000014e+00 5.364689999999999737e-01
2.205999999999999961e+00 5.399580000000000490e-01
2.208499999999999908e+00 5.433630000000000404e-01
2.210999999999999854e+00 5.466940000000000133e-01
2.213499999999999801e+00 5.499469999999999636e-01
2.216000000000000192e+00 5.531249999999999778e-01
2.218500000000000139e+00 5.562300000000000022e-01
2.221000000000000085e+00 5.592620000000000369e-01
2.223500000000000032e+00 5.622239999999999460e-01
2.225999999999999979e+00 5.651190000000000380e-01
2.228499999999999925e+00 5.679440000000000044e-01
2.230999999999999872e+00 5.707069999999999643e-01
2.233499999999999819e+00 5.734029999999999960e-01
2.236000000000000210e+00 5.760389999999999677e-01
2.238500000000000156e+00 5.786120000000000152e-01
2.241000000000000103e+00 5.811239999999999739e-01
2.243500000000000050e+00 5.835770000000000124e-01
2.245999999999999996e+00 5.859739999999999949e-01
2.248499999999999943e+00 5.883140000000000036e-01
2.250999999999999890e+00 5.905989999999999851e-01
2.253499999999999837e+00 5.928290000000000504e-01
2.255999999999999783e+00 5.950039999999999774e-01
2.258500000000000174e+00 5.971309999999999674e-01
2.261000000000000121e+00 5.992049999999999876e-01
2.263500000000000068e+00 6.012290000000000134e-01
2.266000000000000014e+00 6.032049999999999912e-01
2.268499999999999961e+00 6.051339999999999497e-01
2.270999999999999908e+00 6.070160000000000000e-01
2.273499999999999854e+00 6.088489999999999736e-01
2.275999999999999801e+00 6.106380000000000141e-01
2.278500000000000192e+00 6.123849999999999572e-01
2.281000000000000139e+00 6.140889999999999960e-01
2.283500000000000085e+00 6.157470000000000443e-01
2.286000000000000032e+00 6.173659999999999703e-01
2.288499999999999979e+00 6.189440000000000497e-01
2.290999999999999925e+00 6.204809999999999492e-01
2.293499999999999872e+00 6.219799999999999773e-01
2.295999999999999819e+00 6.234349999999999614e-01
2.298500000000000210e+00 6.248569999999999958e-01
2.301000000000000156e+00 6.262410000000000476e-01
2.303500000000000103e+00 6.275889999999999525e-01
2.306000000000000050e+00 6.289000000000000146e-01
2.308499999999999996e+00 6.301750000000000407e-01
2.310999999999999943e+00 6.314140000000000308e-01
2.313499999999999890e+00 6.326220000000000176e-01
2.315999999999999837e+00 6.337960000000000260e-01
2.318499999999999783e+00 6.349350000000000271e-01
2.321000000000000174e+00 6.360409999999999675e-01
2.323500000000000121e+00 6.371189999999999909e-01
2.326000000000000068e+00 6.381620000000000070e-01
2.328500000000000014e+00 6.391740000000000199e-01
2.330999999999999961e+00 6.401580000000000048e-01
2.333499999999999908e+00 6.411099999999999577e-01
2.335999999999999854e+00 6.420379999999999976e-01
2.338499999999999801e+00 6.429319999999999480e-01
2.341000000000000192e+00 6.437969999999999526e-01
2.343500000000000139e+00 6.446370000000000156e-01
2.346000000000000085e+00 6.454490000000000505e-01
2.348500000000000032e+00 6.462309999999999999e-01
2.350999999999999979e+00 6.469880000000000075e-01
2.353499999999999925e+00 6.477220000000000200e-01
2.355999999999999872e+00 6.484240000000000004e-01
2.358499999999999819e+00 6.491029999999999855e-01
2.361000000000000210e+00 6.497570000000000290e-01
2.363500000000000156e+00 6.503889999999999949e-01
2.366000000000000103e+00 6.509939999999999616e-01
2.368500000000000050e+00 6.515739999999999865e-01
2.370999999999999996e+00 6.521320000000000450e-01
2.373499999999999943e+00 6.526680000000000259e-01
2.375999999999999890e+00 6.531789999999999541e-01
2.378499999999999837e+00 6.536669999999999980e-01
2.380999999999999783e+00 6.541350000000000220e-01
2.383500000000000174e+00 6.545800000000000507e-01
2.386000000000000121e+00 6.550019999999999731e-01
2.388500000000000068e+00 6.554029999999999578e-01
2.391000000000000014e+00 6.557859999999999800e-01
2.393499999999999961e+00 6.561460000000000070e-01
2.395999999999999908e+00 6.564830000000000387e-01
2.398499999999999854e+00 6.568060000000000009e-01
2.400999999999999801e+00 6.571029999999999927e-01
2.403500000000000192e+00 6.573830000000000506e-01
2.406000000000000139e+00 6.576450000000000351e-01
2.408500000000000085e+00 6.578869999999999996e-01
2.411000000000000032e+00 6.581090000000000551e-01
2.413499999999999979e+00 6.583170000000000410e-01
2.415999999999999925e+00 6.585029999999999495e-01
2.418499999999999872e+00 6.586720000000000352e-01
2.420999999999999819e+00 6.588239999999999652e-01
2.423500000000000210e+00 6.589559999999999862e-01
2.426000000000000156e+00 6.590740000000000487e-01
2.428500000000000103e+00 6.591759999999999842e-01
2.431000000000000050e+00 6.592580000000000107e-01
2.433499999999999996e+00 6.593259999999999676e-01
2.435999999999999943e+00 6.593750000000000444e-01
2.438499999999999890e+00 6.594119999999999981e-01
2.440999999999999837e+00 6.594330000000000469e-01
2.443499999999999783e+00 6.594400000000000261e-01
2.446000000000000174e+00 6.594280000000000141e-01
2.448500000000000121e+00 6.594050000000000189e-01
2.451000000000000068e+00 6.593649999999999789e-01
2.453500000000000014e+00 6.593149999999999844e-01
2.455999999999999961e+00 6.592500000000000027e-01
2.458499999999999908e+00 6.591660000000000297e-01
2.460999999999999854e+00 6.590759999999999952e-01
2.463499999999999801e+00 6.589699999999999447e-01
2.466000000000000192e+00 6.588490000000000180e-01
2.468500000000000139e+00 6.587190000000000545e-01
2.471000000000000085e+00 6.585739999999999927e-01
2.473500000000000032e+00 6.584200000000000053e-01
