# Energy/B2 CrossSection/a^2
2.000000000000000042e-03 3.608610063878705887e+02
7.000000000000000146e-03 1.031033508886411880e+02
1.200000000000000025e-02 6.014350106464510048e+01
1.700000000000000122e-02 4.245423604563183062e+01
2.199999999999999872e-02 3.280561164638584160e+01
2.699999999999999969e-02 2.673049837853660193e+01
3.200000000000000067e-02 2.255381289924191179e+01
3.699999999999999817e-02 1.950600034529029969e+01
4.200000000000000261e-02 1.718385744704145424e+01
4.700000000000000011e-02 1.535581821745719999e+01
5.199999999999999761e-02 1.387929723500939261e+01
5.700000000000000205e-02 1.266181502141207815e+01
6.199999999999999956e-02 1.164070090678206881e+01
6.700000000000000400e-02 1.077199188388788542e+01
7.199999999999999456e-02 1.002391684410751793e+01
7.699999999999999900e-02 9.373013152931704894e+00
8.200000000000000344e-02 8.801487960679770239e+00
8.699999999999999400e-02 8.295655319261392435e+00
9.199999999999999845e-02 7.844804486692839696e+00
9.700000000000000289e-02 7.440433121399392391e+00
1.019999999999999934e-01 7.075720159024397660e+00
1.069999999999999979e-01 6.745079030098021455e+00
1.120000000000000023e-01 6.443959430540074251e+00
1.170000000000000068e-01 6.168576548893063283e+00
1.219999999999999973e-01 5.915766034594167166e+00
1.270000000000000018e-01 5.682861860003846743e+00
1.320000000000000062e-01 5.467601941064305748e+00
1.370000000000000107e-01 5.268054424967067995e+00
1.419999999999999873e-01 5.082559550848509744e+00
1.469999999999999918e-01 4.909673556297559749e+00
1.519999999999999962e-01 4.748171136682507232e+00
1.570000000000000007e-01 4.596955495386886525e+00
1.620000000000000051e-01 4.455074152936673748e+00
1.670000000000000095e-01 4.321688699255934907e+00
1.719999999999999862e-01 4.196058213812448479e+00
1.769999999999999907e-01 4.077525495908142616e+00
1.819999999999999951e-01 3.965505564701874430e+00
1.869999999999999996e-01 3.859476004148348682e+00
1.920000000000000040e-01 3.758968816540318780e+00
1.970000000000000084e-01 3.663563516628127736e+00
2.020000000000000129e-01 3.572881251365054744e+00
2.069999999999999896e-01 3.486579771863483668e+00
2.119999999999999940e-01 3.404349116866703717e+00
2.169999999999999984e-01 3.325907892975766167e+00
2.220000000000000029e-01 3.251000057548384170e+00
2.270000000000000073e-01 3.179392126765379079e+00
2.320000000000000118e-01 3.110870744723022163e+00
2.369999999999999885e-01 3.045240560235194849e+00
2.419999999999999929e-01 2.982322366841906103e+00
2.469999999999999973e-01 2.921951468727697510e+00
2.520000000000000018e-01 2.863976241173575854e+00
2.570000000000000062e-01 2.808256859049576448e+00
2.620000000000000107e-01 2.754664170899775222e+00
2.670000000000000151e-01 2.703078699534610774e+00
2.720000000000000195e-01 2.653389752851989414e+00
2.770000000000000240e-01 2.605494630959354296e+00
2.819999999999999729e-01 2.559297917644472342e+00
2.869999999999999774e-01 2.514710845908505910e+00
2.919999999999999818e-01 2.471650728684045450e+00
2.969999999999999862e-01 2.430040447056367903e+00
3.019999999999999907e-01 2.389807989323646353e+00
3.069999999999999951e-01 2.350886035100133942e+00
3.119999999999999996e-01 2.313211579409427010e+00
3.170000000000000040e-01 2.276725592352496275e+00
3.220000000000000084e-01 2.241372710483668484e+00
3.270000000000000129e-01 2.207100956500737343e+00
3.320000000000000173e-01 2.173861484264280275e+00
3.370000000000000218e-01 2.141608346515552430e+00
3.420000000000000262e-01 2.110298282970003214e+00
3.469999999999999751e-01 2.079890526731242861e+00
3.519999999999999796e-01 2.050346627203810446e+00
3.569999999999999840e-01 2.021630287887230093e+00
3.619999999999999885e-01 1.993707217612544769e+00
3.669999999999999929e-01 1.966544993939349562e+00
3.719999999999999973e-01 1.940112937569197005e+00
3.770000000000000018e-01 1.914381996752628989e+00
3.820000000000000062e-01 1.889324640774191710e+00
3.870000000000000107e-01 1.864914761694421719e+00
3.920000000000000151e-01 1.841127583611584573e+00
3.970000000000000195e-01 1.817939578780204402e+00
4.020000000000000240e-01 1.795328389989405693e+00
4.069999999999999729e-01 1.773272758662754800e+00
4.119999999999999774e-01 1.751752458193546635e+00
4.169999999999999818e-01 1.730748232076118276e+00
4.219999999999999862e-01 1.710241736435405668e+00
4.269999999999999907e-01 1.690215486594241812e+00
4.319999999999999951e-01 1.670652807351252545e+00
4.369999999999999996e-01 1.651537786672176766e+00
4.420000000000000040e-01 1.632855232524301314e+00
4.470000000000000084e-01 1.614590632607922238e+00
4.520000000000000129e-01 1.596730116760489260e+00
4.570000000000000173e-01 1.579260421828754923e+00
4.620000000000000218e-01 1.562171983161230182e+00
4.670000000000000262e-01 1.545446373063144030e+00
4.719999999999999751e-01 1.529075119111204417e+00
4.769999999999999796e-01 1.513047078030374193e+00
4.819999999999999840e-01 1.497351568922175469e+00
4.869999999999999885e-01 1.481978349528723760e+00
4.919999999999999929e-01 1.466917593944082165e+00
4.969999999999999973e-01 1.452156967355616057e+00
5.020000000000000018e-01 1.437693252541317079e+00
5.070000000000000062e-01 1.423514818098108758e+00
5.120000000000000107e-01 1.409613306202619487e+00
5.170000000000000151e-01 1.395980682351530167e+00
5.220000000000000195e-01 1.382609219876898665e+00
5.270000000000000240e-01 1.369491485342962278e+00
5.320000000000000284e-01 1.356620324766430796e+00
5.370000000000000329e-01 1.343988850606594232e+00
5.420000000000000373e-01 1.331590429475537185e+00
5.470000000000000417e-01 1.319418670522378489e+00
5.520000000000000462e-01 1.307467414448806542e+00
5.570000000000000506e-01 1.295730723116231609e+00
5.620000000000000551e-01 1.284202869707724348e+00
5.669999999999999485e-01 1.272878329410478404e+00
5.719999999999999529e-01 1.261751770586960308e+00
5.769999999999999574e-01 1.250818046405097528e+00
5.819999999999999618e-01 1.240072186899898954e+00
5.869999999999999662e-01 1.229509391440785526e+00
5.919999999999999707e-01 1.219125021580643731e+00
5.969999999999999751e-01 1.208914594264222986e+00
6.019999999999999796e-01 1.198873775374985406e+00
6.069999999999999840e-01 1.188998373600891556e+00
6.119999999999999885e-01 1.179284334600884332e+00
6.169999999999999929e-01 1.169727735455009965e+00
6.219999999999999973e-01 1.160324779382220450e+00
6.270000000000000018e-01 1.151071790710910925e+00
6.320000000000000062e-01 1.141965210088198068e+00
6.370000000000000107e-01 1.133001589914821361e+00
6.420000000000000151e-01 1.124179838349670613e+00
6.470000000000000195e-01 1.115492204359332939e+00
6.520000000000000240e-01 1.106937816289092824e+00
6.570000000000000284e-01 1.098513631994654904e+00
6.620000000000000329e-01 1.090216701239408392e+00
6.670000000000000373e-01 1.082044162249607755e+00
6.720000000000000417e-01 1.073993238423345709e+00
6.770000000000000462e-01 1.066061235185359335e+00
6.820000000000000506e-01 1.058247653470203886e+00
6.870000000000000551e-01 1.050545705482793579e+00
6.919999999999999485e-01 1.042955057321790724e+00
6.969999999999999529e-01 1.035473313725508326e+00
7.019999999999999574e-01 1.028100203866543216e+00
7.069999999999999618e-01 1.020829339624205412e+00
7.119999999999999662e-01 1.013660594261676096e+00
7.169999999999999707e-01 1.006593844579345642e+00
7.219999999999999751e-01 9.996229730794886637e-01
7.269999999999999796e-01 9.927499725088198002e-01
7.319999999999999840e-01 9.859688934616285261e-01
7.369999999999999885e-01 9.792817821789370214e-01
7.419999999999999929e-01 9.726847936917580872e-01
7.469999999999999973e-01 9.661761183054025093e-01
7.520000000000000018e-01 9.597539944553599156e-01
7.570000000000000062e-01 9.534167071177925834e-01
7.620000000000000107e-01 9.471644805878944862e-01
7.670000000000000151e-01 9.409937694048974288e-01
7.720000000000000195e-01 9.349067292772527127e-01
7.770000000000000240e-01 9.288998872202314239e-01
7.820000000000000284e-01 9.229753967188079056e-01
7.870000000000000329e-01 9.171536986755557397e-01
7.920000000000000373e-01 8.329112221033349028e-01
7.970000000000000417e-01 7.964864570552185885e-01
8.020000000000000462e-01 7.766095051981040109e-01
8.070000000000000506e-01 7.633170870594609969e-01
8.120000000000000551e-01 7.535785140781534608e-01
8.169999999999999485e-01 7.460445129968030775e-01
8.219999999999999529e-01 7.399678098760070766e-01
8.269999999999999574e-01 7.348836412816934782e-01
8.319999999999999618e-01 7.304847857786050946e-01
8.369999999999999662e-01 7.265626752636745733e-01
8.419999999999999707e-01 7.229737948644218148e-01
8.469999999999999751e-01 7.196171359084524433e-01
8.519999999999999796e-01 7.164219704699341662e-01
8.569999999999999840e-01 7.133407770721892360e-01
8.619999999999999885e-01 7.103362716253559528e-01
8.669999999999999929e-01 7.073842015988099918e-01
8.719999999999999973e-01 7.044699611423772545e-01
8.770000000000000018e-01 7.015807530700728378e-01
8.820000000000000062e-01 6.987100807122548218e-01
8.870000000000000107e-01 6.958515752103627827e-01
8.920000000000000151e-01 6.930004903227148239e-01
8.970000000000000195e-01 6.901566444285954782e-01
9.020000000000000240e-01 6.873168949835091190e-01
9.070000000000000284e-01 6.844811139163631264e-01
9.120000000000000329e-01 6.816477087599754903e-01
9.170000000000000373e-01 6.788180433902599731e-01
9.220000000000000417e-01 6.759905479418186758e-01
9.270000000000000462e-01 6.731651324611265252e-01
9.320000000000000506e-01 6.703417107835035749e-01
9.370000000000000551e-01 6.675216345260140960e-01
9.419999999999999485e-01 6.647048043009797791e-01
9.469999999999999529e-01 6.618911244704608343e-01
9.519999999999999574e-01 6.590819167761227115e-01
9.569999999999999618e-01 6.562770726782121145e-01
9.619999999999999662e-01 6.534778877214930670e-01
9.669999999999999707e-01 6.506828470984322710e-01
9.719999999999999751e-01 6.478960148024588417e-01
9.769999999999999796e-01 6.451172379505453192e-01
9.819999999999999840e-01 6.423449935855276571e-01
9.869999999999999885e-01 6.395832594722390407e-01
9.919999999999999929e-01 6.368304949014185201e-01
9.969999999999999973e-01 6.340892539034960196e-01
1.002000000000000002e+00 6.313579979366775730e-01
1.006999999999999895e+00 6.286405876961654871e-01
1.012000000000000011e+00 6.259354683949196474e-01
1.016999999999999904e+00 6.232437747961927510e-01
1.022000000000000020e+00 6.205652975619210254e-01
1.026999999999999913e+00 6.179037856163343001e-01
1.032000000000000028e+00 6.152563605346866860e-01
1.036999999999999922e+00 6.126241145690513035e-01
1.042000000000000037e+00 6.100094207323591977e-01
1.046999999999999931e+00 6.074120213575304739e-01
1.052000000000000046e+00 6.048303755031557705e-01
1.056999999999999940e+00 6.022668178960636221e-01
1.062000000000000055e+00 5.997210883226052891e-01
1.066999999999999948e+00 5.971942026791099423e-01
1.072000000000000064e+00 5.946846281908254594e-01
1.076999999999999957e+00 5.921946391890587913e-01
1.082000000000000073e+00 5.897227072050506003e-01
1.086999999999999966e+00 5.872698285741839719e-01
1.092000000000000082e+00 5.848357391001002270e-01
1.096999999999999975e+00 5.824214174656139331e-01
1.102000000000000091e+00 5.800253603300760119e-01
1.106999999999999984e+00 5.776497725858529275e-01
1.112000000000000099e+00 5.752931552402321680e-01
1.116999999999999993e+00 5.729552520155687390e-01
1.122000000000000108e+00 5.706382346368996661e-01
1.127000000000000002e+00 5.683394119535871702e-01
1.131999999999999895e+00 5.660609443883665159e-01
1.137000000000000011e+00 5.638013669444781328e-01
1.141999999999999904e+00 5.615616222375070521e-01
1.147000000000000020e+00 5.593402643926176365e-01
1.151999999999999913e+00 5.571394164781195979e-01
1.157000000000000028e+00 5.549564598428295970e-01
1.161999999999999922e+00 5.527935066331455261e-01
1.167000000000000037e+00 5.506503004480728380e-01
1.171999999999999931e+00 5.485254268813425371e-01
1.177000000000000046e+00 5.464198099803989628e-01
1.181999999999999940e+00 5.443332060820419427e-01
1.187000000000000055e+00 5.422642272266019470e-01
1.191999999999999948e+00 5.402149392729301836e-01
1.197000000000000064e+00 5.381839576052870333e-01
1.201999999999999957e+00 5.361710544891600261e-01
1.207000000000000073e+00 5.341760059671859517e-01
1.211999999999999966e+00 5.321997176836593679e-01
1.217000000000000082e+00 5.302419598488328223e-01
1.221999999999999975e+00 5.283013892749017781e-01
1.227000000000000091e+00 5.263789094351309927e-01
1.231999999999999984e+00 5.244731929327458575e-01
1.237000000000000099e+00 5.225851415760731644e-01
1.241999999999999993e+00 5.207145434823055030e-01
1.247000000000000108e+00 5.188611901808072302e-01
1.252000000000000002e+00 5.170237846816070348e-01
1.256999999999999895e+00 5.152032251857494582e-01
1.262000000000000011e+00 5.134003966628052362e-01
1.266999999999999904e+00 5.116129320776712230e-01
1.272000000000000020e+00 5.098417266985156848e-01
1.276999999999999913e+00 5.080865910525415030e-01
1.282000000000000028e+00 5.063473386363570583e-01
1.286999999999999922e+00 5.046237858582948155e-01
1.292000000000000037e+00 5.029146919204643407e-01
1.296999999999999931e+00 5.012220028374198000e-01
1.302000000000000046e+00 4.995434270617502004e-01
1.306999999999999940e+00 4.978798520659725169e-01
1.312000000000000055e+00 4.962311079051308083e-01
1.316999999999999948e+00 4.945970272282110836e-01
1.322000000000000064e+00 4.929764076707112697e-01
1.326999999999999957e+00 4.913701317709164851e-01
1.332000000000000073e+00 4.897780395811358600e-01
1.336999999999999966e+00 4.881989468489781325e-01
1.342000000000000082e+00 4.866337322194412840e-01
1.346999999999999975e+00 4.850812231218158965e-01
1.352000000000000091e+00 4.835412793898846706e-01
1.356999999999999984e+00 4.820147755662516631e-01
1.362000000000000099e+00 4.805015652367198298e-01
1.366999999999999993e+00 4.789994926017966392e-01
1.372000000000000108e+00 4.775104406375416111e-01
1.377000000000000002e+00 4.760322711113330607e-01
1.381999999999999895e+00 4.745668572184406631e-01
1.387000000000000011e+00 4.731120779472766102e-01
1.391999999999999904e+00 4.716697967809693193e-01
1.397000000000000020e+00 4.702379095935306230e-01
1.401999999999999913e+00 4.688172877023595309e-01
1.407000000000000028e+00 4.674078118116297698e-01
1.411999999999999922e+00 4.660083882174150816e-01
1.417000000000000037e+00 4.646189105086722670e-01
1.421999999999999931e+00 4.632402435395276408e-01
1.427000000000000046e+00 4.618713078326611710e-01
1.431999999999999940e+00 4.605129649820748905e-01
1.437000000000000055e+00 4.591631843292388049e-01
1.441999999999999948e+00 4.578237907640222981e-01
1.447000000000000064e+00 4.564937230715956362e-01
1.451999999999999957e+00 4.551719336056300191e-01
1.457000000000000073e+00 4.538602329593232620e-01
1.461999999999999966e+00 4.525566277669598181e-01
1.467000000000000082e+00 4.512610344766060377e-01
1.471999999999999975e+00 4.499752494933940694e-01
1.477000000000000091e+00 4.486963645174458781e-01
1.481999999999999984e+00 4.474271089240678401e-01
1.487000000000000099e+00 4.461645942533974951e-01
1.491999999999999993e+00 4.449106068773137634e-01
1.497000000000000108e+00 4.436641363738631494e-01
1.502000000000000002e+00 4.424251069277025383e-01
1.506999999999999895e+00 4.411934437325377711e-01
1.512000000000000011e+00 4.399690729744402673e-01
1.516999999999999904e+00 4.387519218154924405e-01
1.522000000000000020e+00 4.375419183777559673e-01
1.526999999999999913e+00 4.363380834737235481e-01
1.532000000000000028e+00 4.351421663330784506e-01
1.536999999999999922e+00 4.339513812361844858e-01
1.542000000000000037e+00 4.327683765192787968e-01
1.546999999999999931e+00 4.315912818574916265e-01
1.552000000000000046e+00 4.304200387521049387e-01
1.556999999999999940e+00 4.292545894669537176e-01
1.562000000000000055e+00 4.280957665136514989e-01
1.566999999999999948e+00 4.269435057933361755e-01
1.572000000000000064e+00 4.257959754648962813e-01
1.576999999999999957e+00 4.246548919568703395e-01
1.582000000000000073e+00 4.235184352531771168e-01
1.586999999999999966e+00 4.223883128281446520e-01
1.592000000000000082e+00 4.212635903472210508e-01
1.596999999999999975e+00 4.201442158380990777e-01
1.602000000000000091e+00 4.190301379881262167e-01
1.606999999999999984e+00 4.179204396629783158e-01
1.612000000000000099e+00 4.168168062687298558e-01
1.616999999999999993e+00 4.157174579303254958e-01
1.622000000000000108e+00 4.146232123036329709e-01
1.627000000000000002e+00 4.135340211841653235e-01
1.631999999999999895e+00 4.124489828068076958e-01
1.637000000000000011e+00 4.113689091674457288e-01
1.641999999999999904e+00 4.102937537992888961e-01
1.647000000000000020e+00 4.092234708103232310e-01
1.651999999999999913e+00 4.081571703274843310e-01
1.657000000000000028e+00 4.070948146997432349e-01
1.661999999999999922e+00 4.060380463777674143e-01
1.667000000000000037e+00 4.049851396344002485e-01
1.671999999999999931e+00 4.039360582956554868e-01
1.677000000000000046e+00 4.028915994452780258e-01
1.681999999999999940e+00 4.018508903810144028e-01
1.687000000000000055e+00 4.008147244943331411e-01
1.691999999999999948e+00 3.997830605516600189e-01
1.697000000000000064e+00 3.987550341946755617e-01
1.701999999999999957e+00 3.977306119755851799e-01
1.707000000000000073e+00 3.967105799574531244e-01
1.711999999999999966e+00 3.956940819278598753e-01
1.717000000000000082e+00 3.946819003132921444e-01
1.721999999999999975e+00 3.936731842555710736e-01
1.727000000000000091e+00 3.926687125634429343e-01
1.731999999999999984e+00 3.916684476434815210e-01
1.737000000000000099e+00 3.906707407685016120e-01
1.741999999999999993e+00 3.896779791287504624e-01
1.747000000000000108e+00 3.886885169915132998e-01
1.752000000000000002e+00 3.877023249434772278e-01
1.756999999999999895e+00 3.867201710548827664e-01
1.762000000000000011e+00 3.857412252140993147e-01
1.766999999999999904e+00 3.847662519498467604e-01
1.772000000000000020e+00 3.837952169157563542e-01
1.776999999999999913e+00 3.828272975324332195e-01
1.782000000000000028e+00 3.818632530678300885e-01
1.786999999999999922e+00 3.809022658776023973e-01
1.792000000000000037e+00 3.799450917366994362e-01
1.796999999999999931e+00 3.789916981660286233e-01
1.802000000000000046e+00 3.780412748275862045e-01
1.806999999999999940e+00 3.770953484856705562e-01
1.812000000000000055e+00 3.761515591933844993e-01
1.816999999999999948e+00 3.752122044263890288e-01
1.822000000000000064e+00 3.742764772992709932e-01
1.826999999999999957e+00 3.733435793810770953e-01
1.832000000000000073e+00 3.724142527272271685e-01
1.836999999999999966e+00 3.714884676250037043e-01
1.842000000000000082e+00 3.705661946937054418e-01
1.846999999999999975e+00 3.696474048801551282e-01
1.852000000000000091e+00 3.687320694542771671e-01
1.856999999999999984e+00 3.678201600047481534e-01
1.862000000000000099e+00 3.669116484347173524e-01
1.866999999999999993e+00 3.660065069575952901e-01
1.872000000000000108e+00 3.651047080929109012e-01
1.877000000000000002e+00 3.642062246622339572e-01
1.881999999999999895e+00 3.633110297851626647e-01
1.887000000000000011e+00 3.624198414955205894e-01
1.891999999999999904e+00 3.615318850840772980e-01
1.897000000000000020e+00 3.606471345665021033e-01
1.901999999999999913e+00 3.597663031987667348e-01
1.907000000000000028e+00 3.588886228585506100e-01
1.911999999999999922e+00 3.580140684223120373e-01
1.917000000000000037e+00 3.571433484107564560e-01
1.921999999999999931e+00 3.562757011757561321e-01
1.927000000000000046e+00 3.554118321133364899e-01
1.931999999999999940e+00 3.545509838385836887e-01
1.937000000000000055e+00 3.536938586418179042e-01
1.941999999999999948e+00 3.528404275876139695e-01
1.947000000000000064e+00 3.519899396073865594e-01
1.951999999999999957e+00 3.511438130195680407e-01
1.957000000000000073e+00 3.503005766878595217e-01
1.961999999999999966e+00 3.494602081844367381e-01
1.967000000000000082e+00 3.486241159276572965e-01
1.971999999999999975e+00 3.477915538454757205e-01
1.977000000000000091e+00 3.469617832045491790e-01
1.981999999999999984e+00 3.461362026641700562e-01
1.987000000000000099e+00 3.453133639736223337e-01
1.991999999999999993e+00 3.444946593500377019e-01
1.997000000000000108e+00 3.436793528813081311e-01
2.001999999999999780e+00 3.428674189618117207e-01
2.007000000000000117e+00 3.420588322432470685e-01
2.012000000000000011e+00 3.412542673764403789e-01
2.016999999999999904e+00 3.404529963948335625e-01
2.021999999999999797e+00 3.396549947260133484e-01
2.027000000000000135e+00 3.388609327442763108e-01
2.032000000000000028e+00 3.380700883298169424e-01
2.036999999999999922e+00 3.372831290369793233e-01
2.041999999999999815e+00 3.364993365961716498e-01
2.047000000000000153e+00 3.357193757603776918e-01
2.052000000000000046e+00 3.349425320664329297e-01
2.056999999999999940e+00 3.341701523123439821e-01
2.061999999999999833e+00 3.334001545233609698e-01
2.067000000000000171e+00 3.326345659580032255e-01
2.072000000000000064e+00 3.318726748260684700e-01
2.076999999999999957e+00 3.311137760252791384e-01
2.081999999999999851e+00 3.303585246849301549e-01
2.087000000000000188e+00 3.296068945894456426e-01
2.092000000000000082e+00 3.288595334313422769e-01
2.096999999999999975e+00 3.281150666127501392e-01
2.101999999999999869e+00 3.273741438915959145e-01
2.107000000000000206e+00 3.266367400370007168e-01
2.112000000000000099e+00 3.259034974971258269e-01
2.116999999999999993e+00 3.251737210043917914e-01
2.121999999999999886e+00 3.244473860579942248e-01
2.126999999999999780e+00 3.237244683875074580e-01
2.132000000000000117e+00 3.230049439501836428e-01
2.137000000000000011e+00 3.222894487635677985e-01
2.141999999999999904e+00 3.215772963981102794e-01
2.146999999999999797e+00 3.208691203438985284e-01
2.152000000000000135e+00 3.201642376489530206e-01
2.157000000000000028e+00 3.194632792940693689e-01
2.161999999999999922e+00 3.187655657646149554e-01
2.166999999999999815e+00 3.180717255501613883e-01
2.172000000000000153e+00 3.173810825339080655e-01
2.177000000000000046e+00 3.166942627321683856e-01
2.181999999999999940e+00 3.160105933871511508e-01
2.186999999999999833e+00 3.153313432294228558e-01
2.192000000000000171e+00 3.146551947966933493e-01
2.197000000000000064e+00 3.139821269119599245e-01
2.201999999999999957e+00 3.133134004055669330e-01
2.206999999999999851e+00 3.126477070379599654e-01
2.212000000000000188e+00 3.119863024437323218e-01
2.217000000000000082e+00 3.113278844631013897e-01
2.221999999999999975e+00 3.106730682573321523e-01
2.226999999999999869e+00 3.100211957627760917e-01
2.232000000000000206e+00 3.093735123376069596e-01
2.237000000000000099e+00 3.087293589728258292e-01
2.241999999999999993e+00 3.080887121955820374e-01
2.246999999999999886e+00 3.074509202492706206e-01
2.251999999999999780e+00 3.068172184150415038e-01
2.257000000000000117e+00 3.061869539989852673e-01
2.262000000000000011e+00 3.055601043577879650e-01
2.266999999999999904e+00 3.049366470498103276e-01
2.271999999999999797e+00 3.043165598328685939e-01
2.277000000000000135e+00 3.036998206620445950e-01
2.282000000000000028e+00 3.030864076875252611e-01
2.286999999999999922e+00 3.024769171661148004e-01
2.291999999999999815e+00 3.018700905107281063e-01
2.297000000000000153e+00 3.012671409908043163e-01
2.302000000000000046e+00 3.006674296209086439e-01
2.306999999999999940e+00 3.000709355138060364e-01
2.311999999999999833e+00 2.994782494746994761e-01
2.317000000000000171e+00 2.988881266974407480e-01
2.322000000000000064e+00 2.983017686067812591e-01
2.326999999999999957e+00 2.977185435421755288e-01
2.331999999999999851e+00 2.971384315276334176e-01
2.337000000000000188e+00 2.965620180216221313e-01
2.342000000000000082e+00 2.959886756673081876e-01
2.346999999999999975e+00 2.954183850191981486e-01
2.351999999999999869e+00 2.948511267989928908e-01
2.357000000000000206e+00 2.942868818938135234e-01
2.362000000000000099e+00 2.937262305190830869e-01
2.366999999999999993e+00 2.931685523190292186e-01
2.371999999999999886e+00 2.926138286836454938e-01
2.376999999999999780e+00 2.920626367386634503e-01
2.382000000000000117e+00 2.915137658498446749e-01
2.387000000000000011e+00 2.909683878591217687e-01
2.391999999999999904e+00 2.904258892194823694e-01
2.396999999999999797e+00 2.898868429871306884e-01
2.402000000000000135e+00 2.893500485839464176e-01
2.407000000000000028e+00 2.888166690884386711e-01
2.411999999999999922e+00 2.882860962705297014e-01
2.416999999999999815e+00 2.877583129196916722e-01
2.422000000000000153e+00 2.872333019693030232e-01
2.427000000000000046e+00 2.867110464951663773e-01
2.431999999999999940e+00 2.861921125707467817e-01
2.436999999999999833e+00 2.856758984478494634e-01
2.442000000000000171e+00 2.851623876364162147e-01
2.447000000000000064e+00 2.846509842814518021e-01
2.451999999999999957e+00 2.841428322756756608e-01
2.456999999999999851e+00 2.836379122101929107e-01
2.462000000000000188e+00 2.831350524541997871e-01
2.467000000000000082e+00 2.826348155799999762e-01
2.471999999999999975e+00 2.821371858962727353e-01
2.476999999999999869e+00 2.816421478401418543e-01
2.482000000000000206e+00 2.811496859758819689e-01
2.487000000000000099e+00 2.806603557718611586e-01
2.491999999999999993e+00 2.801729994182101113e-01
2.496999999999999886e+00 2.796881737043084293e-01
2.501999999999999780e+00 2.792052961021652679e-01
2.507000000000000117e+00 2.787254880230337628e-01
2.512000000000000011e+00 2.782481661210717272e-01
2.516999999999999904e+00 2.777727513748588506e-01
2.521999999999999797e+00 2.773003592422208508e-01
2.527000000000000135e+00 2.768298475251381729e-01
2.532000000000000028e+00 2.763612050837083167e-01
2.536999999999999922e+00 2.758955414813700213e-01
2.541999999999999815e+00 2.754317210470624278e-01
2.547000000000000153e+00 2.749702911944036376e-01
2.552000000000000046e+00 2.745112381131203927e-01
2.556999999999999940e+00 2.740539918553802079e-01
2.561999999999999833e+00 2.735990970848575232e-01
2.567000000000000171e+00 2.731459860614950386e-01
2.572000000000000064e+00 2.726952016280748126e-01
2.576999999999999957e+00 2.722461782318080226e-01
2.581999999999999851e+00 2.717994569076782607e-01
2.587000000000000188e+00 2.713550245521471616e-01
2.592000000000000082e+00 2.709123188613296040e-01
2.596999999999999975e+00 2.704713298621908568e-01
2.601999999999999869e+00 2.700320476583531470e-01
2.607000000000000206e+00 2.695950088161109814e-01
2.612000000000000099e+00 2.691602006978169870e-01
2.616999999999999993e+00 2.687265218369468411e-01
2.621999999999999886e+00 2.682950525412338139e-01
2.626999999999999780e+00 2.678652378853600968e-01
2.632000000000000117e+00 2.674376100448679350e-01
2.637000000000000011e+00 2.670110755050030815e-01
2.641999999999999904e+00 2.665867072514796488e-01
2.646999999999999797e+00 2.661639544720876271e-01
2.652000000000000135e+00 2.657428080295298756e-01
2.657000000000000028e+00 2.653232588552883464e-01
2.661999999999999922e+00 2.649052979489780468e-01
2.666999999999999815e+00 2.644889163777084939e-01
2.672000000000000153e+00 2.640741052754521645e-01
2.677000000000000046e+00 2.636608558424199944e-01
2.681999999999999940e+00 2.632491593444440947e-01
2.686999999999999833e+00 2.628390071123671290e-01
2.692000000000000171e+00 2.624303905414384630e-01
2.697000000000000064e+00 2.620233010907174198e-01
2.701999999999999957e+00 2.616172015869185352e-01
2.706999999999999851e+00 2.612126141041536398e-01
2.712000000000000188e+00 2.608095302794743997e-01
2.717000000000000082e+00 2.604079418114929045e-01
2.721999999999999975e+00 2.600078404598157866e-01
2.726999999999999869e+00 2.596086938019711576e-01
2.732000000000000206e+00 2.592110197223755907e-01
2.737000000000000099e+00 2.588148101506331233e-01
2.741999999999999993e+00 2.584195354673419764e-01
2.746999999999999886e+00 2.580257110709873736e-01
2.751999999999999780e+00 2.576328091904883100e-01
2.757000000000000117e+00 2.572413435766768841e-01
2.762000000000000011e+00 2.568513064294081216e-01
2.766999999999999904e+00 2.564621727289878583e-01
2.771999999999999797e+00 2.560739373601197411e-01
2.777000000000000135e+00 2.556871108083001443e-01
2.782000000000000028e+00 2.553016854774632916e-01
2.786999999999999922e+00 2.549171399643826996e-01
2.791999999999999815e+00 2.545334693204541754e-01
2.797000000000000153e+00 2.541511808045358034e-01
2.802000000000000046e+00 2.537697556879124350e-01
2.806999999999999940e+00 2.533891891392457962e-01
2.811999999999999833e+00 2.530099860176735493e-01
2.817000000000000171e+00 2.526316302414954862e-01
2.822000000000000064e+00 2.522541170934554100e-01
2.826999999999999957e+00 2.518779490534551191e-01
2.831999999999999851e+00 2.515026126598044476e-01
2.837000000000000188e+00 2.511281033062467416e-01
2.842000000000000082e+00 2.507544164204643100e-01
2.846999999999999975e+00 2.503815474637808847e-01
2.851999999999999869e+00 2.500099949895825957e-01
2.857000000000000206e+00 2.496392498399705451e-01
2.862000000000000099e+00 2.492693075824490012e-01
2.866999999999999993e+00 2.489001638169533182e-01
2.871999999999999886e+00 2.485318141755678278e-01
2.876999999999999780e+00 2.481642543222463415e-01
2.882000000000000117e+00 2.477979781673582960e-01
2.887000000000000011e+00 2.474319842087635002e-01
2.891999999999999904e+00 2.470672638396896326e-01
2.896999999999999797e+00 2.467028188162496416e-01
2.902000000000000135e+00 2.463396374055068783e-01
2.907000000000000028e+00 2.459767246027015908e-01
2.911999999999999922e+00 2.456150655656560711e-01
2.916999999999999815e+00 2.452536685098201108e-01
2.922000000000000153e+00 2.448930236158620433e-01
2.927000000000000046e+00 2.445336179547477062e-01
2.931999999999999940e+00 2.441744645377166012e-01
2.936999999999999833e+00 2.438160512750087439e-01
2.942000000000000171e+00 2.434583742206813117e-01
2.947000000000000064e+00 2.431009414585909856e-01
2.951999999999999957e+00 2.427447258667648211e-01
2.956999999999999851e+00 2.423892348119102425e-01
2.962000000000000188e+00 2.420339787677963928e-01
2.967000000000000082e+00 2.416794411486984651e-01
2.971999999999999975e+00 2.413256181683743062e-01
2.976999999999999869e+00 2.409720226647599217e-01
2.982000000000000206e+00 2.406191358258487900e-01
2.987000000000000099e+00 2.402669539392251474e-01
2.991999999999999993e+00 2.399154733187362498e-01
2.996999999999999886e+00 2.395642099266311886e-01
3.001999999999999780e+00 2.392136420088539217e-01
3.007000000000000117e+00 2.388632870745630854e-01
3.012000000000000011e+00 2.385141000342090589e-01
3.016999999999999904e+00 2.381646429333342529e-01
3.021999999999999797e+00 2.378158699736600823e-01
3.027000000000000135e+00 2.374677776290882725e-01
3.032000000000000028e+00 2.371198872439992389e-01
3.036999999999999922e+00 2.367726719732489715e-01
3.041999999999999815e+00 2.364256546806914050e-01
3.047000000000000153e+00 2.360788341387348166e-01
3.052000000000000046e+00 2.357326813404710952e-01
3.056999999999999940e+00 2.353867214128516350e-01
3.061999999999999833e+00 2.350409531734610202e-01
3.067000000000000171e+00 2.346958454669964556e-01
3.072000000000000064e+00 2.343509256676732933e-01
3.076999999999999957e+00 2.340061926371102830e-01
3.081999999999999851e+00 2.336616452499332142e-01
3.087000000000000188e+00 2.333172823936704721e-01
3.092000000000000082e+00 2.329731029686478994e-01
3.096999999999999975e+00 2.326295715561185196e-01
3.101999999999999869e+00 2.322857550258130566e-01
3.107000000000000206e+00 2.319421187048705257e-01
3.112000000000000099e+00 2.315986615437782559e-01
3.116999999999999993e+00 2.312549197064573681e-01
3.121999999999999886e+00 2.309118184795047879e-01
3.126999999999999780e+00 2.305684319639259017e-01
3.132000000000000117e+00 2.302247612937669552e-01
3.137000000000000011e+00 2.298812675568523978e-01
3.141999999999999904e+00 2.295379497679203851e-01
3.146999999999999797e+00 2.291943484224041039e-01
3.152000000000000135e+00 2.288504646801267362e-01
3.157000000000000028e+00 2.285062997059089940e-01
3.161999999999999922e+00 2.281623110801847265e-01
3.166999999999999815e+00 2.278175864512636817e-01
3.172000000000000153e+00 2.274730391171281840e-01
3.177000000000000046e+00 2.271277595551951523e-01
3.181999999999999940e+00 2.267822046607134989e-01
3.186999999999999833e+00 2.264363756276630835e-01
3.192000000000000171e+00 2.260898214613172030e-01
3.197000000000000064e+00 2.257429969589444529e-01
3.201999999999999957e+00 2.253954525331625935e-01
3.206999999999999851e+00 2.250471914918344973e-01
3.212000000000000188e+00 2.246982171437971187e-01
3.217000000000000082e+00 2.243485327988535838e-01
3.221999999999999975e+00 2.239976937717061689e-01
3.226999999999999869e+00 2.236466000643501650e-01
3.232000000000000206e+00 2.232939130959710750e-01
3.237000000000000099e+00 2.229405321704883425e-01
3.241999999999999993e+00 2.225860153976700062e-01
3.246999999999999886e+00 2.222303681847691004e-01
3.251999999999999780e+00 2.218735959390729928e-01
3.257000000000000117e+00 2.215152609613893764e-01
3.262000000000000011e+00 2.211558131633612201e-01
3.266999999999999904e+00 2.207948162447994078e-01
3.271999999999999797e+00 2.204318367051724958e-01
3.277000000000000135e+00 2.200673244618548130e-01
3.282000000000000028e+00 2.197012870265473428e-01
3.286999999999999922e+00 2.193332930106154932e-01
3.291999999999999815e+00 2.189633520382263665e-01
3.297000000000000153e+00 2.185910362457362532e-01
3.302000000000000046e+00 2.182167941740590089e-01
3.306999999999999940e+00 2.178401993869811260e-01
3.311999999999999833e+00 2.174608282870595377e-01
3.317000000000000171e+00 2.170791294535392713e-01
3.322000000000000064e+00 2.166946807402528874e-01
3.326999999999999957e+00 2.163074961031981325e-01
3.331999999999999851e+00 2.159175895198722217e-01
3.337000000000000188e+00 2.155241113839471423e-01
3.342000000000000082e+00 2.151270800347232504e-01
3.346999999999999975e+00 2.147269442167493159e-01
3.351999999999999869e+00 2.143232905532175270e-01
3.357000000000000206e+00 2.139157086108126604e-01
3.362000000000000099e+00 2.135042191000536826e-01
3.366999999999999993e+00 2.130884153552231874e-01
3.371999999999999886e+00 2.126683204242152403e-01
3.376999999999999780e+00 2.122439574351333014e-01
3.382000000000000117e+00 2.118144991698650836e-01
3.387000000000000011e+00 2.113799734101931005e-01
3.391999999999999904e+00 2.109404080613342947e-01
3.396999999999999797e+00 2.104954082013233696e-01
3.402000000000000135e+00 2.100445820823039489e-01
3.407000000000000028e+00 2.095879625939522095e-01
3.411999999999999922e+00 2.091247415140568000e-01
3.416999999999999815e+00 2.086553766179864988e-01
3.422000000000000153e+00 2.081794846198436744e-01
3.427000000000000046e+00 2.076962673133717352e-01
3.431999999999999940e+00 2.072057680819000824e-01
3.436999999999999833e+00 2.067071972504223587e-01
3.442000000000000171e+00 2.062010195483889030e-01
3.447000000000000064e+00 2.056864516639834994e-01
3.451999999999999957e+00 2.051631314619816460e-01
3.456999999999999851e+00 2.046307005732469209e-01
3.462000000000000188e+00 2.040888044738553009e-01
3.467000000000000082e+00 2.035375042479666274e-01
3.471999999999999975e+00 2.029756290880412317e-01
3.476999999999999869e+00 2.024028391093965762e-01
3.482000000000000206e+00 2.018192077402010121e-01
3.487000000000000099e+00 2.012244010217346668e-01
3.491999999999999993e+00 2.006172748859822719e-01
3.496999999999999886e+00 1.999975097805969104e-01
3.501999999999999780e+00 1.993647909017735587e-01
3.507000000000000117e+00 1.987188083106295189e-01
3.512000000000000011e+00 1.980588535605685430e-01
3.516999999999999904e+00 1.973838246888102721e-01
3.521999999999999797e+00 1.966942390761647896e-01
3.527000000000000135e+00 1.959886090810318560e-01
3.532000000000000028e+00 1.952666634032511617e-01
3.536999999999999922e+00 1.945277382950716671e-01
3.541999999999999815e+00 1.937711803988181047e-01
3.547000000000000153e+00 1.929967434126131087e-01
3.552000000000000046e+00 1.922030020151938301e-01
3.556999999999999940e+00 1.913897334812910689e-01
3.561999999999999833e+00 1.905559364955046742e-01
3.567000000000000171e+00 1.897014102241986189e-01
3.572000000000000064e+00 1.888243992367224233e-01
3.576999999999999957e+00 1.879251227852263562e-01
3.581999999999999851e+00 1.870026395068684621e-01
3.587000000000000188e+00 1.860556401122038239e-01
3.592000000000000082e+00 1.850832258738377145e-01
3.596999999999999975e+00 1.840852874824052132e-01
3.601999999999999869e+00 1.830601942387641290e-01
3.607000000000000206e+00 1.820074933073269063e-01
3.612000000000000099e+00 1.809259888314526388e-01
3.616999999999999993e+00 1.798152721528783471e-01
3.621999999999999886e+00 1.786734441510857418e-01
3.626999999999999780e+00 1.775005286851041586e-01
3.632000000000000117e+00 1.762950671887676402e-01
3.637000000000000011e+00 1.750563869853118681e-01
3.641999999999999904e+00 1.737831023486888227e-01
3.646999999999999797e+00 1.724742405871249051e-01
3.652000000000000135e+00 1.711292354865079357e-01
3.657000000000000028e+00 1.697468219995122984e-01
3.661999999999999922e+00 1.683261480846008629e-01
3.666999999999999815e+00 1.668660427775079391e-01
3.672000000000000153e+00 1.653653878683048473e-01
3.677000000000000046e+00 1.638238374389367480e-01
3.681999999999999940e+00 1.622396604527151232e-01
3.686999999999999833e+00 1.606126197751963913e-01
3.692000000000000171e+00 1.589414662160057723e-01
3.697000000000000064e+00 1.572253737110266558e-01
3.701999999999999957e+00 1.554635833193067640e-01
3.706999999999999851e+00 1.536554059341194156e-01
3.712000000000000188e+00 1.517998814742380354e-01
3.717000000000000082e+00 1.498968173103424617e-01
3.721999999999999975e+00 1.479450735529797833e-01
3.726999999999999869e+00 1.459446206056293771e-01
3.732000000000000206e+00 1.438945029455851454e-01
3.737000000000000099e+00 1.417951983311481201e-01
3.741999999999999993e+00 1.396456136885310395e-01
3.746999999999999886e+00 1.374460860176656141e-01
3.751999999999999780e+00 1.351967176492295530e-01
3.757000000000000117e+00 1.328973937966487218e-01
3.762000000000000011e+00 1.305487508798562346e-01
3.766999999999999904e+00 1.281505827484445414e-01
3.771999999999999797e+00 1.257040629358978645e-01
3.777000000000000135e+00 1.232098429170460641e-01
3.782000000000000028e+00 1.206689985399599235e-01
3.786999999999999922e+00 1.180821164827248887e-01
3.791999999999999815e+00 1.154511117003118037e-01
3.797000000000000153e+00 1.127774024432296879e-01
3.802000000000000046e+00 1.100628162324980702e-01
3.806999999999999940e+00 1.073090033722867570e-01
3.811999999999999833e+00 1.045183028530692754e-01
3.817000000000000171e+00 1.016934281378976540e-01
3.822000000000000064e+00 9.883662835817745573e-02
3.826999999999999957e+00 9.595107591318613460e-02
3.831999999999999851e+00 9.303974549953693274e-02
3.837000000000000188e+00 9.010621667946788760e-02
3.842000000000000082e+00 8.715360605571004227e-02
3.846999999999999975e+00 8.418586825123265671e-02
3.851999999999999869e+00 8.120723326313747381e-02
3.857000000000000206e+00 7.822169665207799605e-02
3.862000000000000099e+00 7.523351489710350393e-02
3.866999999999999993e+00 7.224741097780089383e-02
3.871999999999999886e+00 6.926783980438369626e-02
3.876999999999999780e+00 6.629945343180024264e-02
3.882000000000000117e+00 6.334750584372095261e-02
3.887000000000000011e+00 6.041671128459919632e-02
3.891999999999999904e+00 5.751211701299846490e-02
3.896999999999999797e+00 5.463864272712449371e-02
3.902000000000000135e+00 5.180146631851048622e-02
3.907000000000000028e+00 4.900558299986722960e-02
3.911999999999999922e+00 4.625561418949312997e-02
3.916999999999999815e+00 4.355690451841624788e-02
3.922000000000000153e+00 4.091364057757007622e-02
3.927000000000000046e+00 3.833083241114568912e-02
3.931999999999999940e+00 3.581251640787230794e-02
3.936999999999999833e+00 3.336311554679480262e-02
3.942000000000000171e+00 3.098641619662510782e-02
3.947000000000000064e+00 2.868620104451409525e-02
3.951999999999999957e+00 2.646590973504305347e-02
3.956999999999999851e+00 2.432863608561693786e-02
3.962000000000000188e+00 2.227725354809766481e-02
3.967000000000000082e+00 2.031426341327656135e-02
3.971999999999999975e+00 1.844179459490787043e-02
3.976999999999999869e+00 1.666171432010827430e-02
3.982000000000000206e+00 1.497560087078670180e-02
3.987000000000000099e+00 1.338461917989097402e-02
3.991999999999999993e+00 1.188952498205961099e-02
3.996999999999999886e+00 1.049075714950723284e-02
4.001999999999999780e+00 9.188660184550962590e-03
4.006999999999999673e+00 7.983001536523799332e-03
4.011999999999999567e+00 6.873292238247763995e-03
4.017000000000000348e+00 5.858847950044942382e-03
4.022000000000000242e+00 4.938612490016975991e-03
4.027000000000000135e+00 4.111347889667838103e-03
4.032000000000000028e+00 3.375483530728778502e-03
4.036999999999999922e+00 2.729310474804725033e-03
4.041999999999999815e+00 2.170867172448187176e-03
4.046999999999999709e+00 1.698011284092027168e-03
4.051999999999999602e+00 1.308499735346138658e-03
4.057000000000000384e+00 9.998617752910684327e-04
4.062000000000000277e+00 7.695325818583005455e-04
4.067000000000000171e+00 6.148452298230455085e-04
4.072000000000000064e+00 5.330949752484953662e-04
4.076999999999999957e+00 5.214118447345485316e-04
4.081999999999999851e+00 5.769648787596489380e-04
4.086999999999999744e+00 6.968407256740629437e-04
4.091999999999999638e+00 8.781151516192464051e-04
4.097000000000000419e+00 1.117880795901199896e-03
4.102000000000000313e+00 1.413168234189073318e-03
4.107000000000000206e+00 1.761130324425409788e-03
4.112000000000000099e+00 2.158911111115717225e-03
4.116999999999999993e+00 2.603607894391360422e-03
4.121999999999999886e+00 3.092469253440344266e-03
4.126999999999999780e+00 3.622798408819576706e-03
4.131999999999999673e+00 4.191924016512883593e-03
4.136999999999999567e+00 4.797220497382149833e-03
4.142000000000000348e+00 5.436178548769032663e-03
4.147000000000000242e+00 6.106405866261415544e-03
4.152000000000000135e+00 6.805420349521841550e-03
4.157000000000000028e+00 7.531055923862515177e-03
4.161999999999999922e+00 8.281061930436990626e-03
4.166999999999999815e+00 9.053345296267188702e-03
4.171999999999999709e+00 9.845777822066609231e-03
4.176999999999999602e+00 1.065654241023412593e-02
4.182000000000000384e+00 1.148375518222410213e-02
4.187000000000000277e+00 1.232563452443213338e-02
4.192000000000000171e+00 1.318051759338632195e-02
4.197000000000000064e+00 1.404667926409828432e-02
4.201999999999999957e+00 1.492272213877879859e-02
4.206999999999999851e+00 1.580709964980128723e-02
4.211999999999999744e+00 1.669851418760054731e-02
4.216999999999999638e+00 1.759572509288045289e-02
4.222000000000000419e+00 1.849732229150952492e-02
4.227000000000000313e+00 1.940227394500829497e-02
4.232000000000000206e+00 2.030949429052857774e-02
4.237000000000000099e+00 2.121794924680680747e-02
4.241999999999999993e+00 2.212653234956855550e-02
4.246999999999999886e+00 2.303467698188874785e-02
4.251999999999999780e+00 2.394112794799580293e-02
4.256999999999999673e+00 2.484542691550680957e-02
4.261999999999999567e+00 2.574665985470731347e-02
4.267000000000000348e+00 2.664408146257091561e-02
4.272000000000000242e+00 2.753726165178673260e-02
4.277000000000000135e+00 2.842555131533948745e-02
4.282000000000000028e+00 2.930820021895852098e-02
4.286999999999999922e+00 3.018491614409145318e-02
4.291999999999999815e+00 3.105502643401833809e-02
4.296999999999999709e+00 3.191832594988855409e-02
4.301999999999999602e+00 3.277421462490612281e-02
4.307000000000000384e+00 3.362226872096937824e-02
4.312000000000000277e+00 3.446240103741449179e-02
4.317000000000000171e+00 3.529410909928903245e-02
4.322000000000000064e+00 3.611722458431278898e-02
4.326999999999999957e+00 3.693130141522421583e-02
4.331999999999999851e+00 3.773623265804489785e-02
4.336999999999999744e+00 3.853194542225922559e-02
4.341999999999999638e+00 3.931791454114440254e-02
4.347000000000000419e+00 4.009411798836142599e-02
4.352000000000000313e+00 4.086056474216236828e-02
4.357000000000000206e+00 4.161696148466011852e-02
4.362000000000000099e+00 4.236303247282172113e-02
4.366999999999999993e+00 4.309902549290421658e-02
4.371999999999999886e+00 4.382454041851183146e-02
4.376999999999999780e+00 4.453970187947590281e-02
4.381999999999999673e+00 4.524431473144206045e-02
4.386999999999999567e+00 4.593837242517186809e-02
4.392000000000000348e+00 4.662188751495650874e-02
4.397000000000000242e+00 4.729471476356111176e-02
4.402000000000000135e+00 4.795689952406381046e-02
4.407000000000000028e+00 4.860832599741835014e-02
4.411999999999999922e+00 4.924907027134955290e-02
4.416999999999999815e+00 4.987922463915734489e-02
4.421999999999999709e+00 5.049871542148550579e-02
4.426999999999999602e+00 5.110747999317109130e-02
4.432000000000000384e+00 5.170564999187085564e-02
4.437000000000000277e+00 5.229300232197930248e-02
4.442000000000000171e+00 5.287006169300768194e-02
4.447000000000000064e+00 5.343625576966323787e-02
4.451999999999999957e+00 5.399213366830479116e-02
4.456999999999999851e+00 5.453751201933167148e-02
4.461999999999999744e+00 5.507240152559095964e-02
4.466999999999999638e+00 5.559682132947398048e-02
4.472000000000000419e+00 5.611098907251109436e-02
4.477000000000000313e+00 5.661475116526052537e-02
4.482000000000000206e+00 5.710853403434554970e-02
4.487000000000000099e+00 5.759181468053133079e-02
4.491999999999999993e+00 5.806522790849960591e-02
4.496999999999999886e+00 5.852845434185163787e-02
4.501999999999999780e+00 5.898175938103655813e-02
4.506999999999999673e+00 5.942502720056686005e-02
4.511999999999999567e+00 5.985853711866852278e-02
4.517000000000000348e+00 6.028218426476604497e-02
4.522000000000000242e+00 6.069606408255126540e-02
4.527000000000000135e+00 6.110047503564169230e-02
4.532000000000000028e+00 6.149512935830026700e-02
4.536999999999999922e+00 6.188013718418512721e-02
4.541999999999999815e+00 6.225581270122582805e-02
4.546999999999999709e+00 6.262207814204413803e-02
4.551999999999999602e+00 6.297905840870451910e-02
4.557000000000000384e+00 6.332688296654005733e-02
4.562000000000000277e+00 6.366528422371835194e-02
4.567000000000000171e+00 6.399480003481483603e-02
4.572000000000000064e+00 6.431516953406835047e-02
4.576999999999999957e+00 6.462673838887607325e-02
4.581999999999999851e+00 6.492925081199385495e-02
4.586999999999999744e+00 6.522285707240903230e-02
4.591999999999999638e+00 6.550791401047466322e-02
4.597000000000000419e+00 6.578417344533486755e-02
4.602000000000000313e+00 6.605179511577793927e-02
4.607000000000000206e+00 6.631094200519208059e-02
4.612000000000000099e+00 6.656157606929316572e-02
4.616999999999999993e+00 6.680386554143123712e-02
4.621999999999999886e+00 6.703777690429793545e-02
4.626999999999999780e+00 6.726348329513345825e-02
4.631999999999999673e+00 6.748095543793035389e-02
4.636999999999999567e+00 6.769016575277943260e-02
4.642000000000000348e+00 6.789149930663056220e-02
4.647000000000000242e+00 6.808472730951331542e-02
4.652000000000000135e+00 6.827003347221877183e-02
4.657000000000000028e+00 6.844760371380259611e-02
4.661999999999999922e+00 6.861721376595891764e-02
4.666999999999999815e+00 6.877925904166704019e-02
4.671999999999999709e+00 6.893351824484271473e-02
4.676999999999999602e+00 6.908018396335792455e-02
4.682000000000000384e+00 6.921945056874939661e-02
4.687000000000000277e+00 6.935110073775320461e-02
4.692000000000000171e+00 6.947533159494891086e-02
4.697000000000000064e+00 6.959234182166326721e-02
4.701999999999999957e+00 6.970191779952047972e-02
4.706999999999999851e+00 6.980446763198157323e-02
4.711999999999999744e+00 6.989978005878672018e-02
4.716999999999999638e+00 6.998805874302244101e-02
4.722000000000000419e+00 7.006930155202782673e-02
4.727000000000000313e+00 7.014371439536741526e-02
4.732000000000000206e+00 7.021109027615941856e-02
4.737000000000000099e+00 7.027163716196035970e-02
4.741999999999999993e+00 7.032535703640610536e-02
4.746999999999999886e+00 7.037266661695912306e-02
4.751999999999999780e+00 7.041315590463564922e-02
4.756999999999999673e+00 7.044703652942056749e-02
4.761999999999999567e+00 7.047431411837734583e-02
4.767000000000000348e+00 7.049540844498664027e-02
4.772000000000000242e+00 7.050991335558942641e-02
4.777000000000000135e+00 7.051824999982628239e-02
4.782000000000000028e+00 7.052022058148448014e-02
4.786999999999999922e+00 7.051624719348827119e-02
4.791999999999999815e+00 7.050592739166058887e-02
4.796999999999999709e+00 7.048968435868735449e-02
4.801999999999999602e+00 7.046732350184412019e-02
4.807000000000000384e+00 7.043906288560992934e-02
4.812000000000000277e+00 7.040512070541568579e-02
4.817000000000000171e+00 7.036509913518734782e-02
4.822000000000000064e+00 7.031962829403487492e-02
4.826999999999999957e+00 7.026831186725224221e-02
4.831999999999999851e+00 7.021157489629956117e-02
4.836999999999999744e+00 7.014922768982680135e-02
4.841999999999999638e+00 7.008149078653015673e-02
4.847000000000000419e+00 7.000838031108796988e-02
4.852000000000000313e+00 6.992991297233337733e-02
4.857000000000000206e+00 6.984610606024731216e-02
4.862000000000000099e+00 6.975738447815402199e-02
4.866999999999999993e+00 6.966335866620360084e-02
4.871999999999999886e+00 6.956445364950056276e-02
4.876999999999999780e+00 6.946068743151875835e-02
4.881999999999999673e+00 6.935207849635226240e-02
4.886999999999999567e+00 6.923844356592580296e-02
4.892000000000000348e+00 6.912040879920611225e-02
4.897000000000000242e+00 6.899758906819415671e-02
4.902000000000000135e+00 6.887020612733836533e-02
4.907000000000000028e+00 6.873848101699149560e-02
4.911999999999999922e+00 6.860223240552990043e-02
4.916999999999999815e+00 6.846188204380600217e-02
4.921999999999999709e+00 6.831724907025431281e-02
4.926999999999999602e+00 6.816835410356604508e-02
4.932000000000000384e+00 6.801561720229365449e-02
4.937000000000000277e+00 6.785885855815124157e-02
4.942000000000000171e+00 6.769829774131859434e-02
4.947000000000000064e+00 6.753395477311613382e-02
