Energy PhaseShift
3.960000000000000187e-01 8.469300000000000495e+00
3.985000000000000209e-01 1.151350000000000051e+01
4.010000000000000231e-01 1.264770000000000039e+01
4.035000000000000253e-01 1.293580000000000041e+01
4.060000000000000275e-01 1.276210000000000022e+01
4.084999999999999742e-01 1.231439999999999912e+01
4.109999999999999765e-01 1.169560000000000066e+01
4.134999999999999787e-01 1.096599999999999930e+01
4.159999999999999809e-01 1.016269999999999918e+01
4.184999999999999831e-01 9.309699999999999420e+00
4.209999999999999853e-01 8.422900000000000276e+00
4.234999999999999876e-01 7.513399999999999856e+00
4.259999999999999898e-01 6.588899999999999757e+00
4.284999999999999920e-01 5.655199999999999783e+00
4.309999999999999942e-01 4.716800000000000104e+00
4.334999999999999964e-01 3.776899999999999924e+00
4.359999999999999987e-01 2.838499999999999801e+00
4.385000000000000009e-01 1.903599999999999959e+00
4.410000000000000031e-01 9.745000000000000329e-01
4.435000000000000053e-01 5.269999999999999685e-02
4.460000000000000075e-01 -8.600999999999999757e-01
4.485000000000000098e-01 -1.762699999999999934e+00
4.510000000000000120e-01 -2.653700000000000170e+00
4.535000000000000142e-01 -3.532300000000000217e+00
4.560000000000000164e-01 -4.397499999999999964e+00
4.585000000000000187e-01 -5.248700000000000365e+00
4.610000000000000209e-01 -6.085499999999999687e+00
4.635000000000000231e-01 -6.907600000000000406e+00
4.660000000000000253e-01 -7.714999999999999858e+00
4.685000000000000275e-01 -8.507799999999999585e+00
4.709999999999999742e-01 -9.286099999999999355e+00
4.734999999999999765e-01 -1.005049999999999955e+01
4.759999999999999787e-01 -1.080129999999999946e+01
4.784999999999999809e-01 -1.153899999999999970e+01
4.809999999999999831e-01 -1.226430000000000042e+01
4.834999999999999853e-01 -1.297770000000000046e+01
4.859999999999999876e-01 -1.367989999999999995e+01
4.884999999999999898e-01 -1.437119999999999997e+01
4.909999999999999920e-01 -1.505230000000000068e+01
4.934999999999999942e-01 -1.572359999999999935e+01
4.959999999999999964e-01 -1.638550000000000040e+01
4.984999999999999987e-01 -1.703829999999999956e+01
5.010000000000000009e-01 -1.768230000000000146e+01
5.034999999999999476e-01 -1.831779999999999831e+01
5.060000000000000053e-01 -1.894500000000000028e+01
5.084999999999999520e-01 -1.956400000000000006e+01
5.110000000000000098e-01 -2.017500000000000071e+01
5.134999999999999565e-01 -2.077819999999999823e+01
5.160000000000000142e-01 -2.137369999999999948e+01
5.184999999999999609e-01 -2.196160000000000068e+01
5.210000000000000187e-01 -2.254220000000000113e+01
5.234999999999999654e-01 -2.311550000000000082e+01
5.260000000000000231e-01 -2.368179999999999907e+01
5.284999999999999698e-01 -2.424109999999999943e+01
5.310000000000000275e-01 -2.479380000000000095e+01
5.334999999999999742e-01 -2.533999999999999986e+01
5.360000000000000320e-01 -2.587999999999999901e+01
5.384999999999999787e-01 -2.641390000000000171e+01
5.410000000000000364e-01 -2.694200000000000017e+01
5.434999999999999831e-01 -2.746440000000000126e+01
5.460000000000000409e-01 -2.798140000000000072e+01
5.484999999999999876e-01 -2.849309999999999832e+01
5.510000000000000453e-01 -2.899980000000000047e+01
5.534999999999999920e-01 -2.950150000000000006e+01
5.560000000000000497e-01 -2.999830000000000041e+01
5.584999999999999964e-01 -3.049030000000000129e+01
5.610000000000000542e-01 -3.097769999999999868e+01
5.635000000000000009e-01 -3.146030000000000015e+01
5.659999999999999476e-01 -3.193830000000000169e+01
5.685000000000000053e-01 -3.241149999999999665e+01
5.709999999999999520e-01 -3.288000000000000256e+01
5.735000000000000098e-01 -3.334369999999999834e+01
5.759999999999999565e-01 -3.380239999999999867e+01
5.785000000000000142e-01 -3.425619999999999976e+01
5.809999999999999609e-01 -3.470479999999999876e+01
5.835000000000000187e-01 -3.514829999999999899e+01
5.859999999999999654e-01 -3.558650000000000091e+01
5.885000000000000231e-01 -3.601919999999999789e+01
5.909999999999999698e-01 -3.644650000000000034e+01
5.935000000000000275e-01 -3.686829999999999785e+01
5.959999999999999742e-01 -3.728439999999999799e+01
5.985000000000000320e-01 -3.769500000000000028e+01
6.009999999999999787e-01 -3.809980000000000189e+01
6.035000000000000364e-01 -3.849909999999999854e+01
6.059999999999999831e-01 -3.889280000000000115e+01
6.085000000000000409e-01 -3.928099999999999881e+01
6.109999999999999876e-01 -3.966380000000000194e+01
6.135000000000000453e-01 -4.004140000000000299e+01
6.159999999999999920e-01 -4.041369999999999862e+01
6.185000000000000497e-01 -4.078110000000000213e+01
6.209999999999999964e-01 -4.114379999999999882e+01
6.235000000000000542e-01 -4.150180000000000291e+01
6.260000000000000009e-01 -4.185549999999999926e+01
6.284999999999999476e-01 -4.220510000000000161e+01
6.310000000000000053e-01 -4.255089999999999861e+01
6.334999999999999520e-01 -4.289300000000000068e+01
6.360000000000000098e-01 -4.323179999999999978e+01
6.384999999999999565e-01 -4.356750000000000256e+01
6.410000000000000142e-01 -4.390030000000000143e+01
6.434999999999999609e-01 -4.423060000000000258e+01
6.460000000000000187e-01 -4.455839999999999890e+01
6.484999999999999654e-01 -4.488409999999999656e+01
6.510000000000000231e-01 -4.520779999999999887e+01
6.534999999999999698e-01 -4.552969999999999828e+01
6.560000000000000275e-01 -4.585009999999999764e+01
6.584999999999999742e-01 -4.616890000000000072e+01
6.610000000000000320e-01 -4.648649999999999949e+01
6.634999999999999787e-01 -4.680270000000000152e+01
6.660000000000000364e-01 -4.711780000000000257e+01
6.684999999999999831e-01 -4.743180000000000263e+01
6.710000000000000409e-01 -4.774470000000000169e+01
6.734999999999999876e-01 -4.805660000000000309e+01
6.760000000000000453e-01 -4.836730000000000018e+01
6.784999999999999920e-01 -4.867699999999999960e+01
6.810000000000000497e-01 -4.898550000000000182e+01
6.834999999999999964e-01 -4.929270000000000351e+01
6.860000000000000542e-01 -4.959870000000000090e+01
6.885000000000000009e-01 -4.990330000000000155e+01
6.909999999999999476e-01 -5.020640000000000214e+01
6.935000000000000053e-01 -5.050789999999999935e+01
6.959999999999999520e-01 -5.080769999999999698e+01
6.985000000000000098e-01 -5.110560000000000258e+01
7.009999999999999565e-01 -5.140169999999999817e+01
7.035000000000000142e-01 -5.169570000000000221e+01
7.059999999999999609e-01 -5.198749999999999716e+01
7.085000000000000187e-01 -5.227700000000000102e+01
7.109999999999999654e-01 -5.256410000000000338e+01
7.135000000000000231e-01 -5.284870000000000090e+01
7.159999999999999698e-01 -5.313080000000000069e+01
7.185000000000000275e-01 -5.341009999999999991e+01
7.209999999999999742e-01 -5.368679999999999808e+01
7.235000000000000320e-01 -5.396059999999999945e+01
7.259999999999999787e-01 -5.423149999999999693e+01
7.285000000000000364e-01 -5.449960000000000093e+01
7.309999999999999831e-01 -5.476480000000000103e+01
7.335000000000000409e-01 -5.502709999999999724e+01
7.359999999999999876e-01 -5.528649999999999665e+01
7.385000000000000453e-01 -5.554299999999999926e+01
7.409999999999999920e-01 -5.579670000000000130e+01
7.435000000000000497e-01 -5.604760000000000275e+01
7.459999999999999964e-01 -5.629579999999999984e+01
7.485000000000000542e-01 -5.654129999999999967e+01
7.510000000000000009e-01 -5.678439999999999799e+01
7.534999999999999476e-01 -5.702490000000000236e+01
7.560000000000000053e-01 -5.726310000000000144e+01
7.584999999999999520e-01 -5.749909999999999854e+01
7.610000000000000098e-01 -5.773299999999999699e+01
7.634999999999999565e-01 -5.796500000000000341e+01
7.660000000000000142e-01 -5.819509999999999650e+01
7.684999999999999609e-01 -5.842349999999999710e+01
7.710000000000000187e-01 -5.865030000000000143e+01
7.734999999999999654e-01 -5.887570000000000192e+01
7.760000000000000231e-01 -5.909989999999999810e+01
7.784999999999999698e-01 -5.932289999999999708e+01
7.810000000000000275e-01 -5.954489999999999839e+01
7.834999999999999742e-01 -5.976610000000000156e+01
7.860000000000000320e-01 -5.998649999999999949e+01
7.884999999999999787e-01 -6.020629999999999882e+01
7.910000000000000364e-01 -6.042549999999999955e+01
7.934999999999999831e-01 -6.064439999999999742e+01
7.960000000000000409e-01 -6.086290000000000333e+01
7.984999999999999876e-01 -6.108120000000000260e+01
8.010000000000000453e-01 -6.129930000000000234e+01
8.034999999999999920e-01 -6.151729999999999876e+01
8.060000000000000497e-01 -6.173530000000000229e+01
8.084999999999999964e-01 -6.195320000000000249e+01
8.110000000000000542e-01 -6.217119999999999891e+01
8.135000000000000009e-01 -6.238920000000000243e+01
8.159999999999999476e-01 -6.260730000000000217e+01
8.185000000000000053e-01 -6.282529999999999859e+01
8.209999999999999520e-01 -6.304339999999999833e+01
8.235000000000000098e-01 -6.326149999999999807e+01
8.259999999999999565e-01 -6.347950000000000159e+01
8.285000000000000142e-01 -6.369740000000000180e+01
8.309999999999999609e-01 -6.391519999999999868e+01
8.335000000000000187e-01 -6.413280000000000314e+01
8.359999999999999654e-01 -6.434999999999999432e+01
8.385000000000000231e-01 -6.456680000000000064e+01
8.409999999999999698e-01 -6.478319999999999368e+01
8.435000000000000275e-01 -6.499899999999999523e+01
8.459999999999999742e-01 -6.521410000000000196e+01
8.485000000000000320e-01 -6.542849999999999966e+01
8.509999999999999787e-01 -6.564199999999999591e+01
8.535000000000000364e-01 -6.585439999999999827e+01
8.559999999999999831e-01 -6.606579999999999586e+01
8.585000000000000409e-01 -6.627589999999999293e+01
8.609999999999999876e-01 -6.648460000000000036e+01
8.635000000000000453e-01 -6.669190000000000396e+01
8.659999999999999920e-01 -6.689759999999999707e+01
8.685000000000000497e-01 -6.710160000000000480e+01
8.709999999999999964e-01 -6.730379999999999541e+01
8.735000000000000542e-01 -6.750409999999999400e+01
8.760000000000000009e-01 -6.770229999999999393e+01
8.784999999999999476e-01 -6.789839999999999520e+01
8.810000000000000053e-01 -6.809229999999999450e+01
8.834999999999999520e-01 -6.828379999999999939e+01
8.860000000000000098e-01 -6.847289999999999566e+01
8.884999999999999565e-01 -6.865959999999999752e+01
8.910000000000000142e-01 -6.884369999999999834e+01
8.934999999999999609e-01 -6.902519999999999811e+01
8.960000000000000187e-01 -6.920399999999999352e+01
8.984999999999999654e-01 -6.937999999999999545e+01
9.010000000000000231e-01 -6.955329999999999302e+01
9.034999999999999698e-01 -6.972379999999999711e+01
9.060000000000000275e-01 -6.989149999999999352e+01
9.084999999999999742e-01 -7.005629999999999313e+01
9.110000000000000320e-01 -7.021829999999999927e+01
9.134999999999999787e-01 -7.037739999999999441e+01
9.160000000000000364e-01 -7.053369999999999607e+01
9.184999999999999831e-01 -7.068729999999999336e+01
9.210000000000000409e-01 -7.083799999999999386e+01
9.234999999999999876e-01 -7.098590000000000089e+01
9.260000000000000453e-01 -7.113120000000000687e+01
9.284999999999999920e-01 -7.127389999999999759e+01
9.310000000000000497e-01 -7.141400000000000148e+01
9.334999999999999964e-01 -7.155159999999999343e+01
9.360000000000000542e-01 -7.168670000000000186e+01
9.385000000000000009e-01 -7.181959999999999411e+01
9.409999999999999476e-01 -7.195019999999999527e+01
9.435000000000000053e-01 -7.207859999999999445e+01
9.459999999999999520e-01 -7.220499999999999829e+01
9.485000000000000098e-01 -7.232949999999999591e+01
9.509999999999999565e-01 -7.245210000000000150e+01
9.535000000000000142e-01 -7.257309999999999661e+01
9.559999999999999609e-01 -7.269240000000000634e+01
9.585000000000000187e-01 -7.281040000000000134e+01
9.609999999999999654e-01 -7.292690000000000339e+01
9.635000000000000231e-01 -7.304229999999999734e+01
9.659999999999999698e-01 -7.315649999999999409e+01
9.685000000000000275e-01 -7.326990000000000691e+01
9.709999999999999742e-01 -7.338240000000000407e+01
9.735000000000000320e-01 -7.349410000000000309e+01
9.759999999999999787e-01 -7.360540000000000305e+01
9.785000000000000364e-01 -7.371620000000000061e+01
9.809999999999999831e-01 -7.382659999999999911e+01
9.835000000000000409e-01 -7.393680000000000518e+01
9.859999999999999876e-01 -7.404689999999999372e+01
9.885000000000000453e-01 -7.415699999999999648e+01
9.909999999999999920e-01 -7.426730000000000587e+01
9.935000000000000497e-01 -7.437770000000000437e+01
9.959999999999999964e-01 -7.448850000000000193e+01
9.985000000000000542e-01 -7.459959999999999525e+01
1.000999999999999890e+00 -7.471129999999999427e+01
1.003500000000000059e+00 -7.482349999999999568e+01
1.006000000000000005e+00 -7.493640000000000612e+01
1.008499999999999952e+00 -7.504989999999999384e+01
1.010999999999999899e+00 -7.516419999999999391e+01
1.013500000000000068e+00 -7.527930000000000632e+01
1.016000000000000014e+00 -7.539520000000000266e+01
1.018499999999999961e+00 -7.551200000000000045e+01
1.020999999999999908e+00 -7.562980000000000302e+01
1.023500000000000076e+00 -7.574850000000000705e+01
1.026000000000000023e+00 -7.586809999999999832e+01
1.028499999999999970e+00 -7.598869999999999436e+01
1.030999999999999917e+00 -7.611029999999999518e+01
1.033500000000000085e+00 -7.623279999999999745e+01
1.036000000000000032e+00 -7.635639999999999361e+01
1.038499999999999979e+00 -7.648080000000000211e+01
1.040999999999999925e+00 -7.660620000000000118e+01
1.043500000000000094e+00 -7.673239999999999839e+01
1.046000000000000041e+00 -7.685960000000000036e+01
1.048499999999999988e+00 -7.698749999999999716e+01
1.050999999999999934e+00 -7.711620000000000630e+01
1.053500000000000103e+00 -7.724559999999999604e+01
1.056000000000000050e+00 -7.737569999999999482e+01
1.058499999999999996e+00 -7.750639999999999930e+01
1.060999999999999943e+00 -7.763769999999999527e+01
1.063499999999999890e+00 -7.776940000000000452e+01
1.066000000000000059e+00 -7.790160000000000196e+01
1.068500000000000005e+00 -7.803400000000000603e+01
1.070999999999999952e+00 -7.816679999999999495e+01
1.073499999999999899e+00 -7.829970000000000141e+01
1.076000000000000068e+00 -7.843269999999999698e+01
1.078500000000000014e+00 -7.856579999999999586e+01
1.080999999999999961e+00 -7.869880000000000564e+01
1.083499999999999908e+00 -7.883169999999999789e+01
1.086000000000000076e+00 -7.896420000000000528e+01
1.088500000000000023e+00 -7.909659999999999513e+01
1.090999999999999970e+00 -7.922839999999999350e+01
1.093499999999999917e+00 -7.935980000000000700e+01
1.096000000000000085e+00 -7.949060000000000059e+01
1.098500000000000032e+00 -7.962069999999999936e+01
1.100999999999999979e+00 -7.975010000000000332e+01
1.103499999999999925e+00 -7.987850000000000250e+01
1.106000000000000094e+00 -8.000610000000000355e+01
1.108500000000000041e+00 -8.013269999999999982e+01
1.110999999999999988e+00 -8.025820000000000221e+01
1.113499999999999934e+00 -8.038249999999999318e+01
1.116000000000000103e+00 -8.050560000000000116e+01
1.118500000000000050e+00 -8.062720000000000198e+01
1.120999999999999996e+00 -8.074760000000000559e+01
1.123499999999999943e+00 -8.086639999999999873e+01
1.125999999999999890e+00 -8.098369999999999891e+01
1.128500000000000059e+00 -8.109940000000000282e+01
1.131000000000000005e+00 -8.121349999999999625e+01
1.133499999999999952e+00 -8.132569999999999766e+01
1.135999999999999899e+00 -8.143630000000000280e+01
1.138500000000000068e+00 -8.154500000000000171e+01
1.141000000000000014e+00 -8.165189999999999770e+01
1.143499999999999961e+00 -8.175690000000000168e+01
1.145999999999999908e+00 -8.185980000000000700e+01
1.148500000000000076e+00 -8.196080000000000609e+01
1.151000000000000023e+00 -8.205979999999999563e+01
1.153499999999999970e+00 -8.215680000000000405e+01
1.155999999999999917e+00 -8.225180000000000291e+01
1.158500000000000085e+00 -8.234459999999999980e+01
1.161000000000000032e+00 -8.243529999999999802e+01
1.163499999999999979e+00 -8.252410000000000423e+01
1.165999999999999925e+00 -8.261060000000000514e+01
1.168500000000000094e+00 -8.269509999999999650e+01
1.171000000000000041e+00 -8.277750000000000341e+01
1.173499999999999988e+00 -8.285779999999999745e+01
1.175999999999999934e+00 -8.293609999999999616e+01
1.178500000000000103e+00 -8.301229999999999620e+01
1.181000000000000050e+00 -8.308650000000000091e+01
1.183499999999999996e+00 -8.315869999999999607e+01
1.185999999999999943e+00 -8.322899999999999920e+01
1.188499999999999890e+00 -8.329730000000000700e+01
1.191000000000000059e+00 -8.336379999999999768e+01
1.193500000000000005e+00 -8.342839999999999634e+01
1.195999999999999952e+00 -8.349110000000000298e+01
1.198499999999999899e+00 -8.355219999999999914e+01
1.201000000000000068e+00 -8.361159999999999570e+01
1.203500000000000014e+00 -8.366939999999999600e+01
1.205999999999999961e+00 -8.372560000000000002e+01
1.208499999999999908e+00 -8.378029999999999688e+01
1.211000000000000076e+00 -8.383350000000000080e+01
1.213500000000000023e+00 -8.388540000000000418e+01
1.215999999999999970e+00 -8.393600000000000705e+01
1.218499999999999917e+00 -8.398529999999999518e+01
1.221000000000000085e+00 -8.403350000000000364e+01
1.223500000000000032e+00 -8.408060000000000400e+01
1.225999999999999979e+00 -8.412669999999999959e+01
1.228499999999999925e+00 -8.417189999999999372e+01
1.231000000000000094e+00 -8.421620000000000061e+01
1.233500000000000041e+00 -8.425969999999999516e+01
1.235999999999999988e+00 -8.430259999999999820e+01
1.238499999999999934e+00 -8.434489999999999554e+01
1.241000000000000103e+00 -8.438660000000000139e+01
1.243500000000000050e+00 -8.442799999999999727e+01
1.245999999999999996e+00 -8.446890000000000498e+01
1.248499999999999943e+00 -8.450950000000000273e+01
1.250999999999999890e+00 -8.454999999999999716e+01
1.253500000000000059e+00 -8.459019999999999584e+01
1.256000000000000005e+00 -8.463049999999999784e+01
1.258499999999999952e+00 -8.467069999999999652e+01
1.260999999999999899e+00 -8.471110000000000184e+01
1.263500000000000068e+00 -8.475159999999999627e+01
1.266000000000000014e+00 -8.479240000000000066e+01
1.268499999999999961e+00 -8.483339999999999748e+01
1.270999999999999908e+00 -8.487479999999999336e+01
1.273500000000000076e+00 -8.491660000000000252e+01
1.276000000000000023e+00 -8.495889999999999986e+01
1.278499999999999970e+00 -8.500169999999999959e+01
1.280999999999999917e+00 -8.504510000000000502e+01
1.283500000000000085e+00 -8.508929999999999438e+01
1.286000000000000032e+00 -8.513400000000000034e+01
1.288499999999999979e+00 -8.517950000000000443e+01
1.290999999999999925e+00 -8.522570000000000334e+01
1.293500000000000094e+00 -8.527280000000000371e+01
1.296000000000000041e+00 -8.532080000000000553e+01
1.298499999999999988e+00 -8.536960000000000548e+01
1.300999999999999934e+00 -8.541930000000000689e+01
1.303500000000000103e+00 -8.546989999999999554e+01
1.306000000000000050e+00 -8.552150000000000318e+01
1.308499999999999996e+00 -8.557410000000000139e+01
1.310999999999999943e+00 -8.562760000000000105e+01
1.313499999999999890e+00 -8.568219999999999459e+01
1.316000000000000059e+00 -8.573770000000000380e+01
1.318500000000000005e+00 -8.579430000000000689e+01
1.320999999999999952e+00 -8.585190000000000055e+01
1.323499999999999899e+00 -8.591049999999999898e+01
1.326000000000000068e+00 -8.597010000000000218e+01
1.328500000000000014e+00 -8.603069999999999595e+01
1.330999999999999961e+00 -8.609220000000000539e+01
1.333499999999999908e+00 -8.615479999999999450e+01
1.336000000000000076e+00 -8.621819999999999595e+01
1.338500000000000023e+00 -8.628270000000000550e+01
1.340999999999999970e+00 -8.634810000000000230e+01
1.343499999999999917e+00 -8.641419999999999391e+01
1.346000000000000085e+00 -8.648120000000000118e+01
1.348500000000000032e+00 -8.654919999999999902e+01
1.350999999999999979e+00 -8.661780000000000257e+01
1.353499999999999925e+00 -8.668720000000000425e+01
1.356000000000000094e+00 -8.675730000000000075e+01
1.358500000000000041e+00 -8.682800000000000296e+01
1.360999999999999988e+00 -8.689950000000000330e+01
1.363499999999999934e+00 -8.697150000000000603e+01
1.366000000000000103e+00 -8.704399999999999693e+01
1.368500000000000050e+00 -8.711709999999999354e+01
1.370999999999999996e+00 -8.719050000000000011e+01
1.373499999999999943e+00 -8.726430000000000575e+01
1.375999999999999890e+00 -8.733859999999999957e+01
1.378500000000000059e+00 -8.741299999999999670e+01
1.381000000000000005e+00 -8.748770000000000380e+01
1.383499999999999952e+00 -8.756250000000000000e+01
1.385999999999999899e+00 -8.763750000000000284e+01
1.388500000000000068e+00 -8.771250000000000568e+01
1.391000000000000014e+00 -8.778740000000000521e+01
1.393499999999999961e+00 -8.786230000000000473e+01
1.395999999999999908e+00 -8.793710000000000093e+01
1.398500000000000076e+00 -8.801160000000000139e+01
1.401000000000000023e+00 -8.808589999999999520e+01
1.403499999999999970e+00 -8.815989999999999327e+01
1.405999999999999917e+00 -8.823350000000000648e+01
1.408500000000000085e+00 -8.830660000000000309e+01
1.411000000000000032e+00 -8.837909999999999400e+01
1.413499999999999979e+00 -8.845120000000000005e+01
1.415999999999999925e+00 -8.852249999999999375e+01
1.418500000000000094e+00 -8.859319999999999595e+01
1.421000000000000041e+00 -8.866299999999999670e+01
1.423499999999999988e+00 -8.873210000000000264e+01
1.425999999999999934e+00 -8.880010000000000048e+01
1.428500000000000103e+00 -8.886719999999999686e+01
1.431000000000000050e+00 -8.893340000000000600e+01
1.433499999999999996e+00 -8.899850000000000705e+01
1.435999999999999943e+00 -8.906229999999999336e+01
1.438499999999999890e+00 -8.912489999999999668e+01
1.441000000000000059e+00 -8.918640000000000612e+01
1.443500000000000005e+00 -8.924630000000000507e+01
1.445999999999999952e+00 -8.930500000000000682e+01
1.448499999999999899e+00 -8.936220000000000141e+01
1.451000000000000068e+00 -8.941779999999999973e+01
1.453500000000000014e+00 -8.947199999999999420e+01
1.455999999999999961e+00 -8.952450000000000330e+01
1.458499999999999908e+00 -8.957529999999999859e+01
1.461000000000000076e+00 -8.962439999999999429e+01
1.463500000000000023e+00 -8.967180000000000462e+01
1.465999999999999970e+00 -8.971729999999999450e+01
1.468499999999999917e+00 -8.976099999999999568e+01
1.471000000000000085e+00 -8.980280000000000484e+01
1.473500000000000032e+00 -8.984250000000000114e+01
1.475999999999999979e+00 -8.988039999999999452e+01
1.478499999999999925e+00 -8.991620000000000346e+01
1.481000000000000094e+00 -8.994989999999999952e+01
1.483500000000000041e+00 -8.998149999999999693e+01
1.485999999999999988e+00 8.998900000000000432e+01
1.488499999999999934e+00 8.996169999999999334e+01
1.491000000000000103e+00 8.993670000000000186e+01
1.493500000000000050e+00 8.991379999999999484e+01
1.495999999999999996e+00 8.989319999999999311e+01
1.498499999999999943e+00 8.987479999999999336e+01
1.500999999999999890e+00 8.985880000000000223e+01
1.503500000000000059e+00 8.984499999999999886e+01
1.506000000000000005e+00 8.983360000000000412e+01
1.508499999999999952e+00 8.982470000000000709e+01
1.510999999999999899e+00 8.981810000000000116e+01
1.513500000000000068e+00 8.981380000000000052e+01
1.516000000000000014e+00 8.981189999999999429e+01
1.518499999999999961e+00 8.981250000000000000e+01
1.520999999999999908e+00 8.981539999999999679e+01
1.523500000000000076e+00 8.982080000000000553e+01
1.526000000000000023e+00 8.982840000000000202e+01
1.528499999999999970e+00 8.983849999999999625e+01
1.530999999999999917e+00 8.985099999999999909e+01
1.533500000000000085e+00 8.986589999999999634e+01
1.536000000000000032e+00 8.988309999999999889e+01
1.538499999999999979e+00 8.990269999999999584e+01
1.540999999999999925e+00 8.992459999999999809e+01
1.543500000000000094e+00 8.994880000000000564e+01
1.546000000000000041e+00 8.997539999999999338e+01
1.548499999999999988e+00 -8.999580000000000268e+01
1.550999999999999934e+00 -8.996479999999999677e+01
1.553500000000000103e+00 -8.993139999999999645e+01
1.556000000000000050e+00 -8.989589999999999748e+01
1.558499999999999996e+00 -8.985829999999999984e+01
1.560999999999999943e+00 -8.981850000000000023e+01
1.563499999999999890e+00 -8.977660000000000196e+01
1.566000000000000059e+00 -8.973260000000000502e+01
1.568500000000000005e+00 -8.968670000000000186e+01
1.570999999999999952e+00 -8.963859999999999673e+01
1.573499999999999899e+00 -8.958880000000000621e+01
1.576000000000000068e+00 -8.953690000000000282e+01
1.578500000000000014e+00 -8.948319999999999652e+01
1.580999999999999961e+00 -8.942780000000000484e+01
1.583499999999999908e+00 -8.937050000000000693e+01
1.586000000000000076e+00 -8.931159999999999854e+01
1.588500000000000023e+00 -8.925100000000000477e+01
1.590999999999999970e+00 -8.918869999999999720e+01
1.593499999999999917e+00 -8.912489999999999668e+01
1.596000000000000085e+00 -8.905960000000000321e+01
1.598500000000000032e+00 -8.899280000000000257e+01
1.600999999999999979e+00 -8.892459999999999809e+01
1.603499999999999925e+00 -8.885500000000000398e+01
1.606000000000000094e+00 -8.878419999999999845e+01
1.608500000000000041e+00 -8.871219999999999573e+01
1.610999999999999988e+00 -8.863899999999999579e+01
1.613499999999999934e+00 -8.856449999999999534e+01
1.616000000000000103e+00 -8.848909999999999343e+01
1.618500000000000050e+00 -8.841259999999999764e+01
1.620999999999999996e+00 -8.833499999999999375e+01
1.623499999999999943e+00 -8.825669999999999504e+01
1.625999999999999890e+00 -8.817759999999999820e+01
1.628500000000000059e+00 -8.809749999999999659e+01
1.631000000000000005e+00 -8.801680000000000348e+01
1.633499999999999952e+00 -8.793529999999999802e+01
1.635999999999999899e+00 -8.785309999999999775e+01
1.638500000000000068e+00 -8.777039999999999509e+01
1.641000000000000014e+00 -8.768720000000000425e+01
1.643499999999999961e+00 -8.760330000000000439e+01
1.645999999999999908e+00 -8.751900000000000546e+01
1.648500000000000076e+00 -8.743429999999999325e+01
1.651000000000000023e+00 -8.734919999999999618e+01
1.653499999999999970e+00 -8.726370000000000005e+01
1.655999999999999917e+00 -8.717799999999999727e+01
1.658500000000000085e+00 -8.709189999999999543e+01
1.661000000000000032e+00 -8.700570000000000448e+01
1.663499999999999979e+00 -8.691920000000000357e+01
1.665999999999999925e+00 -8.683270000000000266e+01
1.668500000000000094e+00 -8.674580000000000268e+01
1.671000000000000041e+00 -8.665890000000000271e+01
1.673499999999999988e+00 -8.657189999999999941e+01
1.675999999999999934e+00 -8.648480000000000700e+01
1.678500000000000103e+00 -8.639770000000000039e+01
1.681000000000000050e+00 -8.631050000000000466e+01
1.683499999999999996e+00 -8.622329999999999472e+01
1.685999999999999943e+00 -8.613599999999999568e+01
1.688499999999999890e+00 -8.604869999999999663e+01
1.691000000000000059e+00 -8.596139999999999759e+01
1.693500000000000005e+00 -8.587409999999999854e+01
1.695999999999999952e+00 -8.578679999999999950e+01
1.698499999999999899e+00 -8.569950000000000045e+01
1.701000000000000068e+00 -8.561199999999999477e+01
1.703500000000000014e+00 -8.552439999999999998e+01
1.705999999999999961e+00 -8.543710000000000093e+01
1.708499999999999908e+00 -8.534959999999999525e+01
1.711000000000000076e+00 -8.526200000000000045e+01
1.713500000000000023e+00 -8.517430000000000234e+01
1.715999999999999970e+00 -8.508629999999999427e+01
1.718499999999999917e+00 -8.499830000000000041e+01
1.721000000000000085e+00 -8.490999999999999659e+01
1.723500000000000032e+00 -8.482150000000000034e+01
1.725999999999999979e+00 -8.473279999999999745e+01
1.728499999999999925e+00 -8.464369999999999550e+01
1.731000000000000094e+00 -8.455419999999999447e+01
1.733500000000000041e+00 -8.446439999999999770e+01
1.735999999999999988e+00 -8.437430000000000518e+01
1.738499999999999934e+00 -8.428350000000000364e+01
1.741000000000000103e+00 -8.419209999999999638e+01
1.743500000000000050e+00 -8.410009999999999764e+01
1.745999999999999996e+00 -8.400749999999999318e+01
1.748499999999999943e+00 -8.391400000000000148e+01
1.750999999999999890e+00 -8.381969999999999743e+01
1.753500000000000059e+00 -8.372459999999999525e+01
1.756000000000000005e+00 -8.362850000000000250e+01
1.758499999999999952e+00 -8.353149999999999409e+01
1.760999999999999899e+00 -8.343330000000000268e+01
1.763500000000000068e+00 -8.333389999999999986e+01
1.766000000000000014e+00 -8.323319999999999652e+01
1.768499999999999961e+00 -8.313120000000000687e+01
1.770999999999999908e+00 -8.302729999999999677e+01
1.773500000000000076e+00 -8.292239999999999611e+01
1.776000000000000023e+00 -8.281560000000000343e+01
1.778499999999999970e+00 -8.270699999999999363e+01
1.780999999999999917e+00 -8.259669999999999845e+01
1.783500000000000085e+00 -8.248449999999999704e+01
1.786000000000000032e+00 -8.237019999999999698e+01
1.788499999999999979e+00 -8.225369999999999493e+01
1.790999999999999925e+00 -8.213500000000000512e+01
1.793500000000000094e+00 -8.201399999999999579e+01
1.796000000000000041e+00 -8.189039999999999964e+01
1.798499999999999988e+00 -8.176439999999999486e+01
1.800999999999999934e+00 -8.163540000000000418e+01
1.803500000000000103e+00 -8.150390000000000157e+01
1.806000000000000050e+00 -8.136939999999999884e+01
1.808499999999999996e+00 -8.123180000000000689e+01
1.810999999999999943e+00 -8.109130000000000393e+01
1.813499999999999890e+00 -8.094740000000000180e+01
1.816000000000000059e+00 -8.080020000000000380e+01
1.818500000000000005e+00 -8.064950000000000330e+01
1.820999999999999952e+00 -8.049530000000000030e+01
1.823499999999999899e+00 -8.033740000000000236e+01
1.826000000000000068e+00 -8.017570000000000618e+01
1.828500000000000014e+00 -8.001019999999999754e+01
1.830999999999999961e+00 -7.984080000000000155e+01
1.833499999999999908e+00 -7.966740000000000066e+01
1.836000000000000076e+00 -7.948969999999999914e+01
1.838500000000000023e+00 -7.930809999999999604e+01
1.840999999999999970e+00 -7.912189999999999657e+01
1.843499999999999917e+00 -7.893149999999999977e+01
1.846000000000000085e+00 -7.873699999999999477e+01
1.848500000000000032e+00 -7.853780000000000427e+01
1.850999999999999979e+00 -7.833429999999999893e+01
1.853499999999999925e+00 -7.812619999999999720e+01
1.856000000000000094e+00 -7.791379999999999484e+01
1.858500000000000041e+00 -7.769689999999999941e+01
1.860999999999999988e+00 -7.747539999999999338e+01
1.863499999999999934e+00 -7.724960000000000093e+01
1.866000000000000103e+00 -7.701949999999999363e+01
1.868500000000000050e+00 -7.678489999999999327e+01
1.870999999999999996e+00 -7.654630000000000223e+01
1.873499999999999943e+00 -7.630360000000000298e+01
1.875999999999999890e+00 -7.605679999999999552e+01
1.878500000000000059e+00 -7.580629999999999313e+01
1.881000000000000005e+00 -7.555249999999999488e+01
1.883499999999999952e+00 -7.529460000000000264e+01
1.885999999999999899e+00 -7.503379999999999939e+01
1.888500000000000068e+00 -7.476999999999999602e+01
1.891000000000000014e+00 -7.450350000000000250e+01
1.893499999999999961e+00 -7.423460000000000036e+01
1.895999999999999908e+00 -7.396359999999999957e+01
1.898500000000000076e+00 -7.369129999999999825e+01
1.901000000000000023e+00 -7.341719999999999402e+01
1.903499999999999970e+00 -7.314239999999999498e+01
1.905999999999999917e+00 -7.286740000000000350e+01
1.908500000000000085e+00 -7.259220000000000539e+01
1.911000000000000032e+00 -7.231740000000000634e+01
1.913499999999999979e+00 -7.204410000000000025e+01
1.915999999999999925e+00 -7.177219999999999800e+01
1.918500000000000094e+00 -7.150270000000000437e+01
1.921000000000000041e+00 -7.123600000000000421e+01
1.923499999999999988e+00 -7.097289999999999566e+01
1.925999999999999934e+00 -7.071410000000000196e+01
1.928500000000000103e+00 -7.046020000000000039e+01
1.931000000000000050e+00 -7.021160000000000423e+01
1.933499999999999996e+00 -6.996980000000000643e+01
1.935999999999999943e+00 -6.973520000000000607e+01
1.938499999999999890e+00 -6.950860000000000127e+01
1.941000000000000059e+00 -6.929089999999999350e+01
1.943500000000000005e+00 -6.908289999999999509e+01
1.945999999999999952e+00 -6.888569999999999993e+01
1.948499999999999899e+00 -6.870019999999999527e+01
1.951000000000000068e+00 -6.852700000000000102e+01
1.953500000000000014e+00 -6.836750000000000682e+01
1.955999999999999961e+00 -6.822259999999999991e+01
1.958499999999999908e+00 -6.809380000000000166e+01
1.961000000000000076e+00 -6.798149999999999693e+01
1.963500000000000023e+00 -6.788720000000000709e+01
1.965999999999999970e+00 -6.781220000000000425e+01
1.968499999999999917e+00 -6.775790000000000646e+01
1.971000000000000085e+00 -6.772589999999999577e+01
1.973500000000000032e+00 -6.771720000000000539e+01
1.975999999999999979e+00 -6.773380000000000223e+01
1.978499999999999925e+00 -6.777679999999999438e+01
1.981000000000000094e+00 -6.784850000000000136e+01
1.983500000000000041e+00 -6.795069999999999766e+01
1.985999999999999988e+00 -6.808559999999999945e+01
1.988499999999999934e+00 -6.825499999999999545e+01
1.991000000000000103e+00 -6.846200000000000330e+01
1.993500000000000050e+00 -6.870900000000000318e+01
1.995999999999999996e+00 -6.899850000000000705e+01
1.998499999999999943e+00 -6.933360000000000412e+01
2.000999999999999890e+00 -6.971760000000000446e+01
2.003499999999999837e+00 -7.015430000000000632e+01
2.005999999999999783e+00 -7.064690000000000225e+01
2.008500000000000174e+00 -7.119929999999999382e+01
2.011000000000000121e+00 -7.181680000000000064e+01
2.013500000000000068e+00 -7.250149999999999295e+01
2.016000000000000014e+00 -7.325860000000000127e+01
2.018499999999999961e+00 -7.409260000000000446e+01
2.020999999999999908e+00 -7.500700000000000500e+01
2.023499999999999854e+00 -7.600379999999999825e+01
2.025999999999999801e+00 -7.708689999999999998e+01
2.028500000000000192e+00 -7.825700000000000500e+01
2.031000000000000139e+00 -7.951399999999999579e+01
2.033500000000000085e+00 -8.085630000000000450e+01
2.036000000000000032e+00 -8.227880000000000393e+01
2.038499999999999979e+00 -8.377500000000000568e+01
2.040999999999999925e+00 -8.533629999999999427e+01
2.043499999999999872e+00 -8.694870000000000232e+01
2.045999999999999819e+00 -8.859999999999999432e+01
2.048500000000000210e+00 8.972700000000000387e+01
2.051000000000000156e+00 8.804989999999999384e+01
2.053500000000000103e+00 8.638420000000000698e+01
2.056000000000000050e+00 8.474779999999999802e+01
2.058499999999999996e+00 8.315439999999999543e+01
2.060999999999999943e+00 8.161920000000000641e+01
2.063499999999999890e+00 8.014939999999999998e+01
2.065999999999999837e+00 7.875509999999999877e+01
2.068499999999999783e+00 7.743970000000000198e+01
2.071000000000000174e+00 7.620589999999999975e+01
2.073500000000000121e+00 7.505570000000000164e+01
2.076000000000000068e+00 7.398730000000000473e+01
2.078500000000000014e+00 7.299809999999999377e+01
2.080999999999999961e+00 7.208490000000000464e+01
2.083499999999999908e+00 7.124550000000000693e+01
2.085999999999999854e+00 7.047509999999999764e+01
2.088499999999999801e+00 6.976909999999999457e+01
2.091000000000000192e+00 6.912409999999999854e+01
2.093500000000000139e+00 6.853600000000000136e+01
2.096000000000000085e+00 6.800020000000000664e+01
2.098500000000000032e+00 6.751359999999999673e+01
2.100999999999999979e+00 6.707240000000000180e+01
2.103499999999999925e+00 6.667359999999999332e+01
2.105999999999999872e+00 6.631340000000000146e+01
2.108499999999999819e+00 6.599020000000000152e+01
2.111000000000000210e+00 6.570029999999999859e+01
2.113500000000000156e+00 6.544190000000000396e+01
2.116000000000000103e+00 6.521290000000000475e+01
2.118500000000000050e+00 6.501090000000000657e+01
2.120999999999999996e+00 6.483419999999999561e+01
2.123499999999999943e+00 6.468129999999999313e+01
2.125999999999999890e+00 6.455020000000000380e+01
2.128499999999999837e+00 6.443989999999999441e+01
2.130999999999999783e+00 6.434890000000000043e+01
2.133500000000000174e+00 6.427649999999999864e+01
2.136000000000000121e+00 6.422100000000000364e+01
2.138500000000000068e+00 6.418139999999999645e+01
2.141000000000000014e+00 6.415699999999999648e+01
2.143499999999999961e+00 6.414690000000000225e+01
2.145999999999999908e+00 6.415030000000000143e+01
2.148499999999999854e+00 6.416639999999999588e+01
2.150999999999999801e+00 6.419440000000000168e+01
2.153500000000000192e+00 6.423369999999999891e+01
2.156000000000000139e+00 6.428400000000000603e+01
2.158500000000000085e+00 6.434449999999999648e+01
2.161000000000000032e+00 6.441469999999999629e+01
2.163499999999999979e+00 6.449410000000000309e+01
2.165999999999999925e+00 6.458209999999999695e+01
2.168499999999999872e+00 6.467870000000000630e+01
2.170999999999999819e+00 6.478279999999999461e+01
2.173500000000000210e+00 6.489490000000000691e+01
2.176000000000000156e+00 6.501359999999999673e+01
2.178500000000000103e+00 6.513979999999999393e+01
2.181000000000000050e+00 6.527179999999999893e+01
2.183499999999999996e+00 6.540999999999999659e+01
2.185999999999999943e+00 6.555429999999999779e+01
2.188499999999999890e+00 6.570380000000000109e+01
2.190999999999999837e+00 6.585909999999999798e+01
2.193499999999999783e+00 6.601909999999999457e+01
2.196000000000000174e+00 6.618399999999999750e+01
2.198500000000000121e+00 6.635339999999999350e+01
2.201000000000000068e+00 6.652710000000000434e+01
2.203500000000000014e+00 6.670480000000000587e+01
2.205999999999999961e+00 6.688649999999999807e+01
2.208499999999999908e+00 6.707179999999999609e+01
2.210999999999999854e+00 6.726059999999999661e+01
2.213499999999999801e+00 6.745300000000000296e+01
2.216000000000000192e+00 6.764799999999999613e+01
2.218500000000000139e+00 6.784629999999999939e+01
2.221000000000000085e+00 6.804720000000000368e+01
2.223500000000000032e+00 6.825050000000000239e+01
2.225999999999999979e+00 6.845629999999999882e+01
2.228499999999999925e+00 6.866459999999999297e+01
2.230999999999999872e+00 6.887510000000000332e+01
2.233499999999999819e+00 6.908729999999999905e+01
2.236000000000000210e+00 6.930150000000000432e+01
2.238500000000000156e+00 6.951749999999999829e+01
2.241000000000000103e+00 6.973449999999999704e+01
2.243500000000000050e+00 6.995329999999999870e+01
2.245999999999999996e+00 7.017379999999999995e+01
2.248499999999999943e+00 7.039520000000000266e+01
2.250999999999999890e+00 7.061790000000000589e+01
2.253499999999999837e+00 7.084109999999999729e+01
2.255999999999999783e+00 7.106560000000000343e+01
2.258500000000000174e+00 7.129080000000000439e+01
2.261000000000000121e+00 7.151670000000000016e+01
2.263500000000000068e+00 7.174320000000000164e+01
2.266000000000000014e+00 7.197020000000000550e+01
2.268499999999999961e+00 7.219750000000000512e+01
2.270999999999999908e+00 7.242520000000000380e+01
2.273499999999999854e+00 7.265319999999999823e+01
2.275999999999999801e+00 7.288110000000000355e+01
2.278500000000000192e+00 7.310939999999999372e+01
2.281000000000000139e+00 7.333750000000000568e+01
2.283500000000000085e+00 7.356579999999999586e+01
2.286000000000000032e+00 7.379399999999999693e+01
2.288499999999999979e+00 7.402200000000000557e+01
2.290999999999999925e+00 7.424960000000000093e+01
2.293499999999999872e+00 7.447729999999999961e+01
2.295999999999999819e+00 7.470430000000000348e+01
2.298500000000000210e+00 7.493099999999999739e+01
2.301000000000000156e+00 7.515760000000000218e+01
2.303500000000000103e+00 7.538339999999999463e+01
2.306000000000000050e+00 7.560890000000000555e+01
2.308499999999999996e+00 7.583379999999999654e+01
2.310999999999999943e+00 7.605800000000000693e+01
2.313499999999999890e+00 7.628180000000000405e+01
2.315999999999999837e+00 7.650490000000000634e+01
2.318499999999999783e+00 7.672750000000000625e+01
2.321000000000000174e+00 7.694939999999999714e+01
2.323500000000000121e+00 7.717050000000000409e+01
2.326000000000000068e+00 7.739090000000000202e+01
2.328500000000000014e+00 7.761090000000000089e+01
2.330999999999999961e+00 7.782980000000000587e+01
2.333499999999999908e+00 7.804810000000000514e+01
2.335999999999999854e+00 7.826569999999999538e+01
2.338499999999999801e+00 7.848269999999999413e+01
2.341000000000000192e+00 7.869889999999999475e+01
2.343500000000000139e+00 7.891429999999999723e+01
2.346000000000000085e+00 7.912900000000000489e+01
2.348500000000000032e+00 7.934310000000000684e+01
2.350999999999999979e+00 7.955649999999999977e+01
2.353499999999999925e+00 7.976919999999999789e+01
2.355999999999999872e+00 7.998120000000000118e+01
2.358499999999999819e+00 8.019259999999999877e+01
2.361000000000000210e+00 8.040319999999999823e+01
2.363500000000000156e+00 8.061320000000000618e+01
2.366000000000000103e+00 8.082280000000000086e+01
2.368500000000000050e+00 8.103180000000000405e+01
2.370999999999999996e+00 8.123999999999999488e+01
2.373499999999999943e+00 8.144809999999999661e+01
2.375999999999999890e+00 8.165560000000000684e+01
2.378499999999999837e+00 8.186249999999999716e+01
2.380999999999999783e+00 8.206929999999999836e+01
2.383500000000000174e+00 8.227549999999999386e+01
2.386000000000000121e+00 8.248149999999999693e+01
2.388500000000000068e+00 8.268739999999999668e+01
2.391000000000000014e+00 8.289260000000000161e+01
2.393499999999999961e+00 8.309789999999999566e+01
2.395999999999999908e+00 8.330289999999999395e+01
2.398499999999999854e+00 8.350809999999999889e+01
2.400999999999999801e+00 8.371299999999999386e+01
2.403500000000000192e+00 8.391800000000000637e+01
2.406000000000000139e+00 8.412330000000000041e+01
2.408500000000000085e+00 8.432840000000000202e+01
2.411000000000000032e+00 8.453369999999999607e+01
2.413499999999999979e+00 8.473930000000000007e+01
2.415999999999999925e+00 8.494509999999999650e+01
2.418499999999999872e+00 8.515160000000000196e+01
2.420999999999999819e+00 8.535829999999999984e+01
2.423500000000000210e+00 8.556550000000000011e+01
2.426000000000000156e+00 8.577330000000000609e+01
2.428500000000000103e+00 8.598170000000000357e+01
2.431000000000000050e+00 8.619070000000000675e+01
2.433499999999999996e+00 8.640080000000000382e+01
2.435999999999999943e+00 8.661140000000000327e+01
2.438499999999999890e+00 8.682319999999999993e+01
2.440999999999999837e+00 8.703579999999999472e+01
2.443499999999999783e+00 8.724949999999999761e+01
2.446000000000000174e+00 8.746429999999999438e+01
2.448500000000000121e+00 8.768040000000000589e+01
2.451000000000000068e+00 8.789790000000000703e+01
2.453500000000000014e+00 8.811669999999999447e+01
2.455999999999999961e+00 8.833700000000000330e+01
2.458499999999999908e+00 8.855899999999999750e+01
2.460999999999999854e+00 8.878220000000000312e+01
2.463499999999999801e+00 8.900719999999999743e+01
2.466000000000000192e+00 8.923439999999999372e+01
2.468500000000000139e+00 8.946339999999999293e+01
2.471000000000000085e+00 8.969400000000000261e+01
2.473500000000000032e+00 8.992709999999999582e+01
