3.960000000000000187e-01 8.609029999999999916e+01
3.977100000000000080e-01 8.711289999999999623e+01
4.027100000000000124e-01 8.729680000000000462e+01
4.077100000000000168e-01 8.713309999999999889e+01
4.127100000000000213e-01 8.678610000000000468e+01
4.177100000000000257e-01 8.633230000000000359e+01
4.227099999999999747e-01 8.581289999999999907e+01
4.277099999999999791e-01 8.525239999999999441e+01
4.327099999999999835e-01 8.466589999999999350e+01
4.377099999999999880e-01 8.406380000000000052e+01
4.427099999999999924e-01 8.345269999999999300e+01
4.477099999999999969e-01 8.283759999999999479e+01
4.527100000000000013e-01 8.222159999999999513e+01
4.577100000000000057e-01 8.160720000000000596e+01
4.627100000000000102e-01 8.099620000000000175e+01
4.677100000000000146e-01 8.038979999999999393e+01
4.727100000000000191e-01 7.978879999999999484e+01
4.777099999999999680e-01 7.919410000000000593e+01
4.827099999999999724e-01 7.860590000000000543e+01
4.877099999999999769e-01 7.802469999999999573e+01
4.927099999999999813e-01 7.745059999999999434e+01
4.977099999999999858e-01 7.688379999999999370e+01
5.027099999999999902e-01 7.632429999999999382e+01
5.077099999999999946e-01 7.577219999999999800e+01
5.127099999999999991e-01 7.522740000000000293e+01
5.177100000000000035e-01 7.468980000000000530e+01
5.227100000000000080e-01 7.415949999999999420e+01
5.277100000000000124e-01 7.363620000000000232e+01
5.327100000000000168e-01 7.312000000000000455e+01
5.377100000000000213e-01 7.261060000000000514e+01
5.427100000000000257e-01 7.210809999999999320e+01
5.477099999999999191e-01 7.161209999999999809e+01
5.527100000000000346e-01 7.112279999999999802e+01
5.577099999999999280e-01 7.063979999999999393e+01
5.627099999999999325e-01 7.016310000000000002e+01
5.677099999999999369e-01 6.969259999999999877e+01
5.727099999999999413e-01 6.922809999999999775e+01
5.777099999999999458e-01 6.876949999999999363e+01
5.827099999999999502e-01 6.831659999999999400e+01
5.877099999999999547e-01 6.786950000000000216e+01
5.927099999999999591e-01 6.742789999999999395e+01
5.977099999999999635e-01 6.699169999999999447e+01
6.027099999999999680e-01 6.656080000000000041e+01
6.077099999999999724e-01 6.613509999999999422e+01
6.127099999999999769e-01 6.571450000000000102e+01
6.177099999999999813e-01 6.529890000000000327e+01
6.227099999999999858e-01 6.488809999999999434e+01
6.277099999999999902e-01 6.448220000000000596e+01
6.327099999999999946e-01 6.408089999999999975e+01
6.377099999999999991e-01 6.368419999999999703e+01
6.427100000000000035e-01 6.329200000000000159e+01
6.477100000000000080e-01 6.290420000000000300e+01
6.527099999999999014e-01 6.252069999999999794e+01
6.577100000000000168e-01 6.214139999999999731e+01
6.627099999999999103e-01 6.176630000000000109e+01
6.677100000000000257e-01 6.139520000000000266e+01
6.727099999999999191e-01 6.102810000000000201e+01
6.777100000000000346e-01 6.066479999999999961e+01
6.827099999999999280e-01 6.030539999999999878e+01
6.877100000000000435e-01 5.994980000000000331e+01
6.927099999999999369e-01 5.959779999999999944e+01
6.977100000000000524e-01 5.924940000000000140e+01
7.027099999999999458e-01 5.890460000000000207e+01
7.077100000000000612e-01 5.856320000000000192e+01
7.127099999999999547e-01 5.822529999999999717e+01
7.177100000000000701e-01 5.789059999999999917e+01
7.227099999999999635e-01 5.755930000000000035e+01
7.277100000000000790e-01 5.723120000000000118e+01
7.327099999999999724e-01 5.690619999999999834e+01
7.377099999999999769e-01 5.658429999999999893e+01
7.427099999999999813e-01 5.626550000000000296e+01
7.477099999999999858e-01 5.594969999999999999e+01
7.527099999999999902e-01 5.563680000000000092e+01
7.577099999999999946e-01 5.532679999999999865e+01
7.627099999999999991e-01 5.501970000000000027e+01
7.677099999999998925e-01 5.471529999999999916e+01
7.727100000000000080e-01 5.441369999999999862e+01
7.777099999999999014e-01 5.411480000000000246e+01
7.827100000000000168e-01 5.381850000000000023e+01
7.877099999999999103e-01 5.352490000000000236e+01
7.927100000000000257e-01 5.323380000000000223e+01
7.977099999999999191e-01 5.294519999999999982e+01
8.027100000000000346e-01 5.265910000000000224e+01
8.077099999999999280e-01 5.237539999999999907e+01
8.127100000000000435e-01 5.209420000000000073e+01
8.177099999999999369e-01 5.181530000000000058e+01
8.227100000000000524e-01 5.153869999999999862e+01
8.277099999999999458e-01 5.126440000000000197e+01
8.327100000000000612e-01 5.099240000000000350e+01
8.377099999999999547e-01 5.072259999999999991e+01
8.427100000000000701e-01 5.045490000000000208e+01
8.477099999999999635e-01 5.018950000000000244e+01
8.527100000000000790e-01 4.992609999999999815e+01
8.577099999999999724e-01 4.966479999999999961e+01
8.627099999999999769e-01 4.940559999999999974e+01
8.677099999999999813e-01 4.914840000000000231e+01
8.727099999999999858e-01 4.889320000000000022e+01
8.777099999999999902e-01 4.863989999999999725e+01
8.827099999999999946e-01 4.838859999999999673e+01
8.877099999999999991e-01 4.813920000000000243e+01
8.927099999999998925e-01 4.789170000000000016e+01
8.977100000000000080e-01 4.764600000000000080e+01
9.027099999999999014e-01 4.740209999999999724e+01
9.077100000000000168e-01 4.716009999999999991e+01
9.127099999999999103e-01 4.691980000000000217e+01
9.177100000000000257e-01 4.668130000000000024e+01
9.227099999999999191e-01 4.644449999999999790e+01
9.277100000000000346e-01 4.620940000000000225e+01
9.327099999999999280e-01 4.597599999999999909e+01
9.377100000000000435e-01 4.574430000000000263e+01
9.427099999999999369e-01 4.551409999999999911e+01
9.477100000000000524e-01 4.528569999999999851e+01
9.527099999999999458e-01 4.505879999999999797e+01
9.577100000000000612e-01 4.483339999999999748e+01
9.627099999999999547e-01 4.460969999999999658e+01
9.677100000000000701e-01 4.438739999999999952e+01
9.727099999999999635e-01 4.416669999999999874e+01
9.777100000000000790e-01 4.394749999999999801e+01
9.827099999999999724e-01 4.372970000000000113e+01
9.877099999999998658e-01 4.351339999999999719e+01
9.927099999999999813e-01 4.329860000000000042e+01
9.977099999999998747e-01 4.308509999999999707e+01
1.002709999999999990e+00 4.287310000000000088e+01
1.007709999999999884e+00 4.266239999999999810e+01
1.012709999999999999e+00 4.245320000000000249e+01
1.017709999999999892e+00 4.224519999999999698e+01
1.022710000000000008e+00 4.203869999999999862e+01
1.027709999999999901e+00 4.183339999999999748e+01
1.032710000000000017e+00 4.162950000000000017e+01
1.037709999999999910e+00 4.142680000000000007e+01
1.042710000000000026e+00 4.122540000000000049e+01
1.047709999999999919e+00 4.102530000000000143e+01
1.052710000000000035e+00 4.082639999999999958e+01
1.057709999999999928e+00 4.062879999999999825e+01
1.062710000000000043e+00 4.043240000000000123e+01
1.067709999999999937e+00 4.023720000000000141e+01
1.072710000000000052e+00 4.004319999999999879e+01
1.077709999999999946e+00 3.985029999999999717e+01
1.082710000000000061e+00 3.965870000000000317e+01
1.087709999999999955e+00 3.946820000000000306e+01
1.092710000000000070e+00 3.927879999999999683e+01
1.097709999999999964e+00 3.909060000000000201e+01
1.102710000000000079e+00 3.890339999999999776e+01
1.107709999999999972e+00 3.871739999999999782e+01
1.112709999999999866e+00 3.853249999999999886e+01
1.117709999999999981e+00 3.834870000000000090e+01
1.122709999999999875e+00 3.816590000000000060e+01
1.127709999999999990e+00 3.798429999999999751e+01
1.132709999999999884e+00 3.780360000000000298e+01
1.137709999999999999e+00 3.762400000000000233e+01
1.142709999999999892e+00 3.744550000000000267e+01
1.147710000000000008e+00 3.726789999999999736e+01
1.152709999999999901e+00 3.709140000000000015e+01
1.157710000000000017e+00 3.691590000000000060e+01
1.162709999999999910e+00 3.674130000000000251e+01
1.167710000000000026e+00 3.656779999999999831e+01
1.172709999999999919e+00 3.639520000000000266e+01
1.177710000000000035e+00 3.622359999999999758e+01
1.182709999999999928e+00 3.605290000000000106e+01
1.187710000000000043e+00 3.588320000000000221e+01
1.192709999999999937e+00 3.571439999999999770e+01
1.197710000000000052e+00 3.554659999999999798e+01
1.202709999999999946e+00 3.537960000000000349e+01
1.207710000000000061e+00 3.521359999999999957e+01
1.212709999999999955e+00 3.504849999999999710e+01
1.217710000000000070e+00 3.488430000000000319e+01
1.222709999999999964e+00 3.472090000000000032e+01
1.227710000000000079e+00 3.455850000000000222e+01
1.232709999999999972e+00 3.439690000000000225e+01
1.237709999999999866e+00 3.423619999999999663e+01
1.242709999999999981e+00 3.407630000000000337e+01
1.247709999999999875e+00 3.391729999999999734e+01
1.252709999999999990e+00 3.375909999999999656e+01
1.257709999999999884e+00 3.360179999999999723e+01
1.262709999999999999e+00 3.344530000000000314e+01
1.267709999999999892e+00 3.328960000000000008e+01
1.272710000000000008e+00 3.313479999999999848e+01
1.277709999999999901e+00 3.298069999999999879e+01
1.282710000000000017e+00 3.282750000000000057e+01
1.287709999999999910e+00 3.267499999999999716e+01
1.292710000000000026e+00 3.252329999999999899e+01
1.297709999999999919e+00 3.237250000000000227e+01
1.302710000000000035e+00 3.222229999999999706e+01
1.307709999999999928e+00 3.207300000000000040e+01
1.312710000000000043e+00 3.192439999999999856e+01
1.317709999999999937e+00 3.177659999999999840e+01
1.322710000000000052e+00 3.162959999999999994e+01
1.327709999999999946e+00 3.148320000000000007e+01
1.332710000000000061e+00 3.133770000000000167e+01
1.337709999999999955e+00 3.119279999999999831e+01
1.342710000000000070e+00 3.104870000000000019e+01
1.347709999999999964e+00 3.090540000000000020e+01
1.352710000000000079e+00 3.076269999999999882e+01
1.357709999999999972e+00 3.062079999999999913e+01
1.362709999999999866e+00 3.047950000000000159e+01
1.367709999999999981e+00 3.033899999999999864e+01
1.372709999999999875e+00 3.019920000000000115e+01
1.377709999999999990e+00 3.005999999999999872e+01
1.382709999999999884e+00 2.992160000000000153e+01
1.387709999999999999e+00 2.978389999999999915e+01
1.392709999999999892e+00 2.964679999999999893e+01
1.397710000000000008e+00 2.951040000000000063e+01
1.402709999999999901e+00 2.937470000000000070e+01
1.407710000000000017e+00 2.923959999999999937e+01
1.412710000000000132e+00 2.910519999999999996e+01
1.417710000000000026e+00 2.897149999999999892e+01
1.422709999999999919e+00 2.883840000000000003e+01
1.427710000000000035e+00 2.870589999999999975e+01
1.432709999999999928e+00 2.857410000000000139e+01
1.437710000000000043e+00 2.844300000000000139e+01
1.442709999999999937e+00 2.831250000000000000e+01
1.447710000000000052e+00 2.818260000000000076e+01
1.452709999999999946e+00 2.805339999999999989e+01
1.457710000000000061e+00 2.792470000000000141e+01
1.462709999999999955e+00 2.779670000000000130e+01
1.467710000000000070e+00 2.766939999999999955e+01
1.472709999999999964e+00 2.754260000000000019e+01
1.477710000000000079e+00 2.741639999999999944e+01
1.482709999999999972e+00 2.729090000000000060e+01
1.487709999999999866e+00 2.716590000000000060e+01
1.492709999999999981e+00 2.704159999999999897e+01
1.497710000000000097e+00 2.691779999999999973e+01
1.502709999999999990e+00 2.679469999999999885e+01
1.507709999999999884e+00 2.667210000000000036e+01
1.512709999999999999e+00 2.655010000000000048e+01
1.517710000000000115e+00 2.642869999999999919e+01
1.522710000000000008e+00 2.630790000000000006e+01
1.527709999999999901e+00 2.618759999999999977e+01
1.532710000000000017e+00 2.606800000000000139e+01
1.537710000000000132e+00 2.594889999999999830e+01
1.542710000000000026e+00 2.583030000000000115e+01
1.547709999999999919e+00 2.571239999999999881e+01
1.552710000000000035e+00 2.559499999999999886e+01
1.557709999999999928e+00 2.547810000000000130e+01
1.562710000000000043e+00 2.536179999999999879e+01
1.567709999999999937e+00 2.524609999999999843e+01
1.572710000000000052e+00 2.513090000000000046e+01
1.577709999999999946e+00 2.501620000000000132e+01
1.582710000000000061e+00 2.490210000000000079e+01
1.587709999999999955e+00 2.478849999999999909e+01
1.592710000000000070e+00 2.467549999999999955e+01
1.597709999999999964e+00 2.456299999999999883e+01
1.602710000000000079e+00 2.445110000000000028e+01
1.607709999999999972e+00 2.433960000000000079e+01
1.612710000000000088e+00 2.422869999999999990e+01
1.617709999999999981e+00 2.411840000000000117e+01
1.622710000000000097e+00 2.400850000000000151e+01
1.627709999999999990e+00 2.389920000000000044e+01
1.632710000000000106e+00 2.379040000000000177e+01
1.637709999999999999e+00 2.368209999999999837e+01
1.642710000000000115e+00 2.357430000000000092e+01
1.647710000000000008e+00 2.346699999999999875e+01
1.652710000000000123e+00 2.336029999999999873e+01
1.657710000000000017e+00 2.325400000000000134e+01
1.662710000000000132e+00 2.314819999999999922e+01
1.667710000000000026e+00 2.304299999999999926e+01
1.672709999999999919e+00 2.293819999999999837e+01
1.677710000000000035e+00 2.283399999999999963e+01
1.682709999999999928e+00 2.273019999999999996e+01
1.687710000000000043e+00 2.262699999999999889e+01
1.692709999999999937e+00 2.252420000000000044e+01
1.697710000000000052e+00 2.242190000000000083e+01
1.702709999999999946e+00 2.232010000000000005e+01
1.707710000000000061e+00 2.221880000000000166e+01
1.712709999999999955e+00 2.211799999999999855e+01
1.717710000000000070e+00 2.201770000000000138e+01
1.722709999999999964e+00 2.191779999999999973e+01
1.727710000000000079e+00 2.181840000000000046e+01
1.732709999999999972e+00 2.171950000000000003e+01
1.737710000000000088e+00 2.162109999999999843e+01
1.742709999999999981e+00 2.152309999999999945e+01
1.747710000000000097e+00 2.142559999999999931e+01
1.752709999999999990e+00 2.132860000000000156e+01
1.757710000000000106e+00 2.123209999999999908e+01
1.762709999999999999e+00 2.113599999999999923e+01
1.767710000000000115e+00 2.104040000000000177e+01
1.772710000000000008e+00 2.094519999999999982e+01
1.777710000000000123e+00 2.085050000000000026e+01
1.782710000000000017e+00 2.075629999999999953e+01
1.787710000000000132e+00 2.066250000000000142e+01
1.792710000000000026e+00 2.056919999999999860e+01
1.797709999999999919e+00 2.047629999999999839e+01
1.802710000000000035e+00 2.038390000000000057e+01
1.807709999999999928e+00 2.029200000000000159e+01
1.812710000000000043e+00 2.020050000000000168e+01
1.817709999999999937e+00 2.010940000000000083e+01
1.822710000000000052e+00 2.001879999999999882e+01
1.827709999999999946e+00 1.992869999999999919e+01
1.832710000000000061e+00 1.983899999999999864e+01
1.837709999999999955e+00 1.974970000000000070e+01
1.842710000000000070e+00 1.966090000000000160e+01
1.847709999999999964e+00 1.957250000000000156e+01
1.852710000000000079e+00 1.948460000000000036e+01
1.857709999999999972e+00 1.939709999999999823e+01
1.862710000000000088e+00 1.930999999999999872e+01
1.867709999999999981e+00 1.922340000000000160e+01
1.872710000000000097e+00 1.913719999999999999e+01
1.877709999999999990e+00 1.905140000000000100e+01
1.882710000000000106e+00 1.896610000000000085e+01
1.887709999999999999e+00 1.888119999999999976e+01
1.892710000000000115e+00 1.879680000000000106e+01
1.897710000000000008e+00 1.871280000000000143e+01
1.902710000000000123e+00 1.862920000000000087e+01
1.907710000000000017e+00 1.854599999999999937e+01
1.912710000000000132e+00 1.846330000000000027e+01
1.917710000000000026e+00 1.838100000000000023e+01
1.922709999999999919e+00 1.829909999999999926e+01
1.927710000000000035e+00 1.821770000000000067e+01
1.932709999999999928e+00 1.813670000000000115e+01
1.937710000000000043e+00 1.805610000000000070e+01
1.942709999999999937e+00 1.797589999999999932e+01
1.947710000000000052e+00 1.789620000000000033e+01
1.952709999999999946e+00 1.781680000000000064e+01
1.957710000000000061e+00 1.773789999999999978e+01
1.962709999999999955e+00 1.765940000000000154e+01
1.967710000000000070e+00 1.758139999999999858e+01
1.972709999999999964e+00 1.750369999999999848e+01
1.977710000000000079e+00 1.742650000000000077e+01
1.982709999999999972e+00 1.734969999999999857e+01
1.987710000000000088e+00 1.727329999999999899e+01
1.992709999999999981e+00 1.719739999999999824e+01
1.997710000000000097e+00 1.712180000000000035e+01
2.002709999999999990e+00 1.704670000000000130e+01
2.007710000000000328e+00 1.697190000000000154e+01
2.012710000000000221e+00 1.689760000000000062e+01
2.017710000000000115e+00 1.682369999999999877e+01
2.022710000000000008e+00 1.675029999999999930e+01
2.027709999999999901e+00 1.667719999999999914e+01
2.032709999999999795e+00 1.660460000000000136e+01
2.037710000000000132e+00 1.653229999999999933e+01
2.042710000000000026e+00 1.646049999999999969e+01
2.047709999999999919e+00 1.638909999999999911e+01
2.052710000000000257e+00 1.631810000000000116e+01
2.057710000000000150e+00 1.624749999999999872e+01
2.062710000000000043e+00 1.617739999999999867e+01
2.067709999999999937e+00 1.610760000000000147e+01
2.072709999999999830e+00 1.603829999999999956e+01
2.077709999999999724e+00 1.596940000000000026e+01
2.082710000000000061e+00 1.590080000000000027e+01
2.087709999999999955e+00 1.583270000000000088e+01
2.092710000000000292e+00 1.576500000000000057e+01
2.097710000000000186e+00 1.569769999999999932e+01
2.102710000000000079e+00 1.563090000000000046e+01
2.107709999999999972e+00 1.556439999999999912e+01
2.112709999999999866e+00 1.549840000000000018e+01
2.117709999999999759e+00 1.543270000000000053e+01
2.122710000000000097e+00 1.536749999999999972e+01
2.127709999999999990e+00 1.530269999999999975e+01
2.132710000000000328e+00 1.523830000000000062e+01
2.137710000000000221e+00 1.517430000000000057e+01
2.142710000000000115e+00 1.511079999999999934e+01
2.147710000000000008e+00 1.504759999999999920e+01
2.152709999999999901e+00 1.498489999999999966e+01
2.157709999999999795e+00 1.492249999999999943e+01
2.162710000000000132e+00 1.486059999999999981e+01
2.167710000000000026e+00 1.479909999999999926e+01
2.172709999999999919e+00 1.473799999999999955e+01
2.177710000000000257e+00 1.467730000000000068e+01
2.182710000000000150e+00 1.461710000000000065e+01
2.187710000000000043e+00 1.455729999999999968e+01
2.192709999999999937e+00 1.449779999999999980e+01
2.197709999999999830e+00 1.443880000000000052e+01
2.202709999999999724e+00 1.438020000000000032e+01
2.207710000000000061e+00 1.432210000000000072e+01
2.212709999999999955e+00 1.426430000000000042e+01
2.217710000000000292e+00 1.420700000000000074e+01
2.222710000000000186e+00 1.415010000000000012e+01
2.227710000000000079e+00 1.409360000000000035e+01
2.232709999999999972e+00 1.403749999999999964e+01
2.237709999999999866e+00 1.398189999999999955e+01
2.242709999999999759e+00 1.392660000000000053e+01
2.247710000000000097e+00 1.387180000000000035e+01
2.252709999999999990e+00 1.381739999999999924e+01
2.257710000000000328e+00 1.376350000000000051e+01
2.262710000000000221e+00 1.371000000000000085e+01
2.267710000000000115e+00 1.365690000000000026e+01
2.272710000000000008e+00 1.360420000000000051e+01
2.277709999999999901e+00 1.355199999999999960e+01
2.282709999999999795e+00 1.350019999999999953e+01
2.287710000000000132e+00 1.344880000000000031e+01
2.292710000000000026e+00 1.339780000000000015e+01
2.297709999999999919e+00 1.334730000000000061e+01
2.302710000000000257e+00 1.329729999999999990e+01
2.307710000000000150e+00 1.324760000000000026e+01
2.312710000000000043e+00 1.319839999999999947e+01
2.317709999999999937e+00 1.314959999999999951e+01
2.322709999999999830e+00 1.310139999999999993e+01
2.327709999999999724e+00 1.305349999999999966e+01
2.332710000000000061e+00 1.300600000000000023e+01
2.337709999999999955e+00 1.295899999999999963e+01
2.342710000000000292e+00 1.291249999999999964e+01
2.347710000000000186e+00 1.286640000000000050e+01
2.352710000000000079e+00 1.282070000000000043e+01
2.357709999999999972e+00 1.277560000000000073e+01
2.362709999999999866e+00 1.273080000000000034e+01
2.367709999999999759e+00 1.268650000000000055e+01
2.372710000000000097e+00 1.264269999999999960e+01
2.377709999999999990e+00 1.259929999999999950e+01
2.382710000000000328e+00 1.255640000000000001e+01
2.387710000000000221e+00 1.251389999999999958e+01
2.392710000000000115e+00 1.247199999999999953e+01
2.397710000000000008e+00 1.243040000000000056e+01
2.402709999999999901e+00 1.238930000000000042e+01
2.407709999999999795e+00 1.234880000000000067e+01
2.412709999999999688e+00 1.230860000000000021e+01
2.417710000000000026e+00 1.226900000000000013e+01
2.422710000000000363e+00 1.222979999999999912e+01
2.427710000000000257e+00 1.219110000000000049e+01
2.432710000000000150e+00 1.215290000000000070e+01
2.437710000000000043e+00 1.211519999999999975e+01
2.442709999999999937e+00 1.207799999999999940e+01
2.447709999999999830e+00 1.204119999999999990e+01
2.452709999999999724e+00 1.200500000000000078e+01
2.457709999999999617e+00 1.196920000000000073e+01
2.462710000000000399e+00 1.193389999999999951e+01
2.467710000000000292e+00 1.189920000000000044e+01
2.472710000000000186e+00 1.186490000000000045e+01
2.477710000000000079e+00 1.183109999999999928e+01
2.482709999999999972e+00 1.179790000000000028e+01
2.487709999999999866e+00 1.176510000000000034e+01
2.492709999999999759e+00 1.173290000000000077e+01
2.497709999999999653e+00 1.170120000000000005e+01
2.502709999999999990e+00 1.166999999999999993e+01
2.507710000000000328e+00 1.163930000000000042e+01
2.512710000000000221e+00 1.160919999999999952e+01
2.517710000000000115e+00 1.157959999999999923e+01
2.522710000000000008e+00 1.155049999999999955e+01
2.527709999999999901e+00 1.152190000000000047e+01
2.532709999999999795e+00 1.149390000000000001e+01
2.537709999999999688e+00 1.146649999999999991e+01
2.542710000000000026e+00 1.143960000000000043e+01
2.547710000000000363e+00 1.141319999999999979e+01
2.552710000000000257e+00 1.138739999999999952e+01
2.557710000000000150e+00 1.136219999999999963e+01
2.562710000000000043e+00 1.133750000000000036e+01
2.567709999999999937e+00 1.131329999999999991e+01
2.572709999999999830e+00 1.128979999999999961e+01
2.577709999999999724e+00 1.126689999999999969e+01
2.582709999999999617e+00 1.124440000000000062e+01
2.587710000000000399e+00 1.122259999999999991e+01
2.592710000000000292e+00 1.120139999999999958e+01
2.597710000000000186e+00 1.118079999999999963e+01
2.602710000000000079e+00 1.116080000000000005e+01
2.607709999999999972e+00 1.114140000000000086e+01
2.612709999999999866e+00 1.112260000000000026e+01
2.617709999999999759e+00 1.110449999999999982e+01
2.622709999999999653e+00 1.108689999999999998e+01
2.627709999999999990e+00 1.106990000000000052e+01
2.632710000000000328e+00 1.105359999999999943e+01
2.637710000000000221e+00 1.103790000000000049e+01
2.642710000000000115e+00 1.102289999999999992e+01
2.647710000000000008e+00 1.100849999999999973e+01
2.652709999999999901e+00 1.099479999999999968e+01
2.657709999999999795e+00 1.098179999999999978e+01
2.662709999999999688e+00 1.096930000000000049e+01
2.667710000000000026e+00 1.095770000000000088e+01
2.672710000000000363e+00 1.094650000000000034e+01
2.677710000000000257e+00 1.093619999999999948e+01
2.682710000000000150e+00 1.092650000000000077e+01
2.687710000000000043e+00 1.091750000000000043e+01
2.692709999999999937e+00 1.090920000000000023e+01
2.697709999999999830e+00 1.090169999999999995e+01
2.702709999999999724e+00 1.089489999999999981e+01
2.707709999999999617e+00 1.088879999999999981e+01
2.712710000000000399e+00 1.088339999999999996e+01
2.717710000000000292e+00 1.087870000000000026e+01
2.722710000000000186e+00 1.087500000000000000e+01
2.727710000000000079e+00 1.087180000000000035e+01
2.732709999999999972e+00 1.086940000000000062e+01
2.737709999999999866e+00 1.086790000000000056e+01
2.742709999999999759e+00 1.086710000000000065e+01
2.747709999999999653e+00 1.086710000000000065e+01
2.752709999999999990e+00 1.086790000000000056e+01
2.757710000000000328e+00 1.086979999999999968e+01
2.762710000000000221e+00 1.087209999999999965e+01
2.767710000000000115e+00 1.087529999999999930e+01
2.772710000000000008e+00 1.087979999999999947e+01
2.777709999999999901e+00 1.088449999999999918e+01
2.782709999999999795e+00 1.089029999999999987e+01
2.787709999999999688e+00 1.089690000000000047e+01
2.792710000000000026e+00 1.090440000000000076e+01
2.797710000000000363e+00 1.091280000000000072e+01
2.802710000000000257e+00 1.092290000000000028e+01
2.807710000000000150e+00 1.093299999999999983e+01
2.812710000000000043e+00 1.094480000000000075e+01
2.817709999999999937e+00 1.096149999999999913e+01
2.822709999999999830e+00 1.097489999999999988e+01
2.827709999999999724e+00 -7.902249999999999375e+01
2.832709999999999617e+00 -7.900409999999999400e+01
2.837710000000000399e+00 -7.898629999999999995e+01
2.842710000000000292e+00 -7.896920000000000073e+01
2.847710000000000186e+00 -7.895149999999999579e+01
2.852710000000000079e+00 -7.893210000000000548e+01
2.857709999999999972e+00 -7.891179999999999950e+01
2.862709999999999866e+00 -7.889090000000000202e+01
2.867709999999999759e+00 -7.886839999999999407e+01
2.872709999999999653e+00 -7.884470000000000312e+01
2.877709999999999990e+00 -7.882070000000000221e+01
2.882710000000000328e+00 -7.879489999999999839e+01
2.887710000000000221e+00 -7.876819999999999311e+01
2.892710000000000115e+00 -7.874039999999999395e+01
2.897710000000000008e+00 -7.871120000000000516e+01
2.902709999999999901e+00 -7.868099999999999739e+01
2.907709999999999795e+00 -7.864939999999999998e+01
2.912709999999999688e+00 -7.861679999999999779e+01
2.917710000000000026e+00 -7.858299999999999841e+01
2.922710000000000363e+00 -7.854739999999999611e+01
2.927710000000000257e+00 -7.851120000000000232e+01
2.932710000000000150e+00 -7.847350000000000136e+01
2.937710000000000043e+00 -7.843429999999999325e+01
2.942709999999999937e+00 -7.839400000000000546e+01
2.947709999999999830e+00 -7.835219999999999629e+01
2.952709999999999724e+00 -7.830899999999999750e+01
2.957709999999999617e+00 -7.826439999999999486e+01
2.962710000000000399e+00 -7.821840000000000259e+01
2.967710000000000292e+00 -7.817090000000000316e+01
2.972710000000000186e+00 -7.812189999999999657e+01
2.977710000000000079e+00 -7.807150000000000034e+01
2.982709999999999972e+00 -7.801940000000000452e+01
2.987709999999999866e+00 -7.796580000000000155e+01
2.992709999999999759e+00 -7.791060000000000230e+01
2.997709999999999653e+00 -7.785399999999999920e+01
3.002709999999999990e+00 -7.779559999999999320e+01
3.007710000000000328e+00 -7.773560000000000514e+01
3.012710000000000221e+00 -7.767379999999999995e+01
3.017710000000000115e+00 -7.761039999999999850e+01
3.022710000000000008e+00 -7.754510000000000502e+01
3.027709999999999901e+00 -7.747799999999999443e+01
3.032709999999999795e+00 -7.740930000000000177e+01
3.037709999999999688e+00 -7.733870000000000289e+01
3.042710000000000026e+00 -7.726609999999999445e+01
3.047710000000000363e+00 -7.719159999999999400e+01
3.052710000000000257e+00 -7.711520000000000152e+01
3.057710000000000150e+00 -7.703679999999999950e+01
3.062710000000000043e+00 -7.695640000000000214e+01
3.067709999999999937e+00 -7.687390000000000612e+01
3.072709999999999830e+00 -7.678940000000000055e+01
3.077709999999999724e+00 -7.670250000000000057e+01
3.082709999999999617e+00 -7.661369999999999436e+01
3.087710000000000399e+00 -7.652249999999999375e+01
3.092710000000000292e+00 -7.642910000000000537e+01
3.097710000000000186e+00 -7.633339999999999748e+01
3.102710000000000079e+00 -7.623539999999999850e+01
3.107709999999999972e+00 -7.613490000000000180e+01
3.112709999999999866e+00 -7.603209999999999980e+01
3.117709999999999759e+00 -7.592659999999999343e+01
3.122709999999999653e+00 -7.581870000000000687e+01
3.127709999999999990e+00 -7.570820000000000505e+01
3.132710000000000328e+00 -7.559499999999999886e+01
3.137710000000000221e+00 -7.547920000000000584e+01
3.142710000000000115e+00 -7.536050000000000182e+01
3.147710000000000008e+00 -7.523919999999999675e+01
3.152709999999999901e+00 -7.511490000000000578e+01
3.157709999999999795e+00 -7.498779999999999291e+01
3.162709999999999688e+00 -7.485769999999999413e+01
3.167710000000000026e+00 -7.472450000000000614e+01
3.172710000000000363e+00 -7.458830000000000382e+01
3.177710000000000257e+00 -7.444899999999999807e+01
3.182710000000000150e+00 -7.430639999999999645e+01
3.187710000000000043e+00 -7.416049999999999898e+01
3.192709999999999937e+00 -7.401120000000000232e+01
3.197709999999999830e+00 -7.385869999999999891e+01
3.202709999999999724e+00 -7.370260000000000389e+01
3.207709999999999617e+00 -7.354300000000000637e+01
3.212710000000000399e+00 -7.337980000000000302e+01
3.217710000000000292e+00 -7.321290000000000475e+01
3.222710000000000186e+00 -7.304229999999999734e+01
3.227710000000000079e+00 -7.286780000000000257e+01
3.232709999999999972e+00 -7.268940000000000623e+01
3.237709999999999866e+00 -7.250700000000000500e+01
3.242709999999999759e+00 -7.232059999999999889e+01
3.247709999999999653e+00 -7.213009999999999877e+01
3.252709999999999990e+00 -7.193540000000000134e+01
3.257710000000000328e+00 -7.173640000000000327e+01
3.262710000000000221e+00 -7.153300000000000125e+01
3.267710000000000115e+00 -7.132510000000000616e+01
3.272710000000000008e+00 -7.111279999999999291e+01
3.277709999999999901e+00 -7.089579999999999416e+01
3.282709999999999795e+00 -7.067409999999999570e+01
3.287709999999999688e+00 -7.044780000000000086e+01
3.292710000000000026e+00 -7.021649999999999636e+01
3.297710000000000363e+00 -6.998029999999999973e+01
3.302710000000000257e+00 -6.973900000000000432e+01
3.307710000000000150e+00 -6.949280000000000257e+01
3.312710000000000043e+00 -6.924129999999999541e+01
3.317709999999999937e+00 -6.898449999999999704e+01
3.322709999999999830e+00 -6.872249999999999659e+01
3.327709999999999724e+00 -6.845499999999999829e+01
3.332709999999999617e+00 -6.818210000000000548e+01
3.337710000000000399e+00 -6.790359999999999729e+01
3.342710000000000292e+00 -6.761950000000000216e+01
3.347710000000000186e+00 -6.732970000000000255e+01
3.352710000000000079e+00 -6.703409999999999513e+01
3.357709999999999972e+00 -6.673269999999999413e+01
3.362709999999999866e+00 -6.642549999999999955e+01
3.367709999999999759e+00 -6.611230000000000473e+01
3.372709999999999653e+00 -6.579309999999999548e+01
3.377709999999999990e+00 -6.546800000000000352e+01
3.382710000000000328e+00 -6.513679999999999382e+01
3.387710000000000221e+00 -6.479949999999999477e+01
3.392710000000000115e+00 -6.445610000000000639e+01
3.397710000000000008e+00 -6.410649999999999693e+01
3.402709999999999901e+00 -6.375079999999999814e+01
3.407709999999999795e+00 -6.338900000000000290e+01
3.412709999999999688e+00 -6.302100000000000080e+01
3.417710000000000026e+00 -6.264699999999999847e+01
3.422710000000000363e+00 -6.226680000000000348e+01
3.427710000000000257e+00 -6.188060000000000116e+01
3.432710000000000150e+00 -6.148830000000000240e+01
3.437710000000000043e+00 -6.109009999999999962e+01
3.442709999999999937e+00 -6.068599999999999994e+01
3.447709999999999830e+00 -6.027600000000000335e+01
3.452709999999999724e+00 -5.986039999999999850e+01
3.457709999999999617e+00 -5.943919999999999959e+01
3.462710000000000399e+00 -5.901239999999999952e+01
3.467710000000000292e+00 -5.858030000000000115e+01
3.472710000000000186e+00 -5.814300000000000068e+01
3.477710000000000079e+00 -5.770060000000000144e+01
3.482709999999999972e+00 -5.725330000000000297e+01
3.487709999999999866e+00 -5.680129999999999768e+01
3.492709999999999759e+00 -5.634479999999999933e+01
3.497709999999999653e+00 -5.588400000000000034e+01
3.502709999999999990e+00 -5.541910000000000025e+01
3.507710000000000328e+00 -5.495040000000000191e+01
3.512710000000000221e+00 -5.447809999999999775e+01
3.517710000000000115e+00 -5.400240000000000151e+01
3.522710000000000008e+00 -5.352369999999999806e+01
3.527709999999999901e+00 -5.304220000000000113e+01
3.532709999999999795e+00 -5.255819999999999936e+01
3.537709999999999688e+00 -5.207200000000000273e+01
3.542710000000000026e+00 -5.158389999999999986e+01
3.547710000000000363e+00 -5.109429999999999694e+01
3.552710000000000257e+00 -5.060340000000000060e+01
3.557710000000000150e+00 -5.011149999999999949e+01
3.562710000000000043e+00 -4.961889999999999645e+01
3.567709999999999937e+00 -4.912610000000000099e+01
3.572709999999999830e+00 -4.863329999999999842e+01
3.577709999999999724e+00 -4.814079999999999870e+01
3.582709999999999617e+00 -4.764900000000000091e+01
3.587710000000000399e+00 -4.715820000000000078e+01
3.592710000000000292e+00 -4.666859999999999786e+01
3.597710000000000186e+00 -4.618070000000000164e+01
3.602710000000000079e+00 -4.569460000000000122e+01
3.607709999999999972e+00 -4.521059999999999945e+01
3.612709999999999866e+00 -4.472919999999999874e+01
3.617709999999999759e+00 -4.425050000000000239e+01
3.622710000000000097e+00 -4.377479999999999905e+01
3.627710000000000434e+00 -4.330230000000000246e+01
3.632710000000000328e+00 -4.283330000000000126e+01
3.637710000000000221e+00 -4.236800000000000210e+01
3.642710000000000115e+00 -4.190659999999999741e+01
3.647710000000000008e+00 -4.144939999999999714e+01
3.652709999999999901e+00 -4.099649999999999750e+01
3.657709999999999795e+00 -4.054800000000000182e+01
3.662710000000000132e+00 -4.010419999999999874e+01
3.667710000000000470e+00 -3.966519999999999868e+01
3.672710000000000363e+00 -3.923109999999999786e+01
3.677710000000000257e+00 -3.880210000000000292e+01
3.682710000000000150e+00 -3.837819999999999965e+01
3.687710000000000043e+00 -3.795960000000000178e+01
3.692709999999999937e+00 -3.754630000000000223e+01
3.697709999999999830e+00 -3.713839999999999719e+01
3.702710000000000168e+00 -3.673599999999999710e+01
3.707710000000000061e+00 -3.633910000000000196e+01
3.712710000000000399e+00 -3.594769999999999754e+01
3.717710000000000292e+00 -3.556190000000000140e+01
3.722710000000000186e+00 -3.518169999999999931e+01
3.727710000000000079e+00 -3.480700000000000216e+01
3.732709999999999972e+00 -3.443800000000000239e+01
3.737709999999999866e+00 -3.407459999999999667e+01
3.742709999999999759e+00 -3.371679999999999922e+01
3.747710000000000097e+00 -3.336440000000000339e+01
3.752710000000000434e+00 -3.301760000000000161e+01
3.757710000000000328e+00 -3.267629999999999768e+01
3.762710000000000221e+00 -3.234040000000000248e+01
3.767710000000000115e+00 -3.200990000000000180e+01
3.772710000000000008e+00 -3.168469999999999942e+01
3.777709999999999901e+00 -3.136479999999999890e+01
3.782709999999999795e+00 -3.105020000000000024e+01
3.787710000000000132e+00 -3.074060000000000059e+01
3.792710000000000470e+00 -3.043619999999999948e+01
3.797710000000000363e+00 -3.013670000000000115e+01
3.802710000000000257e+00 -2.984219999999999828e+01
3.807710000000000150e+00 -2.955260000000000176e+01
3.812710000000000043e+00 -2.926780000000000115e+01
3.817709999999999937e+00 -2.898760000000000048e+01
3.822709999999999830e+00 -2.871209999999999951e+01
3.827710000000000168e+00 -2.844109999999999872e+01
3.832710000000000061e+00 -2.817460000000000164e+01
3.837710000000000399e+00 -2.791250000000000142e+01
3.842710000000000292e+00 -2.765469999999999828e+01
3.847710000000000186e+00 -2.740109999999999957e+01
3.852710000000000079e+00 -2.715159999999999840e+01
3.857709999999999972e+00 -2.690619999999999834e+01
3.862709999999999866e+00 -2.666469999999999985e+01
3.867709999999999759e+00 -2.642719999999999914e+01
3.872710000000000097e+00 -2.619340000000000046e+01
3.877710000000000434e+00 -2.596340000000000003e+01
3.882710000000000328e+00 -2.573699999999999832e+01
3.887710000000000221e+00 -2.551419999999999888e+01
3.892710000000000115e+00 -2.529479999999999862e+01
3.897710000000000008e+00 -2.507890000000000086e+01
3.902709999999999901e+00 -2.486619999999999919e+01
3.907709999999999795e+00 -2.465690000000000026e+01
3.912710000000000132e+00 -2.445070000000000121e+01
3.917710000000000470e+00 -2.424759999999999849e+01
3.922710000000000363e+00 -2.404749999999999943e+01
3.927710000000000257e+00 -2.385040000000000049e+01
3.932710000000000150e+00 -2.365619999999999834e+01
3.937710000000000043e+00 -2.346480000000000032e+01
3.942709999999999937e+00 -2.327609999999999957e+01
3.947709999999999830e+00 -2.309009999999999962e+01
3.952710000000000168e+00 -2.290680000000000049e+01
3.957710000000000061e+00 -2.272599999999999909e+01
3.962710000000000399e+00 -2.254759999999999920e+01
3.967710000000000292e+00 -2.237170000000000059e+01
3.972710000000000186e+00 -2.219810000000000016e+01
3.977710000000000079e+00 -2.202690000000000126e+01
3.982709999999999972e+00 -2.185790000000000077e+01
3.987709999999999866e+00 -2.169109999999999872e+01
3.992709999999999759e+00 -2.152639999999999887e+01
3.997710000000000097e+00 -2.136380000000000123e+01
4.002710000000000434e+00 -2.120309999999999917e+01
4.007710000000000328e+00 -2.104439999999999955e+01
4.012710000000000221e+00 -2.088769999999999882e+01
4.017710000000000115e+00 -2.073280000000000101e+01
4.022710000000000008e+00 -2.057969999999999899e+01
4.027709999999999901e+00 -2.042839999999999989e+01
4.032709999999999795e+00 -2.027870000000000061e+01
4.037710000000000576e+00 -2.013080000000000069e+01
4.042710000000000470e+00 -1.998450000000000060e+01
4.047710000000000363e+00 -1.983970000000000056e+01
4.052710000000000257e+00 -1.969640000000000057e+01
4.057710000000000150e+00 -1.955460000000000065e+01
4.062710000000000043e+00 -1.941430000000000078e+01
4.067709999999999937e+00 -1.927540000000000120e+01
4.072709999999999830e+00 -1.913779999999999859e+01
4.077709999999999724e+00 -1.900159999999999982e+01
4.082710000000000505e+00 -1.886659999999999826e+01
4.087710000000000399e+00 -1.873280000000000101e+01
4.092710000000000292e+00 -1.860030000000000072e+01
4.097710000000000186e+00 -1.846890000000000143e+01
4.102710000000000079e+00 -1.833859999999999957e+01
4.107709999999999972e+00 -1.820949999999999847e+01
4.112709999999999866e+00 -1.808139999999999858e+01
4.117709999999999759e+00 -1.795429999999999993e+01
4.122709999999999653e+00 -1.782819999999999894e+01
4.127710000000000434e+00 -1.770299999999999940e+01
4.132710000000000328e+00 -1.757880000000000109e+01
4.137710000000000221e+00 -1.745550000000000068e+01
4.142710000000000115e+00 -1.733299999999999841e+01
4.147710000000000008e+00 -1.721140000000000114e+01
4.152709999999999901e+00 -1.709049999999999869e+01
4.157709999999999795e+00 -1.697040000000000148e+01
4.162710000000000576e+00 -1.685109999999999886e+01
4.167710000000000470e+00 -1.673250000000000171e+01
4.172710000000000363e+00 -1.661459999999999937e+01
4.177710000000000257e+00 -1.649729999999999919e+01
4.182710000000000150e+00 -1.638060000000000116e+01
4.187710000000000043e+00 -1.626460000000000150e+01
4.192709999999999937e+00 -1.614910000000000068e+01
4.197709999999999830e+00 -1.603430000000000177e+01
4.202709999999999724e+00 -1.591990000000000016e+01
4.207710000000000505e+00 -1.580599999999999916e+01
4.212710000000000399e+00 -1.569260000000000055e+01
4.217710000000000292e+00 -1.557970000000000077e+01
4.222710000000000186e+00 -1.546720000000000006e+01
4.227710000000000079e+00 -1.535510000000000019e+01
4.232709999999999972e+00 -1.524329999999999963e+01
4.237709999999999866e+00 -1.513199999999999967e+01
4.242709999999999759e+00 -1.502100000000000080e+01
4.247709999999999653e+00 -1.491039999999999921e+01
4.252710000000000434e+00 -1.480000000000000071e+01
4.257710000000000328e+00 -1.468989999999999974e+01
4.262710000000000221e+00 -1.458000000000000007e+01
4.267710000000000115e+00 -1.447039999999999971e+01
4.272710000000000008e+00 -1.436100000000000065e+01
4.277709999999999901e+00 -1.425179999999999936e+01
4.282709999999999795e+00 -1.414279999999999937e+01
4.287710000000000576e+00 -1.403389999999999915e+01
4.292710000000000470e+00 -1.392520000000000024e+01
4.297710000000000363e+00 -1.381659999999999933e+01
4.302710000000000257e+00 -1.370809999999999995e+01
4.307710000000000150e+00 -1.359960000000000058e+01
4.312710000000000043e+00 -1.349140000000000050e+01
4.317709999999999937e+00 -1.338299999999999912e+01
4.322709999999999830e+00 -1.327469999999999928e+01
4.327709999999999724e+00 -1.316649999999999920e+01
4.332710000000000505e+00 -1.305819999999999936e+01
4.337710000000000399e+00 -1.294979999999999976e+01
4.342710000000000292e+00 -1.284149999999999991e+01
4.347710000000000186e+00 -1.273310000000000031e+01
4.352710000000000079e+00 -1.262470000000000070e+01
4.357709999999999972e+00 -1.251619999999999955e+01
4.362709999999999866e+00 -1.240740000000000087e+01
4.367709999999999759e+00 -1.229860000000000042e+01
4.372709999999999653e+00 -1.218979999999999997e+01
4.377710000000000434e+00 -1.208060000000000045e+01
4.382710000000000328e+00 -1.197139999999999915e+01
4.387710000000000221e+00 -1.186200000000000010e+01
4.392710000000000115e+00 -1.175239999999999974e+01
4.397710000000000008e+00 -1.164250000000000007e+01
4.402709999999999901e+00 -1.153250000000000064e+01
4.407709999999999795e+00 -1.142210000000000036e+01
4.412710000000000576e+00 -1.131160000000000032e+01
4.417709999999999582e+00 -1.120079999999999920e+01
4.422710000000000363e+00 -1.108960000000000079e+01
4.427709999999999368e+00 -1.097809999999999953e+01
4.432710000000000150e+00 -1.086640000000000050e+01
4.437710000000000043e+00 -1.075430000000000064e+01
4.442709999999999937e+00 -1.064189999999999969e+01
4.447709999999999830e+00 -1.052909999999999968e+01
4.452709999999999724e+00 -1.041590000000000060e+01
4.457710000000000505e+00 -1.030250000000000021e+01
4.462709999999999511e+00 -1.018839999999999968e+01
4.467710000000000292e+00 -1.007409999999999961e+01
4.472710000000000186e+00 -9.959300000000000708e+00
4.477710000000000079e+00 -9.844099999999999184e+00
4.482709999999999972e+00 -9.728400000000000603e+00
4.487709999999999866e+00 -9.612199999999999633e+00
4.492709999999999759e+00 -9.495699999999999363e+00
4.497709999999999653e+00 -9.378600000000000492e+00
4.502710000000000434e+00 -9.260999999999999233e+00
4.507709999999999440e+00 -9.142799999999999372e+00
4.512710000000000221e+00 -9.024100000000000676e+00
4.517710000000000115e+00 -8.904999999999999361e+00
4.522710000000000008e+00 -8.785299999999999443e+00
4.527709999999999901e+00 -8.664999999999999147e+00
4.532709999999999795e+00 -8.544100000000000250e+00
4.537710000000000576e+00 -8.422499999999999432e+00
4.542709999999999582e+00 -8.300599999999999312e+00
4.547710000000000363e+00 -8.177899999999999281e+00
