3.960000000000000187e-01 8.365420000000000300e+01
3.977100000000000080e-01 8.433419999999999561e+01
4.027100000000000124e-01 8.445770000000000266e+01
4.077100000000000168e-01 8.442180000000000462e+01
4.127100000000000213e-01 8.426760000000000161e+01
4.177100000000000257e-01 8.401510000000000389e+01
4.227099999999999747e-01 8.368949999999999534e+01
4.277099999999999791e-01 8.331399999999999295e+01
4.327099999999999835e-01 8.290659999999999741e+01
4.377099999999999880e-01 8.247910000000000252e+01
4.427099999999999924e-01 8.203860000000000241e+01
4.477099999999999969e-01 8.158939999999999770e+01
4.527100000000000013e-01 8.113360000000000127e+01
4.577100000000000057e-01 8.067260000000000275e+01
4.627100000000000102e-01 8.020730000000000359e+01
4.677100000000000146e-01 7.973829999999999529e+01
4.727100000000000191e-01 7.926609999999999445e+01
4.777099999999999680e-01 7.879130000000000678e+01
4.827099999999999724e-01 7.831480000000000530e+01
4.877099999999999769e-01 7.783729999999999905e+01
4.927099999999999813e-01 7.735930000000000462e+01
4.977099999999999858e-01 7.688179999999999836e+01
5.027099999999999902e-01 7.640529999999999688e+01
5.077099999999999946e-01 7.593030000000000257e+01
5.127099999999999991e-01 7.545749999999999602e+01
5.177100000000000035e-01 7.498709999999999809e+01
5.227100000000000080e-01 7.451959999999999695e+01
5.277100000000000124e-01 7.405519999999999925e+01
5.327100000000000168e-01 7.359399999999999409e+01
5.377100000000000213e-01 7.313620000000000232e+01
5.427100000000000257e-01 7.268179999999999552e+01
5.477099999999999191e-01 7.223090000000000543e+01
5.527100000000000346e-01 7.178350000000000364e+01
5.577099999999999280e-01 7.133950000000000102e+01
5.627099999999999325e-01 7.089879999999999427e+01
5.677099999999999369e-01 7.046150000000000091e+01
5.727099999999999413e-01 7.002750000000000341e+01
5.777099999999999458e-01 6.959669999999999845e+01
5.827099999999999502e-01 6.916899999999999693e+01
5.877099999999999547e-01 6.874450000000000216e+01
5.927099999999999591e-01 6.832309999999999661e+01
5.977099999999999635e-01 6.790479999999999450e+01
6.027099999999999680e-01 6.748950000000000671e+01
6.077099999999999724e-01 6.707720000000000482e+01
6.127099999999999769e-01 6.666790000000000305e+01
6.177099999999999813e-01 6.626149999999999807e+01
6.227099999999999858e-01 6.585819999999999652e+01
6.277099999999999902e-01 6.545780000000000598e+01
6.327099999999999946e-01 6.506040000000000134e+01
6.377099999999999991e-01 6.466589999999999350e+01
6.427100000000000035e-01 6.427439999999999998e+01
6.477100000000000080e-01 6.388589999999999947e+01
6.527099999999999014e-01 6.350030000000000285e+01
6.577100000000000168e-01 6.311760000000000304e+01
6.627099999999999103e-01 6.273790000000000333e+01
6.677100000000000257e-01 6.236119999999999663e+01
6.727099999999999191e-01 6.198740000000000094e+01
6.777100000000000346e-01 6.161650000000000205e+01
6.827099999999999280e-01 6.124849999999999994e+01
6.877100000000000435e-01 6.088340000000000174e+01
6.927099999999999369e-01 6.052120000000000033e+01
6.977100000000000524e-01 6.016190000000000282e+01
7.027099999999999458e-01 5.980539999999999878e+01
7.077100000000000612e-01 5.945170000000000243e+01
7.127099999999999547e-01 5.910090000000000288e+01
7.177100000000000701e-01 5.875280000000000058e+01
7.227099999999999635e-01 5.840749999999999886e+01
7.277100000000000790e-01 5.806499999999999773e+01
7.327099999999999724e-01 5.772509999999999764e+01
7.377099999999999769e-01 5.738799999999999812e+01
7.427099999999999813e-01 5.705349999999999966e+01
7.477099999999999858e-01 5.672169999999999845e+01
7.527099999999999902e-01 5.639240000000000208e+01
7.577099999999999946e-01 5.606580000000000297e+01
7.627099999999999991e-01 5.574179999999999779e+01
7.677099999999998925e-01 5.542029999999999745e+01
7.727100000000000080e-01 5.510130000000000194e+01
7.777099999999999014e-01 5.478490000000000038e+01
7.827100000000000168e-01 5.447090000000000032e+01
7.877099999999999103e-01 5.415930000000000177e+01
7.927100000000000257e-01 5.385020000000000095e+01
7.977099999999999191e-01 5.354350000000000165e+01
8.027100000000000346e-01 5.323919999999999675e+01
8.077099999999999280e-01 5.293730000000000047e+01
8.127100000000000435e-01 5.263770000000000238e+01
8.177099999999999369e-01 5.234040000000000248e+01
8.227100000000000524e-01 5.204549999999999699e+01
8.277099999999999458e-01 5.175280000000000058e+01
8.327100000000000612e-01 5.146240000000000236e+01
8.377099999999999547e-01 5.117419999999999902e+01
8.427100000000000701e-01 5.088830000000000098e+01
8.477099999999999635e-01 5.060459999999999781e+01
8.527100000000000790e-01 5.032300000000000040e+01
8.577099999999999724e-01 5.004370000000000118e+01
8.627099999999999769e-01 4.976639999999999731e+01
8.677099999999999813e-01 4.949139999999999873e+01
8.727099999999999858e-01 4.921840000000000259e+01
8.777099999999999902e-01 4.894760000000000133e+01
8.827099999999999946e-01 4.867880000000000251e+01
8.877099999999999991e-01 4.841210000000000235e+01
8.927099999999998925e-01 4.814750000000000085e+01
8.977100000000000080e-01 4.788490000000000180e+01
9.027099999999999014e-01 4.762429999999999808e+01
9.077100000000000168e-01 4.736569999999999681e+01
9.127099999999999103e-01 4.710909999999999798e+01
9.177100000000000257e-01 4.685450000000000159e+01
9.227099999999999191e-01 4.660179999999999723e+01
9.277100000000000346e-01 4.635099999999999909e+01
9.327099999999999280e-01 4.610220000000000340e+01
9.377100000000000435e-01 4.585529999999999973e+01
9.427099999999999369e-01 4.561030000000000229e+01
9.477100000000000524e-01 4.536719999999999686e+01
9.527099999999999458e-01 4.512590000000000146e+01
9.577100000000000612e-01 4.488649999999999807e+01
9.627099999999999547e-01 4.464880000000000138e+01
9.677100000000000701e-01 4.441299999999999670e+01
9.727099999999999635e-01 4.417900000000000205e+01
9.777100000000000790e-01 4.394680000000000319e+01
9.827099999999999724e-01 4.371629999999999683e+01
9.877099999999998658e-01 4.348760000000000048e+01
9.927099999999999813e-01 4.326059999999999661e+01
9.977099999999998747e-01 4.303540000000000276e+01
1.002709999999999990e+00 4.281179999999999808e+01
1.007709999999999884e+00 4.258990000000000009e+01
1.012709999999999999e+00 4.236970000000000169e+01
1.017709999999999892e+00 4.215109999999999957e+01
1.022710000000000008e+00 4.193419999999999703e+01
1.027709999999999901e+00 4.171889999999999787e+01
1.032710000000000017e+00 4.150520000000000209e+01
1.037709999999999910e+00 4.129310000000000258e+01
1.042710000000000026e+00 4.108259999999999934e+01
1.047709999999999919e+00 4.087360000000000326e+01
1.052710000000000035e+00 4.066620000000000346e+01
1.057709999999999928e+00 4.046029999999999660e+01
1.062710000000000043e+00 4.025589999999999691e+01
1.067709999999999937e+00 4.005299999999999727e+01
1.072710000000000052e+00 3.985159999999999769e+01
1.077709999999999946e+00 3.965169999999999817e+01
1.082710000000000061e+00 3.945320000000000249e+01
1.087709999999999955e+00 3.925610000000000355e+01
1.092710000000000070e+00 3.906049999999999756e+01
1.097709999999999964e+00 3.886630000000000251e+01
1.102710000000000079e+00 3.867340000000000089e+01
1.107709999999999972e+00 3.848199999999999932e+01
1.112709999999999866e+00 3.829180000000000206e+01
1.117709999999999981e+00 3.810309999999999775e+01
1.122709999999999875e+00 3.791570000000000107e+01
1.127709999999999990e+00 3.772950000000000159e+01
1.132709999999999884e+00 3.754469999999999885e+01
1.137709999999999999e+00 3.736119999999999663e+01
1.142709999999999892e+00 3.717889999999999873e+01
1.147710000000000008e+00 3.699790000000000134e+01
1.152709999999999901e+00 3.681819999999999737e+01
1.157710000000000017e+00 3.663969999999999771e+01
1.162709999999999910e+00 3.646229999999999905e+01
1.167710000000000026e+00 3.628620000000000090e+01
1.172709999999999919e+00 3.611129999999999995e+01
1.177710000000000035e+00 3.593760000000000332e+01
1.182709999999999928e+00 3.576500000000000057e+01
1.187710000000000043e+00 3.559349999999999881e+01
1.192709999999999937e+00 3.542320000000000135e+01
1.197710000000000052e+00 3.525399999999999778e+01
1.202709999999999946e+00 3.508599999999999852e+01
1.207710000000000061e+00 3.491899999999999693e+01
1.212709999999999955e+00 3.475310000000000343e+01
1.217710000000000070e+00 3.458820000000000050e+01
1.222709999999999964e+00 3.442439999999999856e+01
1.227710000000000079e+00 3.426169999999999760e+01
1.232709999999999972e+00 3.410000000000000142e+01
1.237709999999999866e+00 3.393930000000000291e+01
1.242709999999999981e+00 3.377969999999999828e+01
1.247709999999999875e+00 3.362100000000000222e+01
1.252709999999999990e+00 3.346329999999999671e+01
1.257709999999999884e+00 3.330660000000000309e+01
1.262709999999999999e+00 3.315079999999999671e+01
1.267709999999999892e+00 3.299600000000000222e+01
1.272710000000000008e+00 3.284210000000000207e+01
1.277709999999999901e+00 3.268919999999999959e+01
1.282710000000000017e+00 3.253719999999999857e+01
1.287709999999999910e+00 3.238609999999999900e+01
1.292710000000000026e+00 3.223590000000000089e+01
1.297709999999999919e+00 3.208650000000000091e+01
1.302710000000000035e+00 3.193809999999999860e+01
1.307709999999999928e+00 3.179050000000000153e+01
1.312710000000000043e+00 3.164379999999999882e+01
1.317709999999999937e+00 3.149790000000000134e+01
1.322710000000000052e+00 3.135290000000000177e+01
1.327709999999999946e+00 3.120870000000000033e+01
1.332710000000000061e+00 3.106530000000000058e+01
1.337709999999999955e+00 3.092269999999999897e+01
1.342710000000000070e+00 3.078089999999999904e+01
1.347709999999999964e+00 3.064000000000000057e+01
1.352710000000000079e+00 3.049980000000000047e+01
1.357709999999999972e+00 3.036039999999999850e+01
1.362709999999999866e+00 3.022169999999999845e+01
1.367709999999999981e+00 3.008380000000000010e+01
1.372709999999999875e+00 2.994669999999999987e+01
1.377709999999999990e+00 2.981030000000000157e+01
1.382709999999999884e+00 2.967460000000000164e+01
1.387709999999999999e+00 2.953969999999999985e+01
1.392709999999999892e+00 2.940549999999999997e+01
1.397710000000000008e+00 2.927199999999999847e+01
1.402709999999999901e+00 2.913929999999999865e+01
1.407710000000000017e+00 2.900720000000000098e+01
1.412710000000000132e+00 2.887580000000000169e+01
1.417710000000000026e+00 2.874510000000000076e+01
1.422709999999999919e+00 2.861510000000000176e+01
1.427710000000000035e+00 2.848570000000000135e+01
1.432709999999999928e+00 2.835699999999999932e+01
1.437710000000000043e+00 2.822899999999999920e+01
1.442709999999999937e+00 2.810160000000000124e+01
1.447710000000000052e+00 2.797490000000000165e+01
1.452709999999999946e+00 2.784890000000000043e+01
1.457710000000000061e+00 2.772340000000000160e+01
1.462709999999999955e+00 2.759860000000000113e+01
1.467710000000000070e+00 2.747439999999999927e+01
1.472709999999999964e+00 2.735089999999999932e+01
1.477710000000000079e+00 2.722790000000000177e+01
1.482709999999999972e+00 2.710559999999999903e+01
1.487709999999999866e+00 2.698389999999999844e+01
1.492709999999999981e+00 2.686270000000000024e+01
1.497710000000000097e+00 2.674220000000000041e+01
1.502709999999999990e+00 2.662229999999999919e+01
1.507709999999999884e+00 2.650290000000000035e+01
1.512709999999999999e+00 2.638410000000000011e+01
1.517710000000000115e+00 2.626589999999999847e+01
1.522710000000000008e+00 2.614829999999999899e+01
1.527709999999999901e+00 2.603119999999999834e+01
1.532710000000000017e+00 2.591469999999999985e+01
1.537710000000000132e+00 2.579879999999999995e+01
1.542710000000000026e+00 2.568339999999999890e+01
1.547709999999999919e+00 2.556850000000000023e+01
1.552710000000000035e+00 2.545420000000000016e+01
1.557709999999999928e+00 2.534049999999999869e+01
1.562710000000000043e+00 2.522729999999999961e+01
1.567709999999999937e+00 2.511459999999999937e+01
1.572710000000000052e+00 2.500250000000000128e+01
1.577709999999999946e+00 2.489089999999999847e+01
1.582710000000000061e+00 2.477980000000000160e+01
1.587709999999999955e+00 2.466920000000000002e+01
1.592710000000000070e+00 2.455920000000000059e+01
1.597709999999999964e+00 2.444960000000000022e+01
1.602710000000000079e+00 2.434059999999999846e+01
1.607709999999999972e+00 2.423209999999999908e+01
1.612710000000000088e+00 2.412409999999999854e+01
1.617709999999999981e+00 2.401660000000000039e+01
1.622710000000000097e+00 2.390960000000000107e+01
1.627709999999999990e+00 2.380310000000000059e+01
1.632710000000000106e+00 2.369709999999999894e+01
1.637709999999999999e+00 2.359159999999999968e+01
1.642710000000000115e+00 2.348659999999999926e+01
1.647710000000000008e+00 2.338200000000000145e+01
1.652710000000000123e+00 2.327799999999999869e+01
1.657710000000000017e+00 2.317439999999999856e+01
1.662710000000000132e+00 2.307130000000000081e+01
1.667710000000000026e+00 2.296869999999999834e+01
1.672709999999999919e+00 2.286659999999999826e+01
1.677710000000000035e+00 2.276490000000000080e+01
1.682709999999999928e+00 2.266369999999999862e+01
1.687710000000000043e+00 2.256299999999999883e+01
1.692709999999999937e+00 2.246280000000000143e+01
1.697710000000000052e+00 2.236299999999999955e+01
1.702709999999999946e+00 2.226370000000000005e+01
1.707710000000000061e+00 2.216479999999999961e+01
1.712709999999999955e+00 2.206640000000000157e+01
1.717710000000000070e+00 2.196849999999999881e+01
1.722709999999999964e+00 2.187099999999999866e+01
1.727710000000000079e+00 2.177400000000000091e+01
1.732709999999999972e+00 2.167739999999999867e+01
1.737710000000000088e+00 2.158129999999999882e+01
1.742709999999999981e+00 2.148560000000000159e+01
1.747710000000000097e+00 2.139039999999999964e+01
1.752709999999999990e+00 2.129560000000000031e+01
1.757710000000000106e+00 2.120129999999999981e+01
1.762709999999999999e+00 2.110739999999999839e+01
1.767710000000000115e+00 2.101399999999999935e+01
1.772710000000000008e+00 2.092099999999999937e+01
1.777710000000000123e+00 2.082839999999999847e+01
1.782710000000000017e+00 2.073629999999999995e+01
1.787710000000000132e+00 2.064460000000000051e+01
1.792710000000000026e+00 2.055339999999999989e+01
1.797709999999999919e+00 2.046259999999999835e+01
1.802710000000000035e+00 2.037219999999999942e+01
1.807709999999999928e+00 2.028229999999999933e+01
1.812710000000000043e+00 2.019269999999999854e+01
1.817709999999999937e+00 2.010369999999999990e+01
1.822710000000000052e+00 2.001500000000000057e+01
1.827709999999999946e+00 1.992680000000000007e+01
1.832710000000000061e+00 1.983899999999999864e+01
1.837709999999999955e+00 1.975169999999999959e+01
1.842710000000000070e+00 1.966469999999999985e+01
1.847709999999999964e+00 1.957819999999999894e+01
1.852710000000000079e+00 1.949220000000000041e+01
1.857709999999999972e+00 1.940650000000000119e+01
1.862710000000000088e+00 1.932130000000000081e+01
1.867709999999999981e+00 1.923649999999999949e+01
1.872710000000000097e+00 1.915210000000000079e+01
1.877709999999999990e+00 1.906810000000000116e+01
1.882710000000000106e+00 1.898460000000000036e+01
1.887709999999999999e+00 1.890139999999999887e+01
1.892710000000000115e+00 1.881869999999999976e+01
1.897710000000000008e+00 1.873639999999999972e+01
1.902710000000000123e+00 1.865459999999999852e+01
1.907710000000000017e+00 1.857310000000000016e+01
1.912710000000000132e+00 1.849210000000000065e+01
1.917710000000000026e+00 1.841150000000000020e+01
1.922709999999999919e+00 1.833119999999999905e+01
1.927710000000000035e+00 1.825150000000000006e+01
1.932709999999999928e+00 1.817210000000000036e+01
1.937710000000000043e+00 1.809309999999999974e+01
1.942709999999999937e+00 1.801460000000000150e+01
1.947710000000000052e+00 1.793639999999999901e+01
1.952709999999999946e+00 1.785869999999999891e+01
1.957710000000000061e+00 1.778140000000000143e+01
1.962709999999999955e+00 1.770449999999999946e+01
1.967710000000000070e+00 1.762800000000000011e+01
1.972709999999999964e+00 1.755189999999999984e+01
1.977710000000000079e+00 1.747619999999999862e+01
1.982709999999999972e+00 1.740090000000000003e+01
1.987710000000000088e+00 1.732600000000000051e+01
1.992709999999999981e+00 1.725159999999999982e+01
1.997710000000000097e+00 1.717749999999999844e+01
2.002709999999999990e+00 1.710389999999999944e+01
2.007710000000000328e+00 1.703069999999999951e+01
2.012710000000000221e+00 1.695779999999999887e+01
2.017710000000000115e+00 1.688540000000000063e+01
2.022710000000000008e+00 1.681340000000000146e+01
2.027709999999999901e+00 1.674180000000000135e+01
2.032709999999999795e+00 1.667050000000000054e+01
2.037710000000000132e+00 1.659969999999999857e+01
2.042710000000000026e+00 1.652929999999999922e+01
2.047709999999999919e+00 1.645929999999999893e+01
2.052710000000000257e+00 1.638970000000000127e+01
2.057710000000000150e+00 1.632049999999999912e+01
2.062710000000000043e+00 1.625169999999999959e+01
2.067709999999999937e+00 1.618329999999999913e+01
2.072709999999999830e+00 1.611530000000000129e+01
2.077709999999999724e+00 1.604769999999999897e+01
2.082710000000000061e+00 1.598049999999999926e+01
2.087709999999999955e+00 1.591370000000000040e+01
2.092710000000000292e+00 1.584730000000000061e+01
2.097710000000000186e+00 1.578139999999999965e+01
2.102710000000000079e+00 1.571579999999999977e+01
2.107709999999999972e+00 1.565060000000000073e+01
2.112709999999999866e+00 1.558580000000000076e+01
2.117709999999999759e+00 1.552139999999999986e+01
2.122710000000000097e+00 1.545739999999999981e+01
2.127709999999999990e+00 1.539380000000000059e+01
2.132710000000000328e+00 1.533060000000000045e+01
2.137710000000000221e+00 1.526769999999999960e+01
2.142710000000000115e+00 1.520529999999999937e+01
2.147710000000000008e+00 1.514329999999999998e+01
2.152709999999999901e+00 1.508169999999999966e+01
2.157709999999999795e+00 1.502050000000000018e+01
2.162710000000000132e+00 1.495969999999999978e+01
2.167710000000000026e+00 1.489930000000000021e+01
2.172709999999999919e+00 1.483919999999999995e+01
2.177710000000000257e+00 1.477960000000000029e+01
2.182710000000000150e+00 1.472039999999999971e+01
2.187710000000000043e+00 1.466150000000000020e+01
2.192709999999999937e+00 1.460309999999999953e+01
2.197709999999999830e+00 1.454509999999999970e+01
2.202709999999999724e+00 1.448739999999999917e+01
2.207710000000000061e+00 1.443019999999999925e+01
2.212709999999999955e+00 1.437330000000000041e+01
2.217710000000000292e+00 1.431690000000000040e+01
2.222710000000000186e+00 1.426079999999999970e+01
2.227710000000000079e+00 1.420509999999999984e+01
2.232709999999999972e+00 1.414990000000000059e+01
2.237709999999999866e+00 1.409500000000000064e+01
2.242709999999999759e+00 1.404059999999999953e+01
2.247710000000000097e+00 1.398649999999999949e+01
2.252709999999999990e+00 1.393280000000000030e+01
2.257710000000000328e+00 1.387959999999999994e+01
2.262710000000000221e+00 1.382670000000000066e+01
2.267710000000000115e+00 1.377420000000000044e+01
2.272710000000000008e+00 1.372220000000000084e+01
2.277709999999999901e+00 1.367050000000000054e+01
2.282709999999999795e+00 1.361930000000000085e+01
2.287710000000000132e+00 1.356840000000000046e+01
2.292710000000000026e+00 1.351789999999999914e+01
2.297709999999999919e+00 1.346790000000000020e+01
2.302710000000000257e+00 1.341830000000000034e+01
2.307710000000000150e+00 1.336899999999999977e+01
2.312710000000000043e+00 1.332019999999999982e+01
2.317709999999999937e+00 1.327169999999999916e+01
2.322709999999999830e+00 1.322369999999999912e+01
2.327709999999999724e+00 1.317609999999999992e+01
2.332710000000000061e+00 1.312889999999999979e+01
2.337709999999999955e+00 1.308210000000000051e+01
2.342710000000000292e+00 1.303580000000000005e+01
2.347710000000000186e+00 1.298980000000000068e+01
2.352710000000000079e+00 1.294420000000000037e+01
2.357709999999999972e+00 1.289910000000000068e+01
2.362709999999999866e+00 1.285440000000000005e+01
2.367709999999999759e+00 1.281010000000000026e+01
2.372710000000000097e+00 1.276619999999999955e+01
2.377709999999999990e+00 1.272279999999999944e+01
2.382710000000000328e+00 1.267970000000000041e+01
2.387710000000000221e+00 1.263710000000000022e+01
2.392710000000000115e+00 1.259490000000000087e+01
2.397710000000000008e+00 1.255320000000000036e+01
2.402709999999999901e+00 1.251190000000000069e+01
2.407709999999999795e+00 1.247100000000000009e+01
2.412709999999999688e+00 1.243050000000000033e+01
2.417710000000000026e+00 1.239049999999999940e+01
2.422710000000000363e+00 1.235089999999999932e+01
2.427710000000000257e+00 1.231170000000000009e+01
2.432710000000000150e+00 1.227299999999999969e+01
2.437710000000000043e+00 1.223479999999999990e+01
2.442709999999999937e+00 1.219699999999999918e+01
2.447709999999999830e+00 1.215959999999999930e+01
2.452709999999999724e+00 1.212270000000000003e+01
2.457709999999999617e+00 1.208629999999999960e+01
2.462710000000000399e+00 1.205030000000000001e+01
2.467710000000000292e+00 1.201469999999999949e+01
2.472710000000000186e+00 1.197959999999999958e+01
2.477710000000000079e+00 1.194500000000000028e+01
2.482709999999999972e+00 1.191089999999999982e+01
2.487709999999999866e+00 1.187720000000000020e+01
2.492709999999999759e+00 1.184399999999999942e+01
2.497709999999999653e+00 1.181129999999999924e+01
2.502709999999999990e+00 1.177909999999999968e+01
2.507710000000000328e+00 1.174740000000000073e+01
2.512710000000000221e+00 1.171610000000000085e+01
2.517710000000000115e+00 1.168539999999999957e+01
2.522710000000000008e+00 1.165509999999999913e+01
2.527709999999999901e+00 1.162529999999999930e+01
2.532709999999999795e+00 1.159609999999999985e+01
2.537709999999999688e+00 1.156729999999999947e+01
2.542710000000000026e+00 1.153909999999999947e+01
2.547710000000000363e+00 1.151140000000000008e+01
2.552710000000000257e+00 1.148419999999999952e+01
2.557710000000000150e+00 1.145749999999999957e+01
2.562710000000000043e+00 1.143140000000000001e+01
2.567709999999999937e+00 1.140579999999999927e+01
2.572709999999999830e+00 1.138069999999999915e+01
2.577709999999999724e+00 1.135619999999999941e+01
2.582709999999999617e+00 1.133230000000000004e+01
2.587710000000000399e+00 1.130889999999999951e+01
2.592710000000000292e+00 1.128599999999999959e+01
2.597710000000000186e+00 1.126370000000000005e+01
2.602710000000000079e+00 1.124200000000000088e+01
2.607709999999999972e+00 1.122090000000000032e+01
2.612709999999999866e+00 1.120030000000000037e+01
2.617709999999999759e+00 1.118040000000000056e+01
2.622709999999999653e+00 1.116099999999999959e+01
2.627709999999999990e+00 1.114220000000000077e+01
2.632710000000000328e+00 1.112410000000000032e+01
2.637710000000000221e+00 1.110650000000000048e+01
2.642710000000000115e+00 1.108960000000000079e+01
2.647710000000000008e+00 1.107319999999999993e+01
2.652709999999999901e+00 1.105760000000000076e+01
2.657709999999999795e+00 1.104250000000000043e+01
2.662709999999999688e+00 1.102810000000000024e+01
2.667710000000000026e+00 1.101430000000000042e+01
2.672710000000000363e+00 1.100120000000000076e+01
2.677710000000000257e+00 1.098869999999999969e+01
2.682710000000000150e+00 1.097700000000000031e+01
2.687710000000000043e+00 1.096579999999999977e+01
2.692709999999999937e+00 1.095539999999999914e+01
2.697709999999999830e+00 1.094560000000000066e+01
2.702709999999999724e+00 1.093650000000000055e+01
2.707709999999999617e+00 1.092810000000000059e+01
2.712710000000000399e+00 1.092029999999999923e+01
2.717710000000000292e+00 1.091329999999999956e+01
2.722710000000000186e+00 1.090690000000000026e+01
2.727710000000000079e+00 1.090119999999999933e+01
2.732709999999999972e+00 1.089610000000000056e+01
2.737709999999999866e+00 1.089170000000000016e+01
2.742709999999999759e+00 1.088799999999999990e+01
2.747709999999999653e+00 1.088480000000000025e+01
2.752709999999999990e+00 1.088230000000000075e+01
2.757710000000000328e+00 1.088020000000000032e+01
2.762710000000000221e+00 1.087850000000000072e+01
2.767710000000000115e+00 1.087710000000000043e+01
2.772710000000000008e+00 1.087579999999999991e+01
2.777709999999999901e+00 1.087429999999999986e+01
2.782709999999999795e+00 1.087199999999999989e+01
2.787709999999999688e+00 1.086810000000000009e+01
2.792710000000000026e+00 1.086059999999999981e+01
2.797710000000000363e+00 1.084549999999999947e+01
2.802710000000000257e+00 1.081179999999999986e+01
2.807710000000000150e+00 1.071219999999999928e+01
2.812710000000000043e+00 9.779600000000000293e+00
2.817709999999999937e+00 -7.860009999999999764e+01
2.822709999999999830e+00 -7.882930000000000348e+01
2.827709999999999724e+00 -7.888120000000000687e+01
2.832709999999999617e+00 -7.889730000000000132e+01
2.837710000000000399e+00 -7.889939999999999998e+01
2.842710000000000292e+00 -7.889430000000000121e+01
2.847710000000000186e+00 -7.888479999999999848e+01
2.852710000000000079e+00 -7.887199999999999989e+01
2.857709999999999972e+00 -7.885680000000000689e+01
2.862709999999999866e+00 -7.883950000000000102e+01
2.867709999999999759e+00 -7.882040000000000646e+01
2.872709999999999653e+00 -7.879949999999999477e+01
2.877709999999999990e+00 -7.877710000000000434e+01
2.882710000000000328e+00 -7.875320000000000675e+01
2.887710000000000221e+00 -7.872769999999999868e+01
2.892710000000000115e+00 -7.870090000000000430e+01
2.897710000000000008e+00 -7.867249999999999943e+01
2.902709999999999901e+00 -7.864279999999999404e+01
2.907709999999999795e+00 -7.861159999999999570e+01
2.912709999999999688e+00 -7.857899999999999352e+01
2.917710000000000026e+00 -7.854489999999999839e+01
2.922710000000000363e+00 -7.850929999999999609e+01
2.927710000000000257e+00 -7.847230000000000416e+01
2.932710000000000150e+00 -7.843380000000000507e+01
2.937710000000000043e+00 -7.839379999999999882e+01
2.942709999999999937e+00 -7.835229999999999961e+01
2.947709999999999830e+00 -7.830920000000000414e+01
2.952709999999999724e+00 -7.826449999999999818e+01
2.957709999999999617e+00 -7.821829999999999927e+01
2.962710000000000399e+00 -7.817040000000000077e+01
2.967710000000000292e+00 -7.812090000000000600e+01
2.972710000000000186e+00 -7.806969999999999743e+01
2.977710000000000079e+00 -7.801690000000000680e+01
2.982709999999999972e+00 -7.796229999999999905e+01
2.987709999999999866e+00 -7.790590000000000259e+01
2.992709999999999759e+00 -7.784780000000000655e+01
2.997709999999999653e+00 -7.778789999999999338e+01
3.002709999999999990e+00 -7.772610000000000241e+01
3.007710000000000328e+00 -7.766240000000000521e+01
3.012710000000000221e+00 -7.759690000000000509e+01
3.017710000000000115e+00 -7.752939999999999543e+01
3.022710000000000008e+00 -7.745990000000000464e+01
3.027709999999999901e+00 -7.738840000000000430e+01
3.032709999999999795e+00 -7.731489999999999441e+01
3.037709999999999688e+00 -7.723919999999999675e+01
3.042710000000000026e+00 -7.716150000000000375e+01
3.047710000000000363e+00 -7.708159999999999457e+01
3.052710000000000257e+00 -7.699949999999999761e+01
3.057710000000000150e+00 -7.691509999999999536e+01
3.062710000000000043e+00 -7.682850000000000534e+01
3.067709999999999937e+00 -7.673959999999999582e+01
3.072709999999999830e+00 -7.664830000000000609e+01
3.077709999999999724e+00 -7.655450000000000443e+01
3.082709999999999617e+00 -7.645839999999999748e+01
3.087710000000000399e+00 -7.635970000000000368e+01
3.092710000000000292e+00 -7.625839999999999463e+01
3.097710000000000186e+00 -7.615460000000000207e+01
3.102710000000000079e+00 -7.604819999999999425e+01
3.107709999999999972e+00 -7.593899999999999295e+01
3.112709999999999866e+00 -7.582710000000000150e+01
3.117709999999999759e+00 -7.571240000000000236e+01
3.122709999999999653e+00 -7.559480000000000643e+01
3.127709999999999990e+00 -7.547429999999999950e+01
3.132710000000000328e+00 -7.535089999999999577e+01
3.137710000000000221e+00 -7.522450000000000614e+01
3.142710000000000115e+00 -7.509499999999999886e+01
3.147710000000000008e+00 -7.496229999999999905e+01
3.152709999999999901e+00 -7.482649999999999579e+01
3.157709999999999795e+00 -7.468739999999999668e+01
3.162709999999999688e+00 -7.454510000000000502e+01
3.167710000000000026e+00 -7.439929999999999666e+01
3.172710000000000363e+00 -7.425010000000000332e+01
3.177710000000000257e+00 -7.409739999999999327e+01
3.182710000000000150e+00 -7.394119999999999493e+01
3.187710000000000043e+00 -7.378130000000000166e+01
3.192709999999999937e+00 -7.361769999999999925e+01
3.197709999999999830e+00 -7.345040000000000191e+01
3.202709999999999724e+00 -7.327920000000000300e+01
3.207709999999999617e+00 -7.310410000000000252e+01
3.212710000000000399e+00 -7.292510000000000048e+01
3.217710000000000292e+00 -7.274200000000000443e+01
3.222710000000000186e+00 -7.255480000000000018e+01
3.227710000000000079e+00 -7.236350000000000193e+01
3.232709999999999972e+00 -7.216779999999999973e+01
3.237709999999999866e+00 -7.196790000000000020e+01
3.242709999999999759e+00 -7.176359999999999673e+01
3.247709999999999653e+00 -7.155480000000000018e+01
3.252709999999999990e+00 -7.134139999999999304e+01
3.257710000000000328e+00 -7.112350000000000705e+01
3.262710000000000221e+00 -7.090080000000000382e+01
3.267710000000000115e+00 -7.067340000000000089e+01
3.272710000000000008e+00 -7.044119999999999493e+01
3.277709999999999901e+00 -7.020409999999999684e+01
3.282709999999999795e+00 -6.996200000000000330e+01
3.287709999999999688e+00 -6.971490000000000009e+01
3.292710000000000026e+00 -6.946269999999999811e+01
3.297710000000000363e+00 -6.920539999999999736e+01
3.302710000000000257e+00 -6.894280000000000541e+01
3.307710000000000150e+00 -6.867489999999999384e+01
3.312710000000000043e+00 -6.840170000000000528e+01
3.317709999999999937e+00 -6.812309999999999377e+01
3.322709999999999830e+00 -6.783910000000000196e+01
3.327709999999999724e+00 -6.754959999999999809e+01
3.332709999999999617e+00 -6.725449999999999307e+01
3.337710000000000399e+00 -6.695390000000000441e+01
3.342710000000000292e+00 -6.664759999999999707e+01
3.347710000000000186e+00 -6.633570000000000277e+01
3.352710000000000079e+00 -6.601810000000000400e+01
3.357709999999999972e+00 -6.569480000000000075e+01
3.362709999999999866e+00 -6.536579999999999302e+01
3.367709999999999759e+00 -6.503109999999999502e+01
3.372709999999999653e+00 -6.469070000000000675e+01
3.377709999999999990e+00 -6.434449999999999648e+01
3.382710000000000328e+00 -6.399269999999999925e+01
3.387710000000000221e+00 -6.363519999999999754e+01
3.392710000000000115e+00 -6.327199999999999847e+01
3.397710000000000008e+00 -6.290319999999999823e+01
3.402709999999999901e+00 -6.252879999999999683e+01
3.407709999999999795e+00 -6.214900000000000091e+01
3.412709999999999688e+00 -6.176370000000000005e+01
3.417710000000000026e+00 -6.137299999999999756e+01
3.422710000000000363e+00 -6.097710000000000008e+01
3.427710000000000257e+00 -6.057600000000000051e+01
3.432710000000000150e+00 -6.016980000000000217e+01
3.437710000000000043e+00 -5.975869999999999749e+01
3.442709999999999937e+00 -5.934270000000000067e+01
3.447709999999999830e+00 -5.892210000000000036e+01
3.452709999999999724e+00 -5.849699999999999989e+01
3.457709999999999617e+00 -5.806750000000000256e+01
3.462710000000000399e+00 -5.763380000000000081e+01
3.467710000000000292e+00 -5.719610000000000127e+01
3.472710000000000186e+00 -5.675460000000000349e+01
3.477710000000000079e+00 -5.630949999999999989e+01
3.482709999999999972e+00 -5.586099999999999710e+01
3.487709999999999866e+00 -5.540939999999999799e+01
3.492709999999999759e+00 -5.495490000000000208e+01
3.497709999999999653e+00 -5.449770000000000181e+01
3.502709999999999990e+00 -5.403799999999999670e+01
3.507710000000000328e+00 -5.357620000000000005e+01
3.512710000000000221e+00 -5.311249999999999716e+01
3.517710000000000115e+00 -5.264719999999999800e+01
3.522710000000000008e+00 -5.218039999999999878e+01
3.527709999999999901e+00 -5.171260000000000190e+01
3.532709999999999795e+00 -5.124399999999999977e+01
3.537709999999999688e+00 -5.077479999999999905e+01
3.542710000000000026e+00 -5.030530000000000257e+01
3.547710000000000363e+00 -4.983590000000000231e+01
3.552710000000000257e+00 -4.936679999999999779e+01
3.557710000000000150e+00 -4.889820000000000277e+01
3.562710000000000043e+00 -4.843050000000000210e+01
3.567709999999999937e+00 -4.796390000000000242e+01
3.572709999999999830e+00 -4.749869999999999948e+01
3.577709999999999724e+00 -4.703509999999999991e+01
3.582709999999999617e+00 -4.657339999999999947e+01
3.587710000000000399e+00 -4.611379999999999768e+01
3.592710000000000292e+00 -4.565659999999999741e+01
3.597710000000000186e+00 -4.520190000000000197e+01
3.602710000000000079e+00 -4.475010000000000332e+01
3.607709999999999972e+00 -4.430120000000000147e+01
3.612709999999999866e+00 -4.385549999999999926e+01
3.617709999999999759e+00 -4.341329999999999956e+01
3.622710000000000097e+00 -4.297449999999999903e+01
3.627710000000000434e+00 -4.253960000000000008e+01
3.632710000000000328e+00 -4.210840000000000316e+01
3.637710000000000221e+00 -4.168139999999999645e+01
3.642710000000000115e+00 -4.125840000000000174e+01
3.647710000000000008e+00 -4.083970000000000056e+01
3.652709999999999901e+00 -4.042549999999999955e+01
3.657709999999999795e+00 -4.001570000000000249e+01
3.662710000000000132e+00 -3.961039999999999850e+01
3.667710000000000470e+00 -3.920980000000000132e+01
3.672710000000000363e+00 -3.881389999999999674e+01
3.677710000000000257e+00 -3.842280000000000229e+01
3.682710000000000150e+00 -3.803649999999999665e+01
3.687710000000000043e+00 -3.765509999999999735e+01
3.692709999999999937e+00 -3.727859999999999729e+01
3.697709999999999830e+00 -3.690690000000000026e+01
3.702710000000000168e+00 -3.654019999999999868e+01
3.707710000000000061e+00 -3.617840000000000344e+01
3.712710000000000399e+00 -3.582159999999999656e+01
3.717710000000000292e+00 -3.546959999999999980e+01
3.722710000000000186e+00 -3.512259999999999849e+01
3.727710000000000079e+00 -3.478050000000000352e+01
3.732709999999999972e+00 -3.444319999999999737e+01
3.737709999999999866e+00 -3.411070000000000135e+01
3.742709999999999759e+00 -3.378309999999999746e+01
3.747710000000000097e+00 -3.346020000000000039e+01
3.752710000000000434e+00 -3.314200000000000301e+01
3.757710000000000328e+00 -3.282849999999999824e+01
3.762710000000000221e+00 -3.251970000000000027e+01
3.767710000000000115e+00 -3.221529999999999916e+01
3.772710000000000008e+00 -3.191550000000000153e+01
3.777709999999999901e+00 -3.162020000000000053e+01
3.782709999999999795e+00 -3.132920000000000016e+01
3.787710000000000132e+00 -3.104260000000000019e+01
3.792710000000000470e+00 -3.076020000000000110e+01
3.797710000000000363e+00 -3.048199999999999932e+01
3.802710000000000257e+00 -3.020789999999999864e+01
3.807710000000000150e+00 -2.993789999999999907e+01
3.812710000000000043e+00 -2.967190000000000083e+01
3.817709999999999937e+00 -2.940990000000000038e+01
3.822709999999999830e+00 -2.915159999999999840e+01
3.827710000000000168e+00 -2.889720000000000155e+01
3.832710000000000061e+00 -2.864649999999999963e+01
3.837710000000000399e+00 -2.839939999999999998e+01
3.842710000000000292e+00 -2.815589999999999904e+01
3.847710000000000186e+00 -2.791590000000000060e+01
3.852710000000000079e+00 -2.767930000000000135e+01
3.857709999999999972e+00 -2.744610000000000127e+01
3.862709999999999866e+00 -2.721620000000000061e+01
3.867709999999999759e+00 -2.698949999999999960e+01
3.872710000000000097e+00 -2.676599999999999824e+01
3.877710000000000434e+00 -2.654560000000000031e+01
3.882710000000000328e+00 -2.632819999999999894e+01
3.887710000000000221e+00 -2.611370000000000147e+01
3.892710000000000115e+00 -2.590220000000000056e+01
3.897710000000000008e+00 -2.569350000000000023e+01
3.902709999999999901e+00 -2.548750000000000071e+01
3.907709999999999795e+00 -2.528430000000000177e+01
3.912710000000000132e+00 -2.508370000000000033e+01
3.917710000000000470e+00 -2.488569999999999993e+01
3.922710000000000363e+00 -2.469020000000000081e+01
3.927710000000000257e+00 -2.449719999999999942e+01
3.932710000000000150e+00 -2.430659999999999954e+01
3.937710000000000043e+00 -2.411830000000000140e+01
3.942709999999999937e+00 -2.393240000000000123e+01
3.947709999999999830e+00 -2.374859999999999971e+01
3.952710000000000168e+00 -2.356709999999999994e+01
3.957710000000000061e+00 -2.338769999999999882e+01
3.962710000000000399e+00 -2.321039999999999992e+01
3.967710000000000292e+00 -2.303519999999999968e+01
3.972710000000000186e+00 -2.286189999999999856e+01
3.977710000000000079e+00 -2.269059999999999988e+01
3.982709999999999972e+00 -2.252110000000000056e+01
3.987709999999999866e+00 -2.235350000000000037e+01
3.992709999999999759e+00 -2.218769999999999953e+01
3.997710000000000097e+00 -2.202359999999999829e+01
4.002710000000000434e+00 -2.186129999999999995e+01
4.007710000000000328e+00 -2.170060000000000144e+01
4.012710000000000221e+00 -2.154149999999999920e+01
4.017710000000000115e+00 -2.138400000000000034e+01
4.022710000000000008e+00 -2.122800000000000153e+01
4.027709999999999901e+00 -2.107359999999999900e+01
4.032709999999999795e+00 -2.092060000000000031e+01
4.037710000000000576e+00 -2.076899999999999835e+01
4.042710000000000470e+00 -2.061880000000000024e+01
4.047710000000000363e+00 -2.046999999999999886e+01
4.052710000000000257e+00 -2.032239999999999824e+01
4.057710000000000150e+00 -2.017620000000000147e+01
4.062710000000000043e+00 -2.003119999999999834e+01
4.067709999999999937e+00 -1.988739999999999952e+01
4.072709999999999830e+00 -1.974470000000000169e+01
4.077709999999999724e+00 -1.960320000000000107e+01
4.082710000000000505e+00 -1.946280000000000143e+01
4.087710000000000399e+00 -1.932349999999999923e+01
4.092710000000000292e+00 -1.918519999999999825e+01
4.097710000000000186e+00 -1.904799999999999827e+01
4.102710000000000079e+00 -1.891169999999999973e+01
4.107709999999999972e+00 -1.877639999999999887e+01
4.112709999999999866e+00 -1.864199999999999946e+01
4.117709999999999759e+00 -1.850860000000000127e+01
4.122709999999999653e+00 -1.837590000000000146e+01
4.127710000000000434e+00 -1.824419999999999931e+01
4.132710000000000328e+00 -1.811319999999999908e+01
4.137710000000000221e+00 -1.798310000000000031e+01
4.142710000000000115e+00 -1.785369999999999990e+01
4.147710000000000008e+00 -1.772510000000000119e+01
4.152709999999999901e+00 -1.759710000000000107e+01
4.157709999999999795e+00 -1.746989999999999910e+01
4.162710000000000576e+00 -1.734329999999999927e+01
4.167710000000000470e+00 -1.721740000000000137e+01
4.172710000000000363e+00 -1.709209999999999852e+01
4.177710000000000257e+00 -1.696740000000000137e+01
4.182710000000000150e+00 -1.684329999999999927e+01
4.187710000000000043e+00 -1.671969999999999956e+01
4.192709999999999937e+00 -1.659669999999999845e+01
4.197709999999999830e+00 -1.647419999999999973e+01
4.202709999999999724e+00 -1.635210000000000008e+01
4.207710000000000505e+00 -1.623059999999999903e+01
4.212710000000000399e+00 -1.610950000000000060e+01
4.217710000000000292e+00 -1.598879999999999946e+01
4.222710000000000186e+00 -1.586849999999999916e+01
4.227710000000000079e+00 -1.574859999999999971e+01
4.232709999999999972e+00 -1.562909999999999933e+01
4.237709999999999866e+00 -1.550990000000000002e+01
4.242709999999999759e+00 -1.539109999999999978e+01
4.247709999999999653e+00 -1.527260000000000062e+01
4.252710000000000434e+00 -1.515440000000000076e+01
4.257710000000000328e+00 -1.503640000000000043e+01
4.262710000000000221e+00 -1.491869999999999941e+01
4.267710000000000115e+00 -1.480129999999999946e+01
4.272710000000000008e+00 -1.468399999999999928e+01
4.277709999999999901e+00 -1.456700000000000017e+01
4.282709999999999795e+00 -1.445020000000000060e+01
4.287710000000000576e+00 -1.433350000000000080e+01
4.292710000000000470e+00 -1.421700000000000053e+01
4.297710000000000363e+00 -1.410060000000000002e+01
4.302710000000000257e+00 -1.398440000000000083e+01
4.307710000000000150e+00 -1.386829999999999963e+01
4.312710000000000043e+00 -1.375220000000000020e+01
4.317709999999999937e+00 -1.363620000000000054e+01
4.322709999999999830e+00 -1.352030000000000065e+01
4.327709999999999724e+00 -1.340440000000000076e+01
4.332710000000000505e+00 -1.328860000000000063e+01
4.337710000000000399e+00 -1.317280000000000051e+01
4.342710000000000292e+00 -1.305690000000000062e+01
4.347710000000000186e+00 -1.294100000000000072e+01
4.352710000000000079e+00 -1.282510000000000083e+01
4.357709999999999972e+00 -1.270919999999999916e+01
4.362709999999999866e+00 -1.259319999999999951e+01
4.367709999999999759e+00 -1.247710000000000008e+01
4.372709999999999653e+00 -1.236090000000000089e+01
4.377710000000000434e+00 -1.224460000000000015e+01
4.382710000000000328e+00 -1.212819999999999965e+01
4.387710000000000221e+00 -1.201169999999999938e+01
4.392710000000000115e+00 -1.189499999999999957e+01
4.397710000000000008e+00 -1.177810000000000024e+01
4.402709999999999901e+00 -1.166099999999999959e+01
4.407709999999999795e+00 -1.154379999999999917e+01
4.412710000000000576e+00 -1.142639999999999922e+01
4.417709999999999582e+00 -1.130869999999999997e+01
4.422710000000000363e+00 -1.119079999999999941e+01
4.427709999999999368e+00 -1.107259999999999955e+01
4.432710000000000150e+00 -1.095420000000000016e+01
4.437710000000000043e+00 -1.083549999999999969e+01
4.442709999999999937e+00 -1.071659999999999968e+01
4.447709999999999830e+00 -1.059730000000000061e+01
4.452709999999999724e+00 -1.047770000000000046e+01
4.457710000000000505e+00 -1.035779999999999923e+01
4.462709999999999511e+00 -1.023750000000000071e+01
4.467710000000000292e+00 -1.011689999999999934e+01
4.472710000000000186e+00 -9.996000000000000441e+00
4.477710000000000079e+00 -9.874599999999999156e+00
4.482709999999999972e+00 -9.752900000000000347e+00
4.487709999999999866e+00 -9.630699999999999150e+00
4.492709999999999759e+00 -9.508100000000000662e+00
4.497709999999999653e+00 -9.385099999999999554e+00
4.502710000000000434e+00 -9.261699999999999378e+00
4.507709999999999440e+00 -9.137800000000000367e+00
4.512710000000000221e+00 -9.013500000000000512e+00
4.517710000000000115e+00 -8.888600000000000279e+00
4.522710000000000008e+00 -8.763299999999999201e+00
4.527709999999999901e+00 -8.637499999999999289e+00
4.532709999999999795e+00 -8.511100000000000776e+00
4.537710000000000576e+00 -8.384299999999999642e+00
4.542709999999999582e+00 -8.256899999999999906e+00
4.547710000000000363e+00 -8.128899999999999793e+00
