1.000000000000000021e-02 1.000000000000000000e+00
2.000000000000000042e-02 1.000002999999999975e+00
2.999999999999999889e-02 1.000000000000000000e+00
4.000000000000000083e-02 1.000002000000000058e+00
5.000000000000000278e-02 1.000002000000000058e+00
5.999999999999999778e-02 1.000000999999999918e+00
7.000000000000000666e-02 1.000000000000000000e+00
8.000000000000000167e-02 1.000000999999999918e+00
8.999999999999999667e-02 1.000002000000000058e+00
1.000000000000000056e-01 1.000002000000000058e+00
1.100000000000000006e-01 1.000000999999999918e+00
1.199999999999999956e-01 1.000000999999999918e+00
1.300000000000000044e-01 1.000000000000000000e+00
1.400000000000000133e-01 1.000000000000000000e+00
1.499999999999999944e-01 1.000000000000000000e+00
1.600000000000000033e-01 1.000000999999999918e+00
1.700000000000000122e-01 1.000000999999999918e+00
1.799999999999999933e-01 1.000000999999999918e+00
1.900000000000000022e-01 1.000000999999999918e+00
2.000000000000000111e-01 1.000000999999999918e+00
2.099999999999999922e-01 1.000000999999999918e+00
2.200000000000000011e-01 1.000000999999999918e+00
2.300000000000000100e-01 1.000000000000000000e+00
2.399999999999999911e-01 1.000000000000000000e+00
2.500000000000000000e-01 1.000000000000000000e+00
2.600000000000000089e-01 1.000000000000000000e+00
2.700000000000000178e-01 1.000000000000000000e+00
2.800000000000000266e-01 1.000000000000000000e+00
2.899999999999999800e-01 1.000000000000000000e+00
2.999999999999999889e-01 1.000000999999999918e+00
3.099999999999999978e-01 1.000000999999999918e+00
3.200000000000000067e-01 1.000000999999999918e+00
3.300000000000000155e-01 1.000000999999999918e+00
3.400000000000000244e-01 1.000000999999999918e+00
3.499999999999999778e-01 1.000000999999999918e+00
3.599999999999999867e-01 1.000000999999999918e+00
3.699999999999999956e-01 1.000000999999999918e+00
3.800000000000000044e-01 1.000000999999999918e+00
3.900000000000000133e-01 1.000000000000000000e+00
4.000000000000000222e-01 1.000000000000000000e+00
4.099999999999999756e-01 1.000000000000000000e+00
4.199999999999999845e-01 1.000000000000000000e+00
4.299999999999999933e-01 1.000000000000000000e+00
4.400000000000000022e-01 1.000000000000000000e+00
4.500000000000000111e-01 1.000000000000000000e+00
4.600000000000000200e-01 1.000000000000000000e+00
4.699999999999999734e-01 1.000000000000000000e+00
4.799999999999999822e-01 1.000000000000000000e+00
4.899999999999999911e-01 1.000000000000000000e+00
5.000000000000000000e-01 1.000000000000000000e+00
5.100000000000000089e-01 1.000000000000000000e+00
5.200000000000000178e-01 1.000000000000000000e+00
5.300000000000000266e-01 1.000000000000000000e+00
5.400000000000000355e-01 1.000000000000000000e+00
5.500000000000000444e-01 1.000000000000000000e+00
5.600000000000000533e-01 1.000000000000000000e+00
5.699999999999999512e-01 1.000000000000000000e+00
5.799999999999999600e-01 1.000000000000000000e+00
5.899999999999999689e-01 1.000000000000000000e+00
5.999999999999999778e-01 1.000000000000000000e+00
6.099999999999999867e-01 1.000000000000000000e+00
6.199999999999999956e-01 1.000000000000000000e+00
6.300000000000000044e-01 1.000000000000000000e+00
6.400000000000000133e-01 1.000000000000000000e+00
6.500000000000000222e-01 1.000000000000000000e+00
6.600000000000000311e-01 1.000000000000000000e+00
6.700000000000000400e-01 1.000000000000000000e+00
6.800000000000000488e-01 1.000000000000000000e+00
6.899999999999999467e-01 1.000000000000000000e+00
6.999999999999999556e-01 1.000000000000000000e+00
7.099999999999999645e-01 1.000000000000000000e+00
7.199999999999999734e-01 1.000000000000000000e+00
7.299999999999999822e-01 1.000000000000000000e+00
7.399999999999999911e-01 1.000000000000000000e+00
7.500000000000000000e-01 1.000000000000000000e+00
7.600000000000000089e-01 1.000000000000000000e+00
7.700000000000000178e-01 1.000000000000000000e+00
7.800000000000000266e-01 1.000000000000000000e+00
7.900000000000000355e-01 1.000000000000000000e+00
8.000000000000000444e-01 1.000000000000000000e+00
8.100000000000000533e-01 1.000000000000000000e+00
8.199999999999999512e-01 1.000000000000000000e+00
8.299999999999999600e-01 1.000000000000000000e+00
8.399999999999999689e-01 1.000000000000000000e+00
8.499999999999999778e-01 1.000000000000000000e+00
8.599999999999999867e-01 1.000000000000000000e+00
8.699999999999999956e-01 1.000000000000000000e+00
8.800000000000000044e-01 1.000000000000000000e+00
8.900000000000000133e-01 1.000000000000000000e+00
9.000000000000000222e-01 1.000000000000000000e+00
9.100000000000000311e-01 1.000000000000000000e+00
9.200000000000000400e-01 1.000000000000000000e+00
9.300000000000000488e-01 1.000000000000000000e+00
9.399999999999999467e-01 1.000000000000000000e+00
9.499999999999999556e-01 1.000000000000000000e+00
9.599999999999999645e-01 1.000000000000000000e+00
9.699999999999999734e-01 1.000000000000000000e+00
9.799999999999999822e-01 1.000000000000000000e+00
9.899999999999999911e-01 1.000000000000000000e+00
1.000000000000000000e+00 1.000000000000000000e+00
1.010000000000000009e+00 1.000000000000000000e+00
1.020000000000000018e+00 1.000000000000000000e+00
1.030000000000000027e+00 1.000000000000000000e+00
1.040000000000000036e+00 1.000000000000000000e+00
1.050000000000000044e+00 1.000000000000000000e+00
1.060000000000000053e+00 1.000000000000000000e+00
1.070000000000000062e+00 1.000000000000000000e+00
1.080000000000000071e+00 1.000000000000000000e+00
1.090000000000000080e+00 1.000000000000000000e+00
1.100000000000000089e+00 1.000000000000000000e+00
1.110000000000000098e+00 1.000000000000000000e+00
1.120000000000000107e+00 1.000000000000000000e+00
1.129999999999999893e+00 1.000000000000000000e+00
1.139999999999999902e+00 1.000000000000000000e+00
1.149999999999999911e+00 1.000000000000000000e+00
1.159999999999999920e+00 1.000000000000000000e+00
1.169999999999999929e+00 1.000000000000000000e+00
1.179999999999999938e+00 1.000000000000000000e+00
1.189999999999999947e+00 1.000000000000000000e+00
1.199999999999999956e+00 1.000000000000000000e+00
1.209999999999999964e+00 1.000000000000000000e+00
1.219999999999999973e+00 1.000000000000000000e+00
1.229999999999999982e+00 1.000000000000000000e+00
1.239999999999999991e+00 1.000000000000000000e+00
1.250000000000000000e+00 1.000000000000000000e+00
1.260000000000000009e+00 1.000000000000000000e+00
1.270000000000000018e+00 1.000000000000000000e+00
1.280000000000000027e+00 1.000000000000000000e+00
1.290000000000000036e+00 1.000000000000000000e+00
1.300000000000000044e+00 1.000000000000000000e+00
1.310000000000000053e+00 1.000000000000000000e+00
1.320000000000000062e+00 1.000000000000000000e+00
1.330000000000000071e+00 1.000000000000000000e+00
1.340000000000000080e+00 1.000000000000000000e+00
1.350000000000000089e+00 1.000000000000000000e+00
1.360000000000000098e+00 1.000000000000000000e+00
1.370000000000000107e+00 1.000000000000000000e+00
1.379999999999999893e+00 1.000000000000000000e+00
1.389999999999999902e+00 1.000000000000000000e+00
1.399999999999999911e+00 1.000000000000000000e+00
1.409999999999999920e+00 1.000000000000000000e+00
1.419999999999999929e+00 1.000000000000000000e+00
1.429999999999999938e+00 1.000000000000000000e+00
1.439999999999999947e+00 1.000000000000000000e+00
1.449999999999999956e+00 1.000000000000000000e+00
1.459999999999999964e+00 1.000000000000000000e+00
1.469999999999999973e+00 1.000000000000000000e+00
1.479999999999999982e+00 1.000000000000000000e+00
1.489999999999999991e+00 1.000000000000000000e+00
1.500000000000000000e+00 1.000000000000000000e+00
1.510000000000000009e+00 1.000000000000000000e+00
1.520000000000000018e+00 1.000000000000000000e+00
1.530000000000000027e+00 1.000000000000000000e+00
1.540000000000000036e+00 1.000000000000000000e+00
1.550000000000000044e+00 1.000000000000000000e+00
1.560000000000000053e+00 1.000000000000000000e+00
1.570000000000000062e+00 1.000000000000000000e+00
1.580000000000000071e+00 1.000000000000000000e+00
1.590000000000000080e+00 1.000000000000000000e+00
1.600000000000000089e+00 1.000000000000000000e+00
1.610000000000000098e+00 1.000000000000000000e+00
1.620000000000000107e+00 1.000000000000000000e+00
1.629999999999999893e+00 1.000000000000000000e+00
1.639999999999999902e+00 1.000000000000000000e+00
1.649999999999999911e+00 1.000000000000000000e+00
1.659999999999999920e+00 1.000000000000000000e+00
1.669999999999999929e+00 1.000000000000000000e+00
1.679999999999999938e+00 1.000000000000000000e+00
1.689999999999999947e+00 1.000000000000000000e+00
1.699999999999999956e+00 1.000000000000000000e+00
1.709999999999999964e+00 1.000000000000000000e+00
1.719999999999999973e+00 1.000000000000000000e+00
1.729999999999999982e+00 1.000000000000000000e+00
1.739999999999999991e+00 1.000000000000000000e+00
1.750000000000000000e+00 1.000000000000000000e+00
1.760000000000000009e+00 1.000000000000000000e+00
1.770000000000000018e+00 1.000000000000000000e+00
1.780000000000000027e+00 1.000000000000000000e+00
1.790000000000000036e+00 1.000000000000000000e+00
1.800000000000000044e+00 1.000000000000000000e+00
1.810000000000000053e+00 1.000000000000000000e+00
1.820000000000000062e+00 1.000000000000000000e+00
1.830000000000000071e+00 1.000000000000000000e+00
1.840000000000000080e+00 1.000000000000000000e+00
1.850000000000000089e+00 1.000000000000000000e+00
1.860000000000000098e+00 1.000000000000000000e+00
1.870000000000000107e+00 1.000000000000000000e+00
1.879999999999999893e+00 1.000000000000000000e+00
1.889999999999999902e+00 1.000000000000000000e+00
1.899999999999999911e+00 1.000000000000000000e+00
1.909999999999999920e+00 1.000000000000000000e+00
1.919999999999999929e+00 1.000000000000000000e+00
1.929999999999999938e+00 1.000000000000000000e+00
1.939999999999999947e+00 1.000000000000000000e+00
1.949999999999999956e+00 1.000000000000000000e+00
1.959999999999999964e+00 1.000000000000000000e+00
1.969999999999999973e+00 1.000000000000000000e+00
1.979999999999999982e+00 1.000000000000000000e+00
1.989999999999999991e+00 1.000000000000000000e+00
2.000000000000000000e+00 1.000000000000000000e+00
2.009999999999999787e+00 1.000000000000000000e+00
2.020000000000000018e+00 1.000000000000000000e+00
2.029999999999999805e+00 1.000000000000000000e+00
2.040000000000000036e+00 1.000000000000000000e+00
2.049999999999999822e+00 1.000000000000000000e+00
2.060000000000000053e+00 1.000000000000000000e+00
2.069999999999999840e+00 1.000000000000000000e+00
2.080000000000000071e+00 1.000000000000000000e+00
2.089999999999999858e+00 1.000000000000000000e+00
2.100000000000000089e+00 1.000000000000000000e+00
2.109999999999999876e+00 1.000000000000000000e+00
2.120000000000000107e+00 1.000000000000000000e+00
2.129999999999999893e+00 1.000000000000000000e+00
2.140000000000000124e+00 1.000000000000000000e+00
2.149999999999999911e+00 1.000000000000000000e+00
2.160000000000000142e+00 1.000000000000000000e+00
2.169999999999999929e+00 1.000000000000000000e+00
2.180000000000000160e+00 1.000000000000000000e+00
2.189999999999999947e+00 1.000000000000000000e+00
2.200000000000000178e+00 1.000000000000000000e+00
2.209999999999999964e+00 1.000000000000000000e+00
2.220000000000000195e+00 1.000000000000000000e+00
2.229999999999999982e+00 1.000000000000000000e+00
2.240000000000000213e+00 1.000000000000000000e+00
2.250000000000000000e+00 1.000000000000000000e+00
2.259999999999999787e+00 1.000000000000000000e+00
2.270000000000000018e+00 1.000000000000000000e+00
2.279999999999999805e+00 1.000000000000000000e+00
2.290000000000000036e+00 1.000000000000000000e+00
2.299999999999999822e+00 1.000000000000000000e+00
2.310000000000000053e+00 1.000000000000000000e+00
2.319999999999999840e+00 1.000000000000000000e+00
2.330000000000000071e+00 1.000000000000000000e+00
2.339999999999999858e+00 1.000000000000000000e+00
2.350000000000000089e+00 1.000000000000000000e+00
2.359999999999999876e+00 1.000000000000000000e+00
2.370000000000000107e+00 1.000000000000000000e+00
2.379999999999999893e+00 1.000000000000000000e+00
2.390000000000000124e+00 1.000000000000000000e+00
2.399999999999999911e+00 1.000000000000000000e+00
2.410000000000000142e+00 1.000000000000000000e+00
2.419999999999999929e+00 1.000000000000000000e+00
2.430000000000000160e+00 1.000000000000000000e+00
2.439999999999999947e+00 1.000000000000000000e+00
2.450000000000000178e+00 1.000000000000000000e+00
2.459999999999999964e+00 1.000000000000000000e+00
2.470000000000000195e+00 1.000000000000000000e+00
2.479999999999999982e+00 1.000000000000000000e+00
2.490000000000000213e+00 1.000000000000000000e+00
2.500000000000000000e+00 1.000000000000000000e+00
2.509999999999999787e+00 1.000000000000000000e+00
2.520000000000000018e+00 1.000000000000000000e+00
2.529999999999999805e+00 1.000000000000000000e+00
2.540000000000000036e+00 1.000000000000000000e+00
2.549999999999999822e+00 1.000000000000000000e+00
2.560000000000000053e+00 1.000000000000000000e+00
2.569999999999999840e+00 1.000000000000000000e+00
2.580000000000000071e+00 1.000000000000000000e+00
2.589999999999999858e+00 1.000000000000000000e+00
2.600000000000000089e+00 1.000000000000000000e+00
2.609999999999999876e+00 1.000000000000000000e+00
2.620000000000000107e+00 1.000000000000000000e+00
2.629999999999999893e+00 1.000000000000000000e+00
2.640000000000000124e+00 1.000000000000000000e+00
2.649999999999999911e+00 1.000000000000000000e+00
2.660000000000000142e+00 1.000000000000000000e+00
2.669999999999999929e+00 1.000000000000000000e+00
2.680000000000000160e+00 1.000000000000000000e+00
2.689999999999999947e+00 1.000000000000000000e+00
2.700000000000000178e+00 1.000000000000000000e+00
2.709999999999999964e+00 1.000000000000000000e+00
2.720000000000000195e+00 1.000000000000000000e+00
2.729999999999999982e+00 1.000000000000000000e+00
2.740000000000000213e+00 1.000000000000000000e+00
2.750000000000000000e+00 1.000000000000000000e+00
2.759999999999999787e+00 1.000000000000000000e+00
2.770000000000000018e+00 1.000000000000000000e+00
2.779999999999999805e+00 1.000000000000000000e+00
2.790000000000000036e+00 1.000000000000000000e+00
2.799999999999999822e+00 1.000000000000000000e+00
2.810000000000000053e+00 1.000000000000000000e+00
2.819999999999999840e+00 1.000000000000000000e+00
2.830000000000000071e+00 1.000000000000000000e+00
2.839999999999999858e+00 1.000000000000000000e+00
2.850000000000000089e+00 1.000000000000000000e+00
2.859999999999999876e+00 1.000000000000000000e+00
2.870000000000000107e+00 1.000000000000000000e+00
2.879999999999999893e+00 1.000000000000000000e+00
2.890000000000000124e+00 1.000000000000000000e+00
2.899999999999999911e+00 1.000000000000000000e+00
2.910000000000000142e+00 1.000000000000000000e+00
2.919999999999999929e+00 1.000000000000000000e+00
2.930000000000000160e+00 1.000000000000000000e+00
2.939999999999999947e+00 1.000000000000000000e+00
2.950000000000000178e+00 1.000000000000000000e+00
2.959999999999999964e+00 1.000000000000000000e+00
2.970000000000000195e+00 1.000000000000000000e+00
2.979999999999999982e+00 1.000000000000000000e+00
2.990000000000000213e+00 1.000000000000000000e+00
3.000000000000000000e+00 1.000000000000000000e+00
3.009999999999999787e+00 1.000000000000000000e+00
3.020000000000000018e+00 9.962689999999999602e-01
3.029999999999999805e+00 9.929780000000000273e-01
3.040000000000000036e+00 9.908599999999999630e-01
3.049999999999999822e+00 9.891990000000000505e-01
3.060000000000000053e+00 9.878029999999999866e-01
3.069999999999999840e+00 9.865869999999999918e-01
3.080000000000000071e+00 9.855049999999999644e-01
3.089999999999999858e+00 9.845270000000000410e-01
3.100000000000000089e+00 9.836329999999999796e-01
3.109999999999999876e+00 9.828090000000000437e-01
3.120000000000000107e+00 9.820449999999999458e-01
3.129999999999999893e+00 9.813319999999999821e-01
3.140000000000000124e+00 9.806639999999999802e-01
3.149999999999999911e+00 9.800360000000000182e-01
3.160000000000000142e+00 9.794429999999999525e-01
3.169999999999999929e+00 9.788829999999999476e-01
3.180000000000000160e+00 9.783509999999999707e-01
3.189999999999999947e+00 9.778449999999999642e-01
3.200000000000000178e+00 9.773640000000000105e-01
3.209999999999999964e+00 9.769050000000000233e-01
3.220000000000000195e+00 9.764659999999999451e-01
3.229999999999999982e+00 9.760459999999999692e-01
3.240000000000000213e+00 9.756439999999999557e-01
3.250000000000000000e+00 9.752579999999999583e-01
3.259999999999999787e+00 9.748879999999999768e-01
3.270000000000000018e+00 9.745319999999999538e-01
3.279999999999999805e+00 9.741900000000000004e-01
3.290000000000000036e+00 9.738599999999999479e-01
3.299999999999999822e+00 9.735430000000000472e-01
3.310000000000000053e+00 9.732370000000000188e-01
3.319999999999999840e+00 9.729419999999999735e-01
3.330000000000000071e+00 9.726569999999999938e-01
3.339999999999999858e+00 9.723819999999999686e-01
3.350000000000000089e+00 9.721159999999999801e-01
3.359999999999999876e+00 9.718590000000000284e-01
3.370000000000000107e+00 9.716099999999999737e-01
3.379999999999999893e+00 9.713699999999999557e-01
3.390000000000000124e+00 9.711370000000000280e-01
3.399999999999999911e+00 9.709109999999999685e-01
3.410000000000000142e+00 9.706930000000000280e-01
3.419999999999999929e+00 9.704810000000000381e-01
3.430000000000000160e+00 9.702760000000000273e-01
3.439999999999999947e+00 9.700769999999999671e-01
3.450000000000000178e+00 9.698839999999999684e-01
3.459999999999999964e+00 9.696970000000000312e-01
3.470000000000000195e+00 9.695160000000000444e-01
3.479999999999999982e+00 9.693399999999999794e-01
3.490000000000000213e+00 9.691689999999999472e-01
3.500000000000000000e+00 9.690029999999999477e-01
3.509999999999999787e+00 9.688419999999999810e-01
3.520000000000000018e+00 9.686860000000000470e-01
3.529999999999999805e+00 9.685340000000000060e-01
3.540000000000000036e+00 9.683869999999999978e-01
3.549999999999999822e+00 9.682439999999999936e-01
3.560000000000000053e+00 9.681049999999999933e-01
3.569999999999999840e+00 9.679699999999999971e-01
3.580000000000000071e+00 9.678400000000000336e-01
3.589999999999999858e+00 9.677130000000000454e-01
3.600000000000000089e+00 9.675890000000000324e-01
3.609999999999999876e+00 9.674690000000000234e-01
3.620000000000000107e+00 9.673530000000000184e-01
3.629999999999999893e+00 9.672399999999999887e-01
3.640000000000000124e+00 9.671309999999999629e-01
3.649999999999999911e+00 9.670239999999999947e-01
3.660000000000000142e+00 9.669210000000000305e-01
3.669999999999999929e+00 9.668210000000000415e-01
3.680000000000000160e+00 9.667240000000000277e-01
3.689999999999999947e+00 9.666299999999999892e-01
3.700000000000000178e+00 9.665380000000000082e-01
3.709999999999999964e+00 9.664500000000000313e-01
3.720000000000000195e+00 9.663640000000000008e-01
3.729999999999999982e+00 9.662809999999999455e-01
3.740000000000000213e+00 9.662009999999999765e-01
3.750000000000000000e+00 9.661229999999999540e-01
3.759999999999999787e+00 9.660469999999999891e-01
3.770000000000000018e+00 9.659739999999999993e-01
3.779999999999999805e+00 9.659029999999999561e-01
3.790000000000000036e+00 9.658349999999999991e-01
3.799999999999999822e+00 9.657689999999999886e-01
3.810000000000000053e+00 9.657050000000000356e-01
3.819999999999999840e+00 9.656439999999999468e-01
3.830000000000000071e+00 9.655850000000000266e-01
3.839999999999999858e+00 9.655270000000000241e-01
3.850000000000000089e+00 9.654719999999999969e-01
3.859999999999999876e+00 9.654190000000000271e-01
3.870000000000000107e+00 9.653680000000000039e-01
3.879999999999999893e+00 9.653190000000000381e-01
3.890000000000000124e+00 9.652720000000000189e-01
3.899999999999999911e+00 9.652269999999999461e-01
3.910000000000000142e+00 9.651830000000000132e-01
3.919999999999999929e+00 9.651420000000000554e-01
3.930000000000000160e+00 9.651020000000000154e-01
3.939999999999999947e+00 9.650640000000000329e-01
3.950000000000000178e+00 9.650279999999999969e-01
3.959999999999999964e+00 9.649940000000000184e-01
3.970000000000000195e+00 9.649609999999999577e-01
3.979999999999999982e+00 9.649299999999999544e-01
3.990000000000000213e+00 9.649010000000000087e-01
4.000000000000000000e+00 9.648729999999999807e-01
4.009999999999999787e+00 9.648470000000000102e-01
4.019999999999999574e+00 9.648219999999999574e-01
4.030000000000000249e+00 9.647989999999999622e-01
4.040000000000000036e+00 9.647780000000000244e-01
4.049999999999999822e+00 9.647580000000000044e-01
4.059999999999999609e+00 9.647400000000000420e-01
4.070000000000000284e+00 9.647229999999999972e-01
4.080000000000000071e+00 9.647069999999999812e-01
4.089999999999999858e+00 9.646930000000000227e-01
4.099999999999999645e+00 9.646810000000000107e-01
4.110000000000000320e+00 9.646700000000000275e-01
4.120000000000000107e+00 9.646599999999999620e-01
4.129999999999999893e+00 9.646519999999999539e-01
4.139999999999999680e+00 9.646449999999999747e-01
4.150000000000000355e+00 9.646390000000000242e-01
4.160000000000000142e+00 9.646350000000000202e-01
4.169999999999999929e+00 9.646320000000000450e-01
4.179999999999999716e+00 9.646299999999999875e-01
4.190000000000000391e+00 9.646299999999999875e-01
4.200000000000000178e+00 9.646310000000000162e-01
4.209999999999999964e+00 9.646329999999999627e-01
4.219999999999999751e+00 9.646360000000000490e-01
4.230000000000000426e+00 9.646409999999999707e-01
4.240000000000000213e+00 9.646470000000000322e-01
4.250000000000000000e+00 9.646540000000000115e-01
4.259999999999999787e+00 9.646630000000000482e-01
4.269999999999999574e+00 9.646719999999999740e-01
4.280000000000000249e+00 9.646829999999999572e-01
4.290000000000000036e+00 9.646949999999999692e-01
4.299999999999999822e+00 9.647080000000000100e-01
4.309999999999999609e+00 9.647229999999999972e-01
4.320000000000000284e+00 9.647379999999999844e-01
4.330000000000000071e+00 9.647550000000000292e-01
4.339999999999999858e+00 9.647729999999999917e-01
4.349999999999999645e+00 9.647919999999999829e-01
4.360000000000000320e+00 9.648120000000000029e-01
4.370000000000000107e+00 9.648330000000000517e-01
4.379999999999999893e+00 9.648560000000000469e-01
4.389999999999999680e+00 9.648790000000000422e-01
4.400000000000000355e+00 9.649039999999999839e-01
4.410000000000000142e+00 9.649290000000000367e-01
4.419999999999999929e+00 9.649560000000000359e-01
4.429999999999999716e+00 9.649839999999999529e-01
4.440000000000000391e+00 9.650130000000000097e-01
4.450000000000000178e+00 9.650429999999999842e-01
4.459999999999999964e+00 9.650750000000000162e-01
4.469999999999999751e+00 9.651070000000000482e-01
4.480000000000000426e+00 9.651399999999999979e-01
4.490000000000000213e+00 9.651750000000000052e-01
4.500000000000000000e+00 9.652100000000000124e-01
4.509999999999999787e+00 9.652469999999999661e-01
4.519999999999999574e+00 9.652849999999999486e-01
4.530000000000000249e+00 9.653230000000000421e-01
4.540000000000000036e+00 9.653629999999999711e-01
4.549999999999999822e+00 9.654040000000000399e-01
4.559999999999999609e+00 9.654460000000000264e-01
4.570000000000000284e+00 9.654890000000000416e-01
4.580000000000000071e+00 9.655329999999999746e-01
4.589999999999999858e+00 9.655780000000000474e-01
4.599999999999999645e+00 9.656240000000000379e-01
4.610000000000000320e+00 9.656709999999999461e-01
4.620000000000000107e+00 9.657189999999999941e-01
4.629999999999999893e+00 9.657679999999999598e-01
4.639999999999999680e+00 9.658189999999999831e-01
4.650000000000000355e+00 9.658700000000000063e-01
4.660000000000000142e+00 9.659219999999999473e-01
4.669999999999999929e+00 9.659759999999999458e-01
4.679999999999999716e+00 9.660300000000000553e-01
4.690000000000000391e+00 9.660860000000000003e-01
4.700000000000000178e+00 9.661419999999999453e-01
4.709999999999999964e+00 9.661999999999999478e-01
4.719999999999999751e+00 9.662589999999999790e-01
4.730000000000000426e+00 9.663180000000000103e-01
4.740000000000000213e+00 9.663789999999999880e-01
4.750000000000000000e+00 9.664409999999999945e-01
4.759999999999999787e+00 9.665040000000000298e-01
4.769999999999999574e+00 9.665679999999999827e-01
4.780000000000000249e+00 9.666329999999999645e-01
4.790000000000000036e+00 9.666979999999999462e-01
4.799999999999999822e+00 9.667649999999999855e-01
4.809999999999999609e+00 9.668330000000000535e-01
4.820000000000000284e+00 9.669029999999999569e-01
4.830000000000000071e+00 9.669729999999999714e-01
4.839999999999999858e+00 9.670440000000000147e-01
4.849999999999999645e+00 9.671159999999999757e-01
4.860000000000000320e+00 9.671889999999999654e-01
4.870000000000000107e+00 9.672640000000000127e-01
4.879999999999999893e+00 9.673389999999999489e-01
4.889999999999999680e+00 9.674160000000000537e-01
4.900000000000000355e+00 9.674930000000000474e-01
4.910000000000000142e+00 9.675719999999999876e-01
4.919999999999999929e+00 9.676510000000000389e-01
4.929999999999999716e+00 9.677320000000000366e-01
4.940000000000000391e+00 9.678130000000000344e-01
4.950000000000000178e+00 9.678959999999999786e-01
4.959999999999999964e+00 9.679799999999999516e-01
4.969999999999999751e+00 9.680649999999999533e-01
4.980000000000000426e+00 9.681509999999999838e-01
4.990000000000000213e+00 9.682380000000000431e-01
5.000000000000000000e+00 9.683260000000000201e-01
5.009999999999999787e+00 9.684150000000000258e-01
5.019999999999999574e+00 9.685049999999999493e-01
5.030000000000000249e+00 9.685960000000000125e-01
5.040000000000000036e+00 9.686890000000000223e-01
5.049999999999999822e+00 9.687820000000000320e-01
5.059999999999999609e+00 9.688759999999999595e-01
5.070000000000000284e+00 9.689720000000000555e-01
5.080000000000000071e+00 9.690680000000000405e-01
5.089999999999999858e+00 9.691659999999999719e-01
5.099999999999999645e+00 9.692650000000000432e-01
5.110000000000000320e+00 9.693650000000000322e-01
5.120000000000000107e+00 9.694650000000000212e-01
5.129999999999999893e+00 9.695669999999999566e-01
5.139999999999999680e+00 9.696700000000000319e-01
5.150000000000000355e+00 9.697740000000000249e-01
5.160000000000000142e+00 9.698790000000000466e-01
5.169999999999999929e+00 9.699860000000000149e-01
5.179999999999999716e+00 9.700929999999999831e-01
5.190000000000000391e+00 9.702009999999999801e-01
5.200000000000000178e+00 9.703100000000000058e-01
5.209999999999999964e+00 9.704209999999999781e-01
5.219999999999999751e+00 9.705319999999999503e-01
5.230000000000000426e+00 9.706449999999999800e-01
5.240000000000000213e+00 9.707590000000000385e-01
5.250000000000000000e+00 9.708740000000000148e-01
5.259999999999999787e+00 9.709889999999999910e-01
5.269999999999999574e+00 9.711060000000000247e-01
5.280000000000000249e+00 9.712239999999999762e-01
5.290000000000000036e+00 9.713429999999999565e-01
5.299999999999999822e+00 9.714629999999999654e-01
5.309999999999999609e+00 9.715850000000000319e-01
5.320000000000000284e+00 9.717069999999999874e-01
5.330000000000000071e+00 9.718299999999999716e-01
5.339999999999999858e+00 9.719550000000000134e-01
5.349999999999999645e+00 9.720800000000000551e-01
5.360000000000000320e+00 9.722070000000000434e-01
5.370000000000000107e+00 9.723340000000000316e-01
5.379999999999999893e+00 9.724629999999999663e-01
5.389999999999999680e+00 9.725930000000000408e-01
5.400000000000000355e+00 9.727240000000000331e-01
5.410000000000000142e+00 9.728560000000000541e-01
5.419999999999999929e+00 9.729889999999999928e-01
5.429999999999999716e+00 9.731229999999999603e-01
5.440000000000000391e+00 9.732579999999999565e-01
5.450000000000000178e+00 9.733939999999999815e-01
5.459999999999999964e+00 9.735310000000000352e-01
5.469999999999999751e+00 9.736700000000000355e-01
5.480000000000000426e+00 9.738090000000000357e-01
5.490000000000000213e+00 9.739489999999999537e-01
5.500000000000000000e+00 9.740910000000000402e-01
5.509999999999999787e+00 9.742340000000000444e-01
5.519999999999999574e+00 9.743770000000000486e-01
5.530000000000000249e+00 9.745219999999999994e-01
5.540000000000000036e+00 9.746679999999999788e-01
5.549999999999999822e+00 9.748139999999999583e-01
5.559999999999999609e+00 9.749619999999999953e-01
5.570000000000000284e+00 9.751109999999999500e-01
5.580000000000000071e+00 9.752610000000000445e-01
5.589999999999999858e+00 9.754119999999999457e-01
5.599999999999999645e+00 9.755639999999999867e-01
5.610000000000000320e+00 9.757179999999999742e-01
5.620000000000000107e+00 9.758719999999999617e-01
5.629999999999999893e+00 9.760269999999999779e-01
5.639999999999999680e+00 9.761830000000000229e-01
5.650000000000000355e+00 9.763399999999999856e-01
5.660000000000000142e+00 9.764990000000000059e-01
5.669999999999999929e+00 9.766580000000000261e-01
5.679999999999999716e+00 9.768189999999999928e-01
5.690000000000000391e+00 9.769799999999999596e-01
5.700000000000000178e+00 9.771429999999999838e-01
5.709999999999999964e+00 9.773060000000000080e-01
5.719999999999999751e+00 9.774699999999999500e-01
5.730000000000000426e+00 9.776359999999999495e-01
5.740000000000000213e+00 9.778029999999999777e-01
5.750000000000000000e+00 9.779700000000000060e-01
5.759999999999999787e+00 9.781389999999999807e-01
5.769999999999999574e+00 9.783079999999999554e-01
5.780000000000000249e+00 9.784789999999999877e-01
5.790000000000000036e+00 9.786500000000000199e-01
5.799999999999999822e+00 9.788229999999999986e-01
5.809999999999999609e+00 9.789959999999999773e-01
5.820000000000000284e+00 9.791710000000000136e-01
5.830000000000000071e+00 9.793460000000000498e-01
5.839999999999999858e+00 9.795230000000000325e-01
5.849999999999999645e+00 9.797000000000000153e-01
5.860000000000000320e+00 9.798780000000000268e-01
5.870000000000000107e+00 9.800569999999999560e-01
5.879999999999999893e+00 9.802380000000000537e-01
5.889999999999999680e+00 9.804190000000000405e-01
5.900000000000000355e+00 9.806009999999999449e-01
5.910000000000000142e+00 9.807839999999999892e-01
5.919999999999999929e+00 9.809679999999999511e-01
5.929999999999999716e+00 9.811530000000000529e-01
5.940000000000000391e+00 9.813389999999999613e-01
5.950000000000000178e+00 9.815249999999999808e-01
5.959999999999999964e+00 9.817129999999999468e-01
5.969999999999999751e+00 9.819010000000000238e-01
5.980000000000000426e+00 9.820900000000000185e-01
5.990000000000000213e+00 9.822800000000000420e-01
6.000000000000000000e+00 9.824709999999999832e-01
6.009999999999999787e+00 9.826629999999999532e-01
6.019999999999999574e+00 9.828559999999999519e-01
6.030000000000000249e+00 9.830489999999999506e-01
6.040000000000000036e+00 9.832440000000000069e-01
6.049999999999999822e+00 9.834389999999999521e-01
6.059999999999999609e+00 9.836340000000000083e-01
6.070000000000000284e+00 9.838310000000000111e-01
6.080000000000000071e+00 9.840280000000000138e-01
6.089999999999999858e+00 9.842269999999999630e-01
6.099999999999999645e+00 9.844249999999999945e-01
6.110000000000000320e+00 9.846249999999999725e-01
6.120000000000000107e+00 9.848249999999999504e-01
6.129999999999999893e+00 9.850259999999999572e-01
6.139999999999999680e+00 9.852279999999999927e-01
6.150000000000000355e+00 9.854300000000000281e-01
6.160000000000000142e+00 9.856329999999999814e-01
6.169999999999999929e+00 9.858360000000000456e-01
6.179999999999999716e+00 9.860400000000000276e-01
6.190000000000000391e+00 9.862450000000000383e-01
6.200000000000000178e+00 9.864500000000000490e-01
6.209999999999999964e+00 9.866559999999999775e-01
6.219999999999999751e+00 9.868620000000000170e-01
6.230000000000000426e+00 9.870689999999999742e-01
6.240000000000000213e+00 9.872760000000000424e-01
6.250000000000000000e+00 9.874840000000000284e-01
6.259999999999999787e+00 9.876920000000000144e-01
6.269999999999999574e+00 9.879010000000000291e-01
6.280000000000000249e+00 9.881090000000000151e-01
6.290000000000000036e+00 9.883189999999999475e-01
6.299999999999999822e+00 9.885279999999999623e-01
6.309999999999999609e+00 9.887380000000000058e-01
6.320000000000000284e+00 9.889480000000000492e-01
6.330000000000000071e+00 9.891579999999999817e-01
6.339999999999999858e+00 9.893690000000000540e-01
6.349999999999999645e+00 9.895789999999999864e-01
6.360000000000000320e+00 9.897899999999999476e-01
6.370000000000000107e+00 9.900010000000000199e-01
6.379999999999999893e+00 9.902119999999999811e-01
6.389999999999999680e+00 9.904230000000000533e-01
6.400000000000000355e+00 9.906340000000000146e-01
6.410000000000000142e+00 9.908449999999999758e-01
6.419999999999999929e+00 9.910550000000000193e-01
6.429999999999999716e+00 9.912659999999999805e-01
6.440000000000000391e+00 9.914760000000000240e-01
6.450000000000000178e+00 9.916859999999999564e-01
6.459999999999999964e+00 9.918959999999999999e-01
6.469999999999999751e+00 9.921050000000000146e-01
6.480000000000000426e+00 9.923140000000000294e-01
6.490000000000000213e+00 9.925220000000000153e-01
6.500000000000000000e+00 9.927300000000000013e-01
6.509999999999999787e+00 9.929379999999999873e-01
6.519999999999999574e+00 9.931440000000000268e-01
6.530000000000000249e+00 9.933499999999999552e-01
6.540000000000000036e+00 9.935559999999999947e-01
6.549999999999999822e+00 9.937599999999999767e-01
6.559999999999999609e+00 9.939630000000000409e-01
6.570000000000000284e+00 9.941659999999999942e-01
6.580000000000000071e+00 9.943670000000000009e-01
6.589999999999999858e+00 9.945669999999999789e-01
6.599999999999999645e+00 9.947660000000000391e-01
6.610000000000000320e+00 9.949630000000000418e-01
6.620000000000000107e+00 9.951590000000000158e-01
6.629999999999999893e+00 9.953539999999999610e-01
6.639999999999999680e+00 9.955469999999999597e-01
6.650000000000000355e+00 9.957380000000000120e-01
6.660000000000000142e+00 9.959270000000000067e-01
6.669999999999999929e+00 9.961140000000000549e-01
6.679999999999999716e+00 9.962999999999999634e-01
6.690000000000000391e+00 9.964830000000000076e-01
6.700000000000000178e+00 9.966629999999999656e-01
6.709999999999999964e+00 9.968420000000000059e-01
6.719999999999999751e+00 9.970170000000000421e-01
6.730000000000000426e+00 9.971900000000000208e-01
6.740000000000000213e+00 9.973600000000000243e-01
6.750000000000000000e+00 9.975270000000000525e-01
6.759999999999999787e+00 9.976909999999999945e-01
6.769999999999999574e+00 9.978519999999999612e-01
6.780000000000000249e+00 9.980090000000000350e-01
6.790000000000000036e+00 9.981619999999999937e-01
6.799999999999999822e+00 9.983109999999999484e-01
6.809999999999999609e+00 9.984570000000000389e-01
6.820000000000000284e+00 9.985979999999999857e-01
6.830000000000000071e+00 9.987340000000000106e-01
6.839999999999999858e+00 9.988660000000000316e-01
6.849999999999999645e+00 9.989919999999999911e-01
6.860000000000000320e+00 9.991139999999999466e-01
6.870000000000000107e+00 9.992299999999999516e-01
6.879999999999999893e+00 9.993400000000000061e-01
6.889999999999999680e+00 9.994439999999999991e-01
6.900000000000000355e+00 9.995420000000000416e-01
6.910000000000000142e+00 9.996340000000000225e-01
6.919999999999999929e+00 9.997179999999999955e-01
6.929999999999999716e+00 9.997949999999999893e-01
6.940000000000000391e+00 9.998650000000000038e-01
6.950000000000000178e+00 9.999270000000000103e-01
6.959999999999999964e+00 9.999799999999999800e-01
6.969999999999999751e+00 1.000024999999999942e+00
6.980000000000000426e+00 1.000061000000000089e+00
6.990000000000000213e+00 1.000086999999999948e+00
7.000000000000000000e+00 1.000104000000000104e+00
7.009999999999999787e+00 1.000110000000000054e+00
7.019999999999999574e+00 1.000105000000000022e+00
7.030000000000000249e+00 1.000088000000000088e+00
7.040000000000000036e+00 1.000059999999999949e+00
7.049999999999999822e+00 1.000018999999999991e+00
7.059999999999999609e+00 9.999660000000000215e-01
7.070000000000000284e+00 9.998979999999999535e-01
7.080000000000000071e+00 9.998169999999999558e-01
7.089999999999999858e+00 9.997200000000000530e-01
7.099999999999999645e+00 9.996080000000000521e-01
7.110000000000000320e+00 9.994800000000000351e-01
7.120000000000000107e+00 9.993339999999999446e-01
7.129999999999999893e+00 9.991710000000000313e-01
7.139999999999999680e+00 9.989890000000000159e-01
7.150000000000000355e+00 9.987869999999999804e-01
7.160000000000000142e+00 9.985650000000000359e-01
7.169999999999999929e+00 9.983220000000000427e-01
7.179999999999999716e+00 9.980560000000000542e-01
7.190000000000000391e+00 9.977669999999999595e-01
7.200000000000000178e+00 9.974539999999999518e-01
7.209999999999999964e+00 9.971139999999999448e-01
7.219999999999999751e+00 9.967479999999999674e-01
7.230000000000000426e+00 9.963539999999999619e-01
7.240000000000000213e+00 9.959310000000000107e-01
7.250000000000000000e+00 9.954769999999999452e-01
7.259999999999999787e+00 9.949900000000000411e-01
7.269999999999999574e+00 9.944699999999999651e-01
7.280000000000000249e+00 9.939149999999999929e-01
7.290000000000000036e+00 9.933229999999999560e-01
7.299999999999999822e+00 9.926930000000000476e-01
7.309999999999999609e+00 9.920219999999999594e-01
7.320000000000000284e+00 9.913079999999999670e-01
7.330000000000000071e+00 9.905509999999999593e-01
7.339999999999999858e+00 9.897470000000000434e-01
7.349999999999999645e+00 9.888940000000000508e-01
7.360000000000000320e+00 9.879909999999999526e-01
7.370000000000000107e+00 9.870349999999999957e-01
7.379999999999999893e+00 9.860229999999999828e-01
7.389999999999999680e+00 9.849529999999999674e-01
7.400000000000000355e+00 9.838219999999999743e-01
7.410000000000000142e+00 9.826270000000000282e-01
7.419999999999999929e+00 9.813659999999999606e-01
7.429999999999999716e+00 9.800339999999999607e-01
7.440000000000000391e+00 9.786299999999999999e-01
7.450000000000000178e+00 9.771490000000000453e-01
7.459999999999999964e+00 9.755880000000000107e-01
7.469999999999999751e+00 9.739430000000000032e-01
7.480000000000000426e+00 9.722110000000000474e-01
7.490000000000000213e+00 9.703869999999999996e-01
7.500000000000000000e+00 9.684679999999999955e-01
7.509999999999999787e+00 9.664490000000000025e-01
7.519999999999999574e+00 9.643249999999999877e-01
7.530000000000000249e+00 9.620919999999999472e-01
7.540000000000000036e+00 9.597459999999999880e-01
7.549999999999999822e+00 9.572810000000000485e-01
7.559999999999999609e+00 9.546909999999999563e-01
7.570000000000000284e+00 9.519729999999999581e-01
7.580000000000000071e+00 9.491199999999999637e-01
7.589999999999999858e+00 9.461270000000000513e-01
7.599999999999999645e+00 9.429889999999999661e-01
7.610000000000000320e+00 9.396980000000000333e-01
7.620000000000000107e+00 9.362500000000000266e-01
7.629999999999999893e+00 9.326389999999999958e-01
7.639999999999999680e+00 9.288579999999999615e-01
7.650000000000000355e+00 9.249009999999999732e-01
7.660000000000000142e+00 9.207629999999999981e-01
7.669999999999999929e+00 9.164369999999999461e-01
7.679999999999999716e+00 9.119180000000000064e-01
7.690000000000000391e+00 9.071989999999999776e-01
7.700000000000000178e+00 9.022750000000000492e-01
7.709999999999999964e+00 8.971400000000000485e-01
7.719999999999999751e+00 8.917899999999999716e-01
7.730000000000000426e+00 8.862189999999999790e-01
7.740000000000000213e+00 8.804239999999999844e-01
7.750000000000000000e+00 8.744009999999999838e-01
7.759999999999999787e+00 8.681470000000000020e-01
7.769999999999999574e+00 8.616589999999999527e-01
7.780000000000000249e+00 8.549369999999999470e-01
7.790000000000000036e+00 8.479790000000000383e-01
7.799999999999999822e+00 8.407869999999999511e-01
7.809999999999999609e+00 8.333639999999999937e-01
7.820000000000000284e+00 8.257109999999999728e-01
7.830000000000000071e+00 8.178349999999999786e-01
7.839999999999999858e+00 8.097419999999999618e-01
7.849999999999999645e+00 8.014419999999999877e-01
7.860000000000000320e+00 7.929429999999999534e-01
7.870000000000000107e+00 7.842599999999999572e-01
7.879999999999999893e+00 7.754079999999999862e-01
7.889999999999999680e+00 7.664029999999999454e-01
7.900000000000000355e+00 7.572659999999999947e-01
7.910000000000000142e+00 7.480200000000000182e-01
7.919999999999999929e+00 7.386880000000000113e-01
7.929999999999999716e+00 7.292980000000000018e-01
7.940000000000000391e+00 7.198809999999999931e-01
7.950000000000000178e+00 7.104679999999999884e-01
7.959999999999999964e+00 7.010950000000000237e-01
7.969999999999999751e+00 6.917980000000000240e-01
7.980000000000000426e+00 6.826149999999999718e-01
7.990000000000000213e+00 6.735879999999999646e-01
8.000000000000000000e+00 6.647560000000000136e-01
8.009999999999999787e+00 6.561620000000000230e-01
8.019999999999999574e+00 6.478490000000000082e-01
8.029999999999999361e+00 6.398580000000000378e-01
8.039999999999999147e+00 6.322299999999999587e-01
8.050000000000000711e+00 6.250040000000000040e-01
8.060000000000000497e+00 6.182189999999999630e-01
8.070000000000000284e+00 6.119090000000000362e-01
8.080000000000000071e+00 6.061050000000000049e-01
8.089999999999999858e+00 6.008360000000000367e-01
8.099999999999999645e+00 5.961229999999999585e-01
8.109999999999999432e+00 5.919870000000000410e-01
8.119999999999999218e+00 5.884390000000000454e-01
8.130000000000000782e+00 5.854890000000000372e-01
8.140000000000000568e+00 5.831399999999999917e-01
8.150000000000000355e+00 5.813890000000000446e-01
8.160000000000000142e+00 5.802289999999999948e-01
8.169999999999999929e+00 5.796470000000000233e-01
8.179999999999999716e+00 5.796280000000000321e-01
8.189999999999999503e+00 5.801509999999999723e-01
8.199999999999999289e+00 5.811920000000000419e-01
8.210000000000000853e+00 5.827240000000000197e-01
8.220000000000000639e+00 5.847189999999999888e-01
8.230000000000000426e+00 5.871450000000000280e-01
8.240000000000000213e+00 5.899729999999999697e-01
8.250000000000000000e+00 5.931680000000000286e-01
8.259999999999999787e+00 5.966989999999999794e-01
8.269999999999999574e+00 6.005340000000000122e-01
8.279999999999999361e+00 6.046399999999999553e-01
8.289999999999999147e+00 6.089890000000000025e-01
8.300000000000000711e+00 6.135500000000000398e-01
8.310000000000000497e+00 6.182950000000000390e-01
8.320000000000000284e+00 6.231989999999999474e-01
8.330000000000000071e+00 6.282349999999999879e-01
8.339999999999999858e+00 6.333820000000000006e-01
8.349999999999999645e+00 6.386169999999999902e-01
8.359999999999999432e+00 6.439219999999999944e-01
8.369999999999999218e+00 6.492769999999999930e-01
8.380000000000000782e+00 6.546659999999999702e-01
8.390000000000000568e+00 6.600749999999999673e-01
8.400000000000000355e+00 6.654889999999999972e-01
8.410000000000000142e+00 6.708969999999999656e-01
8.419999999999999929e+00 6.762880000000000003e-01
8.429999999999999716e+00 6.816520000000000357e-01
8.439999999999999503e+00 6.869800000000000351e-01
8.449999999999999289e+00 6.922650000000000192e-01
8.460000000000000853e+00 6.975000000000000089e-01
8.470000000000000639e+00 7.026799999999999713e-01
8.480000000000000426e+00 7.077999999999999847e-01
8.490000000000000213e+00 7.128560000000000452e-01
8.500000000000000000e+00 7.178440000000000376e-01
8.509999999999999787e+00 7.227620000000000156e-01
8.519999999999999574e+00 7.276059999999999750e-01
8.529999999999999361e+00 7.323760000000000270e-01
8.539999999999999147e+00 7.370689999999999742e-01
8.550000000000000711e+00 7.416850000000000387e-01
8.560000000000000497e+00 7.462229999999999697e-01
8.570000000000000284e+00 7.506829999999999892e-01
8.580000000000000071e+00 7.550639999999999574e-01
8.589999999999999858e+00 7.593659999999999854e-01
8.599999999999999645e+00 7.635910000000000197e-01
8.609999999999999432e+00 7.677380000000000315e-01
8.619999999999999218e+00 7.718070000000000208e-01
8.630000000000000782e+00 7.758009999999999629e-01
8.640000000000000568e+00 7.797190000000000509e-01
8.650000000000000355e+00 7.835630000000000095e-01
8.660000000000000142e+00 7.873329999999999496e-01
8.669999999999999929e+00 7.910319999999999574e-01
8.679999999999999716e+00 7.946600000000000330e-01
8.689999999999999503e+00 7.982179999999999831e-01
8.699999999999999289e+00 8.017079999999999762e-01
8.710000000000000853e+00 8.051310000000000411e-01
8.720000000000000639e+00 8.084879999999999844e-01
8.730000000000000426e+00 8.117820000000000036e-01
8.740000000000000213e+00 8.150119999999999587e-01
8.750000000000000000e+00 8.181810000000000471e-01
8.759999999999999787e+00 8.212890000000000468e-01
8.769999999999999574e+00 8.243390000000000439e-01
8.779999999999999361e+00 8.273319999999999563e-01
8.789999999999999147e+00 8.302680000000000060e-01
8.800000000000000711e+00 8.331499999999999462e-01
8.810000000000000497e+00 8.359779999999999989e-01
8.820000000000000284e+00 8.387550000000000283e-01
8.830000000000000071e+00 8.414800000000000058e-01
8.839999999999999858e+00 8.441560000000000175e-01
8.849999999999999645e+00 8.467829999999999524e-01
8.859999999999999432e+00 8.493629999999999791e-01
8.869999999999999218e+00 8.518970000000000153e-01
8.880000000000000782e+00 8.543870000000000076e-01
8.890000000000000568e+00 8.568320000000000380e-01
8.900000000000000355e+00 8.592349999999999710e-01
8.910000000000000142e+00 8.615960000000000285e-01
8.919999999999999929e+00 8.639170000000000460e-01
8.929999999999999716e+00 8.661990000000000522e-01
8.939999999999999503e+00 8.684420000000000472e-01
8.949999999999999289e+00 8.706469999999999487e-01
8.960000000000000853e+00 8.728160000000000363e-01
8.970000000000000639e+00 8.749489999999999768e-01
8.980000000000000426e+00 8.770470000000000210e-01
8.990000000000000213e+00 8.791109999999999758e-01
9.000000000000000000e+00 8.811430000000000096e-01
