1.000000000000000021e-02 1.000000000000000000e+00
2.000000000000000042e-02 1.000002999999999975e+00
2.999999999999999889e-02 1.000000000000000000e+00
4.000000000000000083e-02 1.000002000000000058e+00
5.000000000000000278e-02 1.000002999999999975e+00
5.999999999999999778e-02 1.000000999999999918e+00
7.000000000000000666e-02 1.000000000000000000e+00
8.000000000000000167e-02 1.000000999999999918e+00
8.999999999999999667e-02 1.000002000000000058e+00
1.000000000000000056e-01 1.000002000000000058e+00
1.100000000000000006e-01 1.000000999999999918e+00
1.199999999999999956e-01 1.000000999999999918e+00
1.300000000000000044e-01 1.000000000000000000e+00
1.400000000000000133e-01 1.000000000000000000e+00
1.499999999999999944e-01 1.000000000000000000e+00
1.600000000000000033e-01 1.000000999999999918e+00
1.700000000000000122e-01 1.000000999999999918e+00
1.799999999999999933e-01 1.000000999999999918e+00
1.900000000000000022e-01 1.000000999999999918e+00
2.000000000000000111e-01 1.000000999999999918e+00
2.099999999999999922e-01 1.000000999999999918e+00
2.200000000000000011e-01 1.000000000000000000e+00
2.300000000000000100e-01 1.000000000000000000e+00
2.399999999999999911e-01 1.000000000000000000e+00
2.500000000000000000e-01 1.000000000000000000e+00
2.600000000000000089e-01 1.000000000000000000e+00
2.700000000000000178e-01 1.000000000000000000e+00
2.800000000000000266e-01 1.000000000000000000e+00
2.899999999999999800e-01 1.000000999999999918e+00
2.999999999999999889e-01 1.000000999999999918e+00
3.099999999999999978e-01 1.000000999999999918e+00
3.200000000000000067e-01 1.000000999999999918e+00
3.300000000000000155e-01 1.000000999999999918e+00
3.400000000000000244e-01 1.000000999999999918e+00
3.499999999999999778e-01 1.000000999999999918e+00
3.599999999999999867e-01 1.000000999999999918e+00
3.699999999999999956e-01 1.000000999999999918e+00
3.800000000000000044e-01 1.000000999999999918e+00
3.900000000000000133e-01 1.000000999999999918e+00
4.000000000000000222e-01 1.000000000000000000e+00
4.099999999999999756e-01 1.000000000000000000e+00
4.199999999999999845e-01 1.000000000000000000e+00
4.299999999999999933e-01 1.000000000000000000e+00
4.400000000000000022e-01 1.000000000000000000e+00
4.500000000000000111e-01 1.000000000000000000e+00
4.600000000000000200e-01 1.000000000000000000e+00
4.699999999999999734e-01 1.000000000000000000e+00
4.799999999999999822e-01 1.000000000000000000e+00
4.899999999999999911e-01 1.000000000000000000e+00
5.000000000000000000e-01 1.000000000000000000e+00
5.100000000000000089e-01 1.000000000000000000e+00
5.200000000000000178e-01 1.000000000000000000e+00
5.300000000000000266e-01 1.000000000000000000e+00
5.400000000000000355e-01 1.000000000000000000e+00
5.500000000000000444e-01 1.000000000000000000e+00
5.600000000000000533e-01 1.000000000000000000e+00
5.699999999999999512e-01 1.000000000000000000e+00
5.799999999999999600e-01 1.000000000000000000e+00
5.899999999999999689e-01 1.000000000000000000e+00
5.999999999999999778e-01 1.000000000000000000e+00
6.099999999999999867e-01 1.000000000000000000e+00
6.199999999999999956e-01 1.000000000000000000e+00
6.300000000000000044e-01 1.000000000000000000e+00
6.400000000000000133e-01 1.000000000000000000e+00
6.500000000000000222e-01 1.000000000000000000e+00
6.600000000000000311e-01 1.000000000000000000e+00
6.700000000000000400e-01 1.000000000000000000e+00
6.800000000000000488e-01 1.000000000000000000e+00
6.899999999999999467e-01 1.000000000000000000e+00
6.999999999999999556e-01 1.000000000000000000e+00
7.099999999999999645e-01 1.000000000000000000e+00
7.199999999999999734e-01 1.000000000000000000e+00
7.299999999999999822e-01 1.000000000000000000e+00
7.399999999999999911e-01 1.000000000000000000e+00
7.500000000000000000e-01 1.000000000000000000e+00
7.600000000000000089e-01 1.000000000000000000e+00
7.700000000000000178e-01 1.000000000000000000e+00
7.800000000000000266e-01 1.000000000000000000e+00
7.900000000000000355e-01 1.000000000000000000e+00
8.000000000000000444e-01 1.000000000000000000e+00
8.100000000000000533e-01 1.000000000000000000e+00
8.199999999999999512e-01 1.000000000000000000e+00
8.299999999999999600e-01 1.000000000000000000e+00
8.399999999999999689e-01 1.000000000000000000e+00
8.499999999999999778e-01 1.000000000000000000e+00
8.599999999999999867e-01 1.000000000000000000e+00
8.699999999999999956e-01 1.000000000000000000e+00
8.800000000000000044e-01 1.000000000000000000e+00
8.900000000000000133e-01 1.000000000000000000e+00
9.000000000000000222e-01 1.000000000000000000e+00
9.100000000000000311e-01 1.000000000000000000e+00
9.200000000000000400e-01 1.000000000000000000e+00
9.300000000000000488e-01 1.000000000000000000e+00
9.399999999999999467e-01 1.000000000000000000e+00
9.499999999999999556e-01 1.000000000000000000e+00
9.599999999999999645e-01 1.000000000000000000e+00
9.699999999999999734e-01 1.000000000000000000e+00
9.799999999999999822e-01 1.000000000000000000e+00
9.899999999999999911e-01 1.000000000000000000e+00
1.000000000000000000e+00 1.000000000000000000e+00
1.010000000000000009e+00 1.000000000000000000e+00
1.020000000000000018e+00 1.000000000000000000e+00
1.030000000000000027e+00 1.000000000000000000e+00
1.040000000000000036e+00 1.000000000000000000e+00
1.050000000000000044e+00 1.000000000000000000e+00
1.060000000000000053e+00 1.000000000000000000e+00
1.070000000000000062e+00 1.000000000000000000e+00
1.080000000000000071e+00 1.000000000000000000e+00
1.090000000000000080e+00 1.000000000000000000e+00
1.100000000000000089e+00 1.000000000000000000e+00
1.110000000000000098e+00 1.000000000000000000e+00
1.120000000000000107e+00 1.000000000000000000e+00
1.129999999999999893e+00 1.000000000000000000e+00
1.139999999999999902e+00 1.000000000000000000e+00
1.149999999999999911e+00 1.000000000000000000e+00
1.159999999999999920e+00 1.000000000000000000e+00
1.169999999999999929e+00 1.000000000000000000e+00
1.179999999999999938e+00 1.000000000000000000e+00
1.189999999999999947e+00 1.000000000000000000e+00
1.199999999999999956e+00 1.000000000000000000e+00
1.209999999999999964e+00 1.000000000000000000e+00
1.219999999999999973e+00 1.000000000000000000e+00
1.229999999999999982e+00 1.000000000000000000e+00
1.239999999999999991e+00 1.000000000000000000e+00
1.250000000000000000e+00 1.000000000000000000e+00
1.260000000000000009e+00 1.000000000000000000e+00
1.270000000000000018e+00 1.000000000000000000e+00
1.280000000000000027e+00 1.000000000000000000e+00
1.290000000000000036e+00 1.000000000000000000e+00
1.300000000000000044e+00 1.000000000000000000e+00
1.310000000000000053e+00 1.000000000000000000e+00
1.320000000000000062e+00 1.000000000000000000e+00
1.330000000000000071e+00 1.000000000000000000e+00
1.340000000000000080e+00 1.000000000000000000e+00
1.350000000000000089e+00 1.000000000000000000e+00
1.360000000000000098e+00 1.000000000000000000e+00
1.370000000000000107e+00 1.000000000000000000e+00
1.379999999999999893e+00 1.000000000000000000e+00
1.389999999999999902e+00 1.000000000000000000e+00
1.399999999999999911e+00 1.000000000000000000e+00
1.409999999999999920e+00 1.000000000000000000e+00
1.419999999999999929e+00 1.000000000000000000e+00
1.429999999999999938e+00 1.000000000000000000e+00
1.439999999999999947e+00 1.000000000000000000e+00
1.449999999999999956e+00 1.000000000000000000e+00
1.459999999999999964e+00 1.000000000000000000e+00
1.469999999999999973e+00 1.000000000000000000e+00
1.479999999999999982e+00 1.000000000000000000e+00
1.489999999999999991e+00 1.000000000000000000e+00
1.500000000000000000e+00 1.000000000000000000e+00
1.510000000000000009e+00 1.000000000000000000e+00
1.520000000000000018e+00 1.000000000000000000e+00
1.530000000000000027e+00 1.000000000000000000e+00
1.540000000000000036e+00 1.000000000000000000e+00
1.550000000000000044e+00 1.000000000000000000e+00
1.560000000000000053e+00 1.000000000000000000e+00
1.570000000000000062e+00 1.000000000000000000e+00
1.580000000000000071e+00 1.000000000000000000e+00
1.590000000000000080e+00 1.000000000000000000e+00
1.600000000000000089e+00 1.000000000000000000e+00
1.610000000000000098e+00 1.000000000000000000e+00
1.620000000000000107e+00 1.000000000000000000e+00
1.629999999999999893e+00 1.000000000000000000e+00
1.639999999999999902e+00 1.000000000000000000e+00
1.649999999999999911e+00 1.000000000000000000e+00
1.659999999999999920e+00 1.000000000000000000e+00
1.669999999999999929e+00 1.000000000000000000e+00
1.679999999999999938e+00 1.000000000000000000e+00
1.689999999999999947e+00 1.000000000000000000e+00
1.699999999999999956e+00 1.000000000000000000e+00
1.709999999999999964e+00 1.000000000000000000e+00
1.719999999999999973e+00 1.000000000000000000e+00
1.729999999999999982e+00 1.000000000000000000e+00
1.739999999999999991e+00 1.000000000000000000e+00
1.750000000000000000e+00 1.000000000000000000e+00
1.760000000000000009e+00 1.000000000000000000e+00
1.770000000000000018e+00 1.000000000000000000e+00
1.780000000000000027e+00 1.000000000000000000e+00
1.790000000000000036e+00 1.000000000000000000e+00
1.800000000000000044e+00 1.000000000000000000e+00
1.810000000000000053e+00 1.000000000000000000e+00
1.820000000000000062e+00 1.000000000000000000e+00
1.830000000000000071e+00 1.000000000000000000e+00
1.840000000000000080e+00 1.000000000000000000e+00
1.850000000000000089e+00 1.000000000000000000e+00
1.860000000000000098e+00 1.000000000000000000e+00
1.870000000000000107e+00 1.000000000000000000e+00
1.879999999999999893e+00 1.000000000000000000e+00
1.889999999999999902e+00 1.000000000000000000e+00
1.899999999999999911e+00 1.000000000000000000e+00
1.909999999999999920e+00 1.000000000000000000e+00
1.919999999999999929e+00 1.000000000000000000e+00
1.929999999999999938e+00 1.000000000000000000e+00
1.939999999999999947e+00 1.000000000000000000e+00
1.949999999999999956e+00 1.000000000000000000e+00
1.959999999999999964e+00 1.000000000000000000e+00
1.969999999999999973e+00 1.000000000000000000e+00
1.979999999999999982e+00 1.000000000000000000e+00
1.989999999999999991e+00 1.000000000000000000e+00
2.000000000000000000e+00 1.000000000000000000e+00
2.009999999999999787e+00 1.000000000000000000e+00
2.020000000000000018e+00 1.000000000000000000e+00
2.029999999999999805e+00 1.000000000000000000e+00
2.040000000000000036e+00 1.000000000000000000e+00
2.049999999999999822e+00 1.000000000000000000e+00
2.060000000000000053e+00 1.000000000000000000e+00
2.069999999999999840e+00 1.000000000000000000e+00
2.080000000000000071e+00 1.000000000000000000e+00
2.089999999999999858e+00 1.000000000000000000e+00
2.100000000000000089e+00 1.000000000000000000e+00
2.109999999999999876e+00 1.000000000000000000e+00
2.120000000000000107e+00 1.000000000000000000e+00
2.129999999999999893e+00 1.000000000000000000e+00
2.140000000000000124e+00 1.000000000000000000e+00
2.149999999999999911e+00 1.000000000000000000e+00
2.160000000000000142e+00 1.000000000000000000e+00
2.169999999999999929e+00 1.000000000000000000e+00
2.180000000000000160e+00 1.000000000000000000e+00
2.189999999999999947e+00 1.000000000000000000e+00
2.200000000000000178e+00 1.000000000000000000e+00
2.209999999999999964e+00 1.000000000000000000e+00
2.220000000000000195e+00 1.000000000000000000e+00
2.229999999999999982e+00 1.000000000000000000e+00
2.240000000000000213e+00 1.000000000000000000e+00
2.250000000000000000e+00 1.000000000000000000e+00
2.259999999999999787e+00 1.000000000000000000e+00
2.270000000000000018e+00 1.000000000000000000e+00
2.279999999999999805e+00 1.000000000000000000e+00
2.290000000000000036e+00 1.000000999999999918e+00
2.299999999999999822e+00 1.000000999999999918e+00
2.310000000000000053e+00 1.000000999999999918e+00
2.319999999999999840e+00 1.000000999999999918e+00
2.330000000000000071e+00 1.000000999999999918e+00
2.339999999999999858e+00 1.000000999999999918e+00
2.350000000000000089e+00 1.000000999999999918e+00
2.359999999999999876e+00 1.000000999999999918e+00
2.370000000000000107e+00 1.000000999999999918e+00
2.379999999999999893e+00 1.000002000000000058e+00
2.390000000000000124e+00 1.000002000000000058e+00
2.399999999999999911e+00 1.000002000000000058e+00
2.410000000000000142e+00 1.000002000000000058e+00
2.419999999999999929e+00 1.000002000000000058e+00
2.430000000000000160e+00 1.000002000000000058e+00
2.439999999999999947e+00 1.000002999999999975e+00
2.450000000000000178e+00 1.000002999999999975e+00
2.459999999999999964e+00 1.000002999999999975e+00
2.470000000000000195e+00 1.000002999999999975e+00
2.479999999999999982e+00 1.000002999999999975e+00
2.490000000000000213e+00 1.000003999999999893e+00
2.500000000000000000e+00 1.000003999999999893e+00
2.509999999999999787e+00 1.000003999999999893e+00
2.520000000000000018e+00 1.000003999999999893e+00
2.529999999999999805e+00 1.000003999999999893e+00
2.540000000000000036e+00 1.000005000000000033e+00
2.549999999999999822e+00 1.000005000000000033e+00
2.560000000000000053e+00 1.000005000000000033e+00
2.569999999999999840e+00 1.000005000000000033e+00
2.580000000000000071e+00 1.000005000000000033e+00
2.589999999999999858e+00 1.000005999999999950e+00
2.600000000000000089e+00 1.000005999999999950e+00
2.609999999999999876e+00 1.000005999999999950e+00
2.620000000000000107e+00 1.000005999999999950e+00
2.629999999999999893e+00 1.000005999999999950e+00
2.640000000000000124e+00 1.000005999999999950e+00
2.649999999999999911e+00 1.000005999999999950e+00
2.660000000000000142e+00 1.000007000000000090e+00
2.669999999999999929e+00 1.000007000000000090e+00
2.680000000000000160e+00 1.000007000000000090e+00
2.689999999999999947e+00 1.000007000000000090e+00
2.700000000000000178e+00 1.000007000000000090e+00
2.709999999999999964e+00 1.000007000000000090e+00
2.720000000000000195e+00 1.000007000000000090e+00
2.729999999999999982e+00 1.000007000000000090e+00
2.740000000000000213e+00 1.000007000000000090e+00
2.750000000000000000e+00 1.000007000000000090e+00
2.759999999999999787e+00 1.000007000000000090e+00
2.770000000000000018e+00 1.000007000000000090e+00
2.779999999999999805e+00 1.000007000000000090e+00
2.790000000000000036e+00 1.000007000000000090e+00
2.799999999999999822e+00 1.000007000000000090e+00
2.810000000000000053e+00 1.000007000000000090e+00
2.819999999999999840e+00 1.000007000000000090e+00
2.830000000000000071e+00 1.000005999999999950e+00
2.839999999999999858e+00 1.000005999999999950e+00
2.850000000000000089e+00 1.000005999999999950e+00
2.859999999999999876e+00 1.000005999999999950e+00
2.870000000000000107e+00 1.000005999999999950e+00
2.879999999999999893e+00 1.000005999999999950e+00
2.890000000000000124e+00 1.000005999999999950e+00
2.899999999999999911e+00 1.000005000000000033e+00
2.910000000000000142e+00 1.000005000000000033e+00
2.919999999999999929e+00 1.000005000000000033e+00
2.930000000000000160e+00 1.000005000000000033e+00
2.939999999999999947e+00 1.000003999999999893e+00
2.950000000000000178e+00 1.000003999999999893e+00
2.959999999999999964e+00 1.000003999999999893e+00
2.970000000000000195e+00 1.000003999999999893e+00
2.979999999999999982e+00 1.000002999999999975e+00
2.990000000000000213e+00 1.000002999999999975e+00
3.000000000000000000e+00 1.000002999999999975e+00
3.009999999999999787e+00 1.000002999999999975e+00
3.020000000000000018e+00 9.962130000000000152e-01
3.029999999999999805e+00 9.928569999999999895e-01
3.040000000000000036e+00 9.906880000000000130e-01
3.049999999999999822e+00 9.889759999999999662e-01
3.060000000000000053e+00 9.875319999999999654e-01
3.069999999999999840e+00 9.862670000000000048e-01
3.080000000000000071e+00 9.851360000000000117e-01
3.089999999999999858e+00 9.841090000000000115e-01
3.100000000000000089e+00 9.831659999999999844e-01
3.109999999999999876e+00 9.822920000000000540e-01
3.120000000000000107e+00 9.814779999999999616e-01
3.129999999999999893e+00 9.807150000000000034e-01
3.140000000000000124e+00 9.799959999999999782e-01
3.149999999999999911e+00 9.793169999999999931e-01
3.160000000000000142e+00 9.786740000000000439e-01
3.169999999999999929e+00 9.780619999999999870e-01
3.180000000000000160e+00 9.774789999999999868e-01
3.189999999999999947e+00 9.769219999999999571e-01
3.200000000000000178e+00 9.763899999999999801e-01
3.209999999999999964e+00 9.758799999999999697e-01
3.220000000000000195e+00 9.753899999999999793e-01
3.229999999999999982e+00 9.749200000000000088e-01
3.240000000000000213e+00 9.744669999999999721e-01
3.250000000000000000e+00 9.740309999999999802e-01
3.259999999999999787e+00 9.736110000000000042e-01
3.270000000000000018e+00 9.732049999999999867e-01
3.279999999999999805e+00 9.728130000000000388e-01
3.290000000000000036e+00 9.724350000000000493e-01
3.299999999999999822e+00 9.720689999999999609e-01
3.310000000000000053e+00 9.717139999999999667e-01
3.319999999999999840e+00 9.713709999999999845e-01
3.330000000000000071e+00 9.710389999999999855e-01
3.339999999999999858e+00 9.707170000000000520e-01
3.350000000000000089e+00 9.704049999999999621e-01
3.359999999999999876e+00 9.701020000000000199e-01
3.370000000000000107e+00 9.698080000000000034e-01
3.379999999999999893e+00 9.695230000000000237e-01
3.390000000000000124e+00 9.692460000000000520e-01
3.399999999999999911e+00 9.689769999999999772e-01
3.410000000000000142e+00 9.687160000000000215e-01
3.419999999999999929e+00 9.684629999999999628e-01
3.430000000000000160e+00 9.682159999999999656e-01
3.439999999999999947e+00 9.679769999999999763e-01
3.450000000000000178e+00 9.677440000000000486e-01
3.459999999999999964e+00 9.675179999999999891e-01
3.470000000000000195e+00 9.672990000000000199e-01
3.479999999999999982e+00 9.670849999999999724e-01
3.490000000000000213e+00 9.668780000000000152e-01
3.500000000000000000e+00 9.666759999999999797e-01
3.509999999999999787e+00 9.664810000000000345e-01
3.520000000000000018e+00 9.662910000000000110e-01
3.529999999999999805e+00 9.661060000000000203e-01
3.540000000000000036e+00 9.659269999999999801e-01
3.549999999999999822e+00 9.657520000000000548e-01
3.560000000000000053e+00 9.655829999999999691e-01
3.569999999999999840e+00 9.654190000000000271e-01
3.580000000000000071e+00 9.652600000000000069e-01
3.589999999999999858e+00 9.651060000000000194e-01
3.600000000000000089e+00 9.649560000000000359e-01
3.609999999999999876e+00 9.648109999999999742e-01
3.620000000000000107e+00 9.646700000000000275e-01
3.629999999999999893e+00 9.645340000000000025e-01
3.640000000000000124e+00 9.644019999999999815e-01
3.649999999999999911e+00 9.642739999999999645e-01
3.660000000000000142e+00 9.641509999999999803e-01
3.669999999999999929e+00 9.640320000000000000e-01
3.680000000000000160e+00 9.639170000000000238e-01
3.689999999999999947e+00 9.638050000000000228e-01
3.700000000000000178e+00 9.636980000000000546e-01
3.709999999999999964e+00 9.635949999999999793e-01
3.720000000000000195e+00 9.634949999999999903e-01
3.729999999999999982e+00 9.633990000000000054e-01
3.740000000000000213e+00 9.633070000000000244e-01
3.750000000000000000e+00 9.632190000000000474e-01
3.759999999999999787e+00 9.631340000000000456e-01
3.770000000000000018e+00 9.630530000000000479e-01
3.779999999999999805e+00 9.629750000000000254e-01
3.790000000000000036e+00 9.629010000000000069e-01
3.799999999999999822e+00 9.628299999999999637e-01
3.810000000000000053e+00 9.627630000000000354e-01
3.819999999999999840e+00 9.626989999999999714e-01
3.830000000000000071e+00 9.626379999999999937e-01
3.839999999999999858e+00 9.625810000000000199e-01
3.850000000000000089e+00 9.625270000000000215e-01
3.859999999999999876e+00 9.624759999999999982e-01
3.870000000000000107e+00 9.624279999999999502e-01
3.879999999999999893e+00 9.623840000000000172e-01
3.890000000000000124e+00 9.623420000000000307e-01
3.899999999999999911e+00 9.623040000000000482e-01
3.910000000000000142e+00 9.622680000000000122e-01
3.919999999999999929e+00 9.622359999999999802e-01
3.930000000000000160e+00 9.622060000000000057e-01
3.939999999999999947e+00 9.621800000000000352e-01
3.950000000000000178e+00 9.621560000000000112e-01
3.959999999999999964e+00 9.621349999999999625e-01
3.970000000000000195e+00 9.621170000000000000e-01
3.979999999999999982e+00 9.621020000000000127e-01
3.990000000000000213e+00 9.620900000000000007e-01
4.000000000000000000e+00 9.620800000000000463e-01
4.009999999999999787e+00 9.620729999999999560e-01
4.019999999999999574e+00 9.620689999999999520e-01
4.030000000000000249e+00 9.620670000000000055e-01
4.040000000000000036e+00 9.620680000000000343e-01
4.049999999999999822e+00 9.620720000000000383e-01
4.059999999999999609e+00 9.620779999999999887e-01
4.070000000000000284e+00 9.620859999999999967e-01
4.080000000000000071e+00 9.620969999999999800e-01
4.089999999999999858e+00 9.621110000000000495e-01
4.099999999999999645e+00 9.621269999999999545e-01
4.110000000000000320e+00 9.621450000000000280e-01
4.120000000000000107e+00 9.621659999999999657e-01
4.129999999999999893e+00 9.621889999999999610e-01
4.139999999999999680e+00 9.622140000000000137e-01
4.150000000000000355e+00 9.622410000000000130e-01
4.160000000000000142e+00 9.622709999999999875e-01
4.169999999999999929e+00 9.623019999999999907e-01
4.179999999999999716e+00 9.623359999999999692e-01
4.190000000000000391e+00 9.623720000000000052e-01
4.200000000000000178e+00 9.624099999999999877e-01
4.209999999999999964e+00 9.624489999999999990e-01
4.219999999999999751e+00 9.624909999999999854e-01
4.230000000000000426e+00 9.625350000000000295e-01
4.240000000000000213e+00 9.625799999999999912e-01
4.250000000000000000e+00 9.626280000000000392e-01
4.259999999999999787e+00 9.626770000000000049e-01
4.269999999999999574e+00 9.627280000000000282e-01
4.280000000000000249e+00 9.627799999999999692e-01
4.290000000000000036e+00 9.628339999999999677e-01
4.299999999999999822e+00 9.628900000000000237e-01
4.309999999999999609e+00 9.629480000000000262e-01
4.320000000000000284e+00 9.630069999999999464e-01
4.330000000000000071e+00 9.630670000000000064e-01
4.339999999999999858e+00 9.631290000000000129e-01
4.349999999999999645e+00 9.631920000000000481e-01
4.360000000000000320e+00 9.632570000000000299e-01
4.370000000000000107e+00 9.633230000000000404e-01
4.379999999999999893e+00 9.633909999999999973e-01
4.389999999999999680e+00 9.634589999999999543e-01
4.400000000000000355e+00 9.635289999999999688e-01
4.410000000000000142e+00 9.636000000000000121e-01
4.419999999999999929e+00 9.636730000000000018e-01
4.429999999999999716e+00 9.637459999999999916e-01
4.440000000000000391e+00 9.638210000000000388e-01
4.450000000000000178e+00 9.638970000000000038e-01
4.459999999999999964e+00 9.639729999999999688e-01
4.469999999999999751e+00 9.640509999999999913e-01
4.480000000000000426e+00 9.641300000000000425e-01
4.490000000000000213e+00 9.642089999999999828e-01
4.500000000000000000e+00 9.642899999999999805e-01
4.509999999999999787e+00 9.643720000000000070e-01
4.519999999999999574e+00 9.644540000000000335e-01
4.530000000000000249e+00 9.645369999999999777e-01
4.540000000000000036e+00 9.646209999999999507e-01
4.549999999999999822e+00 9.647059999999999524e-01
4.559999999999999609e+00 9.647919999999999829e-01
4.570000000000000284e+00 9.648780000000000134e-01
4.580000000000000071e+00 9.649659999999999904e-01
4.589999999999999858e+00 9.650539999999999674e-01
4.599999999999999645e+00 9.651420000000000554e-01
4.610000000000000320e+00 9.652319999999999789e-01
4.620000000000000107e+00 9.653220000000000134e-01
4.629999999999999893e+00 9.654120000000000479e-01
4.639999999999999680e+00 9.655030000000000001e-01
4.650000000000000355e+00 9.655949999999999811e-01
4.660000000000000142e+00 9.656879999999999908e-01
4.669999999999999929e+00 9.657810000000000006e-01
4.679999999999999716e+00 9.658750000000000391e-01
4.690000000000000391e+00 9.659689999999999666e-01
4.700000000000000178e+00 9.660640000000000338e-01
4.709999999999999964e+00 9.661589999999999900e-01
4.719999999999999751e+00 9.662549999999999750e-01
4.730000000000000426e+00 9.663509999999999600e-01
4.740000000000000213e+00 9.664479999999999738e-01
4.750000000000000000e+00 9.665460000000000163e-01
4.759999999999999787e+00 9.666439999999999477e-01
4.769999999999999574e+00 9.667419999999999902e-01
4.780000000000000249e+00 9.668409999999999505e-01
4.790000000000000036e+00 9.669410000000000505e-01
4.799999999999999822e+00 9.670410000000000394e-01
4.809999999999999609e+00 9.671410000000000284e-01
4.820000000000000284e+00 9.672420000000000462e-01
4.830000000000000071e+00 9.673429999999999529e-01
4.839999999999999858e+00 9.674449999999999994e-01
4.849999999999999645e+00 9.675470000000000459e-01
4.860000000000000320e+00 9.676500000000000101e-01
4.870000000000000107e+00 9.677529999999999744e-01
4.879999999999999893e+00 9.678569999999999673e-01
4.889999999999999680e+00 9.679609999999999603e-01
4.900000000000000355e+00 9.680659999999999821e-01
4.910000000000000142e+00 9.681710000000000038e-01
4.919999999999999929e+00 9.682770000000000543e-01
4.929999999999999716e+00 9.683829999999999938e-01
4.940000000000000391e+00 9.684890000000000443e-01
4.950000000000000178e+00 9.685960000000000125e-01
4.959999999999999964e+00 9.687040000000000095e-01
4.969999999999999751e+00 9.688120000000000065e-01
4.980000000000000426e+00 9.689200000000000035e-01
4.990000000000000213e+00 9.690290000000000292e-01
5.000000000000000000e+00 9.691380000000000550e-01
5.009999999999999787e+00 9.692479999999999984e-01
5.019999999999999574e+00 9.693589999999999707e-01
5.030000000000000249e+00 9.694700000000000539e-01
5.040000000000000036e+00 9.695820000000000549e-01
5.049999999999999822e+00 9.696939999999999449e-01
5.059999999999999609e+00 9.698059999999999459e-01
5.070000000000000284e+00 9.699200000000000044e-01
5.080000000000000071e+00 9.700330000000000341e-01
5.089999999999999858e+00 9.701480000000000103e-01
5.099999999999999645e+00 9.702629999999999866e-01
5.110000000000000320e+00 9.703779999999999628e-01
5.120000000000000107e+00 9.704939999999999678e-01
5.129999999999999893e+00 9.706110000000000015e-01
5.139999999999999680e+00 9.707289999999999530e-01
5.150000000000000355e+00 9.708470000000000155e-01
5.160000000000000142e+00 9.709659999999999958e-01
5.169999999999999929e+00 9.710849999999999760e-01
5.179999999999999716e+00 9.712049999999999850e-01
5.190000000000000391e+00 9.713260000000000227e-01
5.200000000000000178e+00 9.714479999999999782e-01
5.209999999999999964e+00 9.715700000000000447e-01
5.219999999999999751e+00 9.716930000000000289e-01
5.230000000000000426e+00 9.718170000000000419e-01
5.240000000000000213e+00 9.719410000000000549e-01
5.250000000000000000e+00 9.720670000000000144e-01
5.259999999999999787e+00 9.721929999999999739e-01
5.269999999999999574e+00 9.723199999999999621e-01
5.280000000000000249e+00 9.724479999999999791e-01
5.290000000000000036e+00 9.725770000000000248e-01
5.299999999999999822e+00 9.727069999999999883e-01
5.309999999999999609e+00 9.728379999999999805e-01
5.320000000000000284e+00 9.729689999999999728e-01
5.330000000000000071e+00 9.731020000000000225e-01
5.339999999999999858e+00 9.732349999999999612e-01
5.349999999999999645e+00 9.733699999999999575e-01
5.360000000000000320e+00 9.735059999999999825e-01
5.370000000000000107e+00 9.736420000000000075e-01
5.379999999999999893e+00 9.737799999999999789e-01
5.389999999999999680e+00 9.739189999999999792e-01
5.400000000000000355e+00 9.740590000000000082e-01
5.410000000000000142e+00 9.741999999999999549e-01
5.419999999999999929e+00 9.743420000000000414e-01
5.429999999999999716e+00 9.744850000000000456e-01
5.440000000000000391e+00 9.746299999999999963e-01
5.450000000000000178e+00 9.747749999999999471e-01
5.459999999999999964e+00 9.749219999999999553e-01
5.469999999999999751e+00 9.750699999999999923e-01
5.480000000000000426e+00 9.752199999999999758e-01
5.490000000000000213e+00 9.753709999999999880e-01
5.500000000000000000e+00 9.755230000000000290e-01
5.509999999999999787e+00 9.756759999999999877e-01
5.519999999999999574e+00 9.758310000000000040e-01
5.530000000000000249e+00 9.759870000000000489e-01
5.540000000000000036e+00 9.761450000000000404e-01
5.549999999999999822e+00 9.763039999999999496e-01
5.559999999999999609e+00 9.764639999999999986e-01
5.570000000000000284e+00 9.766259999999999941e-01
5.580000000000000071e+00 9.767890000000000184e-01
5.589999999999999858e+00 9.769539999999999891e-01
5.599999999999999645e+00 9.771210000000000173e-01
5.610000000000000320e+00 9.772889999999999633e-01
5.620000000000000107e+00 9.774580000000000490e-01
5.629999999999999893e+00 9.776289999999999702e-01
5.639999999999999680e+00 9.778010000000000312e-01
5.650000000000000355e+00 9.779759999999999565e-01
5.660000000000000142e+00 9.781509999999999927e-01
5.669999999999999929e+00 9.783290000000000042e-01
5.679999999999999716e+00 9.785080000000000444e-01
5.690000000000000391e+00 9.786880000000000024e-01
5.700000000000000178e+00 9.788700000000000179e-01
5.709999999999999964e+00 9.790539999999999798e-01
5.719999999999999751e+00 9.792399999999999993e-01
5.730000000000000426e+00 9.794270000000000476e-01
5.740000000000000213e+00 9.796160000000000423e-01
5.750000000000000000e+00 9.798069999999999835e-01
5.759999999999999787e+00 9.799989999999999535e-01
5.769999999999999574e+00 9.801929999999999810e-01
5.780000000000000249e+00 9.803889999999999549e-01
5.790000000000000036e+00 9.805859999999999577e-01
5.799999999999999822e+00 9.807850000000000179e-01
5.809999999999999609e+00 9.809860000000000246e-01
5.820000000000000284e+00 9.811889999999999779e-01
5.830000000000000071e+00 9.813929999999999598e-01
5.839999999999999858e+00 9.815989999999999993e-01
5.849999999999999645e+00 9.818059999999999565e-01
5.860000000000000320e+00 9.820160000000000000e-01
5.870000000000000107e+00 9.822269999999999612e-01
5.879999999999999893e+00 9.824399999999999800e-01
5.889999999999999680e+00 9.826540000000000274e-01
5.900000000000000355e+00 9.828700000000000214e-01
5.910000000000000142e+00 9.830879999999999619e-01
5.919999999999999929e+00 9.833070000000000421e-01
5.929999999999999716e+00 9.835279999999999578e-01
5.940000000000000391e+00 9.837510000000000421e-01
5.950000000000000178e+00 9.839750000000000441e-01
5.959999999999999964e+00 9.842009999999999925e-01
5.969999999999999751e+00 9.844279999999999697e-01
5.980000000000000426e+00 9.846570000000000045e-01
5.990000000000000213e+00 9.848879999999999857e-01
6.000000000000000000e+00 9.851199999999999957e-01
6.009999999999999787e+00 9.853530000000000344e-01
6.019999999999999574e+00 9.855880000000000196e-01
6.030000000000000249e+00 9.858249999999999513e-01
6.040000000000000036e+00 9.860619999999999941e-01
6.049999999999999822e+00 9.863009999999999833e-01
6.059999999999999609e+00 9.865420000000000300e-01
6.070000000000000284e+00 9.867839999999999945e-01
6.080000000000000071e+00 9.870269999999999877e-01
6.089999999999999858e+00 9.872710000000000097e-01
6.099999999999999645e+00 9.875169999999999781e-01
6.110000000000000320e+00 9.877639999999999754e-01
6.120000000000000107e+00 9.880120000000000013e-01
6.129999999999999893e+00 9.882609999999999451e-01
6.139999999999999680e+00 9.885110000000000285e-01
6.150000000000000355e+00 9.887620000000000298e-01
6.160000000000000142e+00 9.890139999999999487e-01
6.169999999999999929e+00 9.892670000000000075e-01
6.179999999999999716e+00 9.895209999999999839e-01
6.190000000000000391e+00 9.897759999999999891e-01
6.200000000000000178e+00 9.900309999999999944e-01
6.209999999999999964e+00 9.902879999999999461e-01
6.219999999999999751e+00 9.905450000000000088e-01
6.230000000000000426e+00 9.908029999999999893e-01
6.240000000000000213e+00 9.910609999999999697e-01
6.250000000000000000e+00 9.913199999999999790e-01
6.259999999999999787e+00 9.915789999999999882e-01
6.269999999999999574e+00 9.918390000000000262e-01
6.280000000000000249e+00 9.920999999999999819e-01
6.290000000000000036e+00 9.923600000000000199e-01
6.299999999999999822e+00 9.926209999999999756e-01
6.309999999999999609e+00 9.928820000000000423e-01
6.320000000000000284e+00 9.931429999999999980e-01
6.330000000000000071e+00 9.934039999999999537e-01
6.339999999999999858e+00 9.936660000000000492e-01
6.349999999999999645e+00 9.939270000000000049e-01
6.360000000000000320e+00 9.941879999999999606e-01
6.370000000000000107e+00 9.944490000000000274e-01
6.379999999999999893e+00 9.947089999999999543e-01
6.389999999999999680e+00 9.949689999999999923e-01
6.400000000000000355e+00 9.952290000000000303e-01
6.410000000000000142e+00 9.954880000000000395e-01
6.419999999999999929e+00 9.957470000000000487e-01
6.429999999999999716e+00 9.960050000000000292e-01
6.440000000000000391e+00 9.962619999999999809e-01
6.450000000000000178e+00 9.965190000000000436e-01
6.459999999999999964e+00 9.967740000000000489e-01
6.469999999999999751e+00 9.970290000000000541e-01
6.480000000000000426e+00 9.972820000000000018e-01
6.490000000000000213e+00 9.975349999999999495e-01
6.500000000000000000e+00 9.977859999999999507e-01
6.509999999999999787e+00 9.980350000000000055e-01
6.519999999999999574e+00 9.982830000000000314e-01
6.530000000000000249e+00 9.985300000000000287e-01
6.540000000000000036e+00 9.987749999999999684e-01
6.549999999999999822e+00 9.990179999999999616e-01
6.559999999999999609e+00 9.992590000000000083e-01
6.570000000000000284e+00 9.994990000000000263e-01
6.580000000000000071e+00 9.997359999999999580e-01
6.589999999999999858e+00 9.999710000000000543e-01
6.599999999999999645e+00 1.000202999999999953e+00
6.610000000000000320e+00 1.000432999999999906e+00
6.620000000000000107e+00 1.000661000000000023e+00
6.629999999999999893e+00 1.000885999999999942e+00
6.639999999999999680e+00 1.001108000000000109e+00
6.650000000000000355e+00 1.001327000000000078e+00
6.660000000000000142e+00 1.001543000000000072e+00
6.669999999999999929e+00 1.001754999999999951e+00
6.679999999999999716e+00 1.001964000000000077e+00
6.690000000000000391e+00 1.002170000000000005e+00
6.700000000000000178e+00 1.002372000000000041e+00
6.709999999999999964e+00 1.002569999999999961e+00
6.719999999999999751e+00 1.002763999999999989e+00
6.730000000000000426e+00 1.002953999999999901e+00
6.740000000000000213e+00 1.003139999999999921e+00
6.750000000000000000e+00 1.003320999999999907e+00
6.759999999999999787e+00 1.003497000000000083e+00
6.769999999999999574e+00 1.003668000000000005e+00
6.780000000000000249e+00 1.003833999999999893e+00
6.790000000000000036e+00 1.003994999999999971e+00
6.799999999999999822e+00 1.004150000000000098e+00
6.809999999999999609e+00 1.004299999999999971e+00
6.820000000000000284e+00 1.004443999999999892e+00
6.830000000000000071e+00 1.004580999999999946e+00
6.839999999999999858e+00 1.004712000000000049e+00
6.849999999999999645e+00 1.004836000000000062e+00
6.860000000000000320e+00 1.004952999999999985e+00
6.870000000000000107e+00 1.005063000000000040e+00
6.879999999999999893e+00 1.005166000000000004e+00
6.889999999999999680e+00 1.005260999999999960e+00
6.900000000000000355e+00 1.005347999999999908e+00
6.910000000000000142e+00 1.005425999999999931e+00
6.919999999999999929e+00 1.005495999999999945e+00
6.929999999999999716e+00 1.005555999999999894e+00
6.940000000000000391e+00 1.005606999999999918e+00
6.950000000000000178e+00 1.005649000000000015e+00
6.959999999999999964e+00 1.005679999999999907e+00
6.969999999999999751e+00 1.005700999999999956e+00
6.980000000000000426e+00 1.005711000000000022e+00
6.990000000000000213e+00 1.005710000000000104e+00
7.000000000000000000e+00 1.005697000000000063e+00
7.009999999999999787e+00 1.005671999999999899e+00
7.019999999999999574e+00 1.005633999999999917e+00
7.030000000000000249e+00 1.005584000000000033e+00
7.040000000000000036e+00 1.005519000000000052e+00
7.049999999999999822e+00 1.005439999999999889e+00
7.059999999999999609e+00 1.005346999999999991e+00
7.070000000000000284e+00 1.005238000000000076e+00
7.080000000000000071e+00 1.005114000000000063e+00
7.089999999999999858e+00 1.004972999999999894e+00
7.099999999999999645e+00 1.004815000000000014e+00
7.110000000000000320e+00 1.004639000000000060e+00
7.120000000000000107e+00 1.004445000000000032e+00
7.129999999999999893e+00 1.004231000000000096e+00
7.139999999999999680e+00 1.003997999999999946e+00
7.150000000000000355e+00 1.003743000000000052e+00
7.160000000000000142e+00 1.003467000000000109e+00
7.169999999999999929e+00 1.003168999999999977e+00
7.179999999999999716e+00 1.002847000000000044e+00
7.190000000000000391e+00 1.002501000000000086e+00
7.200000000000000178e+00 1.002129999999999965e+00
7.209999999999999964e+00 1.001732000000000067e+00
7.219999999999999751e+00 1.001306999999999947e+00
7.230000000000000426e+00 1.000852999999999993e+00
7.240000000000000213e+00 1.000369999999999981e+00
7.250000000000000000e+00 9.998559999999999670e-01
7.259999999999999787e+00 9.993090000000000028e-01
7.269999999999999574e+00 9.987289999999999779e-01
7.280000000000000249e+00 9.981149999999999745e-01
7.290000000000000036e+00 9.974640000000000173e-01
7.299999999999999822e+00 9.967749999999999666e-01
7.309999999999999609e+00 9.960470000000000157e-01
7.320000000000000284e+00 9.952779999999999960e-01
7.330000000000000071e+00 9.944659999999999611e-01
7.339999999999999858e+00 9.936089999999999645e-01
7.349999999999999645e+00 9.927059999999999773e-01
7.360000000000000320e+00 9.917550000000000532e-01
7.370000000000000107e+00 9.907529999999999948e-01
7.379999999999999893e+00 9.896989999999999954e-01
7.389999999999999680e+00 9.885899999999999688e-01
7.400000000000000355e+00 9.874239999999999684e-01
7.410000000000000142e+00 9.861980000000000190e-01
7.419999999999999929e+00 9.849109999999999809e-01
7.429999999999999716e+00 9.835589999999999611e-01
7.440000000000000391e+00 9.821389999999999842e-01
7.450000000000000178e+00 9.806500000000000217e-01
7.459999999999999964e+00 9.790870000000000406e-01
7.469999999999999751e+00 9.774479999999999835e-01
7.480000000000000426e+00 9.757299999999999862e-01
7.490000000000000213e+00 9.739290000000000447e-01
7.500000000000000000e+00 9.720429999999999904e-01
7.509999999999999787e+00 9.700659999999999838e-01
7.519999999999999574e+00 9.679969999999999963e-01
7.530000000000000249e+00 9.658299999999999663e-01
7.540000000000000036e+00 9.635620000000000296e-01
7.549999999999999822e+00 9.611899999999999888e-01
7.559999999999999609e+00 9.587080000000000046e-01
7.570000000000000284e+00 9.561119999999999619e-01
7.580000000000000071e+00 9.533989999999999965e-01
7.589999999999999858e+00 9.505630000000000468e-01
7.599999999999999645e+00 9.476010000000000266e-01
7.610000000000000320e+00 9.445069999999999855e-01
7.620000000000000107e+00 9.412760000000000016e-01
7.629999999999999893e+00 9.379039999999999599e-01
7.639999999999999680e+00 9.343860000000000499e-01
7.650000000000000355e+00 9.307170000000000165e-01
7.660000000000000142e+00 9.268920000000000492e-01
7.669999999999999929e+00 9.229060000000000041e-01
7.679999999999999716e+00 9.187539999999999596e-01
7.690000000000000391e+00 9.144320000000000226e-01
7.700000000000000178e+00 9.099359999999999671e-01
7.709999999999999964e+00 9.052590000000000359e-01
7.719999999999999751e+00 9.003989999999999494e-01
7.730000000000000426e+00 8.953520000000000367e-01
7.740000000000000213e+00 8.901130000000000431e-01
7.750000000000000000e+00 8.846800000000000219e-01
7.759999999999999787e+00 8.790499999999999980e-01
7.769999999999999574e+00 8.732210000000000250e-01
7.780000000000000249e+00 8.671900000000000164e-01
7.790000000000000036e+00 8.609590000000000298e-01
7.799999999999999822e+00 8.545249999999999790e-01
7.809999999999999609e+00 8.478919999999999790e-01
7.820000000000000284e+00 8.410590000000000011e-01
7.830000000000000071e+00 8.340319999999999956e-01
7.839999999999999858e+00 8.268130000000000202e-01
7.849999999999999645e+00 8.194099999999999717e-01
7.860000000000000320e+00 8.118279999999999941e-01
7.870000000000000107e+00 8.040779999999999594e-01
7.879999999999999893e+00 7.961700000000000443e-01
7.889999999999999680e+00 7.881169999999999565e-01
7.900000000000000355e+00 7.799319999999999586e-01
7.910000000000000142e+00 7.716330000000000133e-01
7.919999999999999929e+00 7.632370000000000543e-01
7.929999999999999716e+00 7.547660000000000480e-01
7.940000000000000391e+00 7.462419999999999609e-01
7.950000000000000178e+00 7.376899999999999569e-01
7.959999999999999964e+00 7.291370000000000351e-01
7.969999999999999751e+00 7.206110000000000015e-01
7.980000000000000426e+00 7.121429999999999705e-01
7.990000000000000213e+00 7.037660000000000027e-01
8.000000000000000000e+00 6.955130000000000479e-01
8.009999999999999787e+00 6.874190000000000023e-01
8.019999999999999574e+00 6.795189999999999841e-01
8.029999999999999361e+00 6.718499999999999472e-01
8.039999999999999147e+00 6.644470000000000098e-01
8.050000000000000711e+00 6.573470000000000146e-01
8.060000000000000497e+00 6.505849999999999689e-01
8.070000000000000284e+00 6.441930000000000156e-01
8.080000000000000071e+00 6.382029999999999648e-01
8.089999999999999858e+00 6.326450000000000129e-01
8.099999999999999645e+00 6.275460000000000482e-01
8.109999999999999432e+00 6.229270000000000085e-01
8.119999999999999218e+00 6.188090000000000535e-01
8.130000000000000782e+00 6.152069999999999483e-01
8.140000000000000568e+00 6.121320000000000094e-01
8.150000000000000355e+00 6.095920000000000227e-01
8.160000000000000142e+00 6.075880000000000170e-01
8.169999999999999929e+00 6.061189999999999634e-01
8.179999999999999716e+00 6.051790000000000225e-01
8.189999999999999503e+00 6.047569999999999890e-01
8.199999999999999289e+00 6.048400000000000443e-01
8.210000000000000853e+00 6.054100000000000037e-01
8.220000000000000639e+00 6.064479999999999871e-01
8.230000000000000426e+00 6.079299999999999704e-01
8.240000000000000213e+00 6.098320000000000407e-01
8.250000000000000000e+00 6.121269999999999767e-01
8.259999999999999787e+00 6.147890000000000299e-01
8.269999999999999574e+00 6.177890000000000326e-01
8.279999999999999361e+00 6.210989999999999567e-01
8.289999999999999147e+00 6.246899999999999675e-01
8.300000000000000711e+00 6.285349999999999548e-01
8.310000000000000497e+00 6.326060000000000016e-01
8.320000000000000284e+00 6.368780000000000552e-01
8.330000000000000071e+00 6.413250000000000339e-01
8.339999999999999858e+00 6.459230000000000249e-01
8.349999999999999645e+00 6.506490000000000329e-01
8.359999999999999432e+00 6.554820000000000091e-01
8.369999999999999218e+00 6.604020000000000445e-01
8.380000000000000782e+00 6.653900000000000370e-01
8.390000000000000568e+00 6.704299999999999704e-01
8.400000000000000355e+00 6.755060000000000509e-01
8.410000000000000142e+00 6.806029999999999580e-01
8.419999999999999929e+00 6.857090000000000130e-01
8.429999999999999716e+00 6.908119999999999816e-01
8.439999999999999503e+00 6.959020000000000206e-01
8.449999999999999289e+00 7.009680000000000355e-01
8.460000000000000853e+00 7.060020000000000184e-01
8.470000000000000639e+00 7.109980000000000189e-01
8.480000000000000426e+00 7.159480000000000288e-01
8.490000000000000213e+00 7.208459999999999868e-01
8.500000000000000000e+00 7.256890000000000285e-01
8.509999999999999787e+00 7.304720000000000102e-01
8.519999999999999574e+00 7.351900000000000102e-01
8.529999999999999361e+00 7.398409999999999709e-01
8.539999999999999147e+00 7.444239999999999746e-01
8.550000000000000711e+00 7.489339999999999886e-01
8.560000000000000497e+00 7.533720000000000416e-01
8.570000000000000284e+00 7.577359999999999651e-01
8.580000000000000071e+00 7.620240000000000347e-01
8.589999999999999858e+00 7.662369999999999459e-01
8.599999999999999645e+00 7.703740000000000032e-01
8.609999999999999432e+00 7.744360000000000133e-01
8.619999999999999218e+00 7.784219999999999473e-01
8.630000000000000782e+00 7.823329999999999451e-01
8.640000000000000568e+00 7.861690000000000067e-01
8.650000000000000355e+00 7.899310000000000498e-01
8.660000000000000142e+00 7.936199999999999921e-01
8.669999999999999929e+00 7.972369999999999735e-01
8.679999999999999716e+00 8.007830000000000226e-01
8.689999999999999503e+00 8.042589999999999462e-01
8.699999999999999289e+00 8.076659999999999950e-01
8.710000000000000853e+00 8.110060000000000047e-01
8.720000000000000639e+00 8.142789999999999750e-01
8.730000000000000426e+00 8.174869999999999637e-01
8.740000000000000213e+00 8.206320000000000281e-01
8.750000000000000000e+00 8.237139999999999462e-01
8.759999999999999787e+00 8.267360000000000264e-01
8.769999999999999574e+00 8.296980000000000466e-01
8.779999999999999361e+00 8.326010000000000355e-01
8.789999999999999147e+00 8.354479999999999684e-01
8.800000000000000711e+00 8.382399999999999851e-01
8.810000000000000497e+00 8.409769999999999746e-01
8.820000000000000284e+00 8.436620000000000230e-01
8.830000000000000071e+00 8.462950000000000195e-01
8.839999999999999858e+00 8.488790000000000502e-01
8.849999999999999645e+00 8.514129999999999754e-01
8.859999999999999432e+00 8.538999999999999924e-01
8.869999999999999218e+00 8.563410000000000188e-01
8.880000000000000782e+00 8.587369999999999726e-01
8.890000000000000568e+00 8.610900000000000221e-01
8.900000000000000355e+00 8.633990000000000276e-01
8.910000000000000142e+00 8.656669999999999643e-01
8.919999999999999929e+00 8.678949999999999720e-01
8.929999999999999716e+00 8.700839999999999685e-01
8.939999999999999503e+00 8.722349999999999826e-01
8.949999999999999289e+00 8.743490000000000428e-01
8.960000000000000853e+00 8.764269999999999561e-01
8.970000000000000639e+00 8.784699999999999731e-01
8.980000000000000426e+00 8.804790000000000116e-01
8.990000000000000213e+00 8.824560000000000182e-01
9.000000000000000000e+00 8.843999999999999639e-01
