3.020000000000000018e+00 9.962710000000000177e-01
3.029999999999999805e+00 9.929799999999999738e-01
3.040000000000000036e+00 9.908639999999999670e-01
3.049999999999999822e+00 9.892020000000000257e-01
3.060000000000000053e+00 9.878069999999999906e-01
3.069999999999999840e+00 9.865920000000000245e-01
3.080000000000000071e+00 9.855099999999999971e-01
3.089999999999999858e+00 9.845319999999999627e-01
3.100000000000000089e+00 9.836380000000000123e-01
3.109999999999999876e+00 9.828149999999999942e-01
3.120000000000000107e+00 9.820510000000000073e-01
3.129999999999999893e+00 9.813380000000000436e-01
3.140000000000000124e+00 9.806700000000000417e-01
3.149999999999999911e+00 9.800419999999999687e-01
3.160000000000000142e+00 9.794490000000000141e-01
3.169999999999999929e+00 9.788879999999999804e-01
3.180000000000000160e+00 9.783570000000000322e-01
3.189999999999999947e+00 9.778510000000000257e-01
3.200000000000000178e+00 9.773699999999999610e-01
3.209999999999999964e+00 9.769109999999999738e-01
3.220000000000000195e+00 9.764720000000000066e-01
3.229999999999999982e+00 9.760520000000000307e-01
3.240000000000000213e+00 9.756500000000000172e-01
3.250000000000000000e+00 9.752640000000000198e-01
3.259999999999999787e+00 9.748940000000000383e-01
3.270000000000000018e+00 9.745380000000000154e-01
3.279999999999999805e+00 9.741959999999999509e-01
3.290000000000000036e+00 9.738660000000000094e-01
3.299999999999999822e+00 9.735489999999999977e-01
3.310000000000000053e+00 9.732429999999999692e-01
3.319999999999999840e+00 9.729480000000000350e-01
3.330000000000000071e+00 9.726630000000000553e-01
3.339999999999999858e+00 9.723870000000000013e-01
3.350000000000000089e+00 9.721220000000000416e-01
3.359999999999999876e+00 9.718639999999999501e-01
3.370000000000000107e+00 9.716160000000000352e-01
3.379999999999999893e+00 9.713749999999999885e-01
3.390000000000000124e+00 9.711419999999999497e-01
3.399999999999999911e+00 9.709170000000000300e-01
3.410000000000000142e+00 9.706979999999999498e-01
3.419999999999999929e+00 9.704859999999999598e-01
3.430000000000000160e+00 9.702809999999999491e-01
3.439999999999999947e+00 9.700819999999999999e-01
3.450000000000000178e+00 9.698890000000000011e-01
3.459999999999999964e+00 9.697019999999999529e-01
3.470000000000000195e+00 9.695209999999999662e-01
3.479999999999999982e+00 9.693450000000000122e-01
3.490000000000000213e+00 9.691739999999999799e-01
3.500000000000000000e+00 9.690079999999999805e-01
3.509999999999999787e+00 9.688470000000000137e-01
3.520000000000000018e+00 9.686909999999999688e-01
3.529999999999999805e+00 9.685399999999999565e-01
3.540000000000000036e+00 9.683920000000000305e-01
3.549999999999999822e+00 9.682490000000000263e-01
3.560000000000000053e+00 9.681110000000000548e-01
3.569999999999999840e+00 9.679759999999999476e-01
3.580000000000000071e+00 9.678449999999999553e-01
3.589999999999999858e+00 9.677179999999999671e-01
3.600000000000000089e+00 9.675939999999999541e-01
3.609999999999999876e+00 9.674749999999999739e-01
3.620000000000000107e+00 9.673580000000000512e-01
3.629999999999999893e+00 9.672450000000000214e-01
3.640000000000000124e+00 9.671359999999999957e-01
3.649999999999999911e+00 9.670290000000000274e-01
3.660000000000000142e+00 9.669259999999999522e-01
3.669999999999999929e+00 9.668259999999999632e-01
3.680000000000000160e+00 9.667289999999999495e-01
3.689999999999999947e+00 9.666350000000000220e-01
3.700000000000000178e+00 9.665430000000000410e-01
3.709999999999999964e+00 9.664549999999999530e-01
3.720000000000000195e+00 9.663690000000000335e-01
3.729999999999999982e+00 9.662859999999999783e-01
3.740000000000000213e+00 9.662049999999999805e-01
3.750000000000000000e+00 9.661269999999999580e-01
3.759999999999999787e+00 9.660520000000000218e-01
3.770000000000000018e+00 9.659790000000000321e-01
3.779999999999999805e+00 9.659079999999999888e-01
3.790000000000000036e+00 9.658400000000000318e-01
3.799999999999999822e+00 9.657740000000000213e-01
3.810000000000000053e+00 9.657099999999999573e-01
3.819999999999999840e+00 9.656479999999999508e-01
3.830000000000000071e+00 9.655890000000000306e-01
3.839999999999999858e+00 9.655319999999999458e-01
3.850000000000000089e+00 9.654770000000000296e-01
3.859999999999999876e+00 9.654230000000000311e-01
3.870000000000000107e+00 9.653720000000000079e-01
3.879999999999999893e+00 9.653230000000000421e-01
3.890000000000000124e+00 9.652760000000000229e-01
3.899999999999999911e+00 9.652309999999999501e-01
3.910000000000000142e+00 9.651880000000000459e-01
3.919999999999999929e+00 9.651459999999999484e-01
3.930000000000000160e+00 9.651060000000000194e-01
3.939999999999999947e+00 9.650680000000000369e-01
3.950000000000000178e+00 9.650320000000000009e-01
3.959999999999999964e+00 9.649980000000000224e-01
3.970000000000000195e+00 9.649649999999999617e-01
3.979999999999999982e+00 9.649339999999999584e-01
3.990000000000000213e+00 9.649050000000000127e-01
4.000000000000000000e+00 9.648769999999999847e-01
4.009999999999999787e+00 9.648510000000000142e-01
4.019999999999999574e+00 9.648259999999999614e-01
4.030000000000000249e+00 9.648029999999999662e-01
4.040000000000000036e+00 9.647820000000000285e-01
4.049999999999999822e+00 9.647620000000000084e-01
4.059999999999999609e+00 9.647430000000000172e-01
4.070000000000000284e+00 9.647259999999999724e-01
4.080000000000000071e+00 9.647109999999999852e-01
4.089999999999999858e+00 9.646970000000000267e-01
4.099999999999999645e+00 9.646839999999999860e-01
4.110000000000000320e+00 9.646730000000000027e-01
4.120000000000000107e+00 9.646630000000000482e-01
4.129999999999999893e+00 9.646550000000000402e-01
4.139999999999999680e+00 9.646479999999999499e-01
4.150000000000000355e+00 9.646419999999999995e-01
4.160000000000000142e+00 9.646379999999999955e-01
4.169999999999999929e+00 9.646350000000000202e-01
4.179999999999999716e+00 9.646329999999999627e-01
4.190000000000000391e+00 9.646329999999999627e-01
4.200000000000000178e+00 9.646339999999999915e-01
4.209999999999999964e+00 9.646360000000000490e-01
4.219999999999999751e+00 9.646390000000000242e-01
4.230000000000000426e+00 9.646439999999999459e-01
4.240000000000000213e+00 9.646500000000000075e-01
4.250000000000000000e+00 9.646569999999999867e-01
4.259999999999999787e+00 9.646649999999999947e-01
4.269999999999999574e+00 9.646749999999999492e-01
4.280000000000000249e+00 9.646860000000000435e-01
4.290000000000000036e+00 9.646980000000000555e-01
4.299999999999999822e+00 9.647109999999999852e-01
4.309999999999999609e+00 9.647250000000000547e-01
4.320000000000000284e+00 9.647409999999999597e-01
4.330000000000000071e+00 9.647569999999999757e-01
4.339999999999999858e+00 9.647750000000000492e-01
4.349999999999999645e+00 9.647940000000000405e-01
4.360000000000000320e+00 9.648139999999999494e-01
4.370000000000000107e+00 9.648349999999999982e-01
4.379999999999999893e+00 9.648579999999999934e-01
4.389999999999999680e+00 9.648809999999999887e-01
4.400000000000000355e+00 9.649060000000000414e-01
4.410000000000000142e+00 9.649309999999999832e-01
4.419999999999999929e+00 9.649579999999999824e-01
4.429999999999999716e+00 9.649860000000000104e-01
4.440000000000000391e+00 9.650149999999999562e-01
4.450000000000000178e+00 9.650450000000000417e-01
4.459999999999999964e+00 9.650760000000000449e-01
4.469999999999999751e+00 9.651079999999999659e-01
4.480000000000000426e+00 9.651420000000000554e-01
4.490000000000000213e+00 9.651760000000000339e-01
4.500000000000000000e+00 9.652110000000000412e-01
4.509999999999999787e+00 9.652479999999999949e-01
4.519999999999999574e+00 9.652859999999999774e-01
4.530000000000000249e+00 9.653239999999999599e-01
4.540000000000000036e+00 9.653639999999999999e-01
4.549999999999999822e+00 9.654049999999999576e-01
4.559999999999999609e+00 9.654460000000000264e-01
4.570000000000000284e+00 9.654890000000000416e-01
4.580000000000000071e+00 9.655329999999999746e-01
4.589999999999999858e+00 9.655780000000000474e-01
4.599999999999999645e+00 9.656240000000000379e-01
4.610000000000000320e+00 9.656709999999999461e-01
4.620000000000000107e+00 9.657189999999999941e-01
4.629999999999999893e+00 9.657689999999999886e-01
4.639999999999999680e+00 9.658189999999999831e-01
4.650000000000000355e+00 9.658700000000000063e-01
4.660000000000000142e+00 9.659219999999999473e-01
4.669999999999999929e+00 9.659759999999999458e-01
4.679999999999999716e+00 9.660300000000000553e-01
4.690000000000000391e+00 9.660860000000000003e-01
4.700000000000000178e+00 9.661419999999999453e-01
4.709999999999999964e+00 9.661999999999999478e-01
4.719999999999999751e+00 9.662579999999999503e-01
4.730000000000000426e+00 9.663180000000000103e-01
4.740000000000000213e+00 9.663779999999999593e-01
4.750000000000000000e+00 9.664399999999999658e-01
4.759999999999999787e+00 9.665030000000000010e-01
4.769999999999999574e+00 9.665669999999999540e-01
4.780000000000000249e+00 9.666310000000000180e-01
4.790000000000000036e+00 9.666970000000000285e-01
4.799999999999999822e+00 9.667639999999999567e-01
4.809999999999999609e+00 9.668320000000000247e-01
4.820000000000000284e+00 9.669010000000000105e-01
4.830000000000000071e+00 9.669710000000000250e-01
4.839999999999999858e+00 9.670419999999999572e-01
4.849999999999999645e+00 9.671140000000000292e-01
4.860000000000000320e+00 9.671880000000000477e-01
4.870000000000000107e+00 9.672619999999999552e-01
4.879999999999999893e+00 9.673370000000000024e-01
4.889999999999999680e+00 9.674129999999999674e-01
4.900000000000000355e+00 9.674909999999999899e-01
4.910000000000000142e+00 9.675690000000000124e-01
4.919999999999999929e+00 9.676489999999999814e-01
4.929999999999999716e+00 9.677289999999999504e-01
4.940000000000000391e+00 9.678109999999999769e-01
4.950000000000000178e+00 9.678940000000000321e-01
4.959999999999999964e+00 9.679769999999999763e-01
4.969999999999999751e+00 9.680619999999999781e-01
4.980000000000000426e+00 9.681480000000000086e-01
4.990000000000000213e+00 9.682349999999999568e-01
5.000000000000000000e+00 9.683230000000000448e-01
5.009999999999999787e+00 9.684120000000000505e-01
5.019999999999999574e+00 9.685019999999999740e-01
5.030000000000000249e+00 9.685930000000000373e-01
5.040000000000000036e+00 9.686850000000000183e-01
5.049999999999999822e+00 9.687789999999999457e-01
5.059999999999999609e+00 9.688729999999999842e-01
5.070000000000000284e+00 9.689680000000000515e-01
5.080000000000000071e+00 9.690649999999999542e-01
5.089999999999999858e+00 9.691619999999999679e-01
5.099999999999999645e+00 9.692610000000000392e-01
5.110000000000000320e+00 9.693610000000000282e-01
5.120000000000000107e+00 9.694620000000000459e-01
5.129999999999999893e+00 9.695629999999999526e-01
5.139999999999999680e+00 9.696660000000000279e-01
5.150000000000000355e+00 9.697700000000000209e-01
5.160000000000000142e+00 9.698750000000000426e-01
5.169999999999999929e+00 9.699809999999999821e-01
5.179999999999999716e+00 9.700889999999999791e-01
5.190000000000000391e+00 9.701969999999999761e-01
5.200000000000000178e+00 9.703060000000000018e-01
5.209999999999999964e+00 9.704169999999999741e-01
5.219999999999999751e+00 9.705279999999999463e-01
5.230000000000000426e+00 9.706409999999999760e-01
5.240000000000000213e+00 9.707540000000000058e-01
5.250000000000000000e+00 9.708689999999999820e-01
5.259999999999999787e+00 9.709849999999999870e-01
5.269999999999999574e+00 9.711020000000000207e-01
5.280000000000000249e+00 9.712199999999999722e-01
5.290000000000000036e+00 9.713389999999999525e-01
5.299999999999999822e+00 9.714589999999999614e-01
5.309999999999999609e+00 9.715799999999999992e-01
5.320000000000000284e+00 9.717019999999999547e-01
5.330000000000000071e+00 9.718250000000000499e-01
5.339999999999999858e+00 9.719499999999999806e-01
5.349999999999999645e+00 9.720750000000000224e-01
5.360000000000000320e+00 9.722020000000000106e-01
5.370000000000000107e+00 9.723300000000000276e-01
5.379999999999999893e+00 9.724580000000000446e-01
5.389999999999999680e+00 9.725880000000000081e-01
5.400000000000000355e+00 9.727190000000000003e-01
5.410000000000000142e+00 9.728510000000000213e-01
5.419999999999999929e+00 9.729839999999999600e-01
5.429999999999999716e+00 9.731180000000000385e-01
5.440000000000000391e+00 9.732530000000000348e-01
5.450000000000000178e+00 9.733889999999999487e-01
5.459999999999999964e+00 9.735260000000000025e-01
5.469999999999999751e+00 9.736650000000000027e-01
5.480000000000000426e+00 9.738040000000000029e-01
5.490000000000000213e+00 9.739449999999999497e-01
5.500000000000000000e+00 9.740860000000000074e-01
5.509999999999999787e+00 9.742290000000000116e-01
5.519999999999999574e+00 9.743730000000000446e-01
5.530000000000000249e+00 9.745169999999999666e-01
5.540000000000000036e+00 9.746629999999999461e-01
5.549999999999999822e+00 9.748099999999999543e-01
5.559999999999999609e+00 9.749579999999999913e-01
5.570000000000000284e+00 9.751069999999999460e-01
5.580000000000000071e+00 9.752570000000000405e-01
5.589999999999999858e+00 9.754080000000000528e-01
5.599999999999999645e+00 9.755599999999999827e-01
5.610000000000000320e+00 9.757130000000000525e-01
5.620000000000000107e+00 9.758670000000000400e-01
5.629999999999999893e+00 9.760229999999999739e-01
5.639999999999999680e+00 9.761790000000000189e-01
5.650000000000000355e+00 9.763359999999999816e-01
5.660000000000000142e+00 9.764950000000000019e-01
5.669999999999999929e+00 9.766540000000000221e-01
5.679999999999999716e+00 9.768139999999999601e-01
5.690000000000000391e+00 9.769759999999999556e-01
5.700000000000000178e+00 9.771379999999999511e-01
5.709999999999999964e+00 9.773020000000000040e-01
5.719999999999999751e+00 9.774659999999999460e-01
5.730000000000000426e+00 9.776319999999999455e-01
5.740000000000000213e+00 9.777979999999999450e-01
5.750000000000000000e+00 9.779660000000000020e-01
5.759999999999999787e+00 9.781339999999999479e-01
5.769999999999999574e+00 9.783039999999999514e-01
5.780000000000000249e+00 9.784739999999999549e-01
5.790000000000000036e+00 9.786460000000000159e-01
5.799999999999999822e+00 9.788179999999999659e-01
5.809999999999999609e+00 9.789919999999999733e-01
5.820000000000000284e+00 9.791659999999999808e-01
5.830000000000000071e+00 9.793420000000000458e-01
5.839999999999999858e+00 9.795179999999999998e-01
5.849999999999999645e+00 9.796960000000000113e-01
5.860000000000000320e+00 9.798740000000000228e-01
5.870000000000000107e+00 9.800529999999999520e-01
5.879999999999999893e+00 9.802330000000000210e-01
5.889999999999999680e+00 9.804140000000000077e-01
5.900000000000000355e+00 9.805960000000000232e-01
5.910000000000000142e+00 9.807789999999999564e-01
5.919999999999999929e+00 9.809630000000000294e-01
5.929999999999999716e+00 9.811480000000000201e-01
5.940000000000000391e+00 9.813330000000000108e-01
5.950000000000000178e+00 9.815199999999999481e-01
5.959999999999999964e+00 9.817069999999999963e-01
5.969999999999999751e+00 9.818959999999999910e-01
5.980000000000000426e+00 9.820849999999999858e-01
5.990000000000000213e+00 9.822750000000000092e-01
6.000000000000000000e+00 9.824650000000000327e-01
6.009999999999999787e+00 9.826570000000000027e-01
6.019999999999999574e+00 9.828489999999999727e-01
6.030000000000000249e+00 9.830430000000000001e-01
6.040000000000000036e+00 9.832370000000000276e-01
6.049999999999999822e+00 9.834310000000000551e-01
6.059999999999999609e+00 9.836270000000000291e-01
6.070000000000000284e+00 9.838230000000000031e-01
6.080000000000000071e+00 9.840200000000000058e-01
6.089999999999999858e+00 9.842180000000000373e-01
6.099999999999999645e+00 9.844169999999999865e-01
6.110000000000000320e+00 9.846160000000000467e-01
6.120000000000000107e+00 9.848160000000000247e-01
6.129999999999999893e+00 9.850160000000000027e-01
6.139999999999999680e+00 9.852180000000000382e-01
6.150000000000000355e+00 9.854190000000000449e-01
6.160000000000000142e+00 9.856219999999999981e-01
6.169999999999999929e+00 9.858249999999999513e-01
6.179999999999999716e+00 9.860290000000000443e-01
6.190000000000000391e+00 9.862330000000000263e-01
6.200000000000000178e+00 9.864380000000000370e-01
6.209999999999999964e+00 9.866430000000000478e-01
6.219999999999999751e+00 9.868489999999999762e-01
6.230000000000000426e+00 9.870550000000000157e-01
6.240000000000000213e+00 9.872610000000000552e-01
6.250000000000000000e+00 9.874690000000000412e-01
6.259999999999999787e+00 9.876759999999999984e-01
6.269999999999999574e+00 9.878839999999999844e-01
6.280000000000000249e+00 9.880919999999999703e-01
6.290000000000000036e+00 9.883009999999999851e-01
6.299999999999999822e+00 9.885099999999999998e-01
6.309999999999999609e+00 9.887190000000000145e-01
6.320000000000000284e+00 9.889280000000000292e-01
6.330000000000000071e+00 9.891379999999999617e-01
6.339999999999999858e+00 9.893480000000000052e-01
6.349999999999999645e+00 9.895570000000000199e-01
6.360000000000000320e+00 9.897669999999999524e-01
6.370000000000000107e+00 9.899769999999999959e-01
6.379999999999999893e+00 9.901879999999999571e-01
6.389999999999999680e+00 9.903980000000000006e-01
6.400000000000000355e+00 9.906080000000000441e-01
6.410000000000000142e+00 9.908179999999999765e-01
6.419999999999999929e+00 9.910269999999999913e-01
6.429999999999999716e+00 9.912370000000000347e-01
6.440000000000000391e+00 9.914460000000000495e-01
6.450000000000000178e+00 9.916549999999999532e-01
6.459999999999999964e+00 9.918639999999999679e-01
6.469999999999999751e+00 9.920729999999999826e-01
6.480000000000000426e+00 9.922809999999999686e-01
6.490000000000000213e+00 9.924880000000000368e-01
6.500000000000000000e+00 9.926949999999999941e-01
6.509999999999999787e+00 9.929010000000000336e-01
6.519999999999999574e+00 9.931069999999999620e-01
6.530000000000000249e+00 9.933119999999999727e-01
6.540000000000000036e+00 9.935159999999999547e-01
6.549999999999999822e+00 9.937190000000000190e-01
6.559999999999999609e+00 9.939210000000000544e-01
6.570000000000000284e+00 9.941229999999999789e-01
6.580000000000000071e+00 9.943229999999999569e-01
6.589999999999999858e+00 9.945220000000000171e-01
6.599999999999999645e+00 9.947190000000000198e-01
6.610000000000000320e+00 9.949160000000000226e-01
6.620000000000000107e+00 9.951109999999999678e-01
6.629999999999999893e+00 9.953039999999999665e-01
6.639999999999999680e+00 9.954960000000000475e-01
6.650000000000000355e+00 9.956859999999999600e-01
6.660000000000000142e+00 9.958740000000000370e-01
6.669999999999999929e+00 9.960599999999999454e-01
6.679999999999999716e+00 9.962440000000000184e-01
6.690000000000000391e+00 9.964260000000000339e-01
6.700000000000000178e+00 9.966049999999999631e-01
6.709999999999999964e+00 9.967819999999999458e-01
6.719999999999999751e+00 9.969569999999999821e-01
6.730000000000000426e+00 9.971290000000000431e-01
6.740000000000000213e+00 9.972969999999999891e-01
6.750000000000000000e+00 9.974629999999999885e-01
6.759999999999999787e+00 9.976260000000000128e-01
6.769999999999999574e+00 9.977850000000000330e-01
6.780000000000000249e+00 9.979409999999999670e-01
6.790000000000000036e+00 9.980930000000000080e-01
6.799999999999999822e+00 9.982410000000000450e-01
6.809999999999999609e+00 9.983849999999999669e-01
6.820000000000000284e+00 9.985249999999999959e-01
6.830000000000000071e+00 9.986599999999999921e-01
6.839999999999999858e+00 9.987909999999999844e-01
6.849999999999999645e+00 9.989170000000000549e-01
6.860000000000000320e+00 9.990369999999999528e-01
6.870000000000000107e+00 9.991520000000000401e-01
6.879999999999999893e+00 9.992609999999999548e-01
6.889999999999999680e+00 9.993649999999999478e-01
6.900000000000000355e+00 9.994619999999999616e-01
6.910000000000000142e+00 9.995519999999999960e-01
6.919999999999999929e+00 9.996359999999999690e-01
6.929999999999999716e+00 9.997120000000000450e-01
6.940000000000000391e+00 9.997810000000000308e-01
6.950000000000000178e+00 9.998420000000000085e-01
6.959999999999999964e+00 9.998939999999999495e-01
6.969999999999999751e+00 9.999390000000000223e-01
6.980000000000000426e+00 9.999740000000000295e-01
6.990000000000000213e+00 9.999989999999999712e-01
7.000000000000000000e+00 1.000015000000000098e+00
7.009999999999999787e+00 1.000019999999999909e+00
7.019999999999999574e+00 1.000015000000000098e+00
7.030000000000000249e+00 9.999980000000000535e-01
7.040000000000000036e+00 9.999689999999999968e-01
7.049999999999999822e+00 9.999280000000000390e-01
7.059999999999999609e+00 9.998740000000000405e-01
7.070000000000000284e+00 9.998070000000000013e-01
7.080000000000000071e+00 9.997249999999999748e-01
7.089999999999999858e+00 9.996279999999999610e-01
7.099999999999999645e+00 9.995159999999999600e-01
7.110000000000000320e+00 9.993880000000000541e-01
7.120000000000000107e+00 9.992419999999999636e-01
7.129999999999999893e+00 9.990790000000000504e-01
7.139999999999999680e+00 9.988970000000000349e-01
7.150000000000000355e+00 9.986960000000000282e-01
7.160000000000000142e+00 9.984750000000000014e-01
7.169999999999999929e+00 9.982320000000000082e-01
7.179999999999999716e+00 9.979670000000000485e-01
7.190000000000000391e+00 9.976779999999999538e-01
7.200000000000000178e+00 9.973649999999999460e-01
7.209999999999999964e+00 9.970269999999999966e-01
7.219999999999999751e+00 9.966620000000000479e-01
7.230000000000000426e+00 9.962689999999999602e-01
7.240000000000000213e+00 9.958470000000000377e-01
7.250000000000000000e+00 9.953940000000000010e-01
7.259999999999999787e+00 9.949090000000000433e-01
7.269999999999999574e+00 9.943899999999999961e-01
7.280000000000000249e+00 9.938369999999999704e-01
7.290000000000000036e+00 9.932459999999999622e-01
7.299999999999999822e+00 9.926180000000000003e-01
7.309999999999999609e+00 9.919489999999999696e-01
7.320000000000000284e+00 9.912379999999999525e-01
7.330000000000000071e+00 9.904819999999999736e-01
7.339999999999999858e+00 9.896810000000000329e-01
7.349999999999999645e+00 9.888310000000000155e-01
7.360000000000000320e+00 9.879310000000000036e-01
7.370000000000000107e+00 9.869769999999999932e-01
7.379999999999999893e+00 9.859689999999999843e-01
7.389999999999999680e+00 9.849020000000000552e-01
7.400000000000000355e+00 9.837740000000000373e-01
7.410000000000000142e+00 9.825829999999999842e-01
7.419999999999999929e+00 9.813250000000000028e-01
7.429999999999999716e+00 9.799980000000000357e-01
7.440000000000000391e+00 9.785970000000000502e-01
7.450000000000000178e+00 9.771210000000000173e-01
7.459999999999999964e+00 9.755639999999999867e-01
7.469999999999999751e+00 9.739240000000000119e-01
7.480000000000000426e+00 9.721969999999999779e-01
7.490000000000000213e+00 9.703789999999999916e-01
7.500000000000000000e+00 9.684650000000000203e-01
7.509999999999999787e+00 9.664509999999999490e-01
7.519999999999999574e+00 9.643329999999999957e-01
7.530000000000000249e+00 9.621070000000000455e-01
7.540000000000000036e+00 9.597670000000000368e-01
7.549999999999999822e+00 9.573080000000000478e-01
7.559999999999999609e+00 9.547259999999999636e-01
7.570000000000000284e+00 9.520149999999999446e-01
7.580000000000000071e+00 9.491690000000000405e-01
7.589999999999999858e+00 9.461840000000000250e-01
7.599999999999999645e+00 9.430530000000000301e-01
7.610000000000000320e+00 9.397710000000000230e-01
7.620000000000000107e+00 9.363310000000000244e-01
7.629999999999999893e+00 9.327280000000000015e-01
7.639999999999999680e+00 9.289560000000000040e-01
7.650000000000000355e+00 9.250089999999999701e-01
7.660000000000000142e+00 9.208800000000000319e-01
7.669999999999999929e+00 9.165640000000000454e-01
7.679999999999999716e+00 9.120549999999999491e-01
7.690000000000000391e+00 9.073459999999999859e-01
7.700000000000000178e+00 9.024330000000000407e-01
7.709999999999999964e+00 8.973090000000000233e-01
7.719999999999999751e+00 8.919700000000000406e-01
7.730000000000000426e+00 8.864109999999999490e-01
7.740000000000000213e+00 8.806279999999999664e-01
7.750000000000000000e+00 8.746169999999999778e-01
7.759999999999999787e+00 8.683739999999999792e-01
7.769999999999999574e+00 8.618989999999999707e-01
7.780000000000000249e+00 8.551889999999999770e-01
7.790000000000000036e+00 8.482439999999999980e-01
7.799999999999999822e+00 8.410659999999999803e-01
7.809999999999999609e+00 8.336550000000000349e-01
7.820000000000000284e+00 8.260150000000000547e-01
7.830000000000000071e+00 8.181530000000000191e-01
7.839999999999999858e+00 8.100730000000000430e-01
7.849999999999999645e+00 8.017859999999999987e-01
7.860000000000000320e+00 7.933010000000000339e-01
7.870000000000000107e+00 7.846309999999999674e-01
7.879999999999999893e+00 7.757920000000000371e-01
7.889999999999999680e+00 7.668000000000000371e-01
7.900000000000000355e+00 7.576749999999999874e-01
7.910000000000000142e+00 7.484410000000000229e-01
7.919999999999999929e+00 7.391210000000000280e-01
7.929999999999999716e+00 7.297420000000000018e-01
7.940000000000000391e+00 7.203359999999999763e-01
7.950000000000000178e+00 7.109330000000000371e-01
7.959999999999999964e+00 7.015700000000000269e-01
7.969999999999999751e+00 6.922810000000000352e-01
7.980000000000000426e+00 6.831070000000000197e-01
7.990000000000000213e+00 6.740859999999999630e-01
8.000000000000000000e+00 6.652599999999999625e-01
8.009999999999999787e+00 6.566710000000000047e-01
8.019999999999999574e+00 6.483609999999999651e-01
8.029999999999999361e+00 6.403710000000000235e-01
8.039999999999999147e+00 6.327439999999999731e-01
8.050000000000000711e+00 6.255180000000000184e-01
8.060000000000000497e+00 6.187300000000000022e-01
8.070000000000000284e+00 6.124159999999999604e-01
8.080000000000000071e+00 6.066070000000000073e-01
8.089999999999999858e+00 6.013300000000000312e-01
8.099999999999999645e+00 5.966099999999999737e-01
8.109999999999999432e+00 5.924629999999999619e-01
8.119999999999999218e+00 5.889039999999999830e-01
8.130000000000000782e+00 5.859419999999999629e-01
8.140000000000000568e+00 5.835780000000000411e-01
8.150000000000000355e+00 5.818119999999999958e-01
8.160000000000000142e+00 5.806360000000000410e-01
8.169999999999999929e+00 5.800380000000000535e-01
8.179999999999999716e+00 5.800009999999999888e-01
8.189999999999999503e+00 5.805050000000000487e-01
8.199999999999999289e+00 5.815270000000000161e-01
8.210000000000000853e+00 5.830400000000000027e-01
8.220000000000000639e+00 5.850159999999999805e-01
8.230000000000000426e+00 5.874239999999999462e-01
8.240000000000000213e+00 5.902319999999999789e-01
8.250000000000000000e+00 5.934080000000000465e-01
8.259999999999999787e+00 5.969200000000000061e-01
8.269999999999999574e+00 6.007369999999999655e-01
8.279999999999999361e+00 6.048259999999999748e-01
8.289999999999999147e+00 6.091569999999999485e-01
8.300000000000000711e+00 6.137010000000000520e-01
8.310000000000000497e+00 6.184300000000000352e-01
8.320000000000000284e+00 6.233180000000000387e-01
8.330000000000000071e+00 6.283400000000000096e-01
8.339999999999999858e+00 6.334720000000000351e-01
8.349999999999999645e+00 6.386939999999999840e-01
8.359999999999999432e+00 6.439859999999999474e-01
8.369999999999999218e+00 6.493290000000000450e-01
8.380000000000000782e+00 6.547070000000000389e-01
8.390000000000000568e+00 6.601050000000000528e-01
8.400000000000000355e+00 6.655090000000000172e-01
8.410000000000000142e+00 6.709070000000000311e-01
8.419999999999999929e+00 6.762890000000000290e-01
8.429999999999999716e+00 6.816440000000000277e-01
8.439999999999999503e+00 6.869640000000000191e-01
8.449999999999999289e+00 6.922420000000000240e-01
8.460000000000000853e+00 6.974709999999999521e-01
8.470000000000000639e+00 7.026449999999999640e-01
8.480000000000000426e+00 7.077590000000000270e-01
8.490000000000000213e+00 7.128100000000000547e-01
8.500000000000000000e+00 7.177930000000000144e-01
8.509999999999999787e+00 7.227069999999999883e-01
8.519999999999999574e+00 7.275470000000000548e-01
8.529999999999999361e+00 7.323129999999999917e-01
8.539999999999999147e+00 7.370039999999999925e-01
8.550000000000000711e+00 7.416169999999999707e-01
8.560000000000000497e+00 7.461529999999999552e-01
8.570000000000000284e+00 7.506099999999999994e-01
8.580000000000000071e+00 7.549890000000000212e-01
8.589999999999999858e+00 7.592910000000000492e-01
8.599999999999999645e+00 7.635140000000000260e-01
8.609999999999999432e+00 7.676600000000000090e-01
8.619999999999999218e+00 7.717289999999999983e-01
8.630000000000000782e+00 7.757220000000000226e-01
8.640000000000000568e+00 7.796399999999999997e-01
8.650000000000000355e+00 7.834839999999999582e-01
8.660000000000000142e+00 7.872540000000000093e-01
8.669999999999999929e+00 7.909530000000000172e-01
8.679999999999999716e+00 7.945820000000000105e-01
8.689999999999999503e+00 7.981409999999999894e-01
8.699999999999999289e+00 8.016320000000000112e-01
8.710000000000000853e+00 8.050559999999999938e-01
8.720000000000000639e+00 8.084139999999999660e-01
8.730000000000000426e+00 8.117090000000000138e-01
8.740000000000000213e+00 8.149399999999999977e-01
8.750000000000000000e+00 8.181110000000000326e-01
8.759999999999999787e+00 8.212209999999999788e-01
8.769999999999999574e+00 8.242720000000000047e-01
8.779999999999999361e+00 8.272669999999999746e-01
8.789999999999999147e+00 8.302049999999999708e-01
8.800000000000000711e+00 8.330889999999999684e-01
8.810000000000000497e+00 8.359189999999999676e-01
8.820000000000000284e+00 8.386970000000000258e-01
8.830000000000000071e+00 8.414249999999999785e-01
8.839999999999999858e+00 8.441030000000000477e-01
8.849999999999999645e+00 8.467320000000000402e-01
8.859999999999999432e+00 8.493140000000000134e-01
8.869999999999999218e+00 8.518510000000000248e-01
8.880000000000000782e+00 8.543420000000000458e-01
8.890000000000000568e+00 8.567900000000000515e-01
8.900000000000000355e+00 8.591950000000000420e-01
8.910000000000000142e+00 8.615589999999999637e-01
8.919999999999999929e+00 8.638820000000000388e-01
8.929999999999999716e+00 8.661649999999999627e-01
8.939999999999999503e+00 8.684100000000000152e-01
8.949999999999999289e+00 8.706180000000000030e-01
8.960000000000000853e+00 8.727890000000000370e-01
8.970000000000000639e+00 8.749240000000000350e-01
8.980000000000000426e+00 8.770240000000000258e-01
8.990000000000000213e+00 8.790900000000000380e-01
9.000000000000000000e+00 8.811240000000000183e-01
