1.000000000000000021e-03 1.000023000000000106e+00
6.000000000000000125e-03 1.000026000000000082e+00
1.099999999999999936e-02 1.000030999999999892e+00
1.600000000000000033e-02 1.000032000000000032e+00
2.100000000000000130e-02 1.000000999999999918e+00
2.599999999999999881e-02 1.000013999999999958e+00
3.099999999999999978e-02 1.000038999999999900e+00
3.599999999999999728e-02 1.000040999999999958e+00
4.100000000000000172e-02 1.000026999999999999e+00
4.599999999999999922e-02 1.000010000000000066e+00
5.099999999999999672e-02 1.000000999999999918e+00
5.600000000000000117e-02 1.000000999999999918e+00
6.099999999999999867e-02 1.000003999999999893e+00
6.600000000000000311e-02 1.000005999999999950e+00
7.099999999999999367e-02 1.000005999999999950e+00
7.599999999999999811e-02 1.000005000000000033e+00
8.100000000000000255e-02 1.000002000000000058e+00
8.599999999999999312e-02 1.000000999999999918e+00
9.099999999999999756e-02 1.000000000000000000e+00
9.600000000000000200e-02 1.000000999999999918e+00
1.010000000000000064e-01 1.000002999999999975e+00
1.059999999999999970e-01 1.000005999999999950e+00
1.110000000000000014e-01 1.000008999999999926e+00
1.160000000000000059e-01 1.000010999999999983e+00
1.209999999999999964e-01 1.000013999999999958e+00
1.260000000000000009e-01 1.000015000000000098e+00
1.310000000000000053e-01 1.000015000000000098e+00
1.360000000000000098e-01 1.000015000000000098e+00
1.409999999999999865e-01 1.000015000000000098e+00
1.459999999999999909e-01 1.000013999999999958e+00
1.509999999999999953e-01 1.000011999999999901e+00
1.559999999999999998e-01 1.000010999999999983e+00
1.610000000000000042e-01 1.000008999999999926e+00
1.660000000000000087e-01 1.000008000000000008e+00
1.710000000000000131e-01 1.000007000000000090e+00
1.759999999999999898e-01 1.000005999999999950e+00
1.809999999999999942e-01 1.000005000000000033e+00
1.859999999999999987e-01 1.000003999999999893e+00
1.910000000000000031e-01 1.000002999999999975e+00
1.960000000000000075e-01 1.000002999999999975e+00
2.010000000000000120e-01 1.000002000000000058e+00
2.059999999999999887e-01 1.000002000000000058e+00
2.109999999999999931e-01 1.000002000000000058e+00
2.159999999999999976e-01 1.000002000000000058e+00
2.210000000000000020e-01 1.000002000000000058e+00
2.260000000000000064e-01 1.000002000000000058e+00
2.310000000000000109e-01 1.000002000000000058e+00
2.359999999999999876e-01 1.000002000000000058e+00
2.409999999999999920e-01 1.000002000000000058e+00
2.459999999999999964e-01 1.000000999999999918e+00
2.510000000000000009e-01 1.000000999999999918e+00
2.560000000000000053e-01 1.000000999999999918e+00
2.610000000000000098e-01 1.000000999999999918e+00
2.660000000000000142e-01 1.000000999999999918e+00
2.710000000000000187e-01 1.000000999999999918e+00
2.760000000000000231e-01 1.000000999999999918e+00
2.810000000000000275e-01 1.000000999999999918e+00
2.859999999999999765e-01 1.000000999999999918e+00
2.909999999999999809e-01 1.000000000000000000e+00
2.959999999999999853e-01 1.000000000000000000e+00
3.009999999999999898e-01 1.000000000000000000e+00
3.059999999999999942e-01 1.000000000000000000e+00
3.109999999999999987e-01 1.000000000000000000e+00
3.160000000000000031e-01 1.000000000000000000e+00
3.210000000000000075e-01 1.000000000000000000e+00
3.260000000000000120e-01 1.000000000000000000e+00
3.310000000000000164e-01 1.000000000000000000e+00
3.360000000000000209e-01 1.000000000000000000e+00
3.410000000000000253e-01 1.000000000000000000e+00
3.459999999999999742e-01 1.000000000000000000e+00
3.509999999999999787e-01 1.000000000000000000e+00
3.559999999999999831e-01 1.000000000000000000e+00
3.609999999999999876e-01 1.000000000000000000e+00
3.659999999999999920e-01 1.000000000000000000e+00
3.709999999999999964e-01 1.000000999999999918e+00
3.760000000000000009e-01 1.000000999999999918e+00
3.810000000000000053e-01 1.000000999999999918e+00
3.860000000000000098e-01 1.000000999999999918e+00
3.910000000000000142e-01 1.000002000000000058e+00
3.960000000000000187e-01 1.000002999999999975e+00
4.010000000000000231e-01 1.000002999999999975e+00
4.060000000000000275e-01 1.000003999999999893e+00
4.109999999999999765e-01 1.000005000000000033e+00
4.159999999999999809e-01 1.000005999999999950e+00
4.209999999999999853e-01 1.000007000000000090e+00
4.259999999999999898e-01 1.000008999999999926e+00
4.309999999999999942e-01 1.000010000000000066e+00
4.359999999999999987e-01 1.000011999999999901e+00
4.410000000000000031e-01 1.000013000000000041e+00
4.460000000000000075e-01 1.000015000000000098e+00
4.510000000000000120e-01 1.000016000000000016e+00
4.560000000000000164e-01 1.000018000000000074e+00
4.610000000000000209e-01 1.000019999999999909e+00
4.660000000000000253e-01 1.000021000000000049e+00
4.709999999999999742e-01 1.000023000000000106e+00
4.759999999999999787e-01 1.000024999999999942e+00
4.809999999999999831e-01 1.000026000000000082e+00
4.859999999999999876e-01 1.000026999999999999e+00
4.909999999999999920e-01 1.000027999999999917e+00
4.959999999999999964e-01 1.000029000000000057e+00
5.010000000000000009e-01 1.000029999999999974e+00
5.060000000000000053e-01 1.000030999999999892e+00
5.110000000000000098e-01 9.602600000000000025e-01
5.160000000000000142e-01 9.349619999999999598e-01
5.210000000000000187e-01 9.185039999999999871e-01
5.260000000000000231e-01 9.054889999999999883e-01
5.310000000000000275e-01 8.945380000000000553e-01
5.360000000000000320e-01 8.848949999999999871e-01
5.410000000000000364e-01 8.759879999999999889e-01
5.460000000000000409e-01 8.675040000000000529e-01
5.510000000000000453e-01 8.593849999999999545e-01
5.560000000000000497e-01 8.517670000000000519e-01
5.610000000000000542e-01 8.448499999999999899e-01
5.659999999999999476e-01 8.387609999999999788e-01
5.709999999999999520e-01 8.334549999999999459e-01
5.759999999999999565e-01 8.287269999999999914e-01
5.809999999999999609e-01 8.242920000000000247e-01
5.859999999999999654e-01 8.198830000000000284e-01
5.909999999999999698e-01 8.153329999999999744e-01
5.959999999999999742e-01 8.106060000000000487e-01
6.009999999999999787e-01 8.057929999999999815e-01
6.059999999999999831e-01 8.010720000000000063e-01
6.109999999999999876e-01 7.966499999999999693e-01
6.159999999999999920e-01 7.927060000000000217e-01
6.209999999999999964e-01 7.893390000000000128e-01
6.260000000000000009e-01 7.865450000000000497e-01
6.310000000000000053e-01 7.842179999999999707e-01
6.360000000000000098e-01 7.821789999999999576e-01
6.410000000000000142e-01 7.802120000000000166e-01
6.460000000000000187e-01 7.780989999999999851e-01
6.510000000000000231e-01 7.756530000000000369e-01
6.560000000000000275e-01 7.727359999999999784e-01
6.610000000000000320e-01 7.692670000000000341e-01
6.660000000000000364e-01 7.652290000000000481e-01
6.710000000000000409e-01 7.606680000000000108e-01
6.760000000000000453e-01 7.556890000000000551e-01
6.810000000000000497e-01 7.504520000000000080e-01
6.860000000000000542e-01 7.451569999999999583e-01
6.909999999999999476e-01 7.400309999999999944e-01
6.959999999999999520e-01 7.353030000000000399e-01
7.009999999999999565e-01 7.311830000000000274e-01
7.059999999999999609e-01 7.278310000000000057e-01
7.109999999999999654e-01 7.253420000000000423e-01
7.159999999999999698e-01 7.237350000000000172e-01
7.209999999999999742e-01 7.229489999999999528e-01
7.259999999999999787e-01 7.228580000000000005e-01
7.309999999999999831e-01 7.232870000000000132e-01
7.359999999999999876e-01 7.240349999999999842e-01
7.409999999999999920e-01 7.248949999999999561e-01
7.459999999999999964e-01 7.256700000000000372e-01
7.510000000000000009e-01 7.261849999999999694e-01
7.560000000000000053e-01 7.262929999999999664e-01
7.610000000000000098e-01 7.258769999999999945e-01
7.660000000000000142e-01 7.248539999999999983e-01
7.710000000000000187e-01 7.231670000000000043e-01
7.760000000000000231e-01 7.207890000000000130e-01
7.810000000000000275e-01 7.177210000000000534e-01
7.860000000000000320e-01 7.139860000000000095e-01
7.910000000000000364e-01 7.096350000000000158e-01
7.960000000000000409e-01 7.047459999999999836e-01
8.010000000000000453e-01 6.994190000000000129e-01
8.060000000000000497e-01 6.937809999999999810e-01
8.110000000000000542e-01 6.879809999999999537e-01
8.159999999999999476e-01 6.821880000000000166e-01
8.209999999999999520e-01 6.765849999999999920e-01
8.259999999999999565e-01 6.713609999999999856e-01
8.309999999999999609e-01 6.666999999999999593e-01
8.359999999999999654e-01 6.627690000000000525e-01
8.409999999999999698e-01 6.597079999999999611e-01
8.459999999999999742e-01 6.576170000000000071e-01
8.509999999999999787e-01 6.565490000000000492e-01
8.559999999999999831e-01 6.565100000000000380e-01
8.609999999999999876e-01 6.574529999999999541e-01
8.659999999999999920e-01 6.592909999999999604e-01
8.709999999999999964e-01 6.618990000000000151e-01
8.760000000000000009e-01 6.651319999999999455e-01
8.810000000000000053e-01 6.688309999999999533e-01
8.860000000000000098e-01 6.728349999999999609e-01
8.910000000000000142e-01 6.769870000000000054e-01
8.960000000000000187e-01 6.811439999999999717e-01
9.010000000000000231e-01 6.851770000000000360e-01
9.060000000000000275e-01 6.889750000000000041e-01
9.110000000000000320e-01 6.924439999999999484e-01
9.160000000000000364e-01 6.955059999999999576e-01
9.210000000000000409e-01 6.980990000000000251e-01
9.260000000000000453e-01 7.001730000000000453e-01
9.310000000000000497e-01 7.016890000000000072e-01
9.360000000000000542e-01 7.026170000000000471e-01
9.409999999999999476e-01 7.029339999999999478e-01
9.459999999999999520e-01 7.026259999999999728e-01
9.509999999999999565e-01 7.016790000000000527e-01
9.559999999999999609e-01 7.000859999999999861e-01
9.609999999999999654e-01 6.978450000000000486e-01
9.659999999999999698e-01 6.949549999999999894e-01
9.709999999999999742e-01 6.914190000000000058e-01
9.759999999999999787e-01 6.872449999999999948e-01
9.809999999999999831e-01 6.824470000000000258e-01
9.859999999999999876e-01 6.770420000000000327e-01
9.909999999999999920e-01 6.710559999999999858e-01
9.959999999999999964e-01 6.645219999999999461e-01
1.000999999999999890e+00 6.574849999999999861e-01
1.006000000000000005e+00 6.499979999999999647e-01
1.010999999999999899e+00 6.421320000000000361e-01
1.016000000000000014e+00 6.339690000000000047e-01
1.020999999999999908e+00 6.256070000000000242e-01
1.026000000000000023e+00 6.171619999999999884e-01
1.030999999999999917e+00 6.087660000000000293e-01
1.036000000000000032e+00 6.005629999999999580e-01
1.040999999999999925e+00 5.927109999999999879e-01
1.046000000000000041e+00 5.853770000000000362e-01
1.050999999999999934e+00 5.787259999999999627e-01
1.056000000000000050e+00 5.729210000000000136e-01
1.060999999999999943e+00 5.681110000000000326e-01
1.066000000000000059e+00 5.644209999999999505e-01
1.070999999999999952e+00 5.619499999999999496e-01
1.076000000000000068e+00 5.607590000000000074e-01
1.080999999999999961e+00 5.608689999999999509e-01
1.086000000000000076e+00 5.622610000000000108e-01
1.090999999999999970e+00 5.648769999999999625e-01
1.096000000000000085e+00 5.686250000000000471e-01
1.100999999999999979e+00 5.733850000000000335e-01
1.106000000000000094e+00 5.790189999999999504e-01
1.110999999999999988e+00 5.853749999999999787e-01
1.116000000000000103e+00 5.923009999999999664e-01
1.120999999999999996e+00 5.996439999999999548e-01
1.125999999999999890e+00 6.072629999999999972e-01
1.131000000000000005e+00 6.150259999999999616e-01
1.135999999999999899e+00 6.228150000000000075e-01
1.141000000000000014e+00 6.305279999999999774e-01
1.145999999999999908e+00 6.380789999999999518e-01
1.151000000000000023e+00 6.453940000000000232e-01
1.155999999999999917e+00 6.524130000000000207e-01
1.161000000000000032e+00 6.590899999999999537e-01
1.165999999999999925e+00 6.653869999999999507e-01
1.171000000000000041e+00 6.712749999999999551e-01
1.175999999999999934e+00 6.767349999999999755e-01
1.181000000000000050e+00 6.817509999999999959e-01
1.185999999999999943e+00 6.863150000000000084e-01
1.191000000000000059e+00 6.904200000000000337e-01
1.195999999999999952e+00 6.940629999999999855e-01
1.201000000000000068e+00 6.972439999999999749e-01
1.205999999999999961e+00 6.999640000000000306e-01
1.211000000000000076e+00 7.022239999999999593e-01
1.215999999999999970e+00 7.040269999999999584e-01
1.221000000000000085e+00 7.053749999999999742e-01
1.225999999999999979e+00 7.062690000000000357e-01
1.231000000000000094e+00 7.067120000000000068e-01
1.235999999999999988e+00 7.067050000000000276e-01
1.241000000000000103e+00 7.062479999999999869e-01
1.245999999999999996e+00 7.053409999999999958e-01
1.250999999999999890e+00 7.039809999999999679e-01
1.256000000000000005e+00 7.021680000000000144e-01
1.260999999999999899e+00 6.998980000000000201e-01
1.266000000000000014e+00 6.971669999999999812e-01
1.270999999999999908e+00 6.939699999999999758e-01
1.276000000000000023e+00 6.903019999999999712e-01
1.280999999999999917e+00 6.861580000000000457e-01
1.286000000000000032e+00 6.815299999999999692e-01
1.290999999999999925e+00 6.764139999999999597e-01
1.296000000000000041e+00 6.708020000000000094e-01
1.300999999999999934e+00 6.646900000000000031e-01
1.306000000000000050e+00 6.580740000000000478e-01
1.310999999999999943e+00 6.509500000000000286e-01
1.316000000000000059e+00 6.433179999999999454e-01
1.320999999999999952e+00 6.351809999999999956e-01
1.326000000000000068e+00 6.265439999999999898e-01
1.330999999999999961e+00 6.174180000000000224e-01
1.336000000000000076e+00 6.078189999999999982e-01
1.340999999999999970e+00 5.977710000000000523e-01
1.346000000000000085e+00 5.873040000000000482e-01
1.350999999999999979e+00 5.764610000000000012e-01
1.356000000000000094e+00 5.652920000000000167e-01
1.360999999999999988e+00 5.538619999999999655e-01
1.366000000000000103e+00 5.422519999999999563e-01
1.370999999999999996e+00 5.305539999999999701e-01
1.375999999999999890e+00 5.188789999999999791e-01
1.381000000000000005e+00 5.073560000000000292e-01
1.385999999999999899e+00 4.961280000000000134e-01
1.391000000000000014e+00 4.853560000000000096e-01
1.395999999999999908e+00 4.752120000000000233e-01
1.401000000000000023e+00 4.658789999999999876e-01
1.405999999999999917e+00 4.575409999999999755e-01
1.411000000000000032e+00 4.503789999999999738e-01
1.415999999999999925e+00 4.445640000000000147e-01
1.421000000000000041e+00 4.402400000000000202e-01
1.425999999999999934e+00 4.375229999999999952e-01
1.431000000000000050e+00 4.364879999999999871e-01
1.435999999999999943e+00 4.371650000000000258e-01
1.441000000000000059e+00 4.395379999999999843e-01
1.445999999999999952e+00 4.435430000000000206e-01
1.451000000000000068e+00 4.490770000000000040e-01
1.455999999999999961e+00 4.560029999999999917e-01
1.461000000000000076e+00 4.641600000000000170e-01
1.465999999999999970e+00 4.733729999999999882e-01
1.471000000000000085e+00 4.834609999999999741e-01
1.475999999999999979e+00 4.942449999999999899e-01
1.481000000000000094e+00 5.055549999999999766e-01
1.485999999999999988e+00 5.172320000000000251e-01
1.491000000000000103e+00 5.291329999999999645e-01
1.495999999999999996e+00 5.411289999999999711e-01
1.500999999999999890e+00 5.531110000000000193e-01
1.506000000000000005e+00 5.649849999999999595e-01
1.510999999999999899e+00 5.766719999999999624e-01
1.516000000000000014e+00 5.881070000000000464e-01
1.520999999999999908e+00 5.992389999999999661e-01
1.526000000000000023e+00 6.100269999999999859e-01
1.530999999999999917e+00 6.204399999999999915e-01
1.536000000000000032e+00 6.304570000000000451e-01
1.540999999999999925e+00 6.400630000000000486e-01
1.546000000000000041e+00 6.492480000000000473e-01
1.550999999999999934e+00 6.580089999999999550e-01
1.556000000000000050e+00 6.663449999999999651e-01
1.560999999999999943e+00 6.742599999999999705e-01
1.566000000000000059e+00 6.817600000000000326e-01
1.570999999999999952e+00 6.888530000000000486e-01
1.576000000000000068e+00 6.955480000000000551e-01
1.580999999999999961e+00 7.018550000000000066e-01
1.586000000000000076e+00 7.077849999999999975e-01
1.590999999999999970e+00 7.133509999999999573e-01
1.596000000000000085e+00 7.185620000000000340e-01
1.600999999999999979e+00 7.234319999999999640e-01
1.606000000000000094e+00 7.279719999999999525e-01
1.610999999999999988e+00 7.321919999999999540e-01
1.616000000000000103e+00 7.361039999999999806e-01
1.620999999999999996e+00 7.397179999999999866e-01
1.625999999999999890e+00 7.430449999999999555e-01
1.631000000000000005e+00 7.460919999999999774e-01
1.635999999999999899e+00 7.488700000000000356e-01
1.641000000000000014e+00 7.513859999999999983e-01
1.645999999999999908e+00 7.536469999999999558e-01
1.651000000000000023e+00 7.556619999999999449e-01
1.655999999999999917e+00 7.574359999999999982e-01
1.661000000000000032e+00 7.589749999999999552e-01
1.665999999999999925e+00 7.602839999999999598e-01
1.671000000000000041e+00 7.613680000000000447e-01
1.675999999999999934e+00 7.622309999999999919e-01
1.681000000000000050e+00 7.628749999999999698e-01
1.685999999999999943e+00 7.633050000000000113e-01
1.691000000000000059e+00 7.635220000000000340e-01
1.695999999999999952e+00 7.635269999999999557e-01
1.701000000000000068e+00 7.633219999999999450e-01
1.705999999999999961e+00 7.629080000000000306e-01
1.711000000000000076e+00 7.622839999999999616e-01
1.715999999999999970e+00 7.614499999999999602e-01
1.721000000000000085e+00 7.604039999999999688e-01
1.725999999999999979e+00 7.591449999999999587e-01
1.731000000000000094e+00 7.576709999999999834e-01
1.735999999999999988e+00 7.559780000000000388e-01
1.741000000000000103e+00 7.540630000000000388e-01
1.745999999999999996e+00 7.519219999999999793e-01
1.750999999999999890e+00 7.495509999999999673e-01
1.756000000000000005e+00 7.469440000000000524e-01
1.760999999999999899e+00 7.440949999999999509e-01
1.766000000000000014e+00 7.409980000000000455e-01
1.770999999999999908e+00 7.376449999999999951e-01
1.776000000000000023e+00 7.340290000000000425e-01
1.780999999999999917e+00 7.301410000000000400e-01
1.786000000000000032e+00 7.259710000000000329e-01
1.790999999999999925e+00 7.215099999999999847e-01
1.796000000000000041e+00 7.167459999999999942e-01
1.800999999999999934e+00 7.116689999999999960e-01
1.806000000000000050e+00 7.062659999999999494e-01
1.810999999999999943e+00 7.005240000000000355e-01
1.816000000000000059e+00 6.944280000000000452e-01
1.820999999999999952e+00 6.879650000000000487e-01
1.826000000000000068e+00 6.811190000000000300e-01
1.830999999999999961e+00 6.738730000000000553e-01
1.836000000000000076e+00 6.662099999999999689e-01
1.840999999999999970e+00 6.581129999999999480e-01
1.846000000000000085e+00 6.495630000000000015e-01
1.850999999999999979e+00 6.405410000000000270e-01
1.856000000000000094e+00 6.310270000000000046e-01
1.860999999999999988e+00 6.210020000000000540e-01
1.866000000000000103e+00 6.104439999999999866e-01
1.870999999999999996e+00 5.993330000000000046e-01
1.875999999999999890e+00 5.876489999999999769e-01
1.881000000000000005e+00 5.753709999999999658e-01
1.885999999999999899e+00 5.624799999999999800e-01
1.891000000000000014e+00 5.489570000000000283e-01
1.895999999999999908e+00 5.347849999999999548e-01
1.901000000000000023e+00 5.199479999999999658e-01
1.905999999999999917e+00 5.044340000000000490e-01
1.911000000000000032e+00 4.882319999999999993e-01
1.915999999999999925e+00 4.713379999999999792e-01
1.921000000000000041e+00 4.537519999999999887e-01
1.925999999999999934e+00 4.354790000000000050e-01
1.931000000000000050e+00 4.165329999999999866e-01
1.935999999999999943e+00 3.969389999999999863e-01
1.941000000000000059e+00 3.767329999999999846e-01
1.945999999999999952e+00 3.559660000000000046e-01
1.951000000000000068e+00 3.347080000000000055e-01
1.955999999999999961e+00 3.130569999999999742e-01
1.961000000000000076e+00 2.911409999999999831e-01
1.965999999999999970e+00 2.691330000000000111e-01
1.971000000000000085e+00 2.472650000000000126e-01
1.975999999999999979e+00 2.258550000000000002e-01
1.981000000000000094e+00 2.053339999999999888e-01
1.985999999999999988e+00 1.862939999999999874e-01
1.991000000000000103e+00 1.695290000000000130e-01
1.995999999999999996e+00 1.560469999999999913e-01
2.000999999999999890e+00 1.469920000000000115e-01
2.005999999999999783e+00 1.433850000000000124e-01
2.011000000000000121e+00 1.457380000000000064e-01
2.016000000000000014e+00 1.538120000000000043e-01
2.020999999999999908e+00 1.667460000000000053e-01
2.025999999999999801e+00 1.834280000000000077e-01
2.031000000000000139e+00 2.028069999999999873e-01
2.036000000000000032e+00 2.240290000000000059e-01
2.040999999999999925e+00 2.464399999999999924e-01
2.045999999999999819e+00 2.695549999999999891e-01
2.051000000000000156e+00 2.930150000000000254e-01
2.056000000000000050e+00 3.165479999999999960e-01
2.060999999999999943e+00 3.399499999999999744e-01
2.065999999999999837e+00 3.630639999999999978e-01
2.071000000000000174e+00 3.857709999999999750e-01
2.076000000000000068e+00 4.079760000000000053e-01
2.080999999999999961e+00 4.296099999999999919e-01
2.085999999999999854e+00 4.506200000000000205e-01
2.091000000000000192e+00 4.709670000000000245e-01
2.096000000000000085e+00 4.906240000000000046e-01
2.100999999999999979e+00 5.095739999999999714e-01
2.105999999999999872e+00 5.278100000000000014e-01
2.111000000000000210e+00 5.453289999999999527e-01
2.116000000000000103e+00 5.621350000000000513e-01
2.120999999999999996e+00 5.782380000000000297e-01
2.125999999999999890e+00 5.936489999999999823e-01
2.130999999999999783e+00 6.083849999999999536e-01
2.136000000000000121e+00 6.224629999999999885e-01
2.141000000000000014e+00 6.359029999999999960e-01
2.145999999999999908e+00 6.487270000000000536e-01
2.150999999999999801e+00 6.609549999999999592e-01
2.156000000000000139e+00 6.726119999999999877e-01
2.161000000000000032e+00 6.837199999999999944e-01
2.165999999999999925e+00 6.943019999999999747e-01
2.170999999999999819e+00 7.043800000000000061e-01
2.176000000000000156e+00 7.139769999999999728e-01
2.181000000000000050e+00 7.231149999999999523e-01
2.185999999999999943e+00 7.318160000000000220e-01
2.190999999999999837e+00 7.400989999999999513e-01
2.196000000000000174e+00 7.479860000000000397e-01
2.201000000000000068e+00 7.554939999999999989e-01
2.205999999999999961e+00 7.626439999999999886e-01
2.210999999999999854e+00 7.694520000000000248e-01
2.216000000000000192e+00 7.759359999999999591e-01
2.221000000000000085e+00 7.821120000000000294e-01
2.225999999999999979e+00 7.879939999999999722e-01
2.230999999999999872e+00 7.935980000000000256e-01
2.236000000000000210e+00 7.989380000000000370e-01
2.241000000000000103e+00 8.040260000000000185e-01
2.245999999999999996e+00 8.088750000000000107e-01
2.250999999999999890e+00 8.134980000000000544e-01
2.255999999999999783e+00 8.179049999999999931e-01
2.261000000000000121e+00 8.221060000000000034e-01
2.266000000000000014e+00 8.261129999999999862e-01
2.270999999999999908e+00 8.299330000000000318e-01
2.275999999999999801e+00 8.335770000000000124e-01
2.281000000000000139e+00 8.370520000000000183e-01
2.286000000000000032e+00 8.403669999999999751e-01
2.290999999999999925e+00 8.435289999999999733e-01
2.295999999999999819e+00 8.465449999999999919e-01
2.301000000000000156e+00 8.494220000000000104e-01
2.306000000000000050e+00 8.521659999999999791e-01
2.310999999999999943e+00 8.547839999999999883e-01
2.315999999999999837e+00 8.572800000000000420e-01
2.321000000000000174e+00 8.596599999999999797e-01
2.326000000000000068e+00 8.619289999999999452e-01
2.330999999999999961e+00 8.640919999999999712e-01
2.335999999999999854e+00 8.661529999999999507e-01
2.341000000000000192e+00 8.681159999999999988e-01
2.346000000000000085e+00 8.699860000000000371e-01
2.350999999999999979e+00 8.717650000000000121e-01
2.355999999999999872e+00 8.734589999999999854e-01
2.361000000000000210e+00 8.750689999999999857e-01
2.366000000000000103e+00 8.765979999999999883e-01
2.370999999999999996e+00 8.780510000000000259e-01
2.375999999999999890e+00 8.794300000000000450e-01
2.380999999999999783e+00 8.807359999999999634e-01
2.386000000000000121e+00 8.819740000000000357e-01
2.391000000000000014e+00 8.831440000000000401e-01
2.395999999999999908e+00 8.842499999999999805e-01
2.400999999999999801e+00 8.852919999999999678e-01
2.406000000000000139e+00 8.862740000000000062e-01
2.411000000000000032e+00 8.871959999999999846e-01
2.415999999999999925e+00 8.880609999999999893e-01
2.420999999999999819e+00 8.888700000000000490e-01
2.426000000000000156e+00 8.896239999999999704e-01
2.431000000000000050e+00 8.903259999999999508e-01
2.435999999999999943e+00 8.909749999999999615e-01
2.440999999999999837e+00 8.915739999999999776e-01
2.446000000000000174e+00 8.921229999999999993e-01
2.451000000000000068e+00 8.926230000000000553e-01
2.455999999999999961e+00 8.930759999999999810e-01
2.460999999999999854e+00 8.934809999999999697e-01
2.466000000000000192e+00 8.938409999999999966e-01
2.471000000000000085e+00 8.941540000000000044e-01
2.475999999999999979e+00 8.944229999999999681e-01
2.480999999999999872e+00 8.946479999999999988e-01
2.486000000000000210e+00 8.948289999999999855e-01
2.491000000000000103e+00 8.949660000000000393e-01
2.495999999999999996e+00 8.950609999999999955e-01
