5.110000000000000098e-01 2.841500000000000137e-01
5.160000000000000142e-01 3.592759999999999843e-01
5.210000000000000187e-01 4.016250000000000098e-01
5.260000000000000231e-01 4.318879999999999941e-01
5.310000000000000275e-01 4.556089999999999862e-01
5.360000000000000320e-01 4.751670000000000060e-01
5.410000000000000364e-01 4.918190000000000062e-01
5.460000000000000409e-01 5.063199999999999923e-01
5.510000000000000453e-01 5.191559999999999508e-01
5.560000000000000497e-01 5.306650000000000533e-01
5.610000000000000542e-01 5.410880000000000134e-01
5.659999999999999476e-01 5.506069999999999576e-01
5.709999999999999520e-01 5.593580000000000219e-01
5.759999999999999565e-01 5.674519999999999564e-01
5.809999999999999609e-01 5.749739999999999851e-01
5.859999999999999654e-01 5.819950000000000401e-01
5.909999999999999698e-01 5.885740000000000416e-01
5.959999999999999742e-01 5.947590000000000376e-01
6.009999999999999787e-01 6.005909999999999860e-01
6.059999999999999831e-01 6.061050000000000049e-01
6.109999999999999876e-01 6.113309999999999578e-01
6.159999999999999920e-01 6.162940000000000085e-01
6.209999999999999964e-01 6.210189999999999877e-01
6.260000000000000009e-01 6.255239999999999689e-01
6.310000000000000053e-01 6.298270000000000257e-01
6.360000000000000098e-01 6.339430000000000343e-01
6.410000000000000142e-01 6.378869999999999818e-01
6.460000000000000187e-01 6.416709999999999914e-01
6.510000000000000231e-01 6.453060000000000462e-01
6.560000000000000275e-01 6.488009999999999611e-01
6.610000000000000320e-01 6.521670000000000522e-01
6.660000000000000364e-01 6.554100000000000481e-01
6.710000000000000409e-01 6.585400000000000142e-01
6.760000000000000453e-01 6.615619999999999834e-01
6.810000000000000497e-01 6.644830000000000458e-01
6.860000000000000542e-01 6.673080000000000123e-01
6.909999999999999476e-01 6.700439999999999729e-01
6.959999999999999520e-01 6.726940000000000142e-01
7.009999999999999565e-01 6.752639999999999754e-01
7.059999999999999609e-01 6.777570000000000539e-01
7.109999999999999654e-01 6.801770000000000316e-01
7.159999999999999698e-01 6.825280000000000236e-01
7.209999999999999742e-01 6.848130000000000051e-01
7.259999999999999787e-01 6.870359999999999800e-01
7.309999999999999831e-01 6.891990000000000061e-01
7.359999999999999876e-01 6.913049999999999473e-01
7.409999999999999920e-01 6.933570000000000011e-01
7.459999999999999964e-01 6.953559999999999741e-01
7.510000000000000009e-01 6.973059999999999814e-01
7.560000000000000053e-01 6.992070000000000229e-01
7.610000000000000098e-01 7.010629999999999917e-01
7.660000000000000142e-01 7.028750000000000275e-01
7.710000000000000187e-01 7.046449999999999658e-01
7.760000000000000231e-01 7.063739999999999464e-01
7.810000000000000275e-01 7.080650000000000555e-01
7.860000000000000320e-01 7.097170000000000423e-01
7.910000000000000364e-01 7.113340000000000218e-01
7.960000000000000409e-01 7.129159999999999942e-01
8.010000000000000453e-01 7.144639999999999880e-01
8.060000000000000497e-01 7.159799999999999498e-01
8.110000000000000542e-01 7.174650000000000194e-01
8.159999999999999476e-01 7.189189999999999747e-01
8.209999999999999520e-01 7.203450000000000131e-01
8.259999999999999565e-01 7.217419999999999947e-01
8.309999999999999609e-01 7.231119999999999770e-01
8.359999999999999654e-01 7.244549999999999601e-01
8.409999999999999698e-01 7.257730000000000015e-01
8.459999999999999742e-01 7.270670000000000188e-01
8.509999999999999787e-01 7.283359999999999834e-01
8.559999999999999831e-01 7.295819999999999528e-01
8.609999999999999876e-01 7.308059999999999556e-01
8.659999999999999920e-01 7.320069999999999633e-01
8.709999999999999964e-01 7.331879999999999509e-01
8.760000000000000009e-01 7.343469999999999720e-01
8.810000000000000053e-01 7.354870000000000019e-01
8.860000000000000098e-01 7.366080000000000405e-01
8.910000000000000142e-01 7.377089999999999481e-01
8.960000000000000187e-01 7.387920000000000043e-01
9.010000000000000231e-01 7.398569999999999869e-01
9.060000000000000275e-01 7.409040000000000070e-01
9.110000000000000320e-01 7.419350000000000112e-01
9.160000000000000364e-01 7.429489999999999705e-01
9.210000000000000409e-01 7.439470000000000249e-01
9.260000000000000453e-01 7.449289999999999523e-01
9.310000000000000497e-01 7.458960000000000035e-01
9.360000000000000542e-01 7.468479999999999563e-01
9.409999999999999476e-01 7.477859999999999507e-01
9.459999999999999520e-01 7.487089999999999579e-01
9.509999999999999565e-01 7.496190000000000353e-01
9.559999999999999609e-01 7.505140000000000144e-01
9.609999999999999654e-01 7.513969999999999816e-01
9.659999999999999698e-01 7.522670000000000190e-01
9.709999999999999742e-01 7.531240000000000157e-01
9.759999999999999787e-01 7.539690000000000003e-01
9.809999999999999831e-01 7.548019999999999730e-01
9.859999999999999876e-01 7.556230000000000446e-01
9.909999999999999920e-01 7.564330000000000220e-01
9.959999999999999964e-01 7.572309999999999874e-01
1.000999999999999890e+00 7.580189999999999984e-01
1.006000000000000005e+00 7.587949999999999973e-01
1.010999999999999899e+00 7.595610000000000417e-01
1.016000000000000014e+00 7.603170000000000206e-01
1.020999999999999908e+00 7.610630000000000450e-01
1.026000000000000023e+00 7.617990000000000039e-01
1.030999999999999917e+00 7.625250000000000083e-01
1.036000000000000032e+00 7.632419999999999760e-01
1.040999999999999925e+00 7.639489999999999892e-01
1.046000000000000041e+00 7.646469999999999656e-01
1.050999999999999934e+00 7.653370000000000450e-01
1.056000000000000050e+00 7.660179999999999767e-01
1.060999999999999943e+00 7.666899999999999826e-01
1.066000000000000059e+00 7.673539999999999806e-01
1.070999999999999952e+00 7.680090000000000527e-01
1.076000000000000068e+00 7.686570000000000347e-01
1.080999999999999961e+00 7.692970000000000086e-01
1.086000000000000076e+00 7.699289999999999745e-01
1.090999999999999970e+00 7.705530000000000435e-01
1.096000000000000085e+00 7.711700000000000221e-01
1.100999999999999979e+00 7.717789999999999928e-01
1.106000000000000094e+00 7.723820000000000130e-01
1.110999999999999988e+00 7.729770000000000252e-01
1.116000000000000103e+00 7.735649999999999471e-01
1.120999999999999996e+00 7.741470000000000296e-01
1.125999999999999890e+00 7.747220000000000217e-01
1.131000000000000005e+00 7.752900000000000347e-01
1.135999999999999899e+00 7.758519999999999861e-01
1.141000000000000014e+00 7.764079999999999870e-01
1.145999999999999908e+00 7.769570000000000087e-01
1.151000000000000023e+00 7.774999999999999689e-01
1.155999999999999917e+00 7.780380000000000074e-01
1.161000000000000032e+00 7.785689999999999555e-01
1.165999999999999925e+00 7.790949999999999820e-01
1.171000000000000041e+00 7.796149999999999469e-01
1.175999999999999934e+00 7.801289999999999614e-01
1.181000000000000050e+00 7.806380000000000541e-01
1.185999999999999943e+00 7.811409999999999743e-01
1.191000000000000059e+00 7.816389999999999727e-01
1.195999999999999952e+00 7.821320000000000494e-01
1.201000000000000068e+00 7.826199999999999823e-01
1.205999999999999961e+00 7.831019999999999648e-01
1.211000000000000076e+00 7.835800000000000542e-01
1.215999999999999970e+00 7.840529999999999999e-01
1.221000000000000085e+00 7.845199999999999951e-01
1.225999999999999979e+00 7.849840000000000151e-01
1.231000000000000094e+00 7.854419999999999735e-01
1.235999999999999988e+00 7.858960000000000390e-01
1.241000000000000103e+00 7.863449999999999607e-01
1.245999999999999996e+00 7.867899999999999894e-01
1.250999999999999890e+00 7.872299999999999853e-01
1.256000000000000005e+00 7.876659999999999773e-01
1.260999999999999899e+00 7.880979999999999652e-01
1.266000000000000014e+00 7.885259999999999492e-01
1.270999999999999908e+00 7.889490000000000114e-01
1.276000000000000023e+00 7.893679999999999586e-01
1.280999999999999917e+00 7.897840000000000416e-01
1.286000000000000032e+00 7.901949999999999807e-01
1.290999999999999925e+00 7.906020000000000270e-01
1.296000000000000041e+00 7.910059999999999869e-01
1.300999999999999934e+00 7.914060000000000539e-01
1.306000000000000050e+00 7.918020000000000058e-01
1.310999999999999943e+00 7.921939999999999538e-01
1.316000000000000059e+00 7.925820000000000087e-01
1.320999999999999952e+00 7.929669999999999774e-01
1.326000000000000068e+00 7.933489999999999709e-01
1.330999999999999961e+00 7.937269999999999603e-01
1.336000000000000076e+00 7.941009999999999458e-01
1.340999999999999970e+00 7.944719999999999560e-01
1.346000000000000085e+00 7.948399999999999910e-01
1.350999999999999979e+00 7.952040000000000219e-01
1.356000000000000094e+00 7.955649999999999666e-01
1.360999999999999988e+00 7.959230000000000471e-01
1.366000000000000103e+00 7.962770000000000126e-01
1.370999999999999996e+00 7.966290000000000315e-01
1.375999999999999890e+00 7.969770000000000465e-01
1.381000000000000005e+00 7.973219999999999752e-01
1.385999999999999899e+00 7.976640000000000397e-01
1.391000000000000014e+00 7.980030000000000179e-01
1.395999999999999908e+00 7.983390000000000208e-01
1.401000000000000023e+00 7.986720000000000486e-01
1.405999999999999917e+00 7.990019999999999900e-01
1.411000000000000032e+00 7.993289999999999562e-01
1.415999999999999925e+00 7.996539999999999759e-01
1.421000000000000041e+00 7.999749999999999917e-01
1.425999999999999934e+00 8.002939999999999499e-01
1.431000000000000050e+00 8.006100000000000438e-01
1.435999999999999943e+00 8.009239999999999693e-01
1.441000000000000059e+00 8.012340000000000018e-01
1.445999999999999952e+00 8.015419999999999767e-01
1.451000000000000068e+00 8.018469999999999764e-01
1.455999999999999961e+00 8.021500000000000297e-01
1.461000000000000076e+00 8.024499999999999966e-01
1.465999999999999970e+00 8.027480000000000171e-01
1.471000000000000085e+00 8.030429999999999513e-01
1.475999999999999979e+00 8.033350000000000213e-01
1.481000000000000094e+00 8.036250000000000338e-01
1.485999999999999988e+00 8.039129999999999887e-01
1.491000000000000103e+00 8.041979999999999684e-01
1.495999999999999996e+00 8.044810000000000016e-01
1.500999999999999890e+00 8.047609999999999486e-01
1.506000000000000005e+00 8.050399999999999778e-01
1.510999999999999899e+00 8.053150000000000031e-01
1.516000000000000014e+00 8.055889999999999995e-01
1.520999999999999908e+00 8.058600000000000207e-01
1.526000000000000023e+00 8.061289999999999845e-01
1.530999999999999917e+00 8.063949999999999729e-01
1.536000000000000032e+00 8.066600000000000437e-01
1.540999999999999925e+00 8.069220000000000281e-01
1.546000000000000041e+00 8.071819999999999551e-01
1.550999999999999934e+00 8.074400000000000466e-01
1.556000000000000050e+00 8.076959999999999695e-01
1.560999999999999943e+00 8.079499999999999460e-01
1.566000000000000059e+00 8.082009999999999472e-01
1.570999999999999952e+00 8.084510000000000307e-01
1.576000000000000068e+00 8.086980000000000279e-01
1.580999999999999961e+00 8.089439999999999964e-01
1.586000000000000076e+00 8.091869999999999896e-01
1.590999999999999970e+00 8.094289999999999541e-01
1.596000000000000085e+00 8.096680000000000543e-01
1.600999999999999979e+00 8.099060000000000148e-01
1.606000000000000094e+00 8.101420000000000288e-01
1.610999999999999988e+00 8.103749999999999565e-01
1.616000000000000103e+00 8.106069999999999665e-01
1.620999999999999996e+00 8.108370000000000299e-01
1.625999999999999890e+00 8.110650000000000359e-01
1.631000000000000005e+00 8.112909999999999844e-01
1.635999999999999899e+00 8.115160000000000151e-01
1.641000000000000014e+00 8.117379999999999596e-01
1.645999999999999908e+00 8.119589999999999863e-01
1.651000000000000023e+00 8.121779999999999555e-01
1.655999999999999917e+00 8.123960000000000070e-01
1.661000000000000032e+00 8.126109999999999722e-01
1.665999999999999925e+00 8.128250000000000197e-01
1.671000000000000041e+00 8.130370000000000097e-01
1.675999999999999934e+00 8.132470000000000532e-01
1.681000000000000050e+00 8.134559999999999569e-01
1.685999999999999943e+00 8.136630000000000251e-01
1.691000000000000059e+00 8.138689999999999536e-01
1.695999999999999952e+00 8.140730000000000466e-01
1.701000000000000068e+00 8.142749999999999710e-01
1.705999999999999961e+00 8.144749999999999490e-01
1.711000000000000076e+00 8.146740000000000093e-01
1.715999999999999970e+00 8.148720000000000407e-01
1.721000000000000085e+00 8.150669999999999860e-01
1.725999999999999979e+00 8.152620000000000422e-01
1.731000000000000094e+00 8.154550000000000409e-01
1.735999999999999988e+00 8.156459999999999821e-01
1.741000000000000103e+00 8.158360000000000056e-01
1.745999999999999996e+00 8.160239999999999716e-01
1.750999999999999890e+00 8.162110000000000198e-01
1.756000000000000005e+00 8.163960000000000106e-01
1.760999999999999899e+00 8.165799999999999725e-01
1.766000000000000014e+00 8.167619999999999880e-01
1.770999999999999908e+00 8.169429999999999747e-01
1.776000000000000023e+00 8.171230000000000437e-01
1.780999999999999917e+00 8.173010000000000552e-01
1.786000000000000032e+00 8.174780000000000380e-01
1.790999999999999925e+00 8.176529999999999632e-01
1.796000000000000041e+00 8.178269999999999706e-01
1.800999999999999934e+00 8.179999999999999494e-01
1.806000000000000050e+00 8.181709999999999816e-01
1.810999999999999943e+00 8.183409999999999851e-01
1.816000000000000059e+00 8.185099999999999598e-01
1.820999999999999952e+00 8.186769999999999881e-01
1.826000000000000068e+00 8.188429999999999875e-01
1.830999999999999961e+00 8.190079999999999583e-01
1.836000000000000076e+00 8.191720000000000113e-01
1.840999999999999970e+00 8.193340000000000067e-01
1.846000000000000085e+00 8.194949999999999735e-01
1.850999999999999979e+00 8.196550000000000225e-01
1.856000000000000094e+00 8.198140000000000427e-01
1.860999999999999988e+00 8.199710000000000054e-01
1.866000000000000103e+00 8.201270000000000504e-01
1.870999999999999996e+00 8.202819999999999556e-01
1.875999999999999890e+00 8.204360000000000541e-01
1.881000000000000005e+00 8.205879999999999841e-01
1.885999999999999899e+00 8.207389999999999963e-01
1.891000000000000014e+00 8.208900000000000086e-01
1.895999999999999908e+00 8.210389999999999633e-01
1.901000000000000023e+00 8.211870000000000003e-01
1.905999999999999917e+00 8.213329999999999798e-01
1.911000000000000032e+00 8.214789999999999592e-01
1.915999999999999925e+00 8.216240000000000210e-01
1.921000000000000041e+00 8.217670000000000252e-01
1.925999999999999934e+00 8.219090000000000007e-01
1.931000000000000050e+00 8.220499999999999474e-01
1.935999999999999943e+00 8.221910000000000052e-01
1.941000000000000059e+00 8.223300000000000054e-01
1.945999999999999952e+00 8.224669999999999481e-01
1.951000000000000068e+00 8.226040000000000019e-01
1.955999999999999961e+00 8.227400000000000269e-01
1.961000000000000076e+00 8.228750000000000231e-01
1.965999999999999970e+00 8.230089999999999906e-01
1.971000000000000085e+00 8.231410000000000116e-01
1.975999999999999979e+00 8.232730000000000325e-01
1.981000000000000094e+00 8.234040000000000248e-01
1.985999999999999988e+00 8.235329999999999595e-01
1.991000000000000103e+00 8.236620000000000053e-01
1.995999999999999996e+00 8.237900000000000222e-01
2.000999999999999890e+00 8.239159999999999817e-01
2.005999999999999783e+00 8.240420000000000522e-01
2.011000000000000121e+00 8.241669999999999829e-01
2.016000000000000014e+00 8.242899999999999672e-01
2.020999999999999908e+00 8.244129999999999514e-01
2.025999999999999801e+00 8.245350000000000179e-01
2.031000000000000139e+00 8.246550000000000269e-01
2.036000000000000032e+00 8.247750000000000359e-01
2.040999999999999925e+00 8.248940000000000161e-01
2.045999999999999819e+00 8.250119999999999676e-01
2.051000000000000156e+00 8.251290000000000013e-01
2.056000000000000050e+00 8.252450000000000063e-01
2.060999999999999943e+00 8.253599999999999826e-01
2.065999999999999837e+00 8.254749999999999588e-01
2.071000000000000174e+00 8.255879999999999885e-01
2.076000000000000068e+00 8.256999999999999895e-01
2.080999999999999961e+00 8.258119999999999905e-01
2.085999999999999854e+00 8.259220000000000450e-01
2.091000000000000192e+00 8.260319999999999885e-01
2.096000000000000085e+00 8.261410000000000142e-01
2.100999999999999979e+00 8.262490000000000112e-01
2.105999999999999872e+00 8.263559999999999794e-01
2.111000000000000210e+00 8.264620000000000299e-01
2.116000000000000103e+00 8.265670000000000517e-01
2.120999999999999996e+00 8.266710000000000447e-01
2.125999999999999890e+00 8.267750000000000377e-01
2.130999999999999783e+00 8.268769999999999731e-01
2.136000000000000121e+00 8.269790000000000196e-01
2.141000000000000014e+00 8.270800000000000374e-01
2.145999999999999908e+00 8.271800000000000264e-01
2.150999999999999801e+00 8.272789999999999866e-01
2.156000000000000139e+00 8.273779999999999468e-01
2.161000000000000032e+00 8.274749999999999606e-01
2.165999999999999925e+00 8.275719999999999743e-01
2.170999999999999819e+00 8.276679999999999593e-01
2.176000000000000156e+00 8.277630000000000265e-01
2.181000000000000050e+00 8.278569999999999540e-01
2.185999999999999943e+00 8.279499999999999638e-01
2.190999999999999837e+00 8.280429999999999735e-01
2.196000000000000174e+00 8.281340000000000368e-01
2.201000000000000068e+00 8.282249999999999890e-01
2.205999999999999961e+00 8.283150000000000235e-01
2.210999999999999854e+00 8.284049999999999470e-01
2.216000000000000192e+00 8.284930000000000350e-01
2.221000000000000085e+00 8.285810000000000120e-01
2.225999999999999979e+00 8.286679999999999602e-01
2.230999999999999872e+00 8.287539999999999907e-01
2.236000000000000210e+00 8.288389999999999924e-01
2.241000000000000103e+00 8.289229999999999654e-01
2.245999999999999996e+00 8.290070000000000494e-01
2.250999999999999890e+00 8.290899999999999936e-01
2.255999999999999783e+00 8.291720000000000201e-01
2.261000000000000121e+00 8.292530000000000179e-01
2.266000000000000014e+00 8.293340000000000156e-01
2.270999999999999908e+00 8.294139999999999846e-01
2.275999999999999801e+00 8.294930000000000359e-01
2.281000000000000139e+00 8.295709999999999473e-01
2.286000000000000032e+00 8.296480000000000521e-01
2.290999999999999925e+00 8.297250000000000458e-01
2.295999999999999819e+00 8.298010000000000108e-01
2.301000000000000156e+00 8.298759999999999470e-01
2.306000000000000050e+00 8.299499999999999655e-01
2.310999999999999943e+00 8.300239999999999840e-01
2.315999999999999837e+00 8.300969999999999738e-01
2.321000000000000174e+00 8.301690000000000458e-01
2.326000000000000068e+00 8.302410000000000068e-01
2.330999999999999961e+00 8.303110000000000213e-01
2.335999999999999854e+00 8.303810000000000358e-01
2.341000000000000192e+00 8.304510000000000502e-01
2.346000000000000085e+00 8.305190000000000072e-01
2.350999999999999979e+00 8.305869999999999642e-01
2.355999999999999872e+00 8.306540000000000035e-01
2.361000000000000210e+00 8.307200000000000140e-01
2.366000000000000103e+00 8.307860000000000245e-01
2.370999999999999996e+00 8.308510000000000062e-01
2.375999999999999890e+00 8.309149999999999592e-01
2.380999999999999783e+00 8.309779999999999944e-01
2.386000000000000121e+00 8.310410000000000297e-01
2.391000000000000014e+00 8.311030000000000362e-01
2.395999999999999908e+00 8.311650000000000427e-01
2.400999999999999801e+00 8.312249999999999917e-01
2.406000000000000139e+00 8.312850000000000517e-01
2.411000000000000032e+00 8.313450000000000006e-01
2.415999999999999925e+00 8.314030000000000031e-01
2.420999999999999819e+00 8.314610000000000056e-01
2.426000000000000156e+00 8.315179999999999794e-01
2.431000000000000050e+00 8.315749999999999531e-01
2.435999999999999943e+00 8.316310000000000091e-01
2.440999999999999837e+00 8.316860000000000364e-01
2.446000000000000174e+00 8.317400000000000349e-01
2.451000000000000068e+00 8.317940000000000333e-01
2.455999999999999961e+00 8.318480000000000318e-01
2.460999999999999854e+00 8.318999999999999728e-01
2.466000000000000192e+00 8.319520000000000248e-01
2.471000000000000085e+00 8.320030000000000481e-01
2.475999999999999979e+00 8.320539999999999603e-01
2.480999999999999872e+00 8.321039999999999548e-01
2.486000000000000210e+00 8.321530000000000316e-01
2.491000000000000103e+00 8.322019999999999973e-01
2.495999999999999996e+00 8.322500000000000453e-01
