5.110000000000000098e-01 2.824160000000000004e-01
5.160000000000000142e-01 3.572080000000000255e-01
5.210000000000000187e-01 3.994309999999999805e-01
5.260000000000000231e-01 4.296429999999999971e-01
5.310000000000000275e-01 4.533539999999999792e-01
5.360000000000000320e-01 4.729280000000000150e-01
5.410000000000000364e-01 4.896150000000000224e-01
5.460000000000000409e-01 5.041619999999999990e-01
5.510000000000000453e-01 5.170550000000000423e-01
5.560000000000000497e-01 5.286269999999999580e-01
5.610000000000000542e-01 5.391179999999999861e-01
5.659999999999999476e-01 5.487090000000000023e-01
5.709999999999999520e-01 5.575350000000000028e-01
5.759999999999999565e-01 5.657050000000000134e-01
5.809999999999999609e-01 5.733059999999999823e-01
5.859999999999999654e-01 5.804049999999999487e-01
5.909999999999999698e-01 5.870630000000000015e-01
5.959999999999999742e-01 5.933260000000000201e-01
6.009999999999999787e-01 5.992349999999999621e-01
6.059999999999999831e-01 6.048259999999999748e-01
6.109999999999999876e-01 6.101269999999999749e-01
6.159999999999999920e-01 6.151640000000000441e-01
6.209999999999999964e-01 6.199599999999999556e-01
6.260000000000000009e-01 6.245349999999999513e-01
6.310000000000000053e-01 6.289050000000000473e-01
6.360000000000000098e-01 6.330869999999999553e-01
6.410000000000000142e-01 6.370940000000000492e-01
6.460000000000000187e-01 6.409380000000000077e-01
6.510000000000000231e-01 6.446300000000000363e-01
6.560000000000000275e-01 6.481810000000000072e-01
6.610000000000000320e-01 6.515990000000000393e-01
6.660000000000000364e-01 6.548929999999999474e-01
6.710000000000000409e-01 6.580690000000000150e-01
6.760000000000000453e-01 6.611359999999999459e-01
6.810000000000000497e-01 6.640989999999999949e-01
6.860000000000000542e-01 6.669629999999999725e-01
6.909999999999999476e-01 6.697349999999999692e-01
6.959999999999999520e-01 6.724189999999999889e-01
7.009999999999999565e-01 6.750199999999999534e-01
7.059999999999999609e-01 6.775419999999999776e-01
7.109999999999999654e-01 6.799880000000000368e-01
7.159999999999999698e-01 6.823630000000000528e-01
7.209999999999999742e-01 6.846700000000000008e-01
7.259999999999999787e-01 6.869119999999999671e-01
7.309999999999999831e-01 6.890910000000000091e-01
7.359999999999999876e-01 6.912120000000000486e-01
7.409999999999999920e-01 6.932760000000000034e-01
7.459999999999999964e-01 6.952859999999999596e-01
7.510000000000000009e-01 6.972439999999999749e-01
7.560000000000000053e-01 6.991519999999999957e-01
7.610000000000000098e-01 7.010119999999999685e-01
7.660000000000000142e-01 7.028269999999999795e-01
7.710000000000000187e-01 7.045979999999999466e-01
7.760000000000000231e-01 7.063270000000000381e-01
7.810000000000000275e-01 7.080159999999999787e-01
7.860000000000000320e-01 7.096649999999999903e-01
7.910000000000000364e-01 7.112779999999999658e-01
7.960000000000000409e-01 7.128539999999999877e-01
8.010000000000000453e-01 7.143950000000000022e-01
8.060000000000000497e-01 7.159029999999999561e-01
8.110000000000000542e-01 7.173789999999999889e-01
8.159999999999999476e-01 7.188229999999999897e-01
8.209999999999999520e-01 7.202380000000000448e-01
8.259999999999999565e-01 7.216240000000000432e-01
8.309999999999999609e-01 7.229809999999999848e-01
8.359999999999999654e-01 7.243119999999999559e-01
8.409999999999999698e-01 7.256169999999999565e-01
8.459999999999999742e-01 7.268959999999999866e-01
8.509999999999999787e-01 7.281509999999999927e-01
8.559999999999999831e-01 7.293830000000000036e-01
8.609999999999999876e-01 7.305909999999999904e-01
8.659999999999999920e-01 7.317780000000000395e-01
8.709999999999999964e-01 7.329430000000000112e-01
8.760000000000000009e-01 7.340870000000000450e-01
8.810000000000000053e-01 7.352119999999999767e-01
8.860000000000000098e-01 7.363159999999999705e-01
8.910000000000000142e-01 7.374020000000000019e-01
8.960000000000000187e-01 7.384699999999999598e-01
9.010000000000000231e-01 7.395190000000000374e-01
9.060000000000000275e-01 7.405519999999999881e-01
9.110000000000000320e-01 7.415680000000000049e-01
9.160000000000000364e-01 7.425669999999999771e-01
9.210000000000000409e-01 7.435509999999999620e-01
9.260000000000000453e-01 7.445190000000000419e-01
9.310000000000000497e-01 7.454720000000000235e-01
9.360000000000000542e-01 7.464110000000000467e-01
9.409999999999999476e-01 7.473360000000000003e-01
9.459999999999999520e-01 7.482459999999999667e-01
9.509999999999999565e-01 7.491440000000000321e-01
9.559999999999999609e-01 7.500280000000000280e-01
9.609999999999999654e-01 7.509000000000000119e-01
9.659999999999999698e-01 7.517589999999999550e-01
9.709999999999999742e-01 7.526059999999999972e-01
9.759999999999999787e-01 7.534410000000000274e-01
9.809999999999999831e-01 7.542649999999999633e-01
9.859999999999999876e-01 7.550780000000000269e-01
9.909999999999999920e-01 7.558799999999999963e-01
9.959999999999999964e-01 7.566709999999999825e-01
1.000999999999999890e+00 7.574509999999999854e-01
1.006000000000000005e+00 7.582219999999999516e-01
1.010999999999999899e+00 7.589820000000000455e-01
1.016000000000000014e+00 7.597329999999999917e-01
1.020999999999999908e+00 7.604739999999999833e-01
1.026000000000000023e+00 7.612060000000000493e-01
1.030999999999999917e+00 7.619280000000000497e-01
1.036000000000000032e+00 7.626420000000000421e-01
1.040999999999999925e+00 7.633469999999999978e-01
1.046000000000000041e+00 7.640439999999999454e-01
1.050999999999999934e+00 7.647319999999999673e-01
1.056000000000000050e+00 7.654119999999999813e-01
1.060999999999999943e+00 7.660839999999999872e-01
1.066000000000000059e+00 7.667479999999999851e-01
1.070999999999999952e+00 7.674039999999999750e-01
1.076000000000000068e+00 7.680529999999999857e-01
1.080999999999999961e+00 7.686939999999999884e-01
1.086000000000000076e+00 7.693280000000000118e-01
1.090999999999999970e+00 7.699549999999999450e-01
1.096000000000000085e+00 7.705750000000000099e-01
1.100999999999999979e+00 7.711869999999999559e-01
1.106000000000000094e+00 7.717929999999999513e-01
1.110999999999999988e+00 7.723929999999999962e-01
1.116000000000000103e+00 7.729850000000000332e-01
1.120999999999999996e+00 7.735720000000000374e-01
1.125999999999999890e+00 7.741510000000000336e-01
1.131000000000000005e+00 7.747249999999999970e-01
1.135999999999999899e+00 7.752930000000000099e-01
1.141000000000000014e+00 7.758540000000000436e-01
1.145999999999999908e+00 7.764100000000000446e-01
1.151000000000000023e+00 7.769589999999999552e-01
1.155999999999999917e+00 7.775030000000000552e-01
1.161000000000000032e+00 7.780409999999999826e-01
1.165999999999999925e+00 7.785739999999999883e-01
1.171000000000000041e+00 7.791010000000000435e-01
1.175999999999999934e+00 7.796229999999999549e-01
1.181000000000000050e+00 7.801390000000000269e-01
1.185999999999999943e+00 7.806499999999999551e-01
1.191000000000000059e+00 7.811559999999999615e-01
1.195999999999999952e+00 7.816570000000000462e-01
1.201000000000000068e+00 7.821519999999999584e-01
1.205999999999999961e+00 7.826429999999999776e-01
1.211000000000000076e+00 7.831289999999999640e-01
1.215999999999999970e+00 7.836100000000000287e-01
1.221000000000000085e+00 7.840859999999999497e-01
1.225999999999999979e+00 7.845569999999999489e-01
1.231000000000000094e+00 7.850240000000000551e-01
1.235999999999999988e+00 7.854860000000000175e-01
1.241000000000000103e+00 7.859439999999999760e-01
1.245999999999999996e+00 7.863970000000000127e-01
1.250999999999999890e+00 7.868460000000000454e-01
1.256000000000000005e+00 7.872900000000000453e-01
1.260999999999999899e+00 7.877300000000000413e-01
1.266000000000000014e+00 7.881660000000000332e-01
1.270999999999999908e+00 7.885980000000000212e-01
1.276000000000000023e+00 7.890249999999999764e-01
1.280999999999999917e+00 7.894489999999999563e-01
1.286000000000000032e+00 7.898680000000000145e-01
1.290999999999999925e+00 7.902829999999999577e-01
1.296000000000000041e+00 7.906950000000000367e-01
1.300999999999999934e+00 7.911030000000000006e-01
1.306000000000000050e+00 7.915060000000000429e-01
1.310999999999999943e+00 7.919059999999999988e-01
1.316000000000000059e+00 7.923029999999999795e-01
1.320999999999999952e+00 7.926950000000000385e-01
1.326000000000000068e+00 7.930840000000000112e-01
1.330999999999999961e+00 7.934700000000000086e-01
1.336000000000000076e+00 7.938509999999999733e-01
1.340999999999999970e+00 7.942299999999999915e-01
1.346000000000000085e+00 7.946050000000000058e-01
1.350999999999999979e+00 7.949760000000000160e-01
1.356000000000000094e+00 7.953440000000000509e-01
1.360999999999999988e+00 7.957089999999999996e-01
1.366000000000000103e+00 7.960700000000000554e-01
1.370999999999999996e+00 7.964290000000000536e-01
1.375999999999999890e+00 7.967840000000000478e-01
1.381000000000000005e+00 7.971359999999999557e-01
1.385999999999999899e+00 7.974839999999999707e-01
1.391000000000000014e+00 7.978300000000000392e-01
1.395999999999999908e+00 7.981730000000000214e-01
1.401000000000000023e+00 7.985119999999999996e-01
1.405999999999999917e+00 7.988490000000000313e-01
1.411000000000000032e+00 7.991819999999999480e-01
1.415999999999999925e+00 7.995130000000000292e-01
1.421000000000000041e+00 7.998410000000000242e-01
1.425999999999999934e+00 8.001660000000000439e-01
1.431000000000000050e+00 8.004890000000000061e-01
1.435999999999999943e+00 8.008079999999999643e-01
1.441000000000000059e+00 8.011249999999999760e-01
1.445999999999999952e+00 8.014390000000000125e-01
1.451000000000000068e+00 8.017509999999999915e-01
1.455999999999999961e+00 8.020599999999999952e-01
1.461000000000000076e+00 8.023660000000000236e-01
1.465999999999999970e+00 8.026699999999999946e-01
1.471000000000000085e+00 8.029720000000000191e-01
1.475999999999999979e+00 8.032700000000000395e-01
1.481000000000000094e+00 8.035670000000000313e-01
1.485999999999999988e+00 8.038610000000000477e-01
1.491000000000000103e+00 8.041519999999999779e-01
1.495999999999999996e+00 8.044419999999999904e-01
1.500999999999999890e+00 8.047279999999999989e-01
1.506000000000000005e+00 8.050129999999999786e-01
1.510999999999999899e+00 8.052949999999999831e-01
1.516000000000000014e+00 8.055750000000000410e-01
1.520999999999999908e+00 8.058530000000000415e-01
1.526000000000000023e+00 8.061289999999999845e-01
1.530999999999999917e+00 8.064029999999999809e-01
1.536000000000000032e+00 8.066740000000000022e-01
1.540999999999999925e+00 8.069429999999999659e-01
1.546000000000000041e+00 8.072099999999999831e-01
1.550999999999999934e+00 8.074750000000000538e-01
1.556000000000000050e+00 8.077389999999999848e-01
1.560999999999999943e+00 8.080000000000000515e-01
1.566000000000000059e+00 8.082589999999999497e-01
1.570999999999999952e+00 8.085160000000000124e-01
1.576000000000000068e+00 8.087710000000000177e-01
1.580999999999999961e+00 8.090239999999999654e-01
1.586000000000000076e+00 8.092759999999999954e-01
1.590999999999999970e+00 8.095250000000000501e-01
1.596000000000000085e+00 8.097729999999999650e-01
1.600999999999999979e+00 8.100180000000000158e-01
1.606000000000000094e+00 8.102620000000000378e-01
1.610999999999999988e+00 8.105040000000000022e-01
1.616000000000000103e+00 8.107450000000000490e-01
1.620999999999999996e+00 8.109830000000000094e-01
1.625999999999999890e+00 8.112200000000000522e-01
1.631000000000000005e+00 8.114550000000000374e-01
1.635999999999999899e+00 8.116889999999999938e-01
1.641000000000000014e+00 8.119210000000000038e-01
1.645999999999999908e+00 8.121509999999999563e-01
1.651000000000000023e+00 8.123789999999999623e-01
1.655999999999999917e+00 8.126060000000000505e-01
1.661000000000000032e+00 8.128309999999999702e-01
1.665999999999999925e+00 8.130540000000000544e-01
1.671000000000000041e+00 8.132759999999999989e-01
1.675999999999999934e+00 8.134970000000000256e-01
1.681000000000000050e+00 8.137149999999999661e-01
1.685999999999999943e+00 8.139319999999999888e-01
1.691000000000000059e+00 8.141479999999999828e-01
1.695999999999999952e+00 8.143620000000000303e-01
1.701000000000000068e+00 8.145750000000000490e-01
1.705999999999999961e+00 8.147860000000000102e-01
1.711000000000000076e+00 8.149950000000000250e-01
1.715999999999999970e+00 8.152030000000000109e-01
1.721000000000000085e+00 8.154099999999999682e-01
1.725999999999999979e+00 8.156149999999999789e-01
1.731000000000000094e+00 8.158180000000000431e-01
1.735999999999999988e+00 8.160199999999999676e-01
1.741000000000000103e+00 8.162209999999999743e-01
1.745999999999999996e+00 8.164200000000000346e-01
1.750999999999999890e+00 8.166179999999999550e-01
1.756000000000000005e+00 8.168140000000000400e-01
1.760999999999999899e+00 8.170089999999999852e-01
1.766000000000000014e+00 8.172030000000000127e-01
1.770999999999999908e+00 8.173949999999999827e-01
1.776000000000000023e+00 8.175860000000000349e-01
1.780999999999999917e+00 8.177750000000000297e-01
1.786000000000000032e+00 8.179629999999999956e-01
1.790999999999999925e+00 8.181500000000000439e-01
1.796000000000000041e+00 8.183350000000000346e-01
1.800999999999999934e+00 8.185189999999999966e-01
1.806000000000000050e+00 8.187010000000000121e-01
1.810999999999999943e+00 8.188819999999999988e-01
1.816000000000000059e+00 8.190619999999999568e-01
1.820999999999999952e+00 8.192399999999999682e-01
1.826000000000000068e+00 8.194169999999999510e-01
1.830999999999999961e+00 8.195930000000000160e-01
1.836000000000000076e+00 8.197680000000000522e-01
1.840999999999999970e+00 8.199410000000000309e-01
1.846000000000000085e+00 8.201119999999999521e-01
1.850999999999999979e+00 8.202829999999999844e-01
1.856000000000000094e+00 8.204519999999999591e-01
1.860999999999999988e+00 8.206189999999999873e-01
1.866000000000000103e+00 8.207860000000000156e-01
1.870999999999999996e+00 8.209509999999999863e-01
1.875999999999999890e+00 8.211150000000000393e-01
1.881000000000000005e+00 8.212770000000000348e-01
1.885999999999999899e+00 8.214380000000000015e-01
1.891000000000000014e+00 8.215980000000000505e-01
1.895999999999999908e+00 8.217569999999999597e-01
1.901000000000000023e+00 8.219140000000000335e-01
1.905999999999999917e+00 8.220699999999999674e-01
1.911000000000000032e+00 8.222239999999999549e-01
1.915999999999999925e+00 8.223780000000000534e-01
1.921000000000000041e+00 8.225299999999999834e-01
1.925999999999999934e+00 8.226799999999999669e-01
1.931000000000000050e+00 8.228299999999999503e-01
1.935999999999999943e+00 8.229779999999999873e-01
1.941000000000000059e+00 8.231249999999999956e-01
1.945999999999999952e+00 8.232699999999999463e-01
1.951000000000000068e+00 8.234150000000000080e-01
1.955999999999999961e+00 8.235580000000000123e-01
1.961000000000000076e+00 8.236989999999999590e-01
1.965999999999999970e+00 8.238400000000000167e-01
1.971000000000000085e+00 8.239790000000000170e-01
1.975999999999999979e+00 8.241169999999999884e-01
1.981000000000000094e+00 8.242540000000000422e-01
1.985999999999999988e+00 8.243890000000000384e-01
1.991000000000000103e+00 8.245230000000000059e-01
1.995999999999999996e+00 8.246559999999999446e-01
2.000999999999999890e+00 8.247879999999999656e-01
2.005999999999999783e+00 8.249180000000000401e-01
2.011000000000000121e+00 8.250469999999999748e-01
2.016000000000000014e+00 8.251749999999999918e-01
2.020999999999999908e+00 8.253009999999999513e-01
2.025999999999999801e+00 8.254270000000000218e-01
2.031000000000000139e+00 8.255510000000000348e-01
2.036000000000000032e+00 8.256740000000000190e-01
2.040999999999999925e+00 8.257949999999999458e-01
2.045999999999999819e+00 8.259159999999999835e-01
2.051000000000000156e+00 8.260349999999999637e-01
2.056000000000000050e+00 8.261530000000000262e-01
2.060999999999999943e+00 8.262699999999999489e-01
2.065999999999999837e+00 8.263850000000000362e-01
2.071000000000000174e+00 8.264989999999999837e-01
2.076000000000000068e+00 8.266120000000000134e-01
2.080999999999999961e+00 8.267240000000000144e-01
2.085999999999999854e+00 8.268349999999999866e-01
2.091000000000000192e+00 8.269440000000000124e-01
2.096000000000000085e+00 8.270530000000000381e-01
2.100999999999999979e+00 8.271600000000000064e-01
2.105999999999999872e+00 8.272659999999999458e-01
2.111000000000000210e+00 8.273700000000000498e-01
2.116000000000000103e+00 8.274740000000000428e-01
2.120999999999999996e+00 8.275759999999999783e-01
2.125999999999999890e+00 8.276769999999999960e-01
2.130999999999999783e+00 8.277780000000000138e-01
2.136000000000000121e+00 8.278759999999999453e-01
2.141000000000000014e+00 8.279739999999999878e-01
2.145999999999999908e+00 8.280710000000000015e-01
2.150999999999999801e+00 8.281659999999999577e-01
2.156000000000000139e+00 8.282610000000000250e-01
2.161000000000000032e+00 8.283540000000000347e-01
2.165999999999999925e+00 8.284460000000000157e-01
2.170999999999999819e+00 8.285379999999999967e-01
2.176000000000000156e+00 8.286280000000000312e-01
2.181000000000000050e+00 8.287170000000000369e-01
2.185999999999999943e+00 8.288039999999999852e-01
2.190999999999999837e+00 8.288910000000000444e-01
2.196000000000000174e+00 8.289769999999999639e-01
2.201000000000000068e+00 8.290619999999999656e-01
2.205999999999999961e+00 8.291450000000000209e-01
2.210999999999999854e+00 8.292279999999999651e-01
2.216000000000000192e+00 8.293099999999999916e-01
2.221000000000000085e+00 8.293899999999999606e-01
2.225999999999999979e+00 8.294700000000000406e-01
2.230999999999999872e+00 8.295479999999999521e-01
2.236000000000000210e+00 8.296259999999999746e-01
2.241000000000000103e+00 8.297029999999999683e-01
2.245999999999999996e+00 8.297780000000000156e-01
2.250999999999999890e+00 8.298529999999999518e-01
2.255999999999999783e+00 8.299269999999999703e-01
2.261000000000000121e+00 8.299999999999999600e-01
2.266000000000000014e+00 8.300720000000000320e-01
2.270999999999999908e+00 8.301429999999999643e-01
2.275999999999999801e+00 8.302129999999999788e-01
2.281000000000000139e+00 8.302819999999999645e-01
2.286000000000000032e+00 8.303509999999999502e-01
2.290999999999999925e+00 8.304179999999999895e-01
2.295999999999999819e+00 8.304850000000000287e-01
2.301000000000000156e+00 8.305510000000000392e-01
2.306000000000000050e+00 8.306160000000000210e-01
2.310999999999999943e+00 8.306799999999999740e-01
2.315999999999999837e+00 8.307430000000000092e-01
2.321000000000000174e+00 8.308060000000000445e-01
2.326000000000000068e+00 8.308680000000000510e-01
2.330999999999999961e+00 8.309290000000000287e-01
2.335999999999999854e+00 8.309889999999999777e-01
2.341000000000000192e+00 8.310480000000000089e-01
2.346000000000000085e+00 8.311070000000000402e-01
2.350999999999999979e+00 8.311650000000000427e-01
2.355999999999999872e+00 8.312230000000000452e-01
2.361000000000000210e+00 8.312789999999999901e-01
2.366000000000000103e+00 8.313350000000000461e-01
2.370999999999999996e+00 8.313899999999999624e-01
2.375999999999999890e+00 8.314449999999999896e-01
2.380999999999999783e+00 8.314989999999999881e-01
2.386000000000000121e+00 8.315519999999999579e-01
2.391000000000000014e+00 8.316050000000000386e-01
2.395999999999999908e+00 8.316569999999999796e-01
2.400999999999999801e+00 8.317090000000000316e-01
2.406000000000000139e+00 8.317600000000000549e-01
2.411000000000000032e+00 8.318100000000000493e-01
2.415999999999999925e+00 8.318600000000000438e-01
2.420999999999999819e+00 8.319090000000000096e-01
2.426000000000000156e+00 8.319579999999999753e-01
2.431000000000000050e+00 8.320060000000000233e-01
2.435999999999999943e+00 8.320539999999999603e-01
2.440999999999999837e+00 8.321009999999999796e-01
2.446000000000000174e+00 8.321479999999999988e-01
2.451000000000000068e+00 8.321950000000000180e-01
2.455999999999999961e+00 8.322399999999999798e-01
2.460999999999999854e+00 8.322859999999999703e-01
2.466000000000000192e+00 8.323310000000000430e-01
2.471000000000000085e+00 8.323760000000000048e-01
2.475999999999999979e+00 8.324200000000000488e-01
2.480999999999999872e+00 8.324639999999999818e-01
2.486000000000000210e+00 8.325069999999999970e-01
2.491000000000000103e+00 8.325500000000000123e-01
2.495999999999999996e+00 8.325930000000000275e-01
