 11  2 12 31  1  1 +2  0  0 -1
  1  1  1  1  0  0  0  0  0  0  0  0  0  0  1  1
   0.0000000   1.0000000   1.0000000   1.0000000   1.0000000   1.0000000   1.0000000
   1.0000000   1.0000000   1.0000000   1.0000000   1.0000000   1.0000000   1.0000000
   1.0000000   1.0000000   1.0000000   1.0000000   1.0000000   1.0000000   1.0000000
   1.0000000   1.0000000   1.0000000   1.0000000   1.0000000   1.0000000   1.0000000
   1.0000000   1.0000000
   0 105   0   0   0   1
  63
0.903274500         
-0.066567230        
-0.034734980        
0.176528600         
0.094675840         
0.002843272         
0.150359400         
-0.074099290        
-0.027306080        
-0.040016560        
0.033937430         
-0.012494590        
0.004260710         
0.010434140         
-0.010165600        
-0.000547053        
-0.000029184        
-0.003923317        
0.000046697         
-0.000329693        
-0.001176037        
0.479282800         
-0.053037840        
-0.002582542        
0.399268200         
-0.074799070        
-0.003702652        
0.132147300         
-0.034199030        
-0.001594383        
0.009167290         
-0.011339080        
-0.000885671        
-0.009133579        
-0.000419246        
0.000385787         
0.002798645         
-0.006761842        
-0.001139392        
0.000063132         
-0.000169215        
-0.000393766        
1.113874383         
2.046545188         
1.068892934         
0.475283998         
0.176036214         
0.047704915         
0.940040293         
0.981949906         
0.436624719         
0.161717547         
0.043824629         
0.256431991         
0.228045332         
0.084463683         
0.022889227         
0.050700259         
0.037556836         
0.010177711         
0.006955171         
0.003769632         
0.000510775         
  1  1  0
  42  22  23  24  25  26  27  28  29  30  31  32  33  34  35  36  37  38  39  40
  41  42  43  44  45  46  47  48  49  50  51  52  53  54  55  56  57  58  59  60
  61  62  63
   1   2   3   4   5   6   7   8   9  10  11  12  13  14  15  16  17  18  19  20
  21  22  23  24  25  26  27  28  29  30  31  32  33  34  35  36  37  38  39  40
  41  42
  1  1  1  1  1  1  1  1  1  1  1  1  1  1  1  1  1  1  1  1  1  1  1  1  1  1  1  1
  2  2  0
  21   1   2   3   4   5   6   7   8   9  10  11  12  13  14  15  16  17  18  19
  20  21
  43  44  45  46  47  48  49  50  51  52  53  54  55  56  57  58  59  60  61  62
  63
  1  1  1  1  1  1  1  1  1  1  1  1  1  1  1  1  1  1  1  1  1  1  1  1  1  1  1  1
  1  1  0 -1
   1  22
28  
  0  1  0  1  0  1  0  1  0  1  0  1  0  1  0  0  0  0  0  0  0  0  0  0  0  0  0  0
  1  1  0
   1  23
1   
  0  1  0  1  0  1  0  1  0  1  0  1  0  1  0  0  0  0  0  0  0  0  0  0  0  0  0  0
  1  1  0
   1  24
1   
  0  1  0  1  0  1  0  1  0  1  0  1  0  1  0  0  0  0  0  0  0  0  0  0  0  0  0  0
  1  1  0
   1  25
45  
  0  1  0  1  0  1  0  1  0  1  0  1  0  1  0  0  0  0  0  0  0  0  0  0  0  0  0  0
  1  1  0
   1  26
45  
  0  1  0  1  0  1  0  1  0  1  0  1  0  1  0  0  0  0  0  0  0  0  0  0  0  0  0  0
  1  1  0
   1  27
4   
  0  1  0  1  0  1  0  1  0  1  0  1  0  1  0  0  0  0  0  0  0  0  0  0  0  0  0  0
  1  1  0
   1  28
43  
  0  1  0  1  0  1  0  1  0  1  0  1  0  1  0  0  0  0  0  0  0  0  0  0  0  0  0  0
  1  1  0
   1  29
1   
  0  1  0  1  0  1  0  1  0  1  0  1  0  1  0  0  0  0  0  0  0  0  0  0  0  0  0  0
  1  1  0
   1  30
7   
  1  0  1  0  1  0  1  0  1  0  1  0  1  0  1  0  0  0  0  0  0  0  0  0  0  0  0  0
  1  1  0
   1  31
25  
  1  0  1  0  1  0  1  0  1  0  1  0  1  0  1  0  0  0  0  0  0  0  0  0  0  0  0  0
  1  1  0
   1  32
4   
  1  0  1  0  1  0  1  0  1  0  1  0  1  0  1  0  0  0  0  0  0  0  0  0  0  0  0  0
  1  1  0
   1  33
43  
  1  0  1  0  1  0  1  0  1  0  1  0  1  0  1  0  0  0  0  0  0  0  0  0  0  0  0  0
  1  1  0
   1  34
43  
  1  0  1  0  1  0  1  0  1  0  1  0  1  0  1  0  0  0  0  0  0  0  0  0  0  0  0  0
  1  1  0
   1  35
44  
  1  0  1  0  1  0  1  0  1  0  1  0  1  0  1  0  0  0  0  0  0  0  0  0  0  0  0  0
  1  1  0
   1  36
4   
  1  0  1  0  1  0  1  0  1  0  1  0  1  0  1  0  0  0  0  0  0  0  0  0  0  0  0  0
  1  1  0
   1  37
45  
  1  0  1  0  1  0  1  0  1  0  1  0  1  0  1  0  0  0  0  0  0  0  0  0  0  0  0  0
  1  1  0
   1  38
7   
  0  1  0  1  0  1  0  1  0  1  0  1  0  1  0  0  0  0  0  0  0  0  0  0  0  0  0  0
  1  1  0
   1  39
1   
  0  1  0  1  0  1  0  1  0  1  0  1  0  1  0  0  0  0  0  0  0  0  0  0  0  0  0  0
  1  1  0
   1  40
7   
  0  1  0  1  0  1  0  1  0  1  0  1  0  1  0  0  0  0  0  0  0  0  0  0  0  0  0  0
  1  1  0
   1  41
25  
  0  1  0  1  0  1  0  1  0  1  0  1  0  1  0  0  0  0  0  0  0  0  0  0  0  0  0  0
  1  1  0
   1  42
43  
  0  1  0  1  0  1  0  1  0  1  0  1  0  1  0  0  0  0  0  0  0  0  0  0  0  0  0  0
  1  1  0
   1  43
43  
  1  0  1  0  1  0  1  0  1  0  1  0  1  0  1  0  0  0  0  0  0  0  0  0  0  0  0  0
  1  1  0
   1  44
4   
  1  0  1  0  1  0  1  0  1  0  1  0  1  0  1  0  0  0  0  0  0  0  0  0  0  0  0  0
  1  1  0
   1  45
52  
  1  0  1  0  1  0  1  0  1  0  1  0  1  0  1  0  0  0  0  0  0  0  0  0  0  0  0  0
  1  1  0
   1  46
28  
  1  0  1  0  1  0  1  0  1  0  1  0  1  0  1  0  0  0  0  0  0  0  0  0  0  0  0  0
  1  1  0
   1  47
28  
  1  0  1  0  1  0  1  0  1  0  1  0  1  0  1  0  0  0  0  0  0  0  0  0  0  0  0  0
  1  1  0
   1  48
55  
  1  0  1  0  1  0  1  0  1  0  1  0  1  0  1  0  0  0  0  0  0  0  0  0  0  0  0  0
  1  1  0
   1  49
50  
  1  0  1  0  1  0  1  0  1  0  1  0  1  0  1  0  0  0  0  0  0  0  0  0  0  0  0  0
  1  1  0
   1  50
50  
  1  0  1  0  1  0  1  0  1  0  1  0  1  0  1  0  0  0  0  0  0  0  0  0  0  0  0  0
  1  1  0
   1  51
7   
  0  1  0  1  0  1  0  1  0  1  0  1  0  1  0  0  0  0  0  0  0  0  0  0  0  0  0  0
  1  1  0
   1  52
4   
  0  1  0  1  0  1  0  1  0  1  0  1  0  1  0  0  0  0  0  0  0  0  0  0  0  0  0  0
  1  1  0
   1  53
44  
  0  1  0  1  0  1  0  1  0  1  0  1  0  1  0  0  0  0  0  0  0  0  0  0  0  0  0  0
  1  1  0
   1  54
50  
  0  1  0  1  0  1  0  1  0  1  0  1  0  1  0  0  0  0  0  0  0  0  0  0  0  0  0  0
  1  1  0
   1  55
28  
  0  1  0  1  0  1  0  1  0  1  0  1  0  1  0  0  0  0  0  0  0  0  0  0  0  0  0  0
  1  1  0
   1  56
25  
  0  1  0  1  0  1  0  1  0  1  0  1  0  1  0  0  0  0  0  0  0  0  0  0  0  0  0  0
  1  1  0
   1  57
46  
  0  1  0  1  0  1  0  1  0  1  0  1  0  1  0  0  0  0  0  0  0  0  0  0  0  0  0  0
  1  1  0
   1  58
51  
  0  1  0  1  0  1  0  1  0  1  0  1  0  1  0  0  0  0  0  0  0  0  0  0  0  0  0  0
  1  1  0
   1  59
4   
  1  0  1  0  1  0  1  0  1  0  1  0  1  0  1  0  0  0  0  0  0  0  0  0  0  0  0  0
  2  2  0
   1   1
44  
  1  0  1  0  1  0  1  0  1  0  1  0  1  0  1  0  0  0  0  0  0  0  0  0  0  0  0  0
  2  2  0
   1   2
7   
  1  0  1  0  1  0  1  0  1  0  1  0  1  0  1  0  0  0  0  0  0  0  0  0  0  0  0  0
  2  2  0
   1   3
25  
  1  0  1  0  1  0  1  0  1  0  1  0  1  0  1  0  0  0  0  0  0  0  0  0  0  0  0  0
  2  2  0
   1   4
25  
  0  1  0  1  0  1  0  1  0  1  0  1  0  1  0  0  0  0  0  0  0  0  0  0  0  0  0  0
  2  2  0
   1   5
28  
  0  1  0  1  0  1  0  1  0  1  0  1  0  1  0  0  0  0  0  0  0  0  0  0  0  0  0  0
  2  2  0
   1   6
4   
  0  1  0  1  0  1  0  1  0  1  0  1  0  1  0  0  0  0  0  0  0  0  0  0  0  0  0  0
  2  2  0
   1   7
50  
  0  1  0  1  0  1  0  1  0  1  0  1  0  1  0  0  0  0  0  0  0  0  0  0  0  0  0  0
  2  2  0
   1   8
49  
  0  1  0  1  0  1  0  1  0  1  0  1  0  1  0  0  0  0  0  0  0  0  0  0  0  0  0  0
  2  2  0
   1   9
44  
  0  1  0  1  0  1  0  1  0  1  0  1  0  1  0  0  0  0  0  0  0  0  0  0  0  0  0  0
  2  2  0
   1  10
49  
  0  1  0  1  0  1  0  1  0  1  0  1  0  1  0  0  0  0  0  0  0  0  0  0  0  0  0  0
  2  2  0
   1  11
54  
  0  1  0  1  0  1  0  1  0  1  0  1  0  1  0  0  0  0  0  0  0  0  0  0  0  0  0  0
  2  2  0
   1  12
46  
  1  0  1  0  1  0  1  0  1  0  1  0  1  0  1  0  0  0  0  0  0  0  0  0  0  0  0  0
  2  2  0
   1  13
25  
  1  0  1  0  1  0  1  0  1  0  1  0  1  0  1  0  0  0  0  0  0  0  0  0  0  0  0  0
  2  2  0
   1  14
55  
  1  0  1  0  1  0  1  0  1  0  1  0  1  0  1  0  0  0  0  0  0  0  0  0  0  0  0  0
  2  2  0
   1  15
52  
  1  0  1  0  1  0  1  0  1  0  1  0  1  0  1  0  0  0  0  0  0  0  0  0  0  0  0  0
  2  2  0
   1  16
51  
  1  0  1  0  1  0  1  0  1  0  1  0  1  0  1  0  0  0  0  0  0  0  0  0  0  0  0  0
  2  2  0
   1  17
50  
  1  0  1  0  1  0  1  0  1  0  1  0  1  0  1  0  0  0  0  0  0  0  0  0  0  0  0  0
  2  2  0
   1  64
25  
  0  1  0  1  0  1  0  0  0  0  0  0
  2  2  0
   1  65
47  
  0  1  0  1  0  1  0  0  0  0  0  0
  2  2  0
   1  66
1   
  0  1  0  1  0  1  0  0  0  0  0  0
  2  2  0
   1  67
22  
  0  1  0  1  0  1  0  0  0  0  0  0
  2  2  0
   1  68
4   
  0  1  0  1  0  1  0  0  0  0  0  0
  2  2  0
   1  69
55  
  0  1  0  1  0  1  0  0  0  0  0  0
  2  2  0
   1  70
44  
  0  1  0  1  0  1  0  0  0  0  0  0
  2  2  0
   1  71
4   
  0  1  0  1  0  1  0  0  0  0  0  0
  2  2  0
   1  72
55  
  1  0  1  0  1  0  1  0  0  0  0  0
  2  2  0
   1  73
47  
  1  0  1  0  1  0  1  0  0  0  0  0
  2  2  0
   1  74
7   
  1  0  1  0  1  0  1  0  1  0  0  0
  2  2  0
   1  75
43  
  1  0  1  0  1  0  1  0  1  0  0  0
  2  2  0
   1  76
52  
  1  0  1  0  1  0  1  0  1  0  0  0
  2  2  0
   1  77
25  
  1  0  1  0  1  0  1  0  1  0  0  0
  2  2  0
   1  78
55  
  1  0  1  0  1  0  1  0  1  0  0  0
  2  2  0
   1  79
7   
  1  0  1  0  1  0  1  0  1  0  0  0
  2  2  0
   1  80
43  
  0  1  0  1  0  1  0  1  0  0  0  0
  2  2  0
   1  81
4   
  0  1  0  1  0  1  0  1  0  0  0  0
  2  2  0
   1  82
47  
  0  1  0  1  0  1  0  1  0  0  0  0
  2  2  0
   1  83
46  
  0  1  0  1  0  1  0  1  0  0  0  0
  2  2  0
   1  84
43  
  0  1  0  1  0  1  0  1  0  0  0  0
  2  2  0
   1  85
50  
  0  1  0  1  0  1  0  1  0  0  0  0
  2  2  0
   1  86
1   
  0  1  0  1  0  1  0  1  0  0  0  0
  2  2  0
   1  87
28  
  0  1  0  1  0  1  0  1  0  0  0  0
  2  2  0
   1  88
28  
  1  0  1  0  1  0  1  0  0  0  0  0
  2  2  0
   1  89
44  
  1  0  1  0  1  0  1  0  0  0  0  0
  1  1  0
   1  90
25  
  0  1  0  1  0  1  0  0  0  0  0  0
  1  1  0
   1  91
51  
  0  1  0  1  0  1  0  0  0  0  0  0
  1  1  0
   1  92
44  
  0  1  0  1  0  1  0  1  0  0  0  0
  1  1  0
   1  93
1   
  0  1  0  1  0  1  0  1  0  0  0  0
  1  1  0
   1  94
28  
  0  1  0  1  0  1  0  1  0  0  0  0
  1  1  0
   1  95
46  
  0  1  0  1  0  1  0  1  0  0  0  0
  1  1  0
   1  96
44  
  0  1  0  1  0  1  0  1  0  0  0  0
  1  1  0
   1  97
46  
  0  1  0  1  0  1  0  1  0  0  0  0
  1  1  0
   1  98
47  
  1  0  1  0  1  0  1  0  1  0  0  0
  1  1  0
   1  99
1   
  1  0  1  0  1  0  1  0  1  0  0  0
  1  1  0
   1 100
54  
  1  0  1  0  1  0  1  0  1  0  0  0
  1  1  0
   1 101
47  
  1  0  1  0  1  0  1  0  1  0  0  0
  1  1  0
   1 102
49  
  1  0  1  0  1  0  1  0  1  0  0  0
  1  1  0
   1 103
28  
  1  0  1  0  1  0  1  0  1  0  0  0
  1  1  0
   1 104
46  
  1  0  1  0  1  0  1  0  1  0  0  0
  1  1  0
   1 105
55  
  1  0  1  0  1  0  1  0  1  0  0  0
  1  1  0
   1 106
7   
  0  1  0  1  0  1  0  1  0  0  0  0
  1  1  0
   1 107
22  
  0  1  0  1  0  1  0  1  0  0  0  0
  1  1  0
   1 108
54  
  0  1  0  1  0  1  0  1  0  1  0  0
  1  1  0
   1 109
43  
  0  1  0  1  0  1  0  1  0  1  0  0
  1  1  0
   1 110
46  
  0  1  0  1  0  1  0  1  0  1  0  0
  1  1  0
   1 111
28  
  0  1  0  1  0  1  0  1  0  1  0  0
  1  1  0
   1 112
25  
  0  1  0  1  0  1  0  1  0  1  0  0
  1  1  0
   1 113
46  
  0  1  0  1  0  1  0  1  0  1  0  0
  1  1  0
   1 114
1   
  1  0  1  0  1  0  1  0  1  0  0  0
  1  1  0
   1 115
55  
  1  0  1  0  1  0  1  0  1  0  0  0
