1.000000000000000021e-02 1.055862999999999996e+00
1.700000000000000122e-02 1.014000999999999930e+00
2.400000000000000050e-02 1.002110000000000056e+00
3.099999999999999978e-02 1.032812000000000063e+00
3.799999999999999906e-02 1.030491999999999964e+00
4.499999999999999833e-02 1.015198999999999963e+00
5.199999999999999761e-02 1.003546000000000049e+00
5.899999999999999689e-02 1.000164000000000053e+00
6.600000000000000311e-02 1.006774999999999975e+00
7.299999999999999545e-02 1.016135000000000010e+00
8.000000000000000167e-02 1.019311999999999996e+00
8.699999999999999400e-02 1.016612999999999989e+00
9.400000000000000022e-02 1.011627999999999972e+00
1.010000000000000064e-01 1.006613999999999898e+00
1.079999999999999988e-01 1.002664999999999917e+00
1.150000000000000050e-01 1.000399000000000038e+00
1.219999999999999973e-01 1.000151000000000012e+00
1.290000000000000036e-01 1.001802999999999999e+00
1.360000000000000098e-01 1.004593000000000069e+00
1.429999999999999882e-01 1.007354000000000083e+00
1.499999999999999944e-01 1.009147999999999934e+00
1.570000000000000007e-01 1.009668999999999928e+00
1.640000000000000069e-01 1.009117999999999959e+00
1.710000000000000131e-01 1.007875000000000076e+00
1.779999999999999916e-01 1.006299000000000055e+00
1.849999999999999978e-01 1.004655000000000076e+00
1.920000000000000040e-01 1.003123999999999905e+00
1.990000000000000102e-01 1.001827000000000023e+00
2.059999999999999887e-01 1.000845999999999902e+00
2.129999999999999949e-01 1.000231000000000092e+00
2.200000000000000011e-01 1.000000999999999918e+00
2.270000000000000073e-01 1.000140000000000029e+00
2.340000000000000135e-01 1.000593999999999983e+00
2.409999999999999920e-01 1.001268999999999965e+00
2.479999999999999982e-01 1.002051000000000025e+00
2.550000000000000044e-01 1.002817999999999987e+00
2.620000000000000107e-01 1.003470000000000084e+00
2.690000000000000169e-01 1.003940999999999972e+00
2.760000000000000231e-01 1.004202000000000039e+00
2.829999999999999738e-01 1.004258000000000095e+00
2.899999999999999800e-01 1.004135999999999918e+00
2.969999999999999862e-01 1.003873000000000015e+00
3.039999999999999925e-01 1.003508999999999984e+00
3.109999999999999987e-01 1.003080999999999889e+00
3.180000000000000049e-01 1.002621999999999902e+00
3.250000000000000111e-01 1.002158000000000104e+00
3.320000000000000173e-01 1.001710000000000100e+00
3.390000000000000235e-01 1.001295999999999964e+00
3.459999999999999742e-01 1.000928000000000040e+00
3.529999999999999805e-01 1.000615000000000032e+00
3.599999999999999867e-01 1.000362999999999891e+00
3.669999999999999929e-01 1.000177000000000094e+00
3.739999999999999991e-01 1.000056999999999974e+00
3.810000000000000053e-01 1.000002999999999975e+00
3.880000000000000115e-01 1.000010999999999983e+00
3.950000000000000178e-01 1.000073999999999907e+00
4.020000000000000240e-01 1.000183999999999962e+00
4.089999999999999747e-01 1.000331999999999999e+00
4.159999999999999809e-01 1.000505999999999895e+00
4.229999999999999871e-01 1.000693999999999972e+00
4.299999999999999933e-01 1.000885000000000025e+00
4.369999999999999996e-01 1.001066999999999929e+00
4.440000000000000058e-01 1.001233000000000040e+00
4.510000000000000120e-01 1.001373999999999986e+00
4.580000000000000182e-01 1.001486000000000098e+00
4.650000000000000244e-01 1.001567000000000096e+00
4.719999999999999751e-01 1.001616999999999980e+00
4.789999999999999813e-01 1.001635000000000053e+00
4.859999999999999876e-01 1.001624999999999988e+00
4.929999999999999938e-01 1.001589000000000063e+00
5.000000000000000000e-01 1.001532000000000089e+00
5.070000000000000062e-01 1.001457000000000042e+00
5.140000000000000124e-01 1.001366999999999896e+00
5.210000000000000187e-01 1.001268000000000047e+00
5.280000000000000249e-01 1.001162000000000107e+00
5.350000000000000311e-01 1.001052000000000053e+00
5.420000000000000373e-01 1.000941000000000081e+00
5.490000000000000435e-01 1.000831000000000026e+00
5.560000000000000497e-01 1.000723999999999947e+00
5.629999999999999449e-01 1.000621999999999900e+00
5.699999999999999512e-01 1.000525000000000109e+00
5.769999999999999574e-01 1.000436000000000103e+00
5.839999999999999636e-01 1.000355000000000105e+00
5.909999999999999698e-01 1.000280999999999976e+00
5.979999999999999760e-01 1.000216999999999912e+00
6.049999999999999822e-01 1.000161000000000078e+00
6.119999999999999885e-01 1.000115000000000087e+00
6.189999999999999947e-01 1.000077000000000105e+00
6.260000000000000009e-01 1.000048000000000048e+00
6.330000000000000071e-01 1.000026999999999999e+00
6.400000000000000133e-01 1.000013000000000041e+00
6.470000000000000195e-01 1.000007000000000090e+00
6.540000000000000258e-01 1.000007000000000090e+00
6.610000000000000320e-01 1.000013000000000041e+00
6.680000000000000382e-01 1.000023000000000106e+00
6.750000000000000444e-01 1.000037999999999982e+00
6.820000000000000506e-01 1.000054999999999916e+00
6.889999999999999458e-01 1.000075999999999965e+00
6.959999999999999520e-01 1.000097000000000014e+00
7.029999999999999583e-01 1.000119999999999898e+00
7.099999999999999645e-01 1.000142000000000087e+00
7.169999999999999707e-01 1.000164000000000053e+00
7.239999999999999769e-01 1.000185000000000102e+00
7.309999999999999831e-01 1.000205000000000011e+00
7.379999999999999893e-01 1.000221999999999944e+00
7.449999999999999956e-01 1.000237000000000043e+00
7.520000000000000018e-01 1.000250000000000083e+00
7.590000000000000080e-01 1.000259999999999927e+00
7.660000000000000142e-01 1.000267000000000017e+00
7.730000000000000204e-01 1.000272000000000050e+00
7.800000000000000266e-01 1.000274000000000107e+00
7.870000000000000329e-01 1.000275000000000025e+00
7.940000000000000391e-01 1.000272000000000050e+00
8.010000000000000453e-01 1.000267999999999935e+00
8.080000000000000515e-01 1.000262999999999902e+00
8.149999999999999467e-01 1.000254999999999894e+00
8.219999999999999529e-01 1.000245999999999968e+00
8.289999999999999591e-01 1.000237000000000043e+00
8.359999999999999654e-01 1.000226000000000059e+00
8.429999999999999716e-01 1.000213999999999936e+00
8.499999999999999778e-01 1.000202000000000035e+00
8.569999999999999840e-01 1.000189999999999912e+00
8.639999999999999902e-01 1.000178000000000011e+00
8.709999999999999964e-01 1.000164999999999971e+00
8.780000000000000027e-01 1.000153000000000070e+00
8.850000000000000089e-01 1.000140999999999947e+00
8.920000000000000151e-01 1.000129000000000046e+00
8.990000000000000213e-01 1.000116999999999923e+00
9.060000000000000275e-01 1.000105999999999939e+00
9.130000000000000338e-01 1.000094999999999956e+00
9.200000000000000400e-01 1.000084999999999891e+00
9.270000000000000462e-01 1.000075000000000047e+00
9.340000000000000524e-01 1.000065999999999899e+00
9.409999999999999476e-01 1.000056999999999974e+00
9.479999999999999538e-01 1.000048999999999966e+00
9.549999999999999600e-01 1.000042000000000098e+00
9.619999999999999662e-01 1.000035000000000007e+00
9.689999999999999725e-01 1.000027999999999917e+00
9.759999999999999787e-01 1.000023000000000106e+00
9.829999999999999849e-01 1.000016999999999934e+00
9.899999999999999911e-01 1.000011999999999901e+00
9.969999999999999973e-01 1.000007000000000090e+00
1.004000000000000004e+00 1.000002999999999975e+00
1.010999999999999899e+00 9.999989999999999712e-01
1.018000000000000016e+00 9.999959999999999960e-01
1.024999999999999911e+00 9.999919999999999920e-01
1.032000000000000028e+00 9.999890000000000168e-01
1.038999999999999924e+00 9.999869999999999592e-01
1.046000000000000041e+00 9.999839999999999840e-01
1.052999999999999936e+00 9.999820000000000375e-01
1.060000000000000053e+00 9.999799999999999800e-01
1.066999999999999948e+00 9.999780000000000335e-01
1.074000000000000066e+00 9.999759999999999760e-01
1.080999999999999961e+00 9.999740000000000295e-01
1.088000000000000078e+00 9.999719999999999720e-01
1.094999999999999973e+00 9.999700000000000255e-01
1.102000000000000091e+00 9.999689999999999968e-01
1.108999999999999986e+00 9.999670000000000503e-01
1.116000000000000103e+00 9.999660000000000215e-01
1.122999999999999998e+00 9.999639999999999640e-01
1.129999999999999893e+00 9.999630000000000463e-01
1.137000000000000011e+00 9.999620000000000175e-01
1.143999999999999906e+00 9.999609999999999888e-01
1.151000000000000023e+00 9.999590000000000423e-01
1.157999999999999918e+00 9.999580000000000135e-01
1.165000000000000036e+00 9.999569999999999848e-01
1.171999999999999931e+00 9.999559999999999560e-01
1.179000000000000048e+00 9.999550000000000383e-01
1.185999999999999943e+00 9.999540000000000095e-01
1.193000000000000060e+00 9.999529999999999808e-01
1.199999999999999956e+00 9.999529999999999808e-01
1.207000000000000073e+00 9.999519999999999520e-01
1.213999999999999968e+00 9.999510000000000343e-01
1.221000000000000085e+00 9.999510000000000343e-01
1.227999999999999980e+00 9.999510000000000343e-01
1.235000000000000098e+00 9.999500000000000055e-01
1.241999999999999993e+00 9.999500000000000055e-01
1.249000000000000110e+00 9.999500000000000055e-01
1.256000000000000005e+00 9.999500000000000055e-01
1.262999999999999901e+00 9.999500000000000055e-01
1.270000000000000018e+00 9.999500000000000055e-01
1.276999999999999913e+00 9.999500000000000055e-01
1.284000000000000030e+00 9.999500000000000055e-01
1.290999999999999925e+00 9.999500000000000055e-01
1.298000000000000043e+00 9.999500000000000055e-01
1.304999999999999938e+00 9.999510000000000343e-01
1.312000000000000055e+00 9.999510000000000343e-01
1.318999999999999950e+00 9.999510000000000343e-01
1.326000000000000068e+00 9.999510000000000343e-01
1.332999999999999963e+00 9.999519999999999520e-01
1.340000000000000080e+00 9.999519999999999520e-01
1.346999999999999975e+00 9.999519999999999520e-01
1.354000000000000092e+00 9.999519999999999520e-01
1.360999999999999988e+00 9.999519999999999520e-01
1.368000000000000105e+00 9.999519999999999520e-01
1.375000000000000000e+00 9.999510000000000343e-01
1.381999999999999895e+00 9.999510000000000343e-01
1.389000000000000012e+00 9.999510000000000343e-01
1.395999999999999908e+00 9.999500000000000055e-01
1.403000000000000025e+00 9.999489999999999768e-01
1.409999999999999920e+00 9.999479999999999480e-01
1.417000000000000037e+00 9.999470000000000303e-01
1.423999999999999932e+00 9.999460000000000015e-01
1.431000000000000050e+00 9.999440000000000550e-01
1.437999999999999945e+00 9.999430000000000263e-01
1.445000000000000062e+00 9.999409999999999688e-01
1.451999999999999957e+00 9.999390000000000223e-01
1.459000000000000075e+00 9.999369999999999647e-01
1.465999999999999970e+00 9.999339999999999895e-01
1.473000000000000087e+00 9.999320000000000430e-01
1.479999999999999982e+00 9.999289999999999567e-01
1.487000000000000099e+00 9.999259999999999815e-01
1.493999999999999995e+00 9.999230000000000063e-01
1.500999999999999890e+00 9.999190000000000023e-01
1.508000000000000007e+00 9.999160000000000270e-01
1.514999999999999902e+00 9.999120000000000230e-01
1.522000000000000020e+00 9.999080000000000190e-01
1.528999999999999915e+00 9.999040000000000150e-01
1.536000000000000032e+00 9.998989999999999823e-01
1.542999999999999927e+00 9.998949999999999783e-01
1.550000000000000044e+00 9.998899999999999455e-01
1.556999999999999940e+00 9.998860000000000525e-01
1.564000000000000057e+00 9.998810000000000198e-01
1.570999999999999952e+00 9.998759999999999870e-01
1.578000000000000069e+00 9.998709999999999543e-01
1.584999999999999964e+00 9.998660000000000325e-01
1.592000000000000082e+00 9.998609999999999998e-01
1.598999999999999977e+00 9.998559999999999670e-01
1.606000000000000094e+00 9.998510000000000453e-01
1.612999999999999989e+00 9.998449999999999838e-01
1.620000000000000107e+00 9.998399999999999510e-01
1.627000000000000002e+00 9.998350000000000293e-01
1.633999999999999897e+00 9.998299999999999965e-01
1.641000000000000014e+00 9.998259999999999925e-01
1.647999999999999909e+00 9.998209999999999598e-01
1.655000000000000027e+00 9.998169999999999558e-01
1.661999999999999922e+00 9.998120000000000340e-01
1.669000000000000039e+00 9.998089999999999478e-01
1.675999999999999934e+00 9.998050000000000548e-01
1.683000000000000052e+00 9.998010000000000508e-01
1.689999999999999947e+00 9.997979999999999645e-01
1.697000000000000064e+00 9.997960000000000180e-01
1.703999999999999959e+00 9.997930000000000428e-01
1.711000000000000076e+00 9.997909999999999853e-01
1.717999999999999972e+00 9.997899999999999565e-01
1.725000000000000089e+00 9.997890000000000388e-01
1.731999999999999984e+00 9.997880000000000100e-01
1.739000000000000101e+00 9.997890000000000388e-01
1.745999999999999996e+00 9.997890000000000388e-01
1.752999999999999892e+00 9.997899999999999565e-01
1.760000000000000009e+00 9.997920000000000140e-01
1.766999999999999904e+00 9.997949999999999893e-01
1.774000000000000021e+00 9.997979999999999645e-01
1.780999999999999917e+00 9.998019999999999685e-01
1.788000000000000034e+00 9.998070000000000013e-01
1.794999999999999929e+00 9.998120000000000340e-01
1.802000000000000046e+00 9.998179999999999845e-01
1.808999999999999941e+00 9.998249999999999638e-01
1.816000000000000059e+00 9.998329999999999718e-01
1.822999999999999954e+00 9.998420000000000085e-01
1.830000000000000071e+00 9.998510000000000453e-01
1.836999999999999966e+00 9.998620000000000285e-01
1.844000000000000083e+00 9.998730000000000118e-01
1.850999999999999979e+00 9.998850000000000238e-01
1.858000000000000096e+00 9.998979999999999535e-01
1.864999999999999991e+00 9.999120000000000230e-01
1.872000000000000108e+00 9.999270000000000103e-01
1.879000000000000004e+00 9.999419999999999975e-01
1.885999999999999899e+00 9.999590000000000423e-01
1.893000000000000016e+00 9.999770000000000048e-01
1.899999999999999911e+00 9.999949999999999672e-01
1.907000000000000028e+00 1.000013999999999958e+00
1.913999999999999924e+00 1.000034000000000090e+00
1.921000000000000041e+00 1.000054999999999916e+00
1.927999999999999936e+00 1.000077000000000105e+00
1.935000000000000053e+00 1.000099999999999989e+00
1.941999999999999948e+00 1.000123000000000095e+00
1.949000000000000066e+00 1.000148000000000037e+00
1.955999999999999961e+00 1.000172999999999979e+00
1.963000000000000078e+00 1.000199000000000060e+00
1.969999999999999973e+00 1.000224999999999920e+00
1.977000000000000091e+00 1.000251999999999919e+00
1.983999999999999986e+00 1.000280000000000058e+00
1.991000000000000103e+00 1.000308999999999893e+00
1.997999999999999998e+00 1.000337999999999949e+00
2.004999999999999893e+00 1.000367999999999924e+00
2.012000000000000011e+00 1.000397999999999898e+00
2.019000000000000128e+00 1.000429000000000013e+00
2.025999999999999801e+00 1.000459999999999905e+00
2.032999999999999918e+00 1.000491999999999937e+00
2.040000000000000036e+00 1.000523999999999969e+00
2.047000000000000153e+00 1.000556999999999919e+00
2.053999999999999826e+00 1.000590000000000090e+00
2.060999999999999943e+00 1.000623000000000040e+00
2.068000000000000060e+00 1.000656999999999908e+00
2.075000000000000178e+00 1.000690000000000079e+00
2.081999999999999851e+00 1.000723999999999947e+00
2.088999999999999968e+00 1.000758000000000036e+00
2.096000000000000085e+00 1.000791999999999904e+00
2.103000000000000203e+00 1.000825999999999993e+00
2.109999999999999876e+00 1.000861000000000001e+00
2.116999999999999993e+00 1.000895000000000090e+00
2.124000000000000110e+00 1.000928999999999958e+00
2.130999999999999783e+00 1.000963000000000047e+00
2.137999999999999901e+00 1.000996999999999915e+00
2.145000000000000018e+00 1.001030000000000086e+00
2.152000000000000135e+00 1.001063999999999954e+00
2.158999999999999808e+00 1.001096999999999904e+00
2.165999999999999925e+00 1.001130000000000075e+00
2.173000000000000043e+00 1.001162000000000107e+00
2.180000000000000160e+00 1.001193999999999917e+00
2.186999999999999833e+00 1.001225999999999949e+00
2.193999999999999950e+00 1.001257000000000064e+00
2.201000000000000068e+00 1.001287999999999956e+00
2.208000000000000185e+00 1.001317999999999930e+00
2.214999999999999858e+00 1.001346999999999987e+00
2.221999999999999975e+00 1.001376000000000044e+00
2.229000000000000092e+00 1.001405000000000101e+00
2.236000000000000210e+00 1.001432000000000100e+00
2.242999999999999883e+00 1.001459000000000099e+00
2.250000000000000000e+00 1.001484999999999959e+00
2.257000000000000117e+00 1.001511000000000040e+00
2.263999999999999790e+00 1.001535000000000064e+00
2.270999999999999908e+00 1.001559000000000088e+00
2.278000000000000025e+00 1.001581999999999972e+00
2.285000000000000142e+00 1.001603999999999939e+00
2.291999999999999815e+00 1.001624999999999988e+00
2.298999999999999932e+00 1.001644999999999897e+00
2.306000000000000050e+00 1.001665000000000028e+00
2.313000000000000167e+00 1.001683000000000101e+00
2.319999999999999840e+00 1.001700000000000035e+00
2.326999999999999957e+00 1.001716000000000051e+00
2.334000000000000075e+00 1.001730999999999927e+00
2.341000000000000192e+00 1.001745000000000108e+00
2.347999999999999865e+00 1.001757999999999926e+00
2.354999999999999982e+00 1.001770000000000049e+00
2.362000000000000099e+00 1.001781000000000033e+00
2.369000000000000217e+00 1.001789999999999958e+00
2.375999999999999890e+00 1.001799000000000106e+00
2.383000000000000007e+00 1.001805999999999974e+00
2.390000000000000124e+00 1.001811999999999925e+00
2.396999999999999797e+00 1.001816999999999958e+00
2.403999999999999915e+00 1.001821000000000073e+00
2.411000000000000032e+00 1.001822999999999908e+00
2.418000000000000149e+00 1.001824000000000048e+00
2.424999999999999822e+00 1.001824000000000048e+00
2.431999999999999940e+00 1.001822999999999908e+00
2.439000000000000057e+00 1.001819999999999933e+00
2.446000000000000174e+00 1.001816000000000040e+00
2.452999999999999847e+00 1.001811000000000007e+00
2.459999999999999964e+00 1.001805000000000057e+00
2.467000000000000082e+00 1.001797000000000049e+00
2.474000000000000199e+00 1.001789000000000041e+00
2.480999999999999872e+00 1.001778000000000057e+00
2.487999999999999989e+00 1.001767000000000074e+00
2.495000000000000107e+00 1.001754999999999951e+00
2.501999999999999780e+00 1.001740999999999993e+00
2.508999999999999897e+00 1.001725999999999894e+00
2.516000000000000014e+00 1.001708999999999961e+00
2.523000000000000131e+00 1.001692000000000027e+00
2.529999999999999805e+00 1.001673000000000036e+00
2.536999999999999922e+00 1.001652999999999905e+00
2.544000000000000039e+00 1.001632000000000078e+00
2.551000000000000156e+00 1.001608999999999972e+00
2.557999999999999829e+00 1.001586000000000087e+00
2.564999999999999947e+00 1.001560999999999924e+00
2.572000000000000064e+00 1.001535000000000064e+00
2.579000000000000181e+00 1.001508999999999983e+00
2.585999999999999854e+00 1.001481000000000066e+00
2.592999999999999972e+00 1.001452000000000009e+00
2.600000000000000089e+00 1.001420999999999895e+00
2.607000000000000206e+00 1.001390000000000002e+00
2.613999999999999879e+00 1.001357999999999970e+00
2.620999999999999996e+00 1.001325000000000021e+00
2.628000000000000114e+00 1.001290999999999931e+00
2.634999999999999787e+00 1.001255999999999924e+00
2.641999999999999904e+00 1.001219999999999999e+00
2.649000000000000021e+00 1.001182999999999934e+00
2.656000000000000139e+00 1.001146000000000091e+00
2.662999999999999812e+00 1.001106999999999969e+00
2.669999999999999929e+00 1.001068000000000069e+00
2.677000000000000046e+00 1.001028000000000029e+00
2.684000000000000163e+00 1.000987999999999989e+00
2.690999999999999837e+00 1.000945999999999891e+00
2.697999999999999954e+00 1.000904000000000016e+00
2.705000000000000071e+00 1.000861999999999918e+00
2.712000000000000188e+00 1.000818999999999903e+00
2.718999999999999861e+00 1.000774999999999970e+00
2.725999999999999979e+00 1.000731000000000037e+00
2.733000000000000096e+00 1.000687000000000104e+00
2.740000000000000213e+00 1.000642000000000031e+00
2.746999999999999886e+00 1.000596999999999959e+00
2.754000000000000004e+00 1.000552000000000108e+00
2.761000000000000121e+00 1.000505999999999895e+00
2.767999999999999794e+00 1.000461000000000045e+00
2.774999999999999911e+00 1.000415000000000054e+00
2.782000000000000028e+00 1.000369000000000064e+00
2.789000000000000146e+00 1.000323000000000073e+00
2.795999999999999819e+00 1.000277000000000083e+00
2.802999999999999936e+00 1.000231000000000092e+00
2.810000000000000053e+00 1.000185000000000102e+00
2.817000000000000171e+00 1.000140000000000029e+00
2.823999999999999844e+00 1.000094000000000038e+00
2.830999999999999961e+00 1.000048999999999966e+00
2.838000000000000078e+00 1.000003999999999893e+00
2.845000000000000195e+00 9.999599999999999600e-01
2.851999999999999869e+00 9.999160000000000270e-01
2.858999999999999986e+00 9.998730000000000118e-01
2.866000000000000103e+00 9.998299999999999965e-01
2.873000000000000220e+00 9.997869999999999813e-01
2.879999999999999893e+00 9.997460000000000235e-01
2.887000000000000011e+00 9.997049999999999548e-01
2.894000000000000128e+00 9.996650000000000258e-01
2.900999999999999801e+00 9.996249999999999858e-01
2.907999999999999918e+00 9.995870000000000033e-01
2.915000000000000036e+00 9.995500000000000496e-01
2.922000000000000153e+00 9.995129999999999848e-01
2.928999999999999826e+00 9.994779999999999776e-01
2.935999999999999943e+00 9.994429999999999703e-01
2.943000000000000060e+00 9.994100000000000206e-01
2.950000000000000178e+00 9.993779999999999886e-01
2.956999999999999851e+00 9.993480000000000141e-01
2.963999999999999968e+00 9.993180000000000396e-01
2.971000000000000085e+00 9.992900000000000116e-01
2.978000000000000203e+00 9.992640000000000411e-01
2.984999999999999876e+00 9.992389999999999883e-01
2.991999999999999993e+00 9.992149999999999643e-01
2.999000000000000110e+00 9.991929999999999978e-01
3.005999999999999783e+00 9.991719999999999491e-01
3.012999999999999901e+00 9.991529999999999578e-01
3.020000000000000018e+00 9.964180000000000259e-01
3.027000000000000135e+00 9.951189999999999758e-01
3.033999999999999808e+00 9.941680000000000517e-01
3.040999999999999925e+00 9.933910000000000240e-01
3.048000000000000043e+00 9.927249999999999686e-01
3.055000000000000160e+00 9.921389999999999931e-01
3.061999999999999833e+00 9.916129999999999667e-01
3.068999999999999950e+00 9.911370000000000458e-01
3.076000000000000068e+00 9.907019999999999715e-01
3.083000000000000185e+00 9.903020000000000156e-01
3.089999999999999858e+00 9.899320000000000341e-01
3.096999999999999975e+00 9.895890000000000519e-01
3.104000000000000092e+00 9.892699999999999827e-01
3.111000000000000210e+00 9.889719999999999622e-01
3.117999999999999883e+00 9.886939999999999618e-01
3.125000000000000000e+00 9.884349999999999525e-01
3.132000000000000117e+00 9.881919999999999593e-01
3.138999999999999790e+00 9.879649999999999821e-01
3.145999999999999908e+00 9.877529999999999921e-01
3.153000000000000025e+00 9.875540000000000429e-01
3.160000000000000142e+00 9.873680000000000234e-01
3.166999999999999815e+00 9.871950000000000447e-01
3.173999999999999932e+00 9.870330000000000492e-01
3.181000000000000050e+00 9.868829999999999547e-01
3.188000000000000167e+00 9.867430000000000367e-01
3.194999999999999840e+00 9.866129999999999622e-01
3.201999999999999957e+00 9.864929999999999533e-01
3.209000000000000075e+00 9.863819999999999810e-01
3.216000000000000192e+00 9.862800000000000455e-01
3.222999999999999865e+00 9.861860000000000070e-01
3.229999999999999982e+00 9.861010000000000053e-01
3.237000000000000099e+00 9.860240000000000116e-01
3.244000000000000217e+00 9.859550000000000258e-01
3.250999999999999890e+00 9.858930000000000193e-01
3.258000000000000007e+00 9.858379999999999921e-01
3.265000000000000124e+00 9.857900000000000551e-01
3.271999999999999797e+00 9.857489999999999863e-01
3.278999999999999915e+00 9.857150000000000079e-01
3.286000000000000032e+00 9.856869999999999798e-01
3.293000000000000149e+00 9.856650000000000134e-01
3.299999999999999822e+00 9.856489999999999974e-01
3.306999999999999940e+00 9.856390000000000429e-01
3.314000000000000057e+00 9.856350000000000389e-01
3.321000000000000174e+00 9.856359999999999566e-01
3.327999999999999847e+00 9.856420000000000181e-01
3.334999999999999964e+00 9.856540000000000301e-01
3.342000000000000082e+00 9.856700000000000461e-01
3.349000000000000199e+00 9.856920000000000126e-01
3.355999999999999872e+00 9.857179999999999831e-01
3.362999999999999989e+00 9.857489999999999863e-01
3.370000000000000107e+00 9.857839999999999936e-01
3.376999999999999780e+00 9.858240000000000336e-01
3.383999999999999897e+00 9.858679999999999666e-01
3.391000000000000014e+00 9.859160000000000146e-01
3.398000000000000131e+00 9.859679999999999556e-01
3.404999999999999805e+00 9.860240000000000116e-01
3.411999999999999922e+00 9.860839999999999606e-01
3.419000000000000039e+00 9.861480000000000246e-01
3.426000000000000156e+00 9.862149999999999528e-01
3.432999999999999829e+00 9.862849999999999673e-01
3.439999999999999947e+00 9.863589999999999858e-01
3.447000000000000064e+00 9.864359999999999795e-01
3.454000000000000181e+00 9.865159999999999485e-01
3.460999999999999854e+00 9.865990000000000038e-01
3.467999999999999972e+00 9.866859999999999520e-01
3.475000000000000089e+00 9.867749999999999577e-01
3.482000000000000206e+00 9.868670000000000497e-01
3.488999999999999879e+00 9.869609999999999772e-01
3.495999999999999996e+00 9.870590000000000197e-01
3.503000000000000114e+00 9.871579999999999799e-01
3.509999999999999787e+00 9.872600000000000264e-01
3.516999999999999904e+00 9.873650000000000482e-01
3.524000000000000021e+00 9.874720000000000164e-01
3.531000000000000139e+00 9.875800000000000134e-01
3.537999999999999812e+00 9.876909999999999856e-01
3.544999999999999929e+00 9.878040000000000154e-01
3.552000000000000046e+00 9.879189999999999916e-01
3.559000000000000163e+00 9.880360000000000253e-01
3.565999999999999837e+00 9.881550000000000056e-01
3.572999999999999954e+00 9.882750000000000146e-01
3.580000000000000071e+00 9.883969999999999700e-01
3.587000000000000188e+00 9.885209999999999830e-01
3.593999999999999861e+00 9.886460000000000248e-01
3.600999999999999979e+00 9.887719999999999843e-01
3.608000000000000096e+00 9.889000000000000012e-01
3.615000000000000213e+00 9.890299999999999647e-01
3.621999999999999886e+00 9.891600000000000392e-01
3.629000000000000004e+00 9.892919999999999492e-01
3.636000000000000121e+00 9.894239999999999702e-01
3.642999999999999794e+00 9.895580000000000487e-01
3.649999999999999911e+00 9.896930000000000449e-01
3.657000000000000028e+00 9.898289999999999589e-01
3.664000000000000146e+00 9.899649999999999839e-01
3.670999999999999819e+00 9.901029999999999553e-01
3.677999999999999936e+00 9.902410000000000379e-01
3.685000000000000053e+00 9.903800000000000381e-01
3.692000000000000171e+00 9.905190000000000383e-01
3.698999999999999844e+00 9.906589999999999563e-01
3.705999999999999961e+00 9.908000000000000140e-01
3.713000000000000078e+00 9.909409999999999608e-01
3.720000000000000195e+00 9.910820000000000185e-01
3.726999999999999869e+00 9.912239999999999940e-01
3.733999999999999986e+00 9.913659999999999695e-01
3.741000000000000103e+00 9.915089999999999737e-01
3.748000000000000220e+00 9.916519999999999779e-01
3.754999999999999893e+00 9.917939999999999534e-01
3.762000000000000011e+00 9.919369999999999576e-01
3.769000000000000128e+00 9.920809999999999906e-01
3.775999999999999801e+00 9.922239999999999949e-01
3.782999999999999918e+00 9.923669999999999991e-01
3.790000000000000036e+00 9.925100000000000033e-01
3.797000000000000153e+00 9.926530000000000076e-01
3.803999999999999826e+00 9.927949999999999831e-01
3.810999999999999943e+00 9.929379999999999873e-01
3.818000000000000060e+00 9.930799999999999628e-01
3.825000000000000178e+00 9.932220000000000493e-01
3.831999999999999851e+00 9.933640000000000247e-01
3.838999999999999968e+00 9.935049999999999715e-01
3.846000000000000085e+00 9.936460000000000292e-01
3.853000000000000203e+00 9.937869999999999759e-01
3.859999999999999876e+00 9.939270000000000049e-01
3.866999999999999993e+00 9.940660000000000052e-01
3.874000000000000110e+00 9.942050000000000054e-01
3.880999999999999783e+00 9.943440000000000056e-01
3.887999999999999901e+00 9.944809999999999484e-01
3.895000000000000018e+00 9.946180000000000021e-01
3.902000000000000135e+00 9.947549999999999448e-01
3.908999999999999808e+00 9.948900000000000521e-01
3.915999999999999925e+00 9.950250000000000483e-01
3.923000000000000043e+00 9.951590000000000158e-01
3.930000000000000160e+00 9.952919999999999545e-01
3.936999999999999833e+00 9.954239999999999755e-01
3.943999999999999950e+00 9.955549999999999677e-01
3.951000000000000068e+00 9.956859999999999600e-01
3.958000000000000185e+00 9.958150000000000057e-01
3.964999999999999858e+00 9.959430000000000227e-01
3.971999999999999975e+00 9.960700000000000109e-01
3.979000000000000092e+00 9.961959999999999704e-01
3.986000000000000210e+00 9.963210000000000122e-01
3.992999999999999883e+00 9.964450000000000252e-01
4.000000000000000000e+00 9.965669999999999806e-01
4.006999999999999673e+00 9.966890000000000471e-01
4.014000000000000234e+00 9.968089999999999451e-01
4.020999999999999908e+00 9.969270000000000076e-01
4.027999999999999581e+00 9.970449999999999591e-01
4.035000000000000142e+00 9.971609999999999641e-01
4.041999999999999815e+00 9.972750000000000226e-01
4.049000000000000377e+00 9.973880000000000523e-01
4.056000000000000050e+00 9.975000000000000533e-01
4.062999999999999723e+00 9.976099999999999968e-01
4.070000000000000284e+00 9.977190000000000225e-01
4.076999999999999957e+00 9.978259999999999907e-01
4.083999999999999631e+00 9.979320000000000412e-01
4.091000000000000192e+00 9.980360000000000342e-01
4.097999999999999865e+00 9.981379999999999697e-01
4.105000000000000426e+00 9.982379999999999587e-01
4.112000000000000099e+00 9.983370000000000299e-01
4.118999999999999773e+00 9.984340000000000437e-01
4.126000000000000334e+00 9.985300000000000287e-01
4.133000000000000007e+00 9.986230000000000384e-01
4.139999999999999680e+00 9.987150000000000194e-01
4.147000000000000242e+00 9.988050000000000539e-01
4.153999999999999915e+00 9.988930000000000309e-01
4.160999999999999588e+00 9.989789999999999504e-01
4.168000000000000149e+00 9.990630000000000344e-01
4.174999999999999822e+00 9.991459999999999786e-01
4.182000000000000384e+00 9.992259999999999476e-01
4.189000000000000057e+00 9.993039999999999701e-01
4.195999999999999730e+00 9.993800000000000461e-01
4.203000000000000291e+00 9.994539999999999536e-01
4.209999999999999964e+00 9.995260000000000256e-01
4.216999999999999638e+00 9.995960000000000401e-01
4.224000000000000199e+00 9.996639999999999970e-01
4.230999999999999872e+00 9.997289999999999788e-01
4.238000000000000433e+00 9.997920000000000140e-01
4.245000000000000107e+00 9.998540000000000205e-01
4.251999999999999780e+00 9.999120000000000230e-01
4.259000000000000341e+00 9.999689999999999968e-01
4.266000000000000014e+00 1.000023000000000106e+00
4.272999999999999687e+00 1.000075000000000047e+00
4.280000000000000249e+00 1.000124000000000013e+00
4.286999999999999922e+00 1.000170999999999921e+00
4.293999999999999595e+00 1.000215999999999994e+00
4.301000000000000156e+00 1.000258000000000091e+00
4.307999999999999829e+00 1.000297999999999909e+00
4.315000000000000391e+00 1.000334999999999974e+00
4.322000000000000064e+00 1.000369999999999981e+00
4.328999999999999737e+00 1.000402000000000013e+00
4.336000000000000298e+00 1.000431999999999988e+00
4.342999999999999972e+00 1.000458999999999987e+00
4.349999999999999645e+00 1.000483999999999929e+00
4.357000000000000206e+00 1.000505999999999895e+00
4.363999999999999879e+00 1.000525000000000109e+00
4.371000000000000441e+00 1.000542000000000042e+00
4.378000000000000114e+00 1.000556000000000001e+00
4.384999999999999787e+00 1.000567999999999902e+00
4.392000000000000348e+00 1.000575999999999910e+00
4.399000000000000021e+00 1.000582000000000082e+00
4.405999999999999694e+00 1.000585999999999975e+00
4.413000000000000256e+00 1.000585999999999975e+00
4.419999999999999929e+00 1.000583999999999918e+00
4.426999999999999602e+00 1.000579000000000107e+00
4.434000000000000163e+00 1.000571000000000099e+00
4.440999999999999837e+00 1.000561000000000034e+00
4.448000000000000398e+00 1.000547999999999993e+00
4.455000000000000071e+00 1.000531999999999977e+00
4.461999999999999744e+00 1.000512999999999986e+00
4.469000000000000306e+00 1.000491000000000019e+00
4.475999999999999979e+00 1.000466999999999995e+00
4.482999999999999652e+00 1.000439999999999996e+00
4.490000000000000213e+00 1.000410000000000021e+00
4.496999999999999886e+00 1.000377000000000072e+00
4.503999999999999559e+00 1.000340999999999925e+00
4.511000000000000121e+00 1.000302000000000024e+00
4.517999999999999794e+00 1.000261000000000067e+00
4.525000000000000355e+00 1.000216999999999912e+00
4.532000000000000028e+00 1.000170000000000003e+00
4.538999999999999702e+00 1.000121000000000038e+00
4.546000000000000263e+00 1.000067999999999957e+00
4.552999999999999936e+00 1.000013000000000041e+00
4.559999999999999609e+00 9.999550000000000383e-01
4.567000000000000171e+00 9.998939999999999495e-01
4.573999999999999844e+00 9.998310000000000253e-01
4.581000000000000405e+00 9.997650000000000148e-01
4.588000000000000078e+00 9.996960000000000290e-01
4.594999999999999751e+00 9.996249999999999858e-01
4.602000000000000313e+00 9.995509999999999673e-01
4.608999999999999986e+00 9.994739999999999736e-01
4.615999999999999659e+00 9.993950000000000333e-01
4.623000000000000220e+00 9.993130000000000068e-01
4.629999999999999893e+00 9.992290000000000338e-01
4.636999999999999567e+00 9.991419999999999746e-01
4.644000000000000128e+00 9.990520000000000511e-01
4.650999999999999801e+00 9.989609999999999879e-01
4.658000000000000362e+00 9.988669999999999494e-01
4.665000000000000036e+00 9.987700000000000466e-01
4.671999999999999709e+00 9.986720000000000041e-01
4.679000000000000270e+00 9.985709999999999864e-01
4.685999999999999943e+00 9.984680000000000222e-01
4.692999999999999616e+00 9.983619999999999717e-01
4.700000000000000178e+00 9.982550000000000034e-01
4.706999999999999851e+00 9.981459999999999777e-01
4.714000000000000412e+00 9.980339999999999767e-01
4.721000000000000085e+00 9.979209999999999470e-01
4.727999999999999758e+00 9.978059999999999707e-01
4.735000000000000320e+00 9.976890000000000480e-01
4.741999999999999993e+00 9.975699999999999568e-01
4.748999999999999666e+00 9.974499999999999478e-01
4.756000000000000227e+00 9.973279999999999923e-01
4.762999999999999901e+00 9.972039999999999793e-01
4.769999999999999574e+00 9.970790000000000486e-01
4.777000000000000135e+00 9.969529999999999781e-01
4.783999999999999808e+00 9.968249999999999611e-01
4.791000000000000369e+00 9.966960000000000264e-01
4.798000000000000043e+00 9.965659999999999519e-01
4.804999999999999716e+00 9.964349999999999596e-01
4.812000000000000277e+00 9.963030000000000497e-01
4.818999999999999950e+00 9.961699999999999999e-01
4.825999999999999623e+00 9.960369999999999502e-01
4.833000000000000185e+00 9.959019999999999539e-01
4.839999999999999858e+00 9.957669999999999577e-01
4.847000000000000419e+00 9.956319999999999615e-01
4.854000000000000092e+00 9.954960000000000475e-01
4.860999999999999766e+00 9.953600000000000225e-01
4.868000000000000327e+00 9.952229999999999688e-01
4.875000000000000000e+00 9.950870000000000548e-01
4.881999999999999673e+00 9.949500000000000011e-01
4.889000000000000234e+00 9.948129999999999473e-01
4.895999999999999908e+00 9.946770000000000334e-01
4.902999999999999581e+00 9.945410000000000084e-01
4.910000000000000142e+00 9.944049999999999834e-01
4.916999999999999815e+00 9.942699999999999871e-01
4.924000000000000377e+00 9.941360000000000197e-01
4.931000000000000050e+00 9.940020000000000522e-01
4.937999999999999723e+00 9.938690000000000024e-01
4.945000000000000284e+00 9.937369999999999814e-01
4.951999999999999957e+00 9.936059999999999892e-01
4.958999999999999631e+00 9.934760000000000257e-01
4.966000000000000192e+00 9.933469999999999800e-01
4.972999999999999865e+00 9.932199999999999918e-01
4.980000000000000426e+00 9.930940000000000323e-01
4.987000000000000099e+00 9.929700000000000193e-01
4.993999999999999773e+00 9.928470000000000351e-01
5.001000000000000334e+00 9.927259999999999973e-01
5.008000000000000007e+00 9.926070000000000171e-01
5.014999999999999680e+00 9.924910000000000121e-01
5.022000000000000242e+00 9.923760000000000359e-01
5.028999999999999915e+00 9.922630000000000061e-01
5.035999999999999588e+00 9.921529999999999516e-01
5.043000000000000149e+00 9.920459999999999834e-01
5.049999999999999822e+00 9.919400000000000439e-01
5.057000000000000384e+00 9.918379999999999974e-01
5.064000000000000057e+00 9.917380000000000084e-01
5.070999999999999730e+00 9.916409999999999947e-01
5.078000000000000291e+00 9.915469999999999562e-01
5.084999999999999964e+00 9.914560000000000040e-01
5.091999999999999638e+00 9.913680000000000270e-01
5.099000000000000199e+00 9.912840000000000540e-01
5.105999999999999872e+00 9.912020000000000275e-01
5.113000000000000433e+00 9.911240000000000050e-01
5.120000000000000107e+00 9.910499999999999865e-01
5.126999999999999780e+00 9.909790000000000543e-01
5.134000000000000341e+00 9.909120000000000150e-01
5.141000000000000014e+00 9.908489999999999798e-01
5.147999999999999687e+00 9.907890000000000308e-01
5.155000000000000249e+00 9.907329999999999748e-01
5.161999999999999922e+00 9.906810000000000338e-01
5.168999999999999595e+00 9.906329999999999858e-01
5.176000000000000156e+00 9.905899999999999705e-01
5.182999999999999829e+00 9.905500000000000416e-01
5.190000000000000391e+00 9.905150000000000343e-01
5.197000000000000064e+00 9.904840000000000311e-01
5.203999999999999737e+00 9.904570000000000318e-01
5.211000000000000298e+00 9.904349999999999543e-01
5.217999999999999972e+00 9.904169999999999918e-01
5.224999999999999645e+00 9.904039999999999511e-01
5.232000000000000206e+00 9.903950000000000253e-01
5.238999999999999879e+00 9.903899999999999926e-01
5.246000000000000441e+00 9.903910000000000213e-01
5.253000000000000114e+00 9.903960000000000541e-01
5.259999999999999787e+00 9.904060000000000086e-01
5.267000000000000348e+00 9.904199999999999671e-01
5.274000000000000021e+00 9.904389999999999583e-01
5.280999999999999694e+00 9.904629999999999823e-01
5.288000000000000256e+00 9.904920000000000391e-01
5.294999999999999929e+00 9.905260000000000176e-01
5.301999999999999602e+00 9.905640000000000001e-01
5.309000000000000163e+00 9.906070000000000153e-01
5.315999999999999837e+00 9.906559999999999810e-01
5.323000000000000398e+00 9.907089999999999508e-01
5.330000000000000071e+00 9.907669999999999533e-01
5.336999999999999744e+00 9.908289999999999598e-01
5.344000000000000306e+00 9.908970000000000278e-01
5.350999999999999979e+00 9.909700000000000175e-01
5.357999999999999652e+00 9.910470000000000113e-01
5.365000000000000213e+00 9.911299999999999555e-01
5.371999999999999886e+00 9.912170000000000147e-01
5.378999999999999559e+00 9.913089999999999957e-01
5.386000000000000121e+00 9.914060000000000095e-01
5.392999999999999794e+00 9.915070000000000272e-01
5.400000000000000355e+00 9.916139999999999954e-01
5.407000000000000028e+00 9.917249999999999677e-01
5.413999999999999702e+00 9.918409999999999727e-01
5.421000000000000263e+00 9.919620000000000104e-01
5.427999999999999936e+00 9.920870000000000521e-01
5.434999999999999609e+00 9.922180000000000444e-01
5.442000000000000171e+00 9.923520000000000119e-01
5.448999999999999844e+00 9.924920000000000408e-01
5.456000000000000405e+00 9.926359999999999628e-01
5.463000000000000078e+00 9.927839999999999998e-01
5.469999999999999751e+00 9.929369999999999585e-01
5.477000000000000313e+00 9.930940000000000323e-01
5.483999999999999986e+00 9.932560000000000278e-01
5.490999999999999659e+00 9.934220000000000272e-01
5.498000000000000220e+00 9.935920000000000307e-01
5.504999999999999893e+00 9.937669999999999559e-01
5.511999999999999567e+00 9.939459999999999962e-01
5.519000000000000128e+00 9.941290000000000404e-01
5.525999999999999801e+00 9.943159999999999776e-01
5.533000000000000362e+00 9.945070000000000299e-01
5.540000000000000036e+00 9.947019999999999751e-01
5.546999999999999709e+00 9.949010000000000353e-01
5.554000000000000270e+00 9.951039999999999885e-01
5.560999999999999943e+00 9.953109999999999458e-01
5.567999999999999616e+00 9.955209999999999892e-01
5.575000000000000178e+00 9.957350000000000367e-01
5.581999999999999851e+00 9.959529999999999772e-01
5.589000000000000412e+00 9.961740000000000039e-01
5.596000000000000085e+00 9.963990000000000347e-01
5.602999999999999758e+00 9.966270000000000406e-01
5.610000000000000320e+00 9.968580000000000219e-01
5.616999999999999993e+00 9.970930000000000071e-01
5.623999999999999666e+00 9.973300000000000498e-01
5.631000000000000227e+00 9.975709999999999855e-01
5.637999999999999901e+00 9.978150000000000075e-01
5.644999999999999574e+00 9.980620000000000047e-01
5.652000000000000135e+00 9.983119999999999772e-01
5.658999999999999808e+00 9.985650000000000359e-01
5.666000000000000369e+00 9.988200000000000411e-01
5.673000000000000043e+00 9.990780000000000216e-01
5.679999999999999716e+00 9.993389999999999773e-01
5.687000000000000277e+00 9.996019999999999905e-01
5.693999999999999950e+00 9.998669999999999503e-01
5.700999999999999623e+00 1.000134999999999996e+00
5.708000000000000185e+00 1.000404999999999989e+00
5.714999999999999858e+00 1.000677000000000039e+00
5.722000000000000419e+00 1.000950999999999924e+00
5.729000000000000092e+00 1.001227000000000089e+00
5.735999999999999766e+00 1.001505000000000090e+00
5.743000000000000327e+00 1.001784999999999926e+00
5.750000000000000000e+00 1.002065999999999901e+00
5.756999999999999673e+00 1.002348999999999934e+00
5.764000000000000234e+00 1.002633000000000107e+00
5.770999999999999908e+00 1.002918999999999894e+00
5.777999999999999581e+00 1.003206000000000042e+00
5.785000000000000142e+00 1.003495000000000026e+00
5.791999999999999815e+00 1.003784000000000010e+00
5.799000000000000377e+00 1.004073999999999911e+00
5.806000000000000050e+00 1.004364999999999952e+00
5.812999999999999723e+00 1.004656999999999911e+00
5.820000000000000284e+00 1.004950000000000010e+00
5.826999999999999957e+00 1.005241999999999969e+00
5.833999999999999631e+00 1.005535999999999985e+00
5.841000000000000192e+00 1.005829000000000084e+00
5.847999999999999865e+00 1.006123000000000101e+00
5.855000000000000426e+00 1.006416999999999895e+00
5.862000000000000099e+00 1.006709999999999994e+00
5.868999999999999773e+00 1.007004000000000010e+00
5.876000000000000334e+00 1.007295999999999969e+00
5.883000000000000007e+00 1.007589000000000068e+00
5.889999999999999680e+00 1.007880000000000109e+00
5.897000000000000242e+00 1.008170999999999928e+00
5.903999999999999915e+00 1.008461000000000052e+00
5.910999999999999588e+00 1.008748999999999896e+00
5.918000000000000149e+00 1.009036000000000044e+00
5.924999999999999822e+00 1.009320999999999913e+00
5.932000000000000384e+00 1.009605000000000086e+00
5.939000000000000057e+00 1.009886999999999979e+00
5.945999999999999730e+00 1.010165999999999897e+00
5.953000000000000291e+00 1.010442999999999980e+00
5.959999999999999964e+00 1.010718000000000005e+00
5.966999999999999638e+00 1.010988999999999916e+00
5.974000000000000199e+00 1.011257999999999990e+00
5.980999999999999872e+00 1.011522999999999950e+00
5.988000000000000433e+00 1.011784999999999934e+00
5.995000000000000107e+00 1.012042000000000108e+00
6.001999999999999780e+00 1.012296000000000085e+00
6.009000000000000341e+00 1.012545000000000028e+00
6.016000000000000014e+00 1.012790000000000079e+00
6.022999999999999687e+00 1.013028999999999957e+00
6.030000000000000249e+00 1.013263000000000025e+00
6.036999999999999922e+00 1.013490000000000002e+00
6.043999999999999595e+00 1.013711999999999946e+00
6.051000000000000156e+00 1.013927000000000023e+00
6.057999999999999829e+00 1.014135000000000009e+00
6.065000000000000391e+00 1.014334999999999987e+00
6.072000000000000064e+00 1.014528000000000096e+00
6.078999999999999737e+00 1.014710999999999919e+00
6.086000000000000298e+00 1.014885999999999955e+00
6.092999999999999972e+00 1.015050999999999926e+00
6.099999999999999645e+00 1.015206000000000053e+00
6.107000000000000206e+00 1.015349999999999975e+00
6.113999999999999879e+00 1.015481999999999996e+00
6.121000000000000441e+00 1.015601999999999894e+00
6.128000000000000114e+00 1.015708000000000055e+00
6.134999999999999787e+00 1.015800999999999954e+00
6.142000000000000348e+00 1.015878999999999976e+00
6.149000000000000021e+00 1.015941999999999901e+00
6.155999999999999694e+00 1.015986999999999973e+00
6.163000000000000256e+00 1.016014999999999890e+00
6.169999999999999929e+00 1.016024000000000038e+00
6.176999999999999602e+00 1.016013000000000055e+00
6.184000000000000163e+00 1.015981000000000023e+00
6.190999999999999837e+00 1.015926000000000107e+00
6.198000000000000398e+00 1.015846999999999944e+00
6.205000000000000071e+00 1.015741999999999923e+00
6.211999999999999744e+00 1.015609999999999902e+00
6.219000000000000306e+00 1.015449000000000046e+00
6.225999999999999979e+00 1.015257999999999994e+00
6.232999999999999652e+00 1.015033000000000074e+00
6.240000000000000213e+00 1.014772999999999925e+00
6.246999999999999886e+00 1.014475999999999933e+00
6.253999999999999559e+00 1.014138999999999902e+00
6.261000000000000121e+00 1.013759999999999994e+00
6.267999999999999794e+00 1.013336000000000015e+00
6.275000000000000355e+00 1.012863000000000069e+00
6.282000000000000028e+00 1.012340000000000018e+00
6.288999999999999702e+00 1.011762000000000050e+00
6.296000000000000263e+00 1.011125000000000052e+00
6.302999999999999936e+00 1.010426000000000046e+00
