 11  2 12 31  1  1 +2  0  0 -1
  1  1  1  1  0  0  0  0  0  0  0  0  0  0  1  1
   0.0000000   1.0000000   1.0000000   1.0000000   1.0000000   1.0000000   1.0000000
   1.0000000   1.0000000   1.0000000   1.0000000   1.0000000   1.0000000   1.0000000
   1.0000000   1.0000000   1.0000000   1.0000000   1.0000000   1.0000000   1.0000000
   1.0000000   1.0000000   1.0000000   1.0000000   1.0000000   1.0000000   1.0000000
   1.0000000   1.0000000
   0 104   0   0   0   1
  70
11.344250000        
0.510499600         
0.043193620         
-7.181591000        
-0.749695700        
-0.066302070        
-0.091692360        
-0.069769380        
-0.013412240        
0.023242830         
-0.011635040        
-0.007704828        
-0.004985870        
-0.021229320        
-0.002576576        
0.000832600         
0.001266050         
-0.000600714        
-0.000213422        
-0.000310750        
-0.000218840        
-0.945106600        
-0.051302450        
-0.000365822        
1.552165000         
-0.000996346        
0.000483311         
0.499598700         
-0.175786400        
-0.000363291        
484.084800000       
485.316800000       
0.330395000         
-484.174400000      
-485.284200000      
-0.330213500        
0.000486561         
-0.006923404        
-0.000024418        
0.000005436         
0.000000757         
-0.000000189        
0.232129785         
0.579388668         
0.428242941         
0.279715462         
0.133581511         
0.056488838         
0.019756857         
0.361533988         
0.534440479         
0.349080513         
0.166707632         
0.070497185         
0.024656247         
0.197510217         
0.258015515         
0.123218438         
0.052106510         
0.018224146         
0.084264003         
0.080482593         
0.034034412         
0.011903467         
0.019217719         
0.016253546         
0.005684645         
0.003436643         
0.002403918         
0.000420383         
  1  1  0
  42  29  30  31  32  33  34  35  36  37  38  39  40  41  42  43  44  45  46  47
  48  49  50  51  52  53  54  55  56  57  58  59  60  61  62  63  64  65  66  67
  68  69  70
   1   2   3   4   5   6   7   8   9  10  11  12  13  14  15  16  17  18  19  20
  21  22  23  24  25  26  27  28  29  30  31  32  33  34  35  36  37  38  39  40
  41  42
  1  1  1  1  1  1  1  1  1  1  1  1  1  1  1  1  1  1  1  1  1  1  1  1
  2  2  0
  28   1   2   3   4   5   6   7   8   9  10  11  12  13  14  15  16  17  18  19
  20  21  22  23  24  25  26  27  28
  43  44  45  46  47  48  49  50  51  52  53  54  55  56  57  58  59  60  61  62
  63  64  65  66  67  68  69  70
  1  1  1  1  1  1  1  1  1  1  1  1  1  1  1  1  1  1  1  1  1  1  1  1
  1  1  0 -1
   1  29
36  
  0  1  0  1  0  1  0  1  0  1  0  1  0  0  0  0  0  0  0  0  0  0  0  0
  1  1  0
   1  30
50  
  0  1  0  1  0  1  0  1  0  1  0  1  0  0  0  0  0  0  0  0  0  0  0  0
  1  1  0
   1  31
56  
  0  1  0  1  0  1  0  1  0  1  0  1  0  0  0  0  0  0  0  0  0  0  0  0
  1  1  0
   1  32
43  
  0  1  0  1  0  1  0  1  0  1  0  1  0  0  0  0  0  0  0  0  0  0  0  0
  1  1  0
   1  33
4   
  0  1  0  1  0  1  0  1  0  1  0  1  0  0  0  0  0  0  0  0  0  0  0  0
  1  1  0
   1  34
22  
  0  1  0  1  0  1  0  1  0  1  0  1  0  0  0  0  0  0  0  0  0  0  0  0
  1  1  0
   1  35
2   
  0  1  0  1  0  1  0  1  0  1  0  1  0  0  0  0  0  0  0  0  0  0  0  0
  1  1  0
   1  36
1   
  0  1  0  1  0  1  0  1  0  1  0  1  0  0  0  0  0  0  0  0  0  0  0  0
  1  1  0
   1  37
58  
  1  0  1  0  1  0  1  0  1  0  1  0  1  0  0  0  0  0  0  0  0  0  0  0
  1  1  0
   1  38
52  
  1  0  1  0  1  0  1  0  1  0  1  0  1  0  0  0  0  0  0  0  0  0  0  0
  1  1  0
   1  39
51  
  1  0  1  0  1  0  1  0  1  0  1  0  1  0  0  0  0  0  0  0  0  0  0  0
  1  1  0
   1  40
5   
  1  0  1  0  1  0  1  0  1  0  1  0  1  0  0  0  0  0  0  0  0  0  0  0
  1  1  0
   1  41
45  
  1  0  1  0  1  0  1  0  1  0  1  0  1  0  0  0  0  0  0  0  0  0  0  0
  1  1  0
   1  42
46  
  1  0  1  0  1  0  1  0  1  0  1  0  1  0  0  0  0  0  0  0  0  0  0  0
  1  1  0
   1  43
28  
  1  0  1  0  1  0  1  0  1  0  1  0  1  0  0  0  0  0  0  0  0  0  0  0
  1  1  0
   1  44
53  
  1  0  1  0  1  0  1  0  1  0  1  0  1  0  0  0  0  0  0  0  0  0  0  0
  1  1  0
   1  45
45  
  0  1  0  1  0  1  0  1  0  1  0  1  0  0  0  0  0  0  0  0  0  0  0  0
  1  1  0
   1  46
45  
  0  1  0  1  0  1  0  1  0  1  0  1  0  0  0  0  0  0  0  0  0  0  0  0
  1  1  0
   1  47
47  
  0  1  0  1  0  1  0  1  0  1  0  1  0  0  0  0  0  0  0  0  0  0  0  0
  1  1  0
   1  48
43  
  0  1  0  1  0  1  0  1  0  1  0  1  0  0  0  0  0  0  0  0  0  0  0  0
  1  1  0
   1  49
58  
  0  1  0  1  0  1  0  1  0  1  0  1  0  0  0  0  0  0  0  0  0  0  0  0
  1  1  0
   1  50
50  
  0  1  0  1  0  1  0  1  0  1  0  1  0  0  0  0  0  0  0  0  0  0  0  0
  1  1  0
   1  51
36  
  0  1  0  1  0  1  0  1  0  1  0  1  0  0  0  0  0  0  0  0  0  0  0  0
  1  1  0
   1  52
51  
  0  1  0  1  0  1  0  1  0  1  0  1  0  0  0  0  0  0  0  0  0  0  0  0
  1  1  0
   1  53
43  
  1  0  1  0  1  0  1  0  1  0  1  0  1  0  0  0  0  0  0  0  0  0  0  0
  1  1  0
   1  54
4   
  1  0  1  0  1  0  1  0  1  0  1  0  1  0  0  0  0  0  0  0  0  0  0  0
  1  1  0
   1  55
4   
  1  0  1  0  1  0  1  0  1  0  1  0  1  0  0  0  0  0  0  0  0  0  0  0
  1  1  0
   1  56
2   
  1  0  1  0  1  0  1  0  1  0  1  0  1  0  0  0  0  0  0  0  0  0  0  0
  1  1  0
   1  57
51  
  0  1  0  1  0  1  0  1  0  1  0  1  0  0  0  0  0  0  0  0  0  0  0  0
  1  1  0
   1  58
45  
  0  1  0  1  0  1  0  1  0  1  0  1  0  0  0  0  0  0  0  0  0  0  0  0
  1  1  0
   1  59
36  
  0  1  0  1  0  1  0  1  0  1  0  1  0  0  0  0  0  0  0  0  0  0  0  0
  1  1  0
   1  60
29  
  0  1  0  1  0  1  0  1  0  1  0  1  0  0  0  0  0  0  0  0  0  0  0  0
  1  1  0
   1  61
1   
  0  1  0  1  0  1  0  1  0  1  0  1  0  0  0  0  0  0  0  0  0  0  0  0
  1  1  0
   1  62
22  
  0  1  0  1  0  1  0  1  0  1  0  1  0  0  0  0  0  0  0  0  0  0  0  0
  1  1  0
   1  63
45  
  0  1  0  1  0  1  0  1  0  1  0  1  0  0  0  0  0  0  0  0  0  0  0  0
  1  1  0
   1  64
33  
  0  1  0  1  0  1  0  1  0  1  0  1  0  0  0  0  0  0  0  0  0  0  0  0
  1  1  0
   1  65
44  
  1  0  1  0  1  0  1  0  1  0  1  0  1  0  0  0  0  0  0  0  0  0  0  0
  1  1  0
   1  66
53  
  1  0  1  0  1  0  1  0  1  0  1  0  1  0  0  0  0  0  0  0  0  0  0  0
  2  2  0
   1   1
22  
  1  0  1  0  1  0  1  0  1  0  1  0  1  0  0  0  0  0  0  0  0  0  0  0
  2  2  0
   1   2
46  
  1  0  1  0  1  0  1  0  1  0  1  0  1  0  0  0  0  0  0  0  0  0  0  0
  2  2  0
   1   3
43  
  0  1  0  1  0  1  0  1  0  1  0  1  0  0  0  0  0  0  0  0  0  0  0  0
  2  2  0
   1   4
45  
  0  1  0  1  0  1  0  1  0  1  0  1  0  0  0  0  0  0  0  0  0  0  0  0
  2  2  0
   1   5
58  
  0  1  0  1  0  1  0  1  0  1  0  1  0  0  0  0  0  0  0  0  0  0  0  0
  2  2  0
   1   6
2   
  0  1  0  1  0  1  0  1  0  1  0  1  0  0  0  0  0  0  0  0  0  0  0  0
  2  2  0
   1   7
57  
  0  1  0  1  0  1  0  1  0  1  0  1  0  0  0  0  0  0  0  0  0  0  0  0
  2  2  0
   1   8
25  
  0  1  0  1  0  1  0  1  0  1  0  1  0  0  0  0  0  0  0  0  0  0  0  0
  2  2  0
   1   9
22  
  0  1  0  1  0  1  0  1  0  1  0  1  0  0  0  0  0  0  0  0  0  0  0  0
  2  2  0
   1  10
36  
  0  1  0  1  0  1  0  1  0  1  0  1  0  0  0  0  0  0  0  0  0  0  0  0
  2  2  0
   1  11
1   
  1  0  1  0  1  0  1  0  1  0  1  0  1  0  0  0  0  0  0  0  0  0  0  0
  2  2  0
   1  12
52  
  1  0  1  0  1  0  1  0  1  0  1  0  1  0  0  0  0  0  0  0  0  0  0  0
  2  2  0
   1  13
51  
  1  0  1  0  1  0  1  0  1  0  1  0  1  0  0  0  0  0  0  0  0  0  0  0
  2  2  0
   1  14
47  
  1  0  1  0  1  0  1  0  1  0  1  0  1  0  0  0  0  0  0  0  0  0  0  0
  2  2  0
   1  15
51  
  1  0  1  0  1  0  1  0  1  0  1  0  1  0  0  0  0  0  0  0  0  0  0  0
  2  2  0
   1  16
1   
  1  0  1  0  1  0  1  0  1  0  1  0  1  0  0  0  0  0  0  0  0  0  0  0
  2  2  0
   1  17
45  
  1  0  1  0  1  0  1  0  1  0  1  0  1  0  0  0  0  0  0  0  0  0  0  0
  2  2  0
   1  18
58  
  1  0  1  0  1  0  1  0  1  0  1  0  1  0  0  0  0  0  0  0  0  0  0  0
  2  2  0
   1  19
36  
  0  1  0  1  0  1  0  1  0  1  0  1  0  0  0  0  0  0  0  0  0  0  0  0
  2  2  0
   1  20
29  
  0  1  0  1  0  1  0  1  0  1  0  1  0  0  0  0  0  0  0  0  0  0  0  0
  2  2  0
   1  21
58  
  0  1  0  1  0  1  0  1  0  1  0  1  0  0  0  0  0  0  0  0  0  0  0  0
  2  2  0
   1  22
43  
  0  1  0  1  0  1  0  1  0  1  0  1  0  0  0  0  0  0  0  0  0  0  0  0
  2  2  0
   1  23
28  
  0  1  0  1  0  1  0  1  0  1  0  1  0  0  0  0  0  0  0  0  0  0  0  0
  2  2  0
   1  24
25  
  0  1  0  1  0  1  0  1  0  1  0  1  0  0  0  0  0  0  0  0  0  0  0  0
  2  2  0
   1  71
33  
  0  1  0  1  0  1  0  0  0  0  0  0
  2  2  0
   1  72
44  
  0  1  0  1  0  1  0  0  0  0  0  0
  2  2  0
   1  73
53  
  0  1  0  1  0  1  0  0  0  0  0  0
  2  2  0
   1  74
51  
  0  1  0  1  0  1  0  0  0  0  0  0
  2  2  0
   1  75
36  
  0  1  0  1  0  1  0  0  0  0  0  0
  2  2  0
   1  76
50  
  0  1  0  1  0  1  0  0  0  0  0  0
  2  2  0
   1  77
45  
  0  1  0  1  0  1  0  0  0  0  0  0
  2  2  0
   1  78
22  
  0  1  0  1  0  1  0  0  0  0  0  0
  2  2  0
   1  79
36  
  1  0  1  0  1  0  0  0  0  0  0  0
  2  2  0
   1  80
58  
  1  0  1  0  1  0  0  0  0  0  0  0
  2  2  0
   1  81
43  
  1  0  1  0  1  0  1  0  1  0  0  0
  2  2  0
   1  82
45  
  1  0  1  0  1  0  1  0  1  0  0  0
  2  2  0
   1  83
56  
  1  0  1  0  1  0  1  0  1  0  0  0
  2  2  0
   1  84
51  
  1  0  1  0  1  0  1  0  1  0  0  0
  2  2  0
   1  85
28  
  1  0  1  0  1  0  1  0  1  0  0  0
  2  2  0
   1  86
29  
  1  0  1  0  1  0  1  0  1  0  0  0
  2  2  0
   1  87
33  
  0  1  0  1  0  1  0  1  0  1  0  0
  2  2  0
   1  88
44  
  0  1  0  1  0  1  0  1  0  1  0  0
  2  2  0
   1  89
33  
  0  1  0  1  0  1  0  1  0  0  0  0
  2  2  0
   1  90
28  
  0  1  0  1  0  1  0  1  0  0  0  0
  2  2  0
   1  91
53  
  0  1  0  1  0  1  0  1  0  0  0  0
  2  2  0
   1  92
43  
  0  1  0  1  0  1  0  1  0  0  0  0
  1  1  0
   1  93
2   
  1  0  1  0  1  0  1  0  0  0  0  0
  1  1  0
   1  94
53  
  1  0  1  0  1  0  1  0  0  0  0  0
  1  1  0
   1  95
57  
  1  0  1  0  1  0  1  0  1  0  0  0
  1  1  0
   1  96
29  
  1  0  1  0  1  0  1  0  1  0  0  0
  1  1  0
   1  97
28  
  1  0  1  0  1  0  1  0  1  0  0  0
  1  1  0
   1  98
2   
  1  0  1  0  1  0  1  0  1  0  0  0
  1  1  0
   1  99
33  
  1  0  1  0  1  0  1  0  1  0  0  0
  1  1  0
   1 100
36  
  1  0  1  0  1  0  1  0  1  0  0  0
  1  1  0
   1 101
33  
  0  1  0  1  0  1  0  1  0  1  0  0
  1  1  0
   1 102
29  
  0  1  0  1  0  1  0  1  0  1  0  0
  1  1  0
   1 103
43  
  0  1  0  1  0  1  0  1  0  0  0  0
  1  1  0
   1 104
52  
  0  1  0  1  0  1  0  1  0  0  0  0
  1  1  0
   1 105
52  
  0  1  0  1  0  1  0  1  0  0  0  0
  1  1  0
   1 106
28  
  0  1  0  1  0  1  0  1  0  0  0  0
  1  1  0
   1 107
36  
  0  1  0  1  0  1  0  1  0  0  0  0
  1  1  0
   1 108
28  
  0  1  0  1  0  1  0  1  0  0  0  0
  1  1  0
   1 109
36  
  1  0  1  0  1  0  1  0  1  0  0  0
  1  1  0
   1 110
46  
  1  0  1  0  1  0  1  0  1  0  0  0
  1  1  0
   1 111
56  
  1  0  1  0  1  0  1  0  1  0  1  0
  1  1  0
   1 112
57  
  1  0  1  0  1  0  1  0  1  0  1  0
  1  1  0
   1 113
52  
  1  0  1  0  1  0  1  0  1  0  1  0
  1  1  0
   1 114
57  
  1  0  1  0  1  0  1  0  1  0  1  0
