1.000000000000000021e-03 1.000002000000000058e+00
3.500000000000000073e-03 1.000000000000000000e+00
6.000000000000000125e-03 1.000002000000000058e+00
8.500000000000000611e-03 1.000000999999999918e+00
1.099999999999999936e-02 1.000000000000000000e+00
1.349999999999999985e-02 1.000000000000000000e+00
1.600000000000000033e-02 1.000000999999999918e+00
1.849999999999999908e-02 1.000002000000000058e+00
2.100000000000000130e-02 1.000000999999999918e+00
2.350000000000000006e-02 1.000000999999999918e+00
2.599999999999999881e-02 1.000000999999999918e+00
2.850000000000000103e-02 1.000000000000000000e+00
3.099999999999999978e-02 1.000000000000000000e+00
3.350000000000000200e-02 1.000000000000000000e+00
3.599999999999999728e-02 1.000000999999999918e+00
3.849999999999999950e-02 1.000000999999999918e+00
4.100000000000000172e-02 1.000000999999999918e+00
4.349999999999999700e-02 1.000000999999999918e+00
4.599999999999999922e-02 1.000000999999999918e+00
4.850000000000000144e-02 1.000000999999999918e+00
5.099999999999999672e-02 1.000000999999999918e+00
5.349999999999999895e-02 1.000000000000000000e+00
5.600000000000000117e-02 1.000000000000000000e+00
5.850000000000000339e-02 1.000000000000000000e+00
6.099999999999999867e-02 1.000000000000000000e+00
6.350000000000000089e-02 1.000000000000000000e+00
6.600000000000000311e-02 1.000000000000000000e+00
6.850000000000000533e-02 1.000000000000000000e+00
7.099999999999999367e-02 1.000000999999999918e+00
7.349999999999999589e-02 1.000000999999999918e+00
7.599999999999999811e-02 1.000000999999999918e+00
7.850000000000000033e-02 1.000000999999999918e+00
8.100000000000000255e-02 1.000000999999999918e+00
8.350000000000000477e-02 1.000000999999999918e+00
8.599999999999999312e-02 1.000000999999999918e+00
8.849999999999999534e-02 1.000000999999999918e+00
9.099999999999999756e-02 1.000000999999999918e+00
9.349999999999999978e-02 1.000000999999999918e+00
9.600000000000000200e-02 1.000000000000000000e+00
9.850000000000000422e-02 1.000000000000000000e+00
1.010000000000000064e-01 1.000000000000000000e+00
1.034999999999999948e-01 1.000000000000000000e+00
1.059999999999999970e-01 1.000000000000000000e+00
1.084999999999999992e-01 1.000000000000000000e+00
1.110000000000000014e-01 1.000000000000000000e+00
1.135000000000000037e-01 1.000000000000000000e+00
1.160000000000000059e-01 1.000000000000000000e+00
1.184999999999999942e-01 1.000000000000000000e+00
1.209999999999999964e-01 1.000000000000000000e+00
1.234999999999999987e-01 1.000000999999999918e+00
1.260000000000000009e-01 1.000000999999999918e+00
1.285000000000000031e-01 1.000000999999999918e+00
1.310000000000000053e-01 1.000000999999999918e+00
1.335000000000000075e-01 1.000000999999999918e+00
1.360000000000000098e-01 1.000000999999999918e+00
1.385000000000000120e-01 1.000000999999999918e+00
1.409999999999999865e-01 1.000000999999999918e+00
1.434999999999999887e-01 1.000000999999999918e+00
1.459999999999999909e-01 1.000000999999999918e+00
1.484999999999999931e-01 1.000000999999999918e+00
1.509999999999999953e-01 1.000000999999999918e+00
1.534999999999999976e-01 1.000000999999999918e+00
1.559999999999999998e-01 1.000000999999999918e+00
1.585000000000000020e-01 1.000000999999999918e+00
1.610000000000000042e-01 1.000000000000000000e+00
1.635000000000000064e-01 1.000000000000000000e+00
1.660000000000000087e-01 1.000000000000000000e+00
1.685000000000000109e-01 1.000000000000000000e+00
1.710000000000000131e-01 1.000000000000000000e+00
1.734999999999999876e-01 1.000000000000000000e+00
1.759999999999999898e-01 1.000000000000000000e+00
1.784999999999999920e-01 1.000000000000000000e+00
1.809999999999999942e-01 1.000000000000000000e+00
1.834999999999999964e-01 1.000000000000000000e+00
1.859999999999999987e-01 1.000000000000000000e+00
1.885000000000000009e-01 1.000000000000000000e+00
1.910000000000000031e-01 1.000000000000000000e+00
1.935000000000000053e-01 1.000000000000000000e+00
1.960000000000000075e-01 1.000000000000000000e+00
1.985000000000000098e-01 1.000000000000000000e+00
2.010000000000000120e-01 1.000000000000000000e+00
2.034999999999999865e-01 1.000000000000000000e+00
2.059999999999999887e-01 1.000000000000000000e+00
2.084999999999999909e-01 1.000000999999999918e+00
2.109999999999999931e-01 1.000000999999999918e+00
2.134999999999999953e-01 1.000000999999999918e+00
2.159999999999999976e-01 1.000000999999999918e+00
2.184999999999999998e-01 1.000000999999999918e+00
2.210000000000000020e-01 1.000000999999999918e+00
2.235000000000000042e-01 1.000000999999999918e+00
2.260000000000000064e-01 1.000000999999999918e+00
2.285000000000000087e-01 1.000000999999999918e+00
2.310000000000000109e-01 1.000000999999999918e+00
2.335000000000000131e-01 1.000000999999999918e+00
2.359999999999999876e-01 1.000000999999999918e+00
2.384999999999999898e-01 1.000000999999999918e+00
2.409999999999999920e-01 1.000000999999999918e+00
2.434999999999999942e-01 1.000000999999999918e+00
2.459999999999999964e-01 1.000000999999999918e+00
2.484999999999999987e-01 1.000000999999999918e+00
2.510000000000000009e-01 1.000000999999999918e+00
2.535000000000000031e-01 1.000000999999999918e+00
2.560000000000000053e-01 1.000000999999999918e+00
2.585000000000000075e-01 1.000000999999999918e+00
2.610000000000000098e-01 1.000000999999999918e+00
2.635000000000000120e-01 1.000000999999999918e+00
2.660000000000000142e-01 1.000000999999999918e+00
2.685000000000000164e-01 1.000000999999999918e+00
2.710000000000000187e-01 1.000000000000000000e+00
2.735000000000000209e-01 1.000000000000000000e+00
2.760000000000000231e-01 1.000000000000000000e+00
2.785000000000000253e-01 1.000000000000000000e+00
2.810000000000000275e-01 1.000000000000000000e+00
2.834999999999999742e-01 1.000000000000000000e+00
2.859999999999999765e-01 1.000000000000000000e+00
2.884999999999999787e-01 1.000000000000000000e+00
2.909999999999999809e-01 1.000000000000000000e+00
2.934999999999999831e-01 1.000000000000000000e+00
2.959999999999999853e-01 1.000000000000000000e+00
2.984999999999999876e-01 1.000000000000000000e+00
3.009999999999999898e-01 1.000000000000000000e+00
3.034999999999999920e-01 1.000000000000000000e+00
3.059999999999999942e-01 1.000000000000000000e+00
3.084999999999999964e-01 1.000000000000000000e+00
3.109999999999999987e-01 1.000000000000000000e+00
3.135000000000000009e-01 1.000000000000000000e+00
3.160000000000000031e-01 1.000000000000000000e+00
3.185000000000000053e-01 1.000000000000000000e+00
3.210000000000000075e-01 1.000000000000000000e+00
3.235000000000000098e-01 1.000000000000000000e+00
3.260000000000000120e-01 1.000000000000000000e+00
3.285000000000000142e-01 1.000000000000000000e+00
3.310000000000000164e-01 1.000000000000000000e+00
3.335000000000000187e-01 1.000000999999999918e+00
3.360000000000000209e-01 1.000000999999999918e+00
3.385000000000000231e-01 9.652760000000000229e-01
3.410000000000000253e-01 9.537719999999999532e-01
3.435000000000000275e-01 9.465879999999999850e-01
3.459999999999999742e-01 9.416600000000000525e-01
3.484999999999999765e-01 9.381500000000000394e-01
3.509999999999999787e-01 9.356139999999999457e-01
3.534999999999999809e-01 9.337800000000000544e-01
3.559999999999999831e-01 9.324679999999999636e-01
3.584999999999999853e-01 9.315569999999999684e-01
3.609999999999999876e-01 9.309570000000000345e-01
3.634999999999999898e-01 9.306010000000000115e-01
3.659999999999999920e-01 9.304409999999999625e-01
3.684999999999999942e-01 9.304369999999999585e-01
3.709999999999999964e-01 9.305590000000000250e-01
3.734999999999999987e-01 9.307819999999999983e-01
3.760000000000000009e-01 9.310880000000000267e-01
3.785000000000000031e-01 9.314590000000000369e-01
3.810000000000000053e-01 9.318840000000000456e-01
3.835000000000000075e-01 9.323519999999999586e-01
3.860000000000000098e-01 9.328530000000000433e-01
3.885000000000000120e-01 9.333810000000000162e-01
3.910000000000000142e-01 9.339300000000000379e-01
3.935000000000000164e-01 9.344949999999999646e-01
3.960000000000000187e-01 9.350709999999999855e-01
3.985000000000000209e-01 9.356550000000000145e-01
4.010000000000000231e-01 9.362449999999999939e-01
4.035000000000000253e-01 9.368360000000000021e-01
4.060000000000000275e-01 9.374289999999999567e-01
4.084999999999999742e-01 9.380199999999999649e-01
4.109999999999999765e-01 9.386079999999999979e-01
4.134999999999999787e-01 9.391920000000000268e-01
4.159999999999999809e-01 9.397710000000000230e-01
4.184999999999999831e-01 9.403449999999999864e-01
4.209999999999999853e-01 9.409119999999999706e-01
4.234999999999999876e-01 9.414719999999999756e-01
4.259999999999999898e-01 9.420239999999999725e-01
4.284999999999999920e-01 9.425679999999999614e-01
4.309999999999999942e-01 9.431049999999999711e-01
4.334999999999999964e-01 9.436330000000000551e-01
4.359999999999999987e-01 9.441519999999999913e-01
4.385000000000000009e-01 9.446630000000000305e-01
4.410000000000000031e-01 9.451650000000000329e-01
4.435000000000000053e-01 9.456579999999999986e-01
4.460000000000000075e-01 9.461429999999999563e-01
4.485000000000000098e-01 9.466189999999999882e-01
4.510000000000000120e-01 9.470870000000000122e-01
4.535000000000000142e-01 9.475459999999999994e-01
4.560000000000000164e-01 9.479969999999999786e-01
4.585000000000000187e-01 9.484399999999999498e-01
4.610000000000000209e-01 9.488739999999999952e-01
4.635000000000000231e-01 9.493009999999999504e-01
4.660000000000000253e-01 9.497200000000000086e-01
4.685000000000000275e-01 9.501309999999999478e-01
4.709999999999999742e-01 9.505339999999999900e-01
4.734999999999999765e-01 9.509309999999999707e-01
4.759999999999999787e-01 9.513200000000000545e-01
4.784999999999999809e-01 9.517020000000000479e-01
4.809999999999999831e-01 9.520779999999999799e-01
4.834999999999999853e-01 9.524460000000000148e-01
4.859999999999999876e-01 9.528090000000000170e-01
4.884999999999999898e-01 9.531650000000000400e-01
4.909999999999999920e-01 9.535150000000000015e-01
4.934999999999999942e-01 9.538590000000000124e-01
4.959999999999999964e-01 9.541969999999999619e-01
4.984999999999999987e-01 9.545289999999999608e-01
5.010000000000000009e-01 9.548560000000000381e-01
5.034999999999999476e-01 9.551779999999999715e-01
5.060000000000000053e-01 9.554939999999999545e-01
5.084999999999999520e-01 9.558060000000000445e-01
5.110000000000000098e-01 9.561119999999999619e-01
5.134999999999999565e-01 9.564139999999999864e-01
5.160000000000000142e-01 9.567109999999999781e-01
5.184999999999999609e-01 9.570039999999999658e-01
5.210000000000000187e-01 9.572920000000000318e-01
5.234999999999999654e-01 9.575770000000000115e-01
5.260000000000000231e-01 9.578569999999999585e-01
5.284999999999999698e-01 9.581330000000000124e-01
5.310000000000000275e-01 9.584049999999999514e-01
5.334999999999999742e-01 9.586740000000000261e-01
5.360000000000000320e-01 9.589389999999999858e-01
5.384999999999999787e-01 9.592009999999999703e-01
5.410000000000000364e-01 9.594589999999999508e-01
5.434999999999999831e-01 9.597149999999999848e-01
5.460000000000000409e-01 9.599670000000000147e-01
5.484999999999999876e-01 9.602159999999999584e-01
5.510000000000000453e-01 9.604620000000000379e-01
5.534999999999999920e-01 9.607050000000000312e-01
5.560000000000000497e-01 9.609459999999999669e-01
5.584999999999999964e-01 9.611840000000000384e-01
5.610000000000000542e-01 9.614190000000000236e-01
5.635000000000000009e-01 9.616519999999999513e-01
5.659999999999999476e-01 9.618820000000000148e-01
5.685000000000000053e-01 9.621110000000000495e-01
5.709999999999999520e-01 9.623369999999999980e-01
5.735000000000000098e-01 9.625609999999999999e-01
5.759999999999999565e-01 9.627820000000000267e-01
5.785000000000000142e-01 9.630020000000000246e-01
5.809999999999999609e-01 9.632199999999999651e-01
5.835000000000000187e-01 9.634359999999999591e-01
5.859999999999999654e-01 9.636500000000000066e-01
5.885000000000000231e-01 9.638630000000000253e-01
5.909999999999999698e-01 9.640729999999999578e-01
5.935000000000000275e-01 9.642819999999999725e-01
5.959999999999999742e-01 9.644899999999999585e-01
5.985000000000000320e-01 9.646959999999999980e-01
6.009999999999999787e-01 9.648999999999999799e-01
6.035000000000000364e-01 9.651030000000000442e-01
6.059999999999999831e-01 9.653049999999999686e-01
6.085000000000000409e-01 9.655049999999999466e-01
6.109999999999999876e-01 9.657040000000000068e-01
6.135000000000000453e-01 9.659020000000000383e-01
6.159999999999999920e-01 9.660980000000000123e-01
6.185000000000000497e-01 9.662929999999999575e-01
6.209999999999999964e-01 9.664869999999999850e-01
6.235000000000000542e-01 9.666799999999999837e-01
6.260000000000000009e-01 9.668719999999999537e-01
6.284999999999999476e-01 9.670630000000000059e-01
6.310000000000000053e-01 9.672520000000000007e-01
6.334999999999999520e-01 9.674409999999999954e-01
6.360000000000000098e-01 9.676280000000000436e-01
6.384999999999999565e-01 9.678149999999999809e-01
6.410000000000000142e-01 9.679999999999999716e-01
6.434999999999999609e-01 9.681849999999999623e-01
6.460000000000000187e-01 9.683690000000000353e-01
6.484999999999999654e-01 9.685510000000000508e-01
6.510000000000000231e-01 9.687329999999999552e-01
6.534999999999999698e-01 9.689140000000000530e-01
6.560000000000000275e-01 9.690940000000000110e-01
6.584999999999999742e-01 9.692739999999999689e-01
6.610000000000000320e-01 9.694519999999999804e-01
6.634999999999999787e-01 9.696299999999999919e-01
6.660000000000000364e-01 9.698059999999999459e-01
6.684999999999999831e-01 9.699820000000000109e-01
6.710000000000000409e-01 9.701570000000000471e-01
6.734999999999999876e-01 9.703319999999999723e-01
6.760000000000000453e-01 9.705049999999999510e-01
6.784999999999999920e-01 9.706780000000000408e-01
6.810000000000000497e-01 9.708499999999999908e-01
6.834999999999999964e-01 9.710210000000000230e-01
6.860000000000000542e-01 9.711920000000000552e-01
6.885000000000000009e-01 9.713610000000000300e-01
6.909999999999999476e-01 9.715300000000000047e-01
6.935000000000000053e-01 9.716979999999999507e-01
6.959999999999999520e-01 9.718660000000000077e-01
6.985000000000000098e-01 9.720320000000000071e-01
7.009999999999999565e-01 9.721980000000000066e-01
7.035000000000000142e-01 9.723640000000000061e-01
7.059999999999999609e-01 9.725279999999999481e-01
7.085000000000000187e-01 9.726920000000000011e-01
7.109999999999999654e-01 9.728539999999999965e-01
7.135000000000000231e-01 9.730170000000000208e-01
7.159999999999999698e-01 9.731779999999999875e-01
7.185000000000000275e-01 9.733389999999999542e-01
7.209999999999999742e-01 9.734990000000000032e-01
7.235000000000000320e-01 9.736580000000000235e-01
7.259999999999999787e-01 9.738160000000000149e-01
7.285000000000000364e-01 9.739740000000000064e-01
7.309999999999999831e-01 9.741309999999999691e-01
7.335000000000000409e-01 9.742870000000000141e-01
7.359999999999999876e-01 9.744420000000000304e-01
7.385000000000000453e-01 9.745970000000000466e-01
7.409999999999999920e-01 9.747500000000000053e-01
7.435000000000000497e-01 9.749029999999999641e-01
7.459999999999999964e-01 9.750560000000000338e-01
7.485000000000000542e-01 9.752070000000000460e-01
7.510000000000000009e-01 9.753579999999999472e-01
7.534999999999999476e-01 9.755080000000000418e-01
7.560000000000000053e-01 9.756569999999999965e-01
7.584999999999999520e-01 9.758050000000000335e-01
7.610000000000000098e-01 9.759529999999999594e-01
7.634999999999999565e-01 9.760990000000000499e-01
7.660000000000000142e-01 9.762450000000000294e-01
7.684999999999999609e-01 9.763899999999999801e-01
7.710000000000000187e-01 9.765350000000000419e-01
7.734999999999999654e-01 9.766780000000000461e-01
7.760000000000000231e-01 9.768210000000000504e-01
7.784999999999999698e-01 9.769630000000000258e-01
7.810000000000000275e-01 9.771039999999999726e-01
7.834999999999999742e-01 9.772440000000000015e-01
7.860000000000000320e-01 9.773830000000000018e-01
7.884999999999999787e-01 9.775220000000000020e-01
7.910000000000000364e-01 9.776599999999999735e-01
7.934999999999999831e-01 9.777970000000000272e-01
7.960000000000000409e-01 9.779330000000000522e-01
7.984999999999999876e-01 9.780680000000000485e-01
8.010000000000000453e-01 9.782020000000000159e-01
8.034999999999999920e-01 9.783359999999999834e-01
8.060000000000000497e-01 9.784690000000000332e-01
8.084999999999999964e-01 9.786010000000000542e-01
8.110000000000000542e-01 9.787320000000000464e-01
8.135000000000000009e-01 9.788620000000000099e-01
8.159999999999999476e-01 9.789909999999999446e-01
8.185000000000000053e-01 9.791199999999999903e-01
8.209999999999999520e-01 9.792469999999999786e-01
8.235000000000000098e-01 9.793739999999999668e-01
8.259999999999999565e-01 9.795000000000000373e-01
8.285000000000000142e-01 9.796249999999999680e-01
8.309999999999999609e-01 9.797500000000000098e-01
8.335000000000000187e-01 9.798729999999999940e-01
8.359999999999999654e-01 9.799959999999999782e-01
8.385000000000000231e-01 9.801180000000000447e-01
8.409999999999999698e-01 9.802389999999999715e-01
8.435000000000000275e-01 9.803589999999999804e-01
8.459999999999999742e-01 9.804779999999999607e-01
8.485000000000000320e-01 9.805970000000000519e-01
8.509999999999999787e-01 9.807139999999999747e-01
8.535000000000000364e-01 9.808310000000000084e-01
8.559999999999999831e-01 9.809470000000000134e-01
8.585000000000000409e-01 9.810619999999999896e-01
8.609999999999999876e-01 9.811760000000000481e-01
8.635000000000000453e-01 9.812899999999999956e-01
8.659999999999999920e-01 9.814030000000000253e-01
8.685000000000000497e-01 9.815139999999999976e-01
8.709999999999999964e-01 9.816249999999999698e-01
8.735000000000000542e-01 9.817360000000000531e-01
8.760000000000000009e-01 9.818449999999999678e-01
8.784999999999999476e-01 9.819539999999999935e-01
8.810000000000000053e-01 9.820619999999999905e-01
8.834999999999999520e-01 9.821689999999999587e-01
8.860000000000000098e-01 9.822750000000000092e-01
8.884999999999999565e-01 9.823800000000000310e-01
8.910000000000000142e-01 9.824850000000000527e-01
8.934999999999999609e-01 9.825890000000000457e-01
8.960000000000000187e-01 9.826920000000000099e-01
8.984999999999999654e-01 9.827939999999999454e-01
9.010000000000000231e-01 9.828959999999999919e-01
9.034999999999999698e-01 9.829970000000000097e-01
9.060000000000000275e-01 9.830969999999999986e-01
9.084999999999999742e-01 9.831959999999999589e-01
9.110000000000000320e-01 9.832950000000000301e-01
9.134999999999999787e-01 9.833929999999999616e-01
9.160000000000000364e-01 9.834899999999999753e-01
9.184999999999999831e-01 9.835859999999999603e-01
9.210000000000000409e-01 9.836819999999999453e-01
9.234999999999999876e-01 9.837770000000000126e-01
9.260000000000000453e-01 9.838710000000000511e-01
9.284999999999999920e-01 9.839649999999999785e-01
9.310000000000000497e-01 9.840579999999999883e-01
9.334999999999999964e-01 9.841499999999999693e-01
9.360000000000000542e-01 9.842419999999999503e-01
9.385000000000000009e-01 9.843319999999999848e-01
9.409999999999999476e-01 9.844230000000000480e-01
9.435000000000000053e-01 9.845120000000000537e-01
9.459999999999999520e-01 9.846009999999999485e-01
9.485000000000000098e-01 9.846890000000000365e-01
9.509999999999999565e-01 9.847770000000000135e-01
9.535000000000000142e-01 9.848639999999999617e-01
9.559999999999999609e-01 9.849499999999999922e-01
9.585000000000000187e-01 9.850349999999999939e-01
9.609999999999999654e-01 9.851210000000000244e-01
9.635000000000000231e-01 9.852049999999999974e-01
9.659999999999999698e-01 9.852889999999999704e-01
9.685000000000000275e-01 9.853720000000000256e-01
9.709999999999999742e-01 9.854549999999999699e-01
9.735000000000000320e-01 9.855369999999999964e-01
9.759999999999999787e-01 9.856179999999999941e-01
9.785000000000000364e-01 9.856989999999999919e-01
9.809999999999999831e-01 9.857789999999999608e-01
9.835000000000000409e-01 9.858590000000000408e-01
9.859999999999999876e-01 9.859379999999999811e-01
9.885000000000000453e-01 9.860170000000000323e-01
9.909999999999999920e-01 9.860950000000000548e-01
9.935000000000000497e-01 9.861729999999999663e-01
9.959999999999999964e-01 9.862499999999999600e-01
9.985000000000000542e-01 9.863269999999999538e-01
1.000999999999999890e+00 9.864030000000000298e-01
1.003500000000000059e+00 9.864779999999999660e-01
1.006000000000000005e+00 9.865540000000000420e-01
1.008499999999999952e+00 9.866279999999999495e-01
1.010999999999999899e+00 9.867019999999999680e-01
1.013500000000000068e+00 9.867759999999999865e-01
1.016000000000000014e+00 9.868489999999999762e-01
1.018499999999999961e+00 9.869219999999999660e-01
1.020999999999999908e+00 9.869940000000000380e-01
1.023500000000000076e+00 9.870659999999999989e-01
1.026000000000000023e+00 9.871370000000000422e-01
1.028499999999999970e+00 9.872079999999999744e-01
1.030999999999999917e+00 9.872790000000000177e-01
1.033500000000000085e+00 9.873490000000000322e-01
1.036000000000000032e+00 9.874190000000000467e-01
1.038499999999999979e+00 9.874880000000000324e-01
1.040999999999999925e+00 9.875570000000000181e-01
1.043500000000000094e+00 9.876260000000000039e-01
1.046000000000000041e+00 9.876939999999999609e-01
1.048499999999999988e+00 9.877620000000000289e-01
1.050999999999999934e+00 9.878289999999999571e-01
1.053500000000000103e+00 9.878959999999999964e-01
1.056000000000000050e+00 9.879630000000000356e-01
1.058499999999999996e+00 9.880290000000000461e-01
1.060999999999999943e+00 9.880949999999999456e-01
1.063499999999999890e+00 9.881600000000000383e-01
1.066000000000000059e+00 9.882260000000000488e-01
1.068500000000000005e+00 9.882900000000000018e-01
1.070999999999999952e+00 9.883549999999999836e-01
1.073499999999999899e+00 9.884190000000000476e-01
1.076000000000000068e+00 9.884830000000000005e-01
1.078500000000000014e+00 9.885469999999999535e-01
1.080999999999999961e+00 9.886099999999999888e-01
1.083499999999999908e+00 9.886730000000000240e-01
1.086000000000000076e+00 9.887359999999999483e-01
1.088500000000000023e+00 9.887979999999999547e-01
1.090999999999999970e+00 9.888599999999999612e-01
1.093499999999999917e+00 9.889219999999999677e-01
1.096000000000000085e+00 9.889839999999999742e-01
1.098500000000000032e+00 9.890449999999999520e-01
1.100999999999999979e+00 9.891060000000000407e-01
1.103499999999999925e+00 9.891670000000000185e-01
1.106000000000000094e+00 9.892269999999999675e-01
1.108500000000000041e+00 9.892870000000000275e-01
1.110999999999999988e+00 9.893469999999999764e-01
1.113499999999999934e+00 9.894070000000000364e-01
1.116000000000000103e+00 9.894669999999999854e-01
1.118500000000000050e+00 9.895260000000000167e-01
1.120999999999999996e+00 9.895850000000000479e-01
1.123499999999999943e+00 9.896439999999999682e-01
1.125999999999999890e+00 9.897019999999999706e-01
1.128500000000000059e+00 9.897599999999999731e-01
1.131000000000000005e+00 9.898190000000000044e-01
1.133499999999999952e+00 9.898759999999999781e-01
1.135999999999999899e+00 9.899339999999999806e-01
1.138500000000000068e+00 9.899919999999999831e-01
1.141000000000000014e+00 9.900489999999999569e-01
1.143499999999999961e+00 9.901060000000000416e-01
1.145999999999999908e+00 9.901630000000000154e-01
1.148500000000000076e+00 9.902189999999999603e-01
1.151000000000000023e+00 9.902760000000000451e-01
1.153499999999999970e+00 9.903319999999999901e-01
1.155999999999999917e+00 9.903880000000000461e-01
1.158500000000000085e+00 9.904439999999999911e-01
1.161000000000000032e+00 9.904990000000000183e-01
1.163499999999999979e+00 9.905549999999999633e-01
1.165999999999999925e+00 9.906099999999999905e-01
1.168500000000000094e+00 9.906650000000000178e-01
1.171000000000000041e+00 9.907200000000000450e-01
1.173499999999999988e+00 9.907749999999999613e-01
1.175999999999999934e+00 9.908289999999999598e-01
1.178500000000000103e+00 9.908839999999999870e-01
1.181000000000000050e+00 9.909379999999999855e-01
1.183499999999999996e+00 9.909919999999999840e-01
1.185999999999999943e+00 9.910459999999999825e-01
1.188499999999999890e+00 9.910999999999999810e-01
1.191000000000000059e+00 9.911529999999999507e-01
1.193500000000000005e+00 9.912069999999999492e-01
1.195999999999999952e+00 9.912600000000000300e-01
1.198499999999999899e+00 9.913129999999999997e-01
1.201000000000000068e+00 9.913659999999999695e-01
1.203500000000000014e+00 9.914190000000000502e-01
1.205999999999999961e+00 9.914709999999999912e-01
1.208499999999999908e+00 9.915239999999999609e-01
1.211000000000000076e+00 9.915760000000000129e-01
1.213500000000000023e+00 9.916279999999999539e-01
1.215999999999999970e+00 9.916800000000000059e-01
1.218499999999999917e+00 9.917319999999999469e-01
1.221000000000000085e+00 9.917839999999999989e-01
1.223500000000000032e+00 9.918350000000000222e-01
1.225999999999999979e+00 9.918869999999999632e-01
1.228499999999999925e+00 9.919379999999999864e-01
1.231000000000000094e+00 9.919890000000000096e-01
1.233500000000000041e+00 9.920400000000000329e-01
1.235999999999999988e+00 9.920909999999999451e-01
1.238499999999999934e+00 9.921410000000000506e-01
1.241000000000000103e+00 9.921919999999999629e-01
1.243500000000000050e+00 9.922419999999999574e-01
1.245999999999999996e+00 9.922919999999999519e-01
1.248499999999999943e+00 9.923419999999999463e-01
1.250999999999999890e+00 9.923920000000000519e-01
1.253500000000000059e+00 9.924420000000000464e-01
1.256000000000000005e+00 9.924920000000000408e-01
1.258499999999999952e+00 9.925410000000000066e-01
1.260999999999999899e+00 9.925899999999999723e-01
1.263500000000000068e+00 9.926399999999999668e-01
1.266000000000000014e+00 9.926890000000000436e-01
1.268499999999999961e+00 9.927380000000000093e-01
1.270999999999999908e+00 9.927859999999999463e-01
1.273500000000000076e+00 9.928350000000000231e-01
1.276000000000000023e+00 9.928829999999999600e-01
1.278499999999999970e+00 9.929320000000000368e-01
1.280999999999999917e+00 9.929799999999999738e-01
1.283500000000000085e+00 9.930280000000000218e-01
1.286000000000000032e+00 9.930759999999999588e-01
1.288499999999999979e+00 9.931229999999999780e-01
1.290999999999999925e+00 9.931710000000000260e-01
1.293500000000000094e+00 9.932180000000000453e-01
1.296000000000000041e+00 9.932659999999999823e-01
1.298499999999999988e+00 9.933130000000000015e-01
1.300999999999999934e+00 9.933600000000000207e-01
1.303500000000000103e+00 9.934070000000000400e-01
1.306000000000000050e+00 9.934530000000000305e-01
1.308499999999999996e+00 9.935000000000000497e-01
1.310999999999999943e+00 9.935460000000000402e-01
1.313499999999999890e+00 9.935920000000000307e-01
1.316000000000000059e+00 9.936380000000000212e-01
1.318500000000000005e+00 9.936840000000000117e-01
1.320999999999999952e+00 9.937300000000000022e-01
1.323499999999999899e+00 9.937759999999999927e-01
1.326000000000000068e+00 9.938209999999999544e-01
1.328500000000000014e+00 9.938669999999999449e-01
1.330999999999999961e+00 9.939120000000000177e-01
1.333499999999999908e+00 9.939569999999999794e-01
1.336000000000000076e+00 9.940010000000000234e-01
1.338500000000000023e+00 9.940459999999999852e-01
1.340999999999999970e+00 9.940909999999999469e-01
1.343499999999999917e+00 9.941349999999999909e-01
1.346000000000000085e+00 9.941790000000000349e-01
1.348500000000000032e+00 9.942229999999999679e-01
1.350999999999999979e+00 9.942670000000000119e-01
1.353499999999999925e+00 9.943109999999999449e-01
1.356000000000000094e+00 9.943539999999999601e-01
1.358500000000000041e+00 9.943980000000000041e-01
1.360999999999999988e+00 9.944410000000000194e-01
1.363499999999999934e+00 9.944840000000000346e-01
1.366000000000000103e+00 9.945270000000000499e-01
1.368500000000000050e+00 9.945699999999999541e-01
1.370999999999999996e+00 9.946120000000000516e-01
1.373499999999999943e+00 9.946549999999999558e-01
1.375999999999999890e+00 9.946970000000000534e-01
1.378500000000000059e+00 9.947390000000000398e-01
1.381000000000000005e+00 9.947810000000000263e-01
1.383499999999999952e+00 9.948219999999999841e-01
1.385999999999999899e+00 9.948639999999999706e-01
1.388500000000000068e+00 9.949050000000000393e-01
1.391000000000000014e+00 9.949470000000000258e-01
1.393499999999999961e+00 9.949879999999999836e-01
1.395999999999999908e+00 9.950290000000000523e-01
1.398500000000000076e+00 9.950689999999999813e-01
1.401000000000000023e+00 9.951100000000000501e-01
1.403499999999999970e+00 9.951499999999999790e-01
1.405999999999999917e+00 9.951900000000000190e-01
1.408500000000000085e+00 9.952299999999999480e-01
1.411000000000000032e+00 9.952699999999999880e-01
1.413499999999999979e+00 9.953100000000000280e-01
1.415999999999999925e+00 9.953490000000000393e-01
1.418500000000000094e+00 9.953889999999999683e-01
1.421000000000000041e+00 9.954279999999999795e-01
1.423499999999999988e+00 9.954669999999999908e-01
1.425999999999999934e+00 9.955060000000000020e-01
1.428500000000000103e+00 9.955439999999999845e-01
1.431000000000000050e+00 9.955829999999999957e-01
1.433499999999999996e+00 9.956209999999999782e-01
1.435999999999999943e+00 9.956589999999999607e-01
1.438499999999999890e+00 9.956970000000000542e-01
1.441000000000000059e+00 9.957350000000000367e-01
1.443500000000000005e+00 9.957730000000000192e-01
1.445999999999999952e+00 9.958099999999999730e-01
1.448499999999999899e+00 9.958470000000000377e-01
1.451000000000000068e+00 9.958839999999999915e-01
1.453500000000000014e+00 9.959209999999999452e-01
1.455999999999999961e+00 9.959580000000000100e-01
1.458499999999999908e+00 9.959940000000000460e-01
1.461000000000000076e+00 9.960309999999999997e-01
1.463500000000000023e+00 9.960670000000000357e-01
1.465999999999999970e+00 9.961029999999999607e-01
1.468499999999999917e+00 9.961389999999999967e-01
1.471000000000000085e+00 9.961750000000000327e-01
1.473500000000000032e+00 9.962100000000000399e-01
1.475999999999999979e+00 9.962450000000000472e-01
1.478499999999999925e+00 9.962809999999999722e-01
1.481000000000000094e+00 9.963159999999999794e-01
1.483500000000000041e+00 9.963499999999999579e-01
1.485999999999999988e+00 9.963849999999999651e-01
1.488499999999999934e+00 9.964199999999999724e-01
1.491000000000000103e+00 9.964539999999999509e-01
1.493500000000000050e+00 9.964880000000000404e-01
1.495999999999999996e+00 9.965220000000000189e-01
1.498499999999999943e+00 9.965559999999999974e-01
1.500999999999999890e+00 9.965889999999999471e-01
1.503500000000000059e+00 9.966230000000000366e-01
1.506000000000000005e+00 9.966559999999999864e-01
1.508499999999999952e+00 9.966890000000000471e-01
1.510999999999999899e+00 9.967219999999999969e-01
1.513500000000000068e+00 9.967549999999999466e-01
1.516000000000000014e+00 9.967869999999999786e-01
1.518499999999999961e+00 9.968200000000000394e-01
1.520999999999999908e+00 9.968519999999999603e-01
1.523500000000000076e+00 9.968839999999999923e-01
1.526000000000000023e+00 9.969160000000000244e-01
1.528499999999999970e+00 9.969479999999999453e-01
1.530999999999999917e+00 9.969799999999999773e-01
1.533500000000000085e+00 9.970109999999999806e-01
1.536000000000000032e+00 9.970419999999999838e-01
1.538499999999999979e+00 9.970729999999999871e-01
1.540999999999999925e+00 9.971039999999999903e-01
1.543500000000000094e+00 9.971349999999999936e-01
1.546000000000000041e+00 9.971659999999999968e-01
1.548499999999999988e+00 9.971959999999999713e-01
1.550999999999999934e+00 9.972269999999999746e-01
1.553500000000000103e+00 9.972569999999999490e-01
1.556000000000000050e+00 9.972870000000000346e-01
1.558499999999999996e+00 9.973170000000000091e-01
1.560999999999999943e+00 9.973459999999999548e-01
1.563499999999999890e+00 9.973760000000000403e-01
1.566000000000000059e+00 9.974049999999999860e-01
1.568500000000000005e+00 9.974340000000000428e-01
1.570999999999999952e+00 9.974629999999999885e-01
1.573499999999999899e+00 9.974920000000000453e-01
1.576000000000000068e+00 9.975209999999999910e-01
1.578500000000000014e+00 9.975490000000000190e-01
1.580999999999999961e+00 9.975779999999999648e-01
1.583499999999999908e+00 9.976059999999999928e-01
1.586000000000000076e+00 9.976340000000000208e-01
1.588500000000000023e+00 9.976620000000000488e-01
1.590999999999999970e+00 9.976899999999999658e-01
1.593499999999999917e+00 9.977179999999999938e-01
1.596000000000000085e+00 9.977449999999999930e-01
1.598500000000000032e+00 9.977730000000000210e-01
1.600999999999999979e+00 9.978000000000000203e-01
1.603499999999999925e+00 9.978270000000000195e-01
1.606000000000000094e+00 9.978540000000000187e-01
1.608500000000000041e+00 9.978810000000000180e-01
1.610999999999999988e+00 9.979069999999999885e-01
1.613499999999999934e+00 9.979339999999999877e-01
1.616000000000000103e+00 9.979599999999999582e-01
1.618500000000000050e+00 9.979860000000000397e-01
1.620999999999999996e+00 9.980130000000000390e-01
1.623499999999999943e+00 9.980379999999999807e-01
1.625999999999999890e+00 9.980639999999999512e-01
1.628500000000000059e+00 9.980900000000000327e-01
1.631000000000000005e+00 9.981149999999999745e-01
1.633499999999999952e+00 9.981409999999999449e-01
1.635999999999999899e+00 9.981659999999999977e-01
1.638500000000000068e+00 9.981910000000000505e-01
1.641000000000000014e+00 9.982159999999999922e-01
1.643499999999999961e+00 9.982410000000000450e-01
1.645999999999999908e+00 9.982649999999999579e-01
1.648500000000000076e+00 9.982900000000000107e-01
1.651000000000000023e+00 9.983140000000000347e-01
1.653499999999999970e+00 9.983389999999999764e-01
1.655999999999999917e+00 9.983630000000000004e-01
1.658500000000000085e+00 9.983870000000000244e-01
1.661000000000000032e+00 9.984110000000000484e-01
1.663499999999999979e+00 9.984340000000000437e-01
1.665999999999999925e+00 9.984579999999999567e-01
1.668500000000000094e+00 9.984809999999999519e-01
1.671000000000000041e+00 9.985049999999999759e-01
1.673499999999999988e+00 9.985279999999999712e-01
1.675999999999999934e+00 9.985509999999999664e-01
1.678500000000000103e+00 9.985739999999999617e-01
1.681000000000000050e+00 9.985960000000000392e-01
1.683499999999999996e+00 9.986190000000000344e-01
1.685999999999999943e+00 9.986420000000000297e-01
1.688499999999999890e+00 9.986639999999999961e-01
1.691000000000000059e+00 9.986859999999999626e-01
1.693500000000000005e+00 9.987080000000000402e-01
1.695999999999999952e+00 9.987300000000000066e-01
1.698499999999999899e+00 9.987519999999999731e-01
1.701000000000000068e+00 9.987740000000000506e-01
1.703500000000000014e+00 9.987949999999999884e-01
1.705999999999999961e+00 9.988169999999999549e-01
1.708499999999999908e+00 9.988380000000000036e-01
1.711000000000000076e+00 9.988590000000000524e-01
1.713500000000000023e+00 9.988799999999999901e-01
1.715999999999999970e+00 9.989010000000000389e-01
1.718499999999999917e+00 9.989219999999999766e-01
1.721000000000000085e+00 9.989430000000000254e-01
1.723500000000000032e+00 9.989630000000000454e-01
1.725999999999999979e+00 9.989829999999999544e-01
1.728499999999999925e+00 9.990040000000000031e-01
1.731000000000000094e+00 9.990240000000000231e-01
1.733500000000000041e+00 9.990430000000000144e-01
1.735999999999999988e+00 9.990630000000000344e-01
1.738499999999999934e+00 9.990830000000000544e-01
1.741000000000000103e+00 9.991020000000000456e-01
1.743500000000000050e+00 9.991219999999999546e-01
1.745999999999999996e+00 9.991409999999999458e-01
1.748499999999999943e+00 9.991600000000000481e-01
1.750999999999999890e+00 9.991790000000000393e-01
1.753500000000000059e+00 9.991980000000000306e-01
1.756000000000000005e+00 9.992159999999999931e-01
1.758499999999999952e+00 9.992349999999999843e-01
1.760999999999999899e+00 9.992529999999999468e-01
1.763500000000000068e+00 9.992710000000000203e-01
1.766000000000000014e+00 9.992889999999999828e-01
1.768499999999999961e+00 9.993069999999999453e-01
1.770999999999999908e+00 9.993250000000000188e-01
1.773500000000000076e+00 9.993419999999999526e-01
1.776000000000000023e+00 9.993600000000000261e-01
1.778499999999999970e+00 9.993769999999999598e-01
1.780999999999999917e+00 9.993940000000000046e-01
1.783500000000000085e+00 9.994110000000000493e-01
1.786000000000000032e+00 9.994279999999999831e-01
1.788499999999999979e+00 9.994439999999999991e-01
1.790999999999999925e+00 9.994610000000000438e-01
1.793500000000000094e+00 9.994769999999999488e-01
1.796000000000000041e+00 9.994929999999999648e-01
1.798499999999999988e+00 9.995089999999999808e-01
1.800999999999999934e+00 9.995249999999999968e-01
1.803500000000000103e+00 9.995399999999999840e-01
1.806000000000000050e+00 9.995549999999999713e-01
1.808499999999999996e+00 9.995709999999999873e-01
1.810999999999999943e+00 9.995849999999999458e-01
1.813499999999999890e+00 9.996000000000000441e-01
1.816000000000000059e+00 9.996150000000000313e-01
1.818500000000000005e+00 9.996289999999999898e-01
1.820999999999999952e+00 9.996429999999999483e-01
1.823499999999999899e+00 9.996570000000000178e-01
1.826000000000000068e+00 9.996709999999999763e-01
1.828500000000000014e+00 9.996850000000000458e-01
1.830999999999999961e+00 9.996979999999999755e-01
1.833499999999999908e+00 9.997110000000000163e-01
1.836000000000000076e+00 9.997239999999999460e-01
1.838500000000000023e+00 9.997369999999999868e-01
1.840999999999999970e+00 9.997489999999999988e-01
1.843499999999999917e+00 9.997610000000000108e-01
1.846000000000000085e+00 9.997730000000000228e-01
1.848500000000000032e+00 9.997850000000000348e-01
1.850999999999999979e+00 9.997960000000000180e-01
1.853499999999999925e+00 9.998070000000000013e-01
1.856000000000000094e+00 9.998179999999999845e-01
1.858500000000000041e+00 9.998289999999999678e-01
1.860999999999999988e+00 9.998399999999999510e-01
1.863499999999999934e+00 9.998500000000000165e-01
1.866000000000000103e+00 9.998599999999999710e-01
1.868500000000000050e+00 9.998690000000000078e-01
1.870999999999999996e+00 9.998789999999999623e-01
1.873499999999999943e+00 9.998879999999999990e-01
1.875999999999999890e+00 9.998960000000000070e-01
1.878500000000000059e+00 9.999050000000000438e-01
1.881000000000000005e+00 9.999130000000000518e-01
1.883499999999999952e+00 9.999209999999999487e-01
1.885999999999999899e+00 9.999280000000000390e-01
1.888500000000000068e+00 9.999350000000000183e-01
1.891000000000000014e+00 9.999419999999999975e-01
1.893499999999999961e+00 9.999489999999999768e-01
1.895999999999999908e+00 9.999550000000000383e-01
1.898500000000000076e+00 9.999609999999999888e-01
1.901000000000000023e+00 9.999660000000000215e-01
1.903499999999999970e+00 9.999710000000000543e-01
1.905999999999999917e+00 9.999759999999999760e-01
1.908500000000000085e+00 9.999799999999999800e-01
1.911000000000000032e+00 9.999839999999999840e-01
1.913499999999999979e+00 9.999879999999999880e-01
1.915999999999999925e+00 9.999909999999999632e-01
1.918500000000000094e+00 9.999930000000000208e-01
1.921000000000000041e+00 9.999959999999999960e-01
1.923499999999999988e+00 9.999970000000000248e-01
1.925999999999999934e+00 9.999989999999999712e-01
1.928500000000000103e+00 1.000000000000000000e+00
1.931000000000000050e+00 1.000000000000000000e+00
1.933499999999999996e+00 1.000000000000000000e+00
1.935999999999999943e+00 1.000000000000000000e+00
1.938499999999999890e+00 9.999989999999999712e-01
1.941000000000000059e+00 9.999980000000000535e-01
1.943500000000000005e+00 9.999959999999999960e-01
1.945999999999999952e+00 9.999940000000000495e-01
1.948499999999999899e+00 9.999909999999999632e-01
1.951000000000000068e+00 9.999869999999999592e-01
1.953500000000000014e+00 9.999829999999999552e-01
1.955999999999999961e+00 9.999789999999999512e-01
1.958499999999999908e+00 9.999740000000000295e-01
1.961000000000000076e+00 9.999679999999999680e-01
1.963500000000000023e+00 9.999620000000000175e-01
1.965999999999999970e+00 9.999550000000000383e-01
1.968499999999999917e+00 9.999479999999999480e-01
1.971000000000000085e+00 9.999400000000000510e-01
1.973500000000000032e+00 9.999310000000000143e-01
1.975999999999999979e+00 9.999219999999999775e-01
1.978499999999999925e+00 9.999120000000000230e-01
1.981000000000000094e+00 9.999019999999999575e-01
1.983500000000000041e+00 9.998909999999999743e-01
1.985999999999999988e+00 9.998789999999999623e-01
1.988499999999999934e+00 9.998660000000000325e-01
1.991000000000000103e+00 9.998529999999999918e-01
1.993500000000000050e+00 9.998399999999999510e-01
1.995999999999999996e+00 9.998249999999999638e-01
1.998499999999999943e+00 9.998099999999999765e-01
2.000999999999999890e+00 9.997939999999999605e-01
2.003499999999999837e+00 9.997779999999999445e-01
2.005999999999999783e+00 9.997599999999999820e-01
2.008500000000000174e+00 9.997420000000000195e-01
2.011000000000000121e+00 9.997239999999999460e-01
2.013500000000000068e+00 9.997040000000000370e-01
2.016000000000000014e+00 9.996840000000000170e-01
2.018499999999999961e+00 9.996629999999999683e-01
2.020999999999999908e+00 9.996420000000000305e-01
2.023499999999999854e+00 9.996190000000000353e-01
2.025999999999999801e+00 9.995960000000000401e-01
2.028500000000000192e+00 9.995720000000000161e-01
2.031000000000000139e+00 9.995479999999999920e-01
2.033500000000000085e+00 9.995230000000000503e-01
2.036000000000000032e+00 9.994969999999999688e-01
2.038499999999999979e+00 9.994699999999999696e-01
2.040999999999999925e+00 9.994429999999999703e-01
2.043499999999999872e+00 9.994150000000000533e-01
2.045999999999999819e+00 9.993859999999999966e-01
2.048500000000000210e+00 9.993570000000000508e-01
2.051000000000000156e+00 9.993260000000000476e-01
2.053500000000000103e+00 9.992959999999999621e-01
2.056000000000000050e+00 9.992640000000000411e-01
2.058499999999999996e+00 9.992330000000000378e-01
2.060999999999999943e+00 9.991999999999999771e-01
2.063499999999999890e+00 9.991670000000000273e-01
2.065999999999999837e+00 9.991330000000000489e-01
2.068499999999999783e+00 9.990989999999999593e-01
2.071000000000000174e+00 9.990649999999999809e-01
2.073500000000000121e+00 9.990299999999999736e-01
2.076000000000000068e+00 9.989940000000000486e-01
2.078500000000000014e+00 9.989590000000000414e-01
2.080999999999999961e+00 9.989230000000000054e-01
2.083499999999999908e+00 9.988860000000000516e-01
2.085999999999999854e+00 9.988500000000000156e-01
2.088499999999999801e+00 9.988129999999999509e-01
2.091000000000000192e+00 9.987759999999999971e-01
2.093500000000000139e+00 9.987380000000000146e-01
2.096000000000000085e+00 9.987009999999999499e-01
2.098500000000000032e+00 9.986639999999999961e-01
2.100999999999999979e+00 9.986270000000000424e-01
2.103499999999999925e+00 9.985899999999999777e-01
2.105999999999999872e+00 9.985530000000000239e-01
2.108499999999999819e+00 9.985159999999999592e-01
2.111000000000000210e+00 9.984800000000000342e-01
2.113500000000000156e+00 9.984439999999999982e-01
2.116000000000000103e+00 9.984079999999999622e-01
2.118500000000000050e+00 9.983729999999999549e-01
2.120999999999999996e+00 9.983379999999999477e-01
2.123499999999999943e+00 9.983039999999999692e-01
2.125999999999999890e+00 9.982699999999999907e-01
2.128499999999999837e+00 9.982370000000000410e-01
2.130999999999999783e+00 9.982050000000000090e-01
2.133500000000000174e+00 9.981740000000000057e-01
2.136000000000000121e+00 9.981440000000000312e-01
2.138500000000000068e+00 9.981139999999999457e-01
2.141000000000000014e+00 9.980850000000000000e-01
2.143499999999999961e+00 9.980580000000000007e-01
2.145999999999999908e+00 9.980310000000000015e-01
2.148499999999999854e+00 9.980059999999999487e-01
2.150999999999999801e+00 9.979820000000000357e-01
2.153500000000000192e+00 9.979590000000000405e-01
2.156000000000000139e+00 9.979369999999999630e-01
2.158500000000000085e+00 9.979170000000000540e-01
2.161000000000000032e+00 9.978970000000000340e-01
2.163499999999999979e+00 9.978799999999999892e-01
2.165999999999999925e+00 9.978630000000000555e-01
2.168499999999999872e+00 9.978479999999999572e-01
2.170999999999999819e+00 9.978350000000000275e-01
2.173500000000000210e+00 9.978219999999999867e-01
2.176000000000000156e+00 9.978110000000000035e-01
2.178500000000000103e+00 9.978019999999999667e-01
2.181000000000000050e+00 9.977939999999999587e-01
2.183499999999999996e+00 9.977880000000000082e-01
2.185999999999999943e+00 9.977819999999999467e-01
2.188499999999999890e+00 9.977789999999999715e-01
2.190999999999999837e+00 9.977770000000000250e-01
2.193499999999999783e+00 9.977759999999999962e-01
2.196000000000000174e+00 9.977759999999999962e-01
2.198500000000000121e+00 9.977780000000000538e-01
2.201000000000000068e+00 9.977810000000000290e-01
2.203500000000000014e+00 9.977859999999999507e-01
2.205999999999999961e+00 9.977909999999999835e-01
2.208499999999999908e+00 9.977989999999999915e-01
2.210999999999999854e+00 9.978069999999999995e-01
2.213499999999999801e+00 9.978160000000000363e-01
2.216000000000000192e+00 9.978270000000000195e-01
2.218500000000000139e+00 9.978380000000000027e-01
2.221000000000000085e+00 9.978510000000000435e-01
2.223500000000000032e+00 9.978650000000000020e-01
2.225999999999999979e+00 9.978789999999999605e-01
2.228499999999999925e+00 9.978949999999999765e-01
2.230999999999999872e+00 9.979120000000000212e-01
2.233499999999999819e+00 9.979289999999999550e-01
2.236000000000000210e+00 9.979470000000000285e-01
2.238500000000000156e+00 9.979660000000000197e-01
2.241000000000000103e+00 9.979860000000000397e-01
2.243500000000000050e+00 9.980059999999999487e-01
2.245999999999999996e+00 9.980269999999999975e-01
2.248499999999999943e+00 9.980489999999999640e-01
2.250999999999999890e+00 9.980710000000000415e-01
2.253499999999999837e+00 9.980930000000000080e-01
2.255999999999999783e+00 9.981170000000000320e-01
2.258500000000000174e+00 9.981400000000000272e-01
2.261000000000000121e+00 9.981640000000000512e-01
2.263500000000000068e+00 9.981879999999999642e-01
2.266000000000000014e+00 9.982130000000000170e-01
2.268499999999999961e+00 9.982379999999999587e-01
2.270999999999999908e+00 9.982630000000000114e-01
2.273499999999999854e+00 9.982879999999999532e-01
2.275999999999999801e+00 9.983140000000000347e-01
2.278500000000000192e+00 9.983389999999999764e-01
2.281000000000000139e+00 9.983649999999999469e-01
2.283500000000000085e+00 9.983910000000000284e-01
2.286000000000000032e+00 9.984169999999999989e-01
2.288499999999999979e+00 9.984429999999999694e-01
2.290999999999999925e+00 9.984690000000000509e-01
2.293499999999999872e+00 9.984950000000000214e-01
2.295999999999999819e+00 9.985209999999999919e-01
2.298500000000000210e+00 9.985469999999999624e-01
2.301000000000000156e+00 9.985730000000000439e-01
2.303500000000000103e+00 9.985979999999999857e-01
2.306000000000000050e+00 9.986239999999999561e-01
2.308499999999999996e+00 9.986490000000000089e-01
2.310999999999999943e+00 9.986749999999999794e-01
2.313499999999999890e+00 9.987000000000000322e-01
2.315999999999999837e+00 9.987249999999999739e-01
2.318499999999999783e+00 9.987500000000000266e-01
2.321000000000000174e+00 9.987749999999999684e-01
2.323500000000000121e+00 9.987989999999999924e-01
2.326000000000000068e+00 9.988230000000000164e-01
2.328500000000000014e+00 9.988470000000000404e-01
2.330999999999999961e+00 9.988709999999999534e-01
2.333499999999999908e+00 9.988949999999999774e-01
2.335999999999999854e+00 9.989179999999999726e-01
2.338499999999999801e+00 9.989409999999999679e-01
2.341000000000000192e+00 9.989639999999999631e-01
2.343500000000000139e+00 9.989869999999999584e-01
2.346000000000000085e+00 9.990090000000000359e-01
2.348500000000000032e+00 9.990310000000000024e-01
2.350999999999999979e+00 9.990529999999999688e-01
2.353499999999999925e+00 9.990740000000000176e-01
2.355999999999999872e+00 9.990949999999999553e-01
2.358499999999999819e+00 9.991160000000000041e-01
2.361000000000000210e+00 9.991370000000000529e-01
2.363500000000000156e+00 9.991569999999999618e-01
2.366000000000000103e+00 9.991769999999999818e-01
2.368500000000000050e+00 9.991970000000000018e-01
2.370999999999999996e+00 9.992159999999999931e-01
2.373499999999999943e+00 9.992349999999999843e-01
2.375999999999999890e+00 9.992539999999999756e-01
2.378499999999999837e+00 9.992720000000000491e-01
2.380999999999999783e+00 9.992910000000000403e-01
2.383500000000000174e+00 9.993090000000000028e-01
2.386000000000000121e+00 9.993260000000000476e-01
2.388500000000000068e+00 9.993440000000000101e-01
2.391000000000000014e+00 9.993610000000000548e-01
2.393499999999999961e+00 9.993769999999999598e-01
2.395999999999999908e+00 9.993940000000000046e-01
2.398499999999999854e+00 9.994100000000000206e-01
2.400999999999999801e+00 9.994260000000000366e-01
2.403500000000000192e+00 9.994420000000000526e-01
2.406000000000000139e+00 9.994570000000000398e-01
2.408500000000000085e+00 9.994720000000000271e-01
2.411000000000000032e+00 9.994870000000000143e-01
2.413499999999999979e+00 9.995020000000000016e-01
2.415999999999999925e+00 9.995159999999999600e-01
2.418499999999999872e+00 9.995300000000000296e-01
2.420999999999999819e+00 9.995439999999999880e-01
2.423500000000000210e+00 9.995570000000000288e-01
2.426000000000000156e+00 9.995699999999999585e-01
2.428500000000000103e+00 9.995829999999999993e-01
2.431000000000000050e+00 9.995960000000000401e-01
2.433499999999999996e+00 9.996080000000000521e-01
2.435999999999999943e+00 9.996209999999999818e-01
2.438499999999999890e+00 9.996329999999999938e-01
2.440999999999999837e+00 9.996439999999999770e-01
2.443499999999999783e+00 9.996559999999999890e-01
2.446000000000000174e+00 9.996669999999999723e-01
2.448500000000000121e+00 9.996779999999999555e-01
2.451000000000000068e+00 9.996890000000000498e-01
2.453500000000000014e+00 9.997000000000000330e-01
2.455999999999999961e+00 9.997099999999999875e-01
2.458499999999999908e+00 9.997200000000000530e-01
2.460999999999999854e+00 9.997300000000000075e-01
2.463499999999999801e+00 9.997399999999999620e-01
2.466000000000000192e+00 9.997489999999999988e-01
2.468500000000000139e+00 9.997580000000000355e-01
2.471000000000000085e+00 9.997679999999999900e-01
2.473500000000000032e+00 9.997770000000000268e-01
