3.385000000000000231e-01 2.390770000000000117e-01
3.409600000000000408e-01 2.796130000000000004e-01
3.459600000000000453e-01 2.994959999999999845e-01
3.509600000000000497e-01 3.113620000000000276e-01
3.559599999999999986e-01 3.187099999999999933e-01
3.609600000000000031e-01 3.243530000000000024e-01
3.659599999999999520e-01 3.293300000000000116e-01
3.709599999999999564e-01 3.328630000000000200e-01
3.759599999999999609e-01 3.353119999999999989e-01
3.809599999999999653e-01 3.370659999999999767e-01
3.859599999999999698e-01 3.383320000000000216e-01
3.909599999999999742e-01 3.392950000000000133e-01
3.959599999999999786e-01 3.402769999999999961e-01
4.009599999999999831e-01 3.417049999999999810e-01
4.059599999999999875e-01 3.437250000000000028e-01
4.109599999999999920e-01 3.459999999999999742e-01
4.159599999999999964e-01 3.481179999999999830e-01
4.209600000000000009e-01 3.498839999999999728e-01
4.259600000000000053e-01 3.512609999999999899e-01
4.309600000000000097e-01 3.522700000000000276e-01
4.359600000000000142e-01 3.529370000000000007e-01
4.409600000000000186e-01 3.532930000000000237e-01
4.459600000000000231e-01 3.533789999999999987e-01
4.509600000000000275e-01 3.532509999999999817e-01
4.559600000000000319e-01 3.529939999999999745e-01
4.609600000000000364e-01 3.527159999999999740e-01
4.659600000000000408e-01 3.525260000000000060e-01
4.709600000000000453e-01 3.524999999999999800e-01
4.759600000000000497e-01 3.526549999999999963e-01
4.809599999999999431e-01 3.529439999999999800e-01
4.859599999999999476e-01 3.532899999999999929e-01
4.909599999999999520e-01 3.536199999999999899e-01
4.959599999999999564e-01 3.538899999999999824e-01
5.009599999999999609e-01 3.540749999999999731e-01
5.059599999999999653e-01 3.541730000000000156e-01
5.109599999999999698e-01 3.541880000000000028e-01
5.159599999999999742e-01 3.541320000000000023e-01
5.209599999999999786e-01 3.540130000000000221e-01
5.259599999999999831e-01 3.538410000000000166e-01
5.309599999999999875e-01 3.536250000000000226e-01
5.359599999999999920e-01 3.533769999999999967e-01
5.409599999999999964e-01 3.531090000000000062e-01
5.459600000000000009e-01 3.528370000000000117e-01
5.509600000000000053e-01 3.525809999999999778e-01
5.559600000000000097e-01 3.523620000000000085e-01
5.609600000000000142e-01 3.522020000000000151e-01
5.659600000000000186e-01 3.521199999999999886e-01
5.709600000000000231e-01 3.521259999999999946e-01
5.759600000000000275e-01 3.522210000000000063e-01
5.809600000000000319e-01 3.523930000000000118e-01
5.859600000000000364e-01 3.526199999999999890e-01
5.909600000000000408e-01 3.528729999999999922e-01
5.959600000000000453e-01 3.531179999999999874e-01
6.009600000000000497e-01 3.533270000000000022e-01
6.059599999999999431e-01 3.534729999999999817e-01
6.109599999999999476e-01 3.535380000000000189e-01
6.159599999999999520e-01 3.535079999999999889e-01
6.209599999999999564e-01 3.533780000000000254e-01
6.259599999999999609e-01 3.531440000000000135e-01
6.309599999999999653e-01 3.528069999999999817e-01
6.359599999999999698e-01 3.523669999999999858e-01
6.409599999999999742e-01 3.518260000000000276e-01
6.459599999999999786e-01 3.511870000000000269e-01
6.509599999999999831e-01 3.504510000000000125e-01
6.559599999999999875e-01 3.496190000000000131e-01
6.609599999999999920e-01 3.486920000000000019e-01
6.659599999999999964e-01 3.476710000000000078e-01
6.709600000000000009e-01 3.465570000000000039e-01
6.759600000000000053e-01 3.453490000000000171e-01
6.809600000000000097e-01 3.440480000000000205e-01
6.859600000000000142e-01 3.426560000000000161e-01
6.909600000000000186e-01 3.411730000000000040e-01
6.959600000000000231e-01 3.396000000000000130e-01
7.009600000000000275e-01 3.379400000000000182e-01
7.059600000000000319e-01 3.361930000000000196e-01
7.109599999999999254e-01 3.343630000000000213e-01
7.159600000000000408e-01 3.324469999999999925e-01
7.209599999999999342e-01 3.304500000000000215e-01
7.259600000000000497e-01 3.283679999999999932e-01
7.309599999999999431e-01 3.262030000000000207e-01
7.359600000000000586e-01 3.239509999999999890e-01
7.409599999999999520e-01 3.216129999999999822e-01
7.459600000000000675e-01 3.191860000000000253e-01
7.509599999999999609e-01 3.166700000000000070e-01
7.559600000000000763e-01 3.140649999999999831e-01
7.609599999999999698e-01 3.113739999999999841e-01
7.659600000000000852e-01 3.085959999999999814e-01
7.709599999999999786e-01 3.057389999999999830e-01
7.759599999999999831e-01 3.028069999999999928e-01
7.809599999999999875e-01 2.998080000000000189e-01
7.859599999999999920e-01 2.967500000000000138e-01
7.909599999999999964e-01 2.936420000000000141e-01
7.959600000000000009e-01 2.904939999999999745e-01
8.009600000000000053e-01 2.873140000000000138e-01
8.059600000000000097e-01 2.841130000000000044e-01
8.109600000000000142e-01 2.809010000000000118e-01
8.159600000000000186e-01 2.776859999999999884e-01
8.209600000000000231e-01 2.744779999999999998e-01
8.259600000000000275e-01 2.712829999999999964e-01
8.309600000000000319e-01 2.681100000000000150e-01
8.359599999999999254e-01 2.649650000000000061e-01
8.409600000000000408e-01 2.618539999999999757e-01
8.459600000000000453e-01 2.587820000000000120e-01
8.509600000000000497e-01 2.557530000000000081e-01
8.559600000000000541e-01 2.527730000000000254e-01
8.609600000000000586e-01 2.498430000000000095e-01
8.659599999999999520e-01 2.469659999999999911e-01
8.709599999999999564e-01 2.441439999999999999e-01
8.759599999999999609e-01 2.413790000000000102e-01
8.809599999999999653e-01 2.386729999999999963e-01
8.859599999999999698e-01 2.360260000000000136e-01
8.909599999999999742e-01 2.334380000000000066e-01
8.959599999999999786e-01 2.309080000000000021e-01
9.009599999999999831e-01 2.284400000000000042e-01
9.059599999999999875e-01 2.260290000000000077e-01
9.109599999999999920e-01 2.236769999999999869e-01
9.159599999999999964e-01 2.213809999999999945e-01
9.209600000000000009e-01 2.191420000000000035e-01
9.259600000000000053e-01 2.169580000000000120e-01
9.309600000000000097e-01 2.148259999999999892e-01
9.359600000000000142e-01 2.127469999999999917e-01
9.409600000000000186e-01 2.107179999999999886e-01
9.459600000000000231e-01 2.087370000000000059e-01
9.509600000000000275e-01 2.068029999999999868e-01
9.559600000000000319e-01 2.049140000000000128e-01
9.609600000000000364e-01 2.030700000000000005e-01
9.659600000000000408e-01 2.012660000000000005e-01
9.709600000000000453e-01 1.995039999999999869e-01
9.759600000000000497e-01 1.977829999999999866e-01
9.809600000000000541e-01 1.961009999999999975e-01
9.859600000000000586e-01 1.944579999999999920e-01
9.909599999999999520e-01 1.928549999999999986e-01
9.959599999999999564e-01 1.912899999999999878e-01
1.000960000000000072e+00 1.897689999999999932e-01
1.005959999999999965e+00 1.882870000000000099e-01
1.010959999999999859e+00 1.868479999999999863e-01
1.015959999999999974e+00 1.854520000000000057e-01
1.020960000000000090e+00 1.841029999999999889e-01
1.025959999999999983e+00 1.827999999999999903e-01
1.030959999999999877e+00 1.815450000000000119e-01
1.035959999999999992e+00 1.803430000000000033e-01
1.040960000000000107e+00 1.791939999999999922e-01
1.045960000000000001e+00 1.780980000000000063e-01
1.050959999999999894e+00 1.770589999999999942e-01
1.055960000000000010e+00 1.760770000000000113e-01
1.060960000000000125e+00 1.751550000000000051e-01
1.065960000000000019e+00 1.742940000000000045e-01
1.070959999999999912e+00 1.734940000000000093e-01
1.075960000000000027e+00 1.727569999999999939e-01
1.080960000000000143e+00 1.720849999999999880e-01
1.085960000000000036e+00 1.714759999999999895e-01
1.090959999999999930e+00 1.709309999999999996e-01
1.095960000000000045e+00 1.704519999999999924e-01
1.100960000000000161e+00 1.700369999999999937e-01
1.105960000000000054e+00 1.696880000000000055e-01
1.110959999999999948e+00 1.694019999999999970e-01
1.115959999999999841e+00 1.691819999999999991e-01
1.120959999999999956e+00 1.690240000000000076e-01
1.125960000000000072e+00 1.689299999999999968e-01
1.130959999999999965e+00 1.688959999999999906e-01
1.135959999999999859e+00 1.689239999999999908e-01
1.140959999999999974e+00 1.690109999999999946e-01
1.145960000000000090e+00 1.691539999999999988e-01
1.150959999999999983e+00 1.693540000000000045e-01
1.155959999999999877e+00 1.696100000000000108e-01
1.160959999999999992e+00 1.699170000000000125e-01
1.165960000000000107e+00 1.702760000000000107e-01
1.170960000000000001e+00 1.706830000000000014e-01
1.175959999999999894e+00 1.711370000000000113e-01
1.180960000000000010e+00 1.716320000000000068e-01
1.185960000000000125e+00 1.721719999999999917e-01
1.190960000000000019e+00 1.727470000000000117e-01
1.195959999999999912e+00 1.733580000000000121e-01
1.200960000000000027e+00 1.740039999999999920e-01
1.205960000000000143e+00 1.746790000000000009e-01
1.210960000000000036e+00 1.753810000000000091e-01
1.215959999999999930e+00 1.761060000000000125e-01
1.220960000000000045e+00 1.768500000000000072e-01
1.225960000000000161e+00 1.776119999999999921e-01
1.230960000000000054e+00 1.783839999999999870e-01
1.235959999999999948e+00 1.791669999999999929e-01
1.240959999999999841e+00 1.799550000000000038e-01
1.245959999999999956e+00 1.807459999999999900e-01
1.250960000000000072e+00 1.815360000000000029e-01
1.255959999999999965e+00 1.823190000000000088e-01
1.260959999999999859e+00 1.830940000000000067e-01
1.265959999999999974e+00 1.838579999999999937e-01
1.270960000000000090e+00 1.846029999999999893e-01
1.275959999999999983e+00 1.853319999999999967e-01
1.280959999999999877e+00 1.860420000000000129e-01
1.285959999999999992e+00 1.867230000000000001e-01
1.290960000000000107e+00 1.873789999999999900e-01
1.295960000000000001e+00 1.880070000000000074e-01
1.300959999999999894e+00 1.886029999999999929e-01
1.305960000000000010e+00 1.891670000000000018e-01
1.310960000000000125e+00 1.896980000000000055e-01
1.315960000000000019e+00 1.901909999999999989e-01
1.320959999999999912e+00 1.906490000000000129e-01
1.325960000000000027e+00 1.910699999999999898e-01
1.330960000000000143e+00 1.914559999999999873e-01
1.335960000000000036e+00 1.918030000000000013e-01
1.340959999999999930e+00 1.921180000000000110e-01
1.345959999999999823e+00 1.923980000000000135e-01
1.350960000000000161e+00 1.926430000000000087e-01
1.355960000000000054e+00 1.928570000000000007e-01
1.360959999999999948e+00 1.930409999999999904e-01
1.365959999999999841e+00 1.931960000000000066e-01
1.370960000000000178e+00 1.933249999999999968e-01
1.375960000000000072e+00 1.934279999999999888e-01
1.380959999999999965e+00 1.935109999999999886e-01
1.385959999999999859e+00 1.935729999999999951e-01
1.390960000000000196e+00 1.936209999999999876e-01
1.395960000000000090e+00 1.936549999999999938e-01
1.400959999999999983e+00 1.936720000000000108e-01
1.405959999999999877e+00 1.936879999999999991e-01
1.410960000000000214e+00 1.936950000000000061e-01
1.415960000000000107e+00 1.936970000000000081e-01
1.420960000000000001e+00 1.936990000000000101e-01
1.425959999999999894e+00 1.937049999999999883e-01
1.430959999999999788e+00 1.937119999999999953e-01
1.435960000000000125e+00 1.937300000000000133e-01
1.440960000000000019e+00 1.937530000000000086e-01
1.445959999999999912e+00 1.937899999999999900e-01
1.450959999999999805e+00 1.938419999999999865e-01
1.455960000000000143e+00 1.939079999999999970e-01
1.460960000000000036e+00 1.939919999999999978e-01
1.465959999999999930e+00 1.940969999999999918e-01
1.470959999999999823e+00 1.942240000000000077e-01
1.475960000000000161e+00 1.943709999999999882e-01
1.480960000000000054e+00 1.945439999999999947e-01
1.485959999999999948e+00 1.947409999999999974e-01
1.490959999999999841e+00 1.949690000000000034e-01
1.495960000000000178e+00 1.952220000000000066e-01
1.500960000000000072e+00 1.955060000000000131e-01
1.505959999999999965e+00 1.958199999999999941e-01
1.510959999999999859e+00 1.961650000000000060e-01
1.515960000000000196e+00 1.965419999999999945e-01
1.520960000000000090e+00 1.969529999999999892e-01
1.525959999999999983e+00 1.973939999999999861e-01
1.530959999999999877e+00 1.978699999999999903e-01
1.535960000000000214e+00 1.983779999999999988e-01
1.540960000000000107e+00 1.989209999999999867e-01
1.545960000000000001e+00 1.994990000000000097e-01
1.550959999999999894e+00 2.001100000000000101e-01
1.555959999999999788e+00 2.007520000000000138e-01
1.560960000000000125e+00 2.014299999999999979e-01
1.565960000000000019e+00 2.021399999999999864e-01
1.570959999999999912e+00 2.028840000000000088e-01
1.575959999999999805e+00 2.036580000000000057e-01
1.580960000000000143e+00 2.044630000000000059e-01
1.585960000000000036e+00 2.052990000000000093e-01
1.590959999999999930e+00 2.061649999999999872e-01
1.595959999999999823e+00 2.070579999999999921e-01
1.600960000000000161e+00 2.079759999999999942e-01
1.605960000000000054e+00 2.089229999999999976e-01
1.610959999999999948e+00 2.098919999999999952e-01
1.615959999999999841e+00 2.108869999999999911e-01
1.620960000000000178e+00 2.118970000000000020e-01
1.625960000000000072e+00 2.129290000000000072e-01
1.630959999999999965e+00 2.139770000000000005e-01
1.635959999999999859e+00 2.150390000000000079e-01
1.640960000000000196e+00 2.161150000000000015e-01
1.645960000000000090e+00 2.172000000000000042e-01
1.650959999999999983e+00 2.182870000000000088e-01
1.655959999999999877e+00 2.193829999999999947e-01
1.660960000000000214e+00 2.204790000000000083e-01
1.665959999999999885e+00 2.215719999999999912e-01
1.670960000000000001e+00 2.226609999999999978e-01
1.675959999999999894e+00 2.237409999999999954e-01
1.680959999999999788e+00 2.248110000000000108e-01
1.685959999999999903e+00 2.258630000000000082e-01
1.690960000000000019e+00 2.268950000000000133e-01
1.695959999999999912e+00 2.279059999999999975e-01
1.700959999999999805e+00 2.288900000000000101e-01
1.705959999999999921e+00 2.298439999999999928e-01
1.710960000000000036e+00 2.307629999999999959e-01
1.715959999999999930e+00 2.316449999999999898e-01
1.720959999999999823e+00 2.324849999999999972e-01
1.725959999999999939e+00 2.332839999999999914e-01
1.730960000000000054e+00 2.340280000000000138e-01
1.735959999999999948e+00 2.347229999999999872e-01
1.740959999999999841e+00 2.353639999999999899e-01
1.745959999999999956e+00 2.359439999999999871e-01
1.750960000000000072e+00 2.364650000000000085e-01
1.755959999999999965e+00 2.369179999999999897e-01
1.760959999999999859e+00 2.373069999999999902e-01
1.765959999999999974e+00 2.376270000000000049e-01
1.770960000000000090e+00 2.378730000000000011e-01
1.775959999999999983e+00 2.380500000000000116e-01
1.780959999999999877e+00 2.381479999999999986e-01
1.785959999999999992e+00 2.381709999999999938e-01
1.790959999999999885e+00 2.381199999999999983e-01
1.795960000000000001e+00 2.379900000000000071e-01
1.800959999999999894e+00 2.377809999999999924e-01
1.805959999999999788e+00 2.374950000000000117e-01
1.810959999999999903e+00 2.371350000000000124e-01
1.815960000000000019e+00 2.366959999999999897e-01
1.820959999999999912e+00 2.361850000000000060e-01
1.825959999999999805e+00 2.355980000000000019e-01
1.830959999999999921e+00 2.349370000000000069e-01
1.835960000000000036e+00 2.342069999999999985e-01
1.840959999999999930e+00 2.334110000000000074e-01
1.845959999999999823e+00 2.325450000000000017e-01
1.850959999999999939e+00 2.316209999999999936e-01
1.855960000000000054e+00 2.306330000000000047e-01
1.860959999999999948e+00 2.295860000000000123e-01
1.865959999999999841e+00 2.284809999999999897e-01
1.870959999999999956e+00 2.273280000000000023e-01
1.875960000000000072e+00 2.261259999999999937e-01
1.880959999999999965e+00 2.248739999999999906e-01
1.885959999999999859e+00 2.235810000000000020e-01
1.890959999999999974e+00 2.222500000000000031e-01
1.895960000000000090e+00 2.208809999999999940e-01
1.900959999999999983e+00 2.194780000000000064e-01
1.905959999999999877e+00 2.180449999999999888e-01
1.910959999999999992e+00 2.165849999999999997e-01
1.915959999999999885e+00 2.150980000000000114e-01
1.920960000000000001e+00 2.135950000000000071e-01
1.925959999999999894e+00 2.120650000000000035e-01
1.930959999999999788e+00 2.105239999999999889e-01
1.935959999999999903e+00 2.089699999999999891e-01
1.940960000000000019e+00 2.074020000000000030e-01
1.945959999999999912e+00 2.058290000000000119e-01
1.950959999999999805e+00 2.042460000000000109e-01
1.955959999999999921e+00 2.026620000000000088e-01
1.960960000000000036e+00 2.010730000000000017e-01
1.965959999999999930e+00 1.994859999999999967e-01
1.970959999999999823e+00 1.978999999999999926e-01
1.975959999999999939e+00 1.963159999999999905e-01
1.980960000000000054e+00 1.947389999999999954e-01
1.985959999999999948e+00 1.931650000000000034e-01
1.990959999999999841e+00 1.916019999999999945e-01
1.995959999999999956e+00 1.900469999999999937e-01
2.000960000000000072e+00 1.885000000000000009e-01
2.005959999999999965e+00 1.869649999999999923e-01
2.010959999999999859e+00 1.854419999999999957e-01
2.015959999999999752e+00 1.839310000000000112e-01
2.020960000000000090e+00 1.824359999999999871e-01
2.025959999999999983e+00 1.809540000000000037e-01
2.030959999999999877e+00 1.794850000000000056e-01
2.035960000000000214e+00 1.780339999999999978e-01
2.040960000000000107e+00 1.766000000000000070e-01
2.045960000000000001e+00 1.751800000000000024e-01
2.050959999999999894e+00 1.737789999999999890e-01
2.055959999999999788e+00 1.723919999999999897e-01
2.060959999999999681e+00 1.710210000000000063e-01
2.065960000000000019e+00 1.696709999999999885e-01
2.070959999999999912e+00 1.683369999999999866e-01
2.075959999999999805e+00 1.670210000000000028e-01
2.080960000000000143e+00 1.657240000000000102e-01
2.085960000000000036e+00 1.644420000000000048e-01
2.090959999999999930e+00 1.631789999999999907e-01
2.095959999999999823e+00 1.619319999999999926e-01
2.100959999999999717e+00 1.607030000000000125e-01
2.105960000000000054e+00 1.594919999999999949e-01
2.110959999999999948e+00 1.582959999999999923e-01
2.115959999999999841e+00 1.571190000000000087e-01
2.120960000000000178e+00 1.559550000000000103e-01
2.125960000000000072e+00 1.548039999999999972e-01
2.130959999999999965e+00 1.536760000000000070e-01
2.135959999999999859e+00 1.525600000000000012e-01
2.140959999999999752e+00 1.514590000000000103e-01
2.145960000000000090e+00 1.503710000000000047e-01
2.150959999999999983e+00 1.492989999999999873e-01
2.155959999999999877e+00 1.482420000000000126e-01
2.160960000000000214e+00 1.471939999999999915e-01
2.165960000000000107e+00 1.461560000000000081e-01
2.170960000000000001e+00 1.451349999999999862e-01
2.175959999999999894e+00 1.441260000000000041e-01
2.180959999999999788e+00 1.431240000000000012e-01
2.185959999999999681e+00 1.421310000000000073e-01
2.190960000000000019e+00 1.411560000000000037e-01
2.195959999999999912e+00 1.401830000000000020e-01
2.200959999999999805e+00 1.392180000000000084e-01
2.205960000000000143e+00 1.382589999999999930e-01
2.210960000000000036e+00 1.373080000000000134e-01
2.215959999999999930e+00 1.363649999999999862e-01
2.220959999999999823e+00 1.354239999999999888e-01
2.225959999999999717e+00 1.344879999999999964e-01
2.230960000000000054e+00 1.335580000000000100e-01
2.235959999999999948e+00 1.326299999999999979e-01
2.240959999999999841e+00 1.317000000000000115e-01
2.245960000000000178e+00 1.307730000000000004e-01
2.250960000000000072e+00 1.298429999999999862e-01
2.255959999999999965e+00 1.289119999999999988e-01
2.260959999999999859e+00 1.279810000000000114e-01
2.265959999999999752e+00 1.270469999999999933e-01
2.270960000000000090e+00 1.261029999999999929e-01
2.275959999999999983e+00 1.251649999999999985e-01
2.280959999999999877e+00 1.242150000000000060e-01
2.285960000000000214e+00 1.232580000000000064e-01
2.290960000000000107e+00 1.222909999999999969e-01
2.295960000000000001e+00 1.213179999999999953e-01
2.300959999999999894e+00 1.203329999999999955e-01
2.305959999999999788e+00 1.193359999999999976e-01
2.310959999999999681e+00 1.183260000000000006e-01
2.315960000000000019e+00 1.173020000000000035e-01
2.320959999999999912e+00 1.162669999999999954e-01
2.325959999999999805e+00 1.152159999999999990e-01
2.330960000000000143e+00 1.141419999999999935e-01
2.335960000000000036e+00 1.130570000000000047e-01
2.340959999999999930e+00 1.119509999999999950e-01
2.345959999999999823e+00 1.108289999999999970e-01
2.350959999999999717e+00 1.096749999999999947e-01
2.355960000000000054e+00 1.085160000000000013e-01
2.360959999999999948e+00 1.073199999999999987e-01
2.365960000000000285e+00 1.061109999999999970e-01
2.370960000000000178e+00 1.048790000000000000e-01
2.375960000000000072e+00 1.036230000000000068e-01
2.380959999999999965e+00 1.023389999999999994e-01
2.385959999999999859e+00 1.010270000000000057e-01
2.390959999999999752e+00 9.969500000000000584e-02
2.395960000000000090e+00 9.833600000000000674e-02
2.400959999999999983e+00 9.695499999999999952e-02
2.405960000000000321e+00 9.554300000000000292e-02
2.410960000000000214e+00 9.411100000000000021e-02
2.415960000000000107e+00 9.264999999999999625e-02
2.420960000000000001e+00 9.116599999999999704e-02
2.425959999999999894e+00 8.965299999999999658e-02
2.430959999999999788e+00 8.811900000000000288e-02
2.435959999999999681e+00 8.656600000000000406e-02
2.440960000000000019e+00 8.498400000000000398e-02
2.445959999999999912e+00 8.338399999999999979e-02
2.450960000000000250e+00 8.176400000000000334e-02
2.455960000000000143e+00 8.012299999999999978e-02
2.460960000000000036e+00 7.846499999999999309e-02
2.465959999999999930e+00 7.678400000000000503e-02
2.470959999999999823e+00 7.509100000000000497e-02
2.475959999999999717e+00 7.338999999999999690e-02
2.480960000000000054e+00 7.167300000000000060e-02
2.485959999999999948e+00 6.994799999999999629e-02
2.490960000000000285e+00 6.820199999999999874e-02
2.495960000000000178e+00 6.645600000000000118e-02
2.500960000000000072e+00 6.470700000000000063e-02
2.505959999999999965e+00 6.295499999999999707e-02
2.510959999999999859e+00 6.120099999999999846e-02
2.515959999999999752e+00 5.943999999999999978e-02
2.520960000000000090e+00 5.767900000000000110e-02
2.525959999999999983e+00 5.593000000000000055e-02
2.530960000000000321e+00 5.417600000000000193e-02
2.535960000000000214e+00 5.243899999999999950e-02
2.540960000000000107e+00 5.070700000000000207e-02
2.545960000000000001e+00 4.898199999999999776e-02
2.550959999999999894e+00 4.726999999999999952e-02
2.555959999999999788e+00 4.556500000000000133e-02
2.560959999999999681e+00 4.388500000000000040e-02
2.565960000000000019e+00 4.221300000000000052e-02
2.570959999999999912e+00 4.055199999999999777e-02
2.575960000000000250e+00 3.892000000000000320e-02
2.580960000000000143e+00 3.729999999999999982e-02
2.585960000000000036e+00 3.569699999999999956e-02
2.590959999999999930e+00 3.412099999999999855e-02
2.595959999999999823e+00 3.256400000000000267e-02
2.600959999999999717e+00 3.102600000000000149e-02
2.605960000000000054e+00 2.951900000000000010e-02
2.610959999999999948e+00 2.802999999999999936e-02
2.615960000000000285e+00 2.656299999999999981e-02
2.620960000000000178e+00 2.512100000000000097e-02
2.625960000000000072e+00 2.370600000000000138e-02
2.630959999999999965e+00 2.231999999999999956e-02
2.635959999999999859e+00 2.095100000000000087e-02
2.640959999999999752e+00 1.960599999999999843e-02
2.645960000000000090e+00 1.828700000000000117e-02
2.650959999999999983e+00 1.700199999999999975e-02
2.655960000000000321e+00 1.574000000000000052e-02
2.660960000000000214e+00 1.450100000000000000e-02
2.665960000000000107e+00 1.328700000000000020e-02
2.670960000000000001e+00 1.209799999999999938e-02
2.675959999999999894e+00 1.093500000000000028e-02
2.680959999999999788e+00 9.801999999999999949e-03
2.685959999999999681e+00 8.685000000000000012e-03
2.690960000000000019e+00 7.596999999999999587e-03
2.695959999999999912e+00 6.535000000000000010e-03
2.700960000000000250e+00 5.498000000000000283e-03
2.705960000000000143e+00 4.475999999999999944e-03
2.710960000000000036e+00 3.491000000000000179e-03
2.715959999999999930e+00 2.523000000000000069e-03
2.720959999999999823e+00 1.583999999999999905e-03
2.725959999999999717e+00 6.710000000000000469e-04
2.730960000000000054e+00 3.400000000000000244e-04
2.735959999999999948e+00 1.162000000000000055e-03
2.740960000000000285e+00 2.014000000000000165e-03
2.745960000000000178e+00 2.844000000000000174e-03
2.750960000000000072e+00 3.655999999999999962e-03
2.755959999999999965e+00 4.447000000000000432e-03
2.760959999999999859e+00 5.229000000000000141e-03
2.765959999999999752e+00 5.981000000000000205e-03
2.770960000000000090e+00 6.719000000000000146e-03
2.775959999999999983e+00 7.431000000000000105e-03
2.780960000000000321e+00 8.130999999999999339e-03
2.785960000000000214e+00 8.805000000000000326e-03
2.790960000000000107e+00 9.469999999999999252e-03
2.795960000000000001e+00 1.010600000000000040e-02
2.800959999999999894e+00 1.072999999999999995e-02
2.805959999999999788e+00 1.133499999999999959e-02
2.810959999999999681e+00 1.192900000000000037e-02
2.815960000000000019e+00 1.249899999999999969e-02
2.820959999999999912e+00 1.305500000000000063e-02
2.825960000000000250e+00 1.359400000000000018e-02
2.830960000000000143e+00 1.412399999999999940e-02
2.835960000000000036e+00 1.463399999999999944e-02
2.840959999999999930e+00 1.511700000000000023e-02
2.845959999999999823e+00 1.559999999999999928e-02
2.850959999999999717e+00 1.605699999999999836e-02
2.855960000000000054e+00 1.650400000000000131e-02
2.860959999999999948e+00 1.693300000000000013e-02
2.865960000000000285e+00 1.735499999999999890e-02
2.870960000000000178e+00 1.775600000000000095e-02
2.875960000000000072e+00 1.813999999999999987e-02
2.880959999999999965e+00 1.851600000000000121e-02
2.885959999999999859e+00 1.888000000000000095e-02
2.890959999999999752e+00 1.922499999999999903e-02
2.895960000000000090e+00 1.955900000000000000e-02
2.900959999999999983e+00 1.987999999999999837e-02
2.905960000000000321e+00 2.017899999999999902e-02
2.910960000000000214e+00 2.047200000000000061e-02
2.915960000000000107e+00 2.075400000000000161e-02
2.920960000000000001e+00 2.102000000000000049e-02
2.925959999999999894e+00 2.126899999999999971e-02
2.930959999999999788e+00 2.151300000000000087e-02
2.935959999999999681e+00 2.173699999999999938e-02
2.940960000000000019e+00 2.195300000000000029e-02
2.945959999999999912e+00 2.215699999999999961e-02
2.950960000000000250e+00 2.234699999999999881e-02
2.955960000000000143e+00 2.251699999999999882e-02
2.960960000000000036e+00 2.267600000000000171e-02
2.965959999999999930e+00 2.282999999999999960e-02
2.970959999999999823e+00 2.296799999999999883e-02
2.975959999999999717e+00 2.309200000000000141e-02
2.980960000000000054e+00 2.320300000000000140e-02
2.985959999999999948e+00 2.329900000000000027e-02
2.990960000000000285e+00 2.339400000000000160e-02
2.995960000000000178e+00 2.345600000000000115e-02
3.000960000000000072e+00 2.351800000000000071e-02
3.005959999999999965e+00 2.357000000000000067e-02
3.010959999999999859e+00 2.360699999999999951e-02
3.015959999999999752e+00 2.362500000000000017e-02
3.020960000000000090e+00 2.362900000000000070e-02
3.025959999999999983e+00 2.362500000000000017e-02
3.030960000000000321e+00 2.360500000000000098e-02
3.035960000000000214e+00 2.356799999999999867e-02
3.040960000000000107e+00 2.351900000000000171e-02
3.045960000000000001e+00 2.346600000000000075e-02
3.050959999999999894e+00 2.338799999999999907e-02
3.055959999999999788e+00 2.329600000000000073e-02
3.060959999999999681e+00 2.318900000000000128e-02
3.065960000000000019e+00 2.307199999999999876e-02
3.070959999999999912e+00 2.294099999999999959e-02
3.075960000000000250e+00 2.279399999999999829e-02
3.080960000000000143e+00 2.262300000000000075e-02
3.085960000000000036e+00 2.244099999999999914e-02
3.090959999999999930e+00 2.224200000000000135e-02
3.095959999999999823e+00 2.203199999999999950e-02
3.100959999999999717e+00 2.180500000000000146e-02
3.105960000000000054e+00 2.156200000000000130e-02
3.110959999999999948e+00 2.129699999999999996e-02
3.115960000000000285e+00 2.101799999999999849e-02
3.120960000000000178e+00 2.072900000000000090e-02
3.125960000000000072e+00 2.041700000000000112e-02
3.130959999999999965e+00 2.006900000000000003e-02
3.135959999999999859e+00 1.973099999999999854e-02
3.140959999999999752e+00 1.935800000000000021e-02
3.145960000000000090e+00 1.896799999999999875e-02
3.150959999999999983e+00 1.856000000000000011e-02
3.155960000000000321e+00 1.813700000000000034e-02
3.160960000000000214e+00 1.768499999999999933e-02
3.165960000000000107e+00 1.722399999999999973e-02
3.170960000000000001e+00 1.673499999999999988e-02
3.175959999999999894e+00 1.622399999999999884e-02
3.180959999999999788e+00 1.569699999999999915e-02
3.185959999999999681e+00 1.514800000000000001e-02
3.190960000000000019e+00 1.457899999999999995e-02
3.195959999999999912e+00 1.399300000000000023e-02
3.200960000000000250e+00 1.337799999999999927e-02
3.205960000000000143e+00 1.274800000000000065e-02
3.210960000000000036e+00 1.210400000000000018e-02
3.215959999999999930e+00 1.142600000000000039e-02
3.220959999999999823e+00 1.073200000000000022e-02
3.225959999999999717e+00 1.002399999999999992e-02
3.230960000000000054e+00 9.296000000000000443e-03
3.235959999999999948e+00 8.555000000000000104e-03
3.240960000000000285e+00 7.795999999999999978e-03
3.245960000000000178e+00 7.033000000000000189e-03
3.250960000000000072e+00 6.256000000000000276e-03
3.255959999999999965e+00 5.490000000000000088e-03
3.260959999999999859e+00 4.730999999999999962e-03
3.265959999999999752e+00 4.016999999999999738e-03
3.270960000000000090e+00 3.379000000000000059e-03
3.275959999999999983e+00 2.905000000000000030e-03
3.280960000000000321e+00 2.677000000000000126e-03
3.285960000000000214e+00 2.801000000000000104e-03
3.290960000000000107e+00 3.233000000000000197e-03
3.295960000000000001e+00 3.889000000000000096e-03
3.300959999999999894e+00 4.684999999999999928e-03
3.305959999999999788e+00 5.565999999999999767e-03
3.310959999999999681e+00 6.498000000000000304e-03
3.315960000000000019e+00 7.477000000000000139e-03
3.320959999999999912e+00 8.475999999999999160e-03
3.325960000000000250e+00 9.488999999999999171e-03
3.330960000000000143e+00 1.050500000000000045e-02
3.335960000000000036e+00 1.153700000000000038e-02
3.340959999999999930e+00 1.259599999999999956e-02
3.345959999999999823e+00 1.362700000000000022e-02
3.350959999999999717e+00 1.467599999999999981e-02
3.355960000000000054e+00 1.572099999999999886e-02
3.360959999999999948e+00 1.676599999999999965e-02
3.365960000000000285e+00 1.779599999999999932e-02
3.370960000000000178e+00 1.880599999999999980e-02
3.375960000000000072e+00 1.982400000000000134e-02
3.380959999999999965e+00 2.081699999999999870e-02
3.385959999999999859e+00 2.180400000000000046e-02
3.390959999999999752e+00 2.277500000000000011e-02
3.395960000000000090e+00 2.371499999999999997e-02
3.400959999999999983e+00 2.464999999999999830e-02
3.405960000000000321e+00 2.555199999999999833e-02
3.410960000000000214e+00 2.645899999999999988e-02
3.415960000000000107e+00 2.730300000000000088e-02
3.420960000000000001e+00 2.815499999999999947e-02
3.425959999999999894e+00 2.898900000000000088e-02
3.430959999999999788e+00 2.978599999999999998e-02
3.435959999999999681e+00 3.055700000000000083e-02
3.440960000000000019e+00 3.130800000000000249e-02
3.445959999999999912e+00 3.203199999999999797e-02
3.450960000000000250e+00 3.272900000000000115e-02
3.455960000000000143e+00 3.340699999999999920e-02
3.460960000000000036e+00 3.405099999999999794e-02
3.465959999999999930e+00 3.468500000000000055e-02
3.470959999999999823e+00 3.528499999999999692e-02
3.475959999999999717e+00 3.585900000000000198e-02
3.480960000000000054e+00 3.642399999999999805e-02
3.485959999999999948e+00 3.694299999999999667e-02
3.490960000000000285e+00 3.745799999999999824e-02
3.495960000000000178e+00 3.794299999999999756e-02
3.500960000000000072e+00 3.839999999999999664e-02
3.505959999999999965e+00 3.884499999999999759e-02
3.510959999999999859e+00 3.926700000000000329e-02
3.515959999999999752e+00 3.966900000000000287e-02
3.520960000000000090e+00 4.004699999999999926e-02
3.525959999999999983e+00 4.041000000000000147e-02
3.530960000000000321e+00 4.075800000000000256e-02
3.535960000000000214e+00 4.107700000000000240e-02
3.540960000000000107e+00 4.138599999999999918e-02
3.545960000000000001e+00 4.168000000000000177e-02
3.550959999999999894e+00 4.195700000000000124e-02
3.555959999999999788e+00 4.221099999999999852e-02
3.560959999999999681e+00 4.245600000000000068e-02
3.565960000000000019e+00 4.268399999999999972e-02
3.570959999999999912e+00 4.289599999999999663e-02
3.575960000000000250e+00 4.310200000000000142e-02
3.580960000000000143e+00 4.329800000000000315e-02
3.585960000000000036e+00 4.347399999999999876e-02
3.590959999999999930e+00 4.363600000000000118e-02
3.595959999999999823e+00 4.379299999999999859e-02
3.600959999999999717e+00 4.393299999999999983e-02
3.605960000000000054e+00 4.406999999999999806e-02
3.610959999999999948e+00 4.418799999999999811e-02
3.615960000000000285e+00 4.430300000000000210e-02
3.620960000000000178e+00 4.439699999999999896e-02
3.625960000000000072e+00 4.449899999999999689e-02
3.630959999999999965e+00 4.458199999999999663e-02
3.635959999999999859e+00 4.465100000000000319e-02
3.640959999999999752e+00 4.472000000000000280e-02
3.645960000000000090e+00 4.476999999999999730e-02
3.650959999999999983e+00 4.483499999999999985e-02
3.655960000000000321e+00 4.487499999999999822e-02
3.660960000000000214e+00 4.491200000000000053e-02
3.665960000000000107e+00 4.493899999999999978e-02
3.670960000000000001e+00 4.497000000000000303e-02
3.675959999999999894e+00 4.498100000000000015e-02
3.680960000000000232e+00 4.499299999999999827e-02
3.685960000000000125e+00 4.499500000000000027e-02
3.690960000000000019e+00 4.499399999999999927e-02
3.695959999999999912e+00 4.498400000000000315e-02
3.700960000000000250e+00 4.496800000000000103e-02
3.705960000000000143e+00 4.494299999999999684e-02
3.710960000000000036e+00 4.491699999999999859e-02
3.715959999999999930e+00 4.489100000000000035e-02
3.720960000000000267e+00 4.484699999999999798e-02
3.725960000000000161e+00 4.481500000000000067e-02
3.730960000000000054e+00 4.475200000000000011e-02
3.735959999999999948e+00 4.469599999999999962e-02
3.740960000000000285e+00 4.464499999999999719e-02
3.745960000000000178e+00 4.457300000000000151e-02
3.750960000000000072e+00 4.450300000000000089e-02
3.755959999999999965e+00 4.442000000000000115e-02
3.760960000000000303e+00 4.433000000000000135e-02
3.765960000000000196e+00 4.424499999999999961e-02
3.770960000000000090e+00 4.414499999999999674e-02
3.775959999999999983e+00 4.403499999999999776e-02
3.780960000000000321e+00 4.393099999999999783e-02
3.785960000000000214e+00 4.380400000000000266e-02
3.790960000000000107e+00 4.368699999999999667e-02
3.795960000000000001e+00 4.356000000000000150e-02
3.800959999999999894e+00 4.342100000000000126e-02
3.805960000000000232e+00 4.326900000000000190e-02
3.810960000000000125e+00 4.311000000000000248e-02
3.815960000000000019e+00 4.293999999999999900e-02
3.820959999999999912e+00 4.276300000000000240e-02
3.825960000000000250e+00 4.258499999999999786e-02
3.830960000000000143e+00 4.238100000000000200e-02
3.835960000000000036e+00 4.217800000000000021e-02
3.840959999999999930e+00 4.195900000000000324e-02
3.845960000000000267e+00 4.173999999999999932e-02
3.850960000000000161e+00 4.148600000000000204e-02
3.855960000000000054e+00 4.123399999999999982e-02
3.860959999999999948e+00 4.094899999999999929e-02
3.865960000000000285e+00 4.066299999999999776e-02
3.870960000000000178e+00 4.035699999999999704e-02
3.875960000000000072e+00 4.003700000000000314e-02
3.880959999999999965e+00 3.969299999999999912e-02
3.885960000000000303e+00 3.932299999999999685e-02
3.890960000000000196e+00 3.894700000000000245e-02
3.895960000000000090e+00 3.853600000000000081e-02
3.900959999999999983e+00 3.809699999999999892e-02
3.905960000000000321e+00 3.763400000000000079e-02
3.910960000000000214e+00 3.715600000000000153e-02
3.915960000000000107e+00 3.663399999999999990e-02
3.920960000000000001e+00 3.608600000000000002e-02
3.925959999999999894e+00 3.550199999999999884e-02
3.930960000000000232e+00 3.488499999999999934e-02
3.935960000000000125e+00 3.423500000000000154e-02
3.940960000000000019e+00 3.353199999999999931e-02
3.945959999999999912e+00 3.280899999999999789e-02
3.950960000000000250e+00 3.201400000000000079e-02
3.955960000000000143e+00 3.119500000000000051e-02
3.960960000000000036e+00 3.032599999999999879e-02
3.965959999999999930e+00 2.939200000000000146e-02
3.970960000000000267e+00 2.841600000000000029e-02
3.975960000000000161e+00 2.739600000000000021e-02
3.980960000000000054e+00 2.631199999999999858e-02
3.985959999999999948e+00 2.519100000000000159e-02
3.990960000000000285e+00 2.399199999999999944e-02
3.995960000000000178e+00 2.275800000000000045e-02
4.000960000000000072e+00 2.145999999999999991e-02
4.005959999999999965e+00 2.012100000000000000e-02
4.010960000000000747e+00 1.873299999999999965e-02
4.015959999999999752e+00 1.729299999999999934e-02
4.020960000000000534e+00 1.579399999999999901e-02
4.025959999999999539e+00 1.429000000000000062e-02
4.030960000000000321e+00 1.272900000000000073e-02
4.035960000000000214e+00 1.115000000000000019e-02
4.040960000000000107e+00 9.556999999999999523e-03
4.045960000000000001e+00 7.938999999999999876e-03
4.050959999999999894e+00 6.318999999999999964e-03
4.055960000000000676e+00 4.734000000000000360e-03
4.060959999999999681e+00 3.170000000000000075e-03
4.065960000000000463e+00 1.801000000000000083e-03
4.070959999999999468e+00 1.307000000000000002e-03
4.075960000000000250e+00 2.314999999999999784e-03
4.080960000000000143e+00 3.723000000000000181e-03
4.085960000000000036e+00 5.190000000000000169e-03
4.090959999999999930e+00 6.658999999999999989e-03
4.095959999999999823e+00 8.089999999999999969e-03
4.100960000000000605e+00 9.494999999999999968e-03
4.105959999999999610e+00 1.087600000000000025e-02
4.110960000000000392e+00 1.218100000000000085e-02
4.115960000000000285e+00 1.346100000000000074e-02
4.120960000000000178e+00 1.466800000000000048e-02
4.125960000000000072e+00 1.586100000000000010e-02
4.130959999999999965e+00 1.700099999999999875e-02
4.135960000000000747e+00 1.807599999999999832e-02
4.140959999999999752e+00 1.910500000000000045e-02
4.145960000000000534e+00 2.009299999999999975e-02
4.150959999999999539e+00 2.103400000000000061e-02
4.155960000000000321e+00 2.193600000000000064e-02
4.160960000000000214e+00 2.280000000000000082e-02
4.165960000000000107e+00 2.362500000000000017e-02
4.170960000000000001e+00 2.440300000000000108e-02
4.175959999999999894e+00 2.516300000000000134e-02
4.180960000000000676e+00 2.586400000000000157e-02
4.185959999999999681e+00 2.654000000000000109e-02
4.190960000000000463e+00 2.717800000000000077e-02
4.195959999999999468e+00 2.779500000000000026e-02
4.200960000000000250e+00 2.837800000000000045e-02
4.205960000000000143e+00 2.894499999999999851e-02
4.210960000000000036e+00 2.946999999999999967e-02
4.215959999999999930e+00 2.998500000000000124e-02
4.220959999999999823e+00 3.046499999999999903e-02
4.225960000000000605e+00 3.093200000000000116e-02
4.230959999999999610e+00 3.137600000000000111e-02
4.235960000000000392e+00 3.179200000000000081e-02
4.240960000000000285e+00 3.220800000000000052e-02
4.245960000000000178e+00 3.259100000000000191e-02
4.250960000000000072e+00 3.296199999999999825e-02
4.255959999999999965e+00 3.332399999999999946e-02
4.260960000000000747e+00 3.367599999999999760e-02
4.265959999999999752e+00 3.400399999999999950e-02
4.270960000000000534e+00 3.432500000000000134e-02
4.275959999999999539e+00 3.462699999999999806e-02
4.280960000000000321e+00 3.493299999999999877e-02
4.285960000000000214e+00 3.521599999999999731e-02
4.290960000000000107e+00 3.548799999999999871e-02
4.295960000000000001e+00 3.574999999999999706e-02
4.300959999999999894e+00 3.600199999999999928e-02
4.305960000000000676e+00 3.625199999999999950e-02
4.310959999999999681e+00 3.648699999999999860e-02
4.315960000000000463e+00 3.672000000000000264e-02
4.320959999999999468e+00 3.695400000000000074e-02
4.325960000000000250e+00 3.716300000000000159e-02
4.330960000000000143e+00 3.737599999999999950e-02
4.335960000000000036e+00 3.757599999999999829e-02
4.340959999999999930e+00 3.778100000000000208e-02
4.345959999999999823e+00 3.797600000000000281e-02
4.350960000000000605e+00 3.815299999999999941e-02
4.355959999999999610e+00 3.834499999999999714e-02
4.360960000000000392e+00 3.851899999999999769e-02
4.365959999999999397e+00 3.870099999999999929e-02
4.370960000000000178e+00 3.886599999999999777e-02
4.375960000000000072e+00 3.903700000000000225e-02
4.380959999999999965e+00 3.919299999999999867e-02
4.385960000000000747e+00 3.935099999999999709e-02
4.390959999999999752e+00 3.950800000000000145e-02
4.395960000000000534e+00 3.966100000000000181e-02
4.400959999999999539e+00 3.981099999999999917e-02
4.405960000000000321e+00 3.995300000000000240e-02
4.410959999999999326e+00 4.009700000000000070e-02
4.415960000000000107e+00 4.023899999999999699e-02
4.420960000000000001e+00 4.038100000000000023e-02
4.425959999999999894e+00 4.051400000000000140e-02
4.430960000000000676e+00 4.065200000000000063e-02
4.435959999999999681e+00 4.077100000000000168e-02
4.440960000000000463e+00 4.090699999999999892e-02
4.445959999999999468e+00 4.102800000000000197e-02
4.450960000000000250e+00 4.115300000000000208e-02
4.455959999999999255e+00 4.127200000000000313e-02
4.460960000000000036e+00 4.139500000000000124e-02
4.465959999999999930e+00 4.151500000000000329e-02
4.470959999999999823e+00 4.162400000000000128e-02
4.475960000000000605e+00 4.173799999999999732e-02
4.480959999999999610e+00 4.185699999999999837e-02
4.485960000000000392e+00 4.196799999999999836e-02
4.490959999999999397e+00 4.207500000000000129e-02
4.495960000000000178e+00 4.218399999999999928e-02
4.500960000000000072e+00 4.228599999999999720e-02
4.505959999999999965e+00 4.239400000000000113e-02
4.510960000000000747e+00 4.249700000000000005e-02
4.515959999999999752e+00 4.260300000000000198e-02
4.520960000000000534e+00 4.269799999999999984e-02
4.525959999999999539e+00 4.280799999999999883e-02
4.530960000000000321e+00 4.290599999999999969e-02
4.535959999999999326e+00 4.299900000000000250e-02
4.540960000000000107e+00 4.309600000000000236e-02
4.545960000000000001e+00 4.319400000000000323e-02
4.550959999999999894e+00 4.328900000000000109e-02
4.555960000000000676e+00 4.337300000000000183e-02
4.560959999999999681e+00 4.346300000000000163e-02
4.565960000000000463e+00 4.355099999999999943e-02
4.570959999999999468e+00 4.363600000000000118e-02
4.575960000000000250e+00 4.372800000000000298e-02
4.580959999999999255e+00 4.381199999999999678e-02
4.585960000000000036e+00 4.388800000000000340e-02
4.590959999999999930e+00 4.398200000000000026e-02
4.595959999999999823e+00 4.406000000000000194e-02
4.600960000000000605e+00 4.414099999999999968e-02
4.605959999999999610e+00 4.421900000000000136e-02
