3.385000000000000231e-01 9.711469999999999825e-01
3.410000000000000253e-01 9.606419999999999959e-01
3.435000000000000275e-01 9.545029999999999903e-01
3.459999999999999742e-01 9.505949999999999678e-01
3.484999999999999765e-01 9.481399999999999828e-01
3.509999999999999787e-01 9.465919999999999890e-01
3.534999999999999809e-01 9.452749999999999764e-01
3.559999999999999831e-01 9.440939999999999888e-01
3.584999999999999853e-01 9.430739999999999679e-01
3.609999999999999876e-01 9.421869999999999967e-01
3.634999999999999898e-01 9.414540000000000131e-01
3.659999999999999920e-01 9.409680000000000266e-01
3.684999999999999942e-01 9.408410000000000384e-01
3.709999999999999964e-01 9.410150000000000459e-01
3.734999999999999987e-01 9.411540000000000461e-01
3.760000000000000009e-01 9.409539999999999571e-01
3.785000000000000031e-01 9.403960000000000097e-01
3.810000000000000053e-01 9.396149999999999780e-01
3.835000000000000075e-01 9.387459999999999694e-01
3.860000000000000098e-01 9.378819999999999935e-01
3.885000000000000120e-01 9.370899999999999785e-01
3.910000000000000142e-01 9.364289999999999559e-01
3.935000000000000164e-01 9.359610000000000429e-01
3.960000000000000187e-01 9.357539999999999747e-01
3.985000000000000209e-01 9.358710000000000084e-01
4.010000000000000231e-01 9.363460000000000116e-01
4.035000000000000253e-01 9.371460000000000345e-01
4.060000000000000275e-01 9.381580000000000474e-01
4.084999999999999742e-01 9.392059999999999853e-01
4.109999999999999765e-01 9.401140000000000052e-01
4.134999999999999787e-01 9.407600000000000406e-01
4.159999999999999809e-01 9.410950000000000149e-01
4.184999999999999831e-01 9.411289999999999933e-01
4.209999999999999853e-01 9.409060000000000201e-01
4.234999999999999876e-01 9.404789999999999539e-01
4.259999999999999898e-01 9.399020000000000152e-01
4.284999999999999920e-01 9.392270000000000341e-01
4.309999999999999942e-01 9.385050000000000336e-01
4.334999999999999964e-01 9.377820000000000045e-01
4.359999999999999987e-01 9.371099999999999985e-01
4.385000000000000009e-01 9.365379999999999816e-01
4.410000000000000031e-01 9.361190000000000344e-01
4.435000000000000053e-01 9.359009999999999829e-01
4.460000000000000075e-01 9.359260000000000357e-01
4.485000000000000098e-01 9.362260000000000026e-01
4.510000000000000120e-01 9.368100000000000316e-01
4.535000000000000142e-01 9.376590000000000202e-01
4.560000000000000164e-01 9.387290000000000356e-01
4.585000000000000187e-01 9.399450000000000305e-01
4.610000000000000209e-01 9.412179999999999991e-01
4.635000000000000231e-01 9.424519999999999564e-01
4.660000000000000253e-01 9.435609999999999831e-01
4.685000000000000275e-01 9.444799999999999862e-01
4.709999999999999742e-01 9.451680000000000081e-01
4.734999999999999765e-01 9.456080000000000041e-01
4.759999999999999787e-01 9.458060000000000356e-01
4.784999999999999809e-01 9.457809999999999828e-01
4.809999999999999831e-01 9.455630000000000424e-01
4.834999999999999853e-01 9.451850000000000529e-01
4.859999999999999876e-01 9.446839999999999682e-01
4.884999999999999898e-01 9.440929999999999600e-01
4.909999999999999920e-01 9.434470000000000356e-01
4.934999999999999942e-01 9.427780000000000049e-01
4.959999999999999964e-01 9.421169999999999822e-01
4.984999999999999987e-01 9.414909999999999668e-01
5.010000000000000009e-01 9.409279999999999866e-01
5.034999999999999476e-01 9.404559999999999587e-01
5.060000000000000053e-01 9.400990000000000180e-01
5.084999999999999520e-01 9.398800000000000487e-01
5.110000000000000098e-01 9.398229999999999640e-01
5.134999999999999565e-01 9.399469999999999770e-01
5.160000000000000142e-01 9.402679999999999927e-01
5.184999999999999609e-01 9.407999999999999696e-01
5.210000000000000187e-01 9.415480000000000516e-01
5.234999999999999654e-01 9.425139999999999629e-01
5.260000000000000231e-01 9.436909999999999465e-01
5.284999999999999698e-01 9.450659999999999616e-01
5.310000000000000275e-01 9.466160000000000130e-01
5.334999999999999742e-01 9.483150000000000190e-01
5.360000000000000320e-01 9.501279999999999726e-01
5.384999999999999787e-01 9.520170000000000021e-01
5.410000000000000364e-01 9.539429999999999854e-01
5.434999999999999831e-01 9.558659999999999934e-01
5.460000000000000409e-01 9.577510000000000190e-01
5.484999999999999876e-01 9.595650000000000013e-01
5.510000000000000453e-01 9.612810000000000521e-01
5.534999999999999920e-01 9.628780000000000117e-01
5.560000000000000497e-01 9.643410000000000037e-01
5.584999999999999964e-01 9.656609999999999916e-01
5.610000000000000542e-01 9.668330000000000535e-01
5.635000000000000009e-01 9.678579999999999961e-01
5.659999999999999476e-01 9.687400000000000455e-01
5.685000000000000053e-01 9.694829999999999837e-01
5.709999999999999520e-01 9.700980000000000159e-01
5.735000000000000098e-01 9.705930000000000391e-01
5.759999999999999565e-01 9.709799999999999542e-01
5.785000000000000142e-01 9.712690000000000490e-01
5.809999999999999609e-01 9.714720000000000022e-01
5.835000000000000187e-01 9.716010000000000479e-01
5.859999999999999654e-01 9.716700000000000337e-01
5.885000000000000231e-01 9.716900000000000537e-01
5.909999999999999698e-01 9.716740000000000377e-01
5.935000000000000275e-01 9.716360000000000552e-01
5.959999999999999742e-01 9.715890000000000359e-01
5.985000000000000320e-01 9.715470000000000494e-01
6.009999999999999787e-01 9.715230000000000254e-01
6.035000000000000364e-01 9.715310000000000334e-01
6.059999999999999831e-01 9.715859999999999497e-01
6.085000000000000409e-01 9.717010000000000369e-01
6.109999999999999876e-01 9.718890000000000029e-01
6.135000000000000453e-01 9.721629999999999994e-01
6.159999999999999920e-01 9.725340000000000096e-01
6.185000000000000497e-01 9.730140000000000455e-01
6.209999999999999964e-01 9.736110000000000042e-01
6.235000000000000542e-01 9.743330000000000046e-01
6.260000000000000009e-01 9.751830000000000220e-01
6.284999999999999476e-01 9.761640000000000317e-01
6.310000000000000053e-01 9.772760000000000336e-01
6.334999999999999520e-01 9.785139999999999949e-01
6.360000000000000098e-01 9.798719999999999652e-01
6.384999999999999565e-01 9.813380000000000436e-01
6.410000000000000142e-01 9.829010000000000247e-01
6.434999999999999609e-01 9.845439999999999747e-01
6.460000000000000187e-01 9.862480000000000135e-01
6.484999999999999654e-01 9.879949999999999566e-01
6.510000000000000231e-01 9.897610000000000019e-01
6.534999999999999698e-01 9.915260000000000185e-01
6.560000000000000275e-01 9.932680000000000398e-01
6.584999999999999742e-01 9.949639999999999596e-01
6.610000000000000320e-01 9.965950000000000086e-01
6.634999999999999787e-01 9.981430000000000025e-01
6.660000000000000364e-01 9.995899999999999785e-01
6.684999999999999831e-01 1.000923999999999925e+00
6.710000000000000409e-01 1.002132999999999940e+00
6.734999999999999876e-01 1.003206999999999960e+00
6.760000000000000453e-01 1.004140999999999950e+00
6.784999999999999920e-01 1.004930000000000101e+00
6.810000000000000497e-01 1.005573000000000050e+00
6.834999999999999964e-01 1.006070999999999938e+00
6.860000000000000542e-01 1.006423999999999985e+00
6.885000000000000009e-01 1.006637999999999922e+00
6.909999999999999476e-01 1.006717000000000084e+00
6.935000000000000053e-01 1.006666000000000061e+00
6.959999999999999520e-01 1.006494000000000000e+00
6.985000000000000098e-01 1.006207000000000074e+00
7.009999999999999565e-01 1.005813000000000068e+00
7.035000000000000142e-01 1.005319999999999991e+00
7.059999999999999609e-01 1.004737999999999909e+00
7.085000000000000187e-01 1.004073999999999911e+00
7.109999999999999654e-01 1.003338000000000063e+00
7.135000000000000231e-01 1.002537000000000011e+00
7.159999999999999698e-01 1.001679999999999904e+00
7.185000000000000275e-01 1.000776000000000110e+00
7.209999999999999742e-01 9.998340000000000005e-01
7.235000000000000320e-01 9.988609999999999989e-01
7.259999999999999787e-01 9.978660000000000307e-01
7.285000000000000364e-01 9.968559999999999643e-01
7.309999999999999831e-01 9.958399999999999475e-01
7.335000000000000409e-01 9.948259999999999881e-01
7.359999999999999876e-01 9.938209999999999544e-01
7.385000000000000453e-01 9.928329999999999655e-01
7.409999999999999920e-01 9.918709999999999471e-01
7.435000000000000497e-01 9.909400000000000430e-01
7.459999999999999964e-01 9.900489999999999569e-01
7.485000000000000542e-01 9.892050000000000010e-01
7.510000000000000009e-01 9.884150000000000436e-01
7.534999999999999476e-01 9.876850000000000351e-01
7.560000000000000053e-01 9.870229999999999837e-01
7.584999999999999520e-01 9.864349999999999508e-01
7.610000000000000098e-01 9.859259999999999691e-01
7.634999999999999565e-01 9.855019999999999891e-01
7.660000000000000142e-01 9.851680000000000437e-01
7.684999999999999609e-01 9.849290000000000544e-01
7.710000000000000187e-01 9.847879999999999967e-01
7.734999999999999654e-01 9.847470000000000390e-01
7.760000000000000231e-01 9.848099999999999632e-01
7.784999999999999698e-01 9.849780000000000202e-01
7.810000000000000275e-01 9.852520000000000167e-01
7.834999999999999742e-01 9.856310000000000349e-01
7.860000000000000320e-01 9.861140000000000461e-01
7.884999999999999787e-01 9.866979999999999640e-01
7.910000000000000364e-01 9.873800000000000354e-01
7.934999999999999831e-01 9.881550000000000056e-01
7.960000000000000409e-01 9.890189999999999815e-01
7.984999999999999876e-01 9.899639999999999551e-01
8.010000000000000453e-01 9.909839999999999760e-01
8.034999999999999920e-01 9.920679999999999499e-01
8.060000000000000497e-01 9.932130000000000125e-01
8.084999999999999964e-01 9.944049999999999834e-01
8.110000000000000542e-01 9.956340000000000190e-01
8.135000000000000009e-01 9.968930000000000291e-01
8.159999999999999476e-01 9.981700000000000017e-01
8.185000000000000053e-01 9.994549999999999823e-01
8.209999999999999520e-01 1.000736000000000070e+00
8.235000000000000098e-01 1.002007000000000092e+00
8.259999999999999565e-01 1.003252999999999950e+00
8.285000000000000142e-01 1.004469999999999974e+00
8.309999999999999609e-01 1.005644999999999900e+00
8.335000000000000187e-01 1.006772000000000000e+00
8.359999999999999654e-01 1.007845000000000102e+00
8.385000000000000231e-01 1.008852000000000082e+00
8.409999999999999698e-01 1.009792000000000023e+00
8.435000000000000275e-01 1.010658000000000056e+00
8.459999999999999742e-01 1.011444999999999927e+00
8.485000000000000320e-01 1.012151000000000023e+00
8.509999999999999787e-01 1.012772000000000006e+00
8.535000000000000364e-01 1.013306000000000040e+00
8.559999999999999831e-01 1.013749999999999929e+00
8.585000000000000409e-01 1.014107000000000092e+00
8.609999999999999876e-01 1.014370999999999912e+00
8.635000000000000453e-01 1.014547000000000088e+00
8.659999999999999920e-01 1.014634000000000036e+00
8.685000000000000497e-01 1.014634000000000036e+00
8.709999999999999964e-01 1.014548999999999923e+00
8.735000000000000542e-01 1.014377000000000084e+00
8.760000000000000009e-01 1.014127000000000001e+00
8.784999999999999476e-01 1.013795000000000002e+00
8.810000000000000053e-01 1.013387999999999955e+00
8.834999999999999520e-01 1.012906000000000084e+00
8.860000000000000098e-01 1.012353999999999976e+00
8.884999999999999565e-01 1.011735000000000051e+00
8.910000000000000142e-01 1.011052000000000062e+00
8.934999999999999609e-01 1.010307999999999984e+00
8.960000000000000187e-01 1.009506999999999932e+00
8.984999999999999654e-01 1.008653000000000022e+00
9.010000000000000231e-01 1.007749000000000006e+00
9.034999999999999698e-01 1.006798999999999999e+00
9.060000000000000275e-01 1.005805999999999978e+00
9.084999999999999742e-01 1.004774000000000056e+00
9.110000000000000320e-01 1.003708000000000045e+00
9.134999999999999787e-01 1.002610999999999919e+00
9.160000000000000364e-01 1.001484999999999959e+00
9.184999999999999831e-01 1.000339000000000089e+00
9.210000000000000409e-01 9.991719999999999491e-01
9.234999999999999876e-01 9.979890000000000150e-01
9.260000000000000453e-01 9.967960000000000154e-01
9.284999999999999920e-01 9.955969999999999542e-01
9.310000000000000497e-01 9.943940000000000001e-01
9.334999999999999964e-01 9.931950000000000500e-01
9.360000000000000542e-01 9.919999999999999929e-01
9.385000000000000009e-01 9.908200000000000340e-01
9.409999999999999476e-01 9.896519999999999762e-01
9.435000000000000053e-01 9.885059999999999958e-01
9.459999999999999520e-01 9.873849999999999572e-01
9.485000000000000098e-01 9.862959999999999505e-01
9.509999999999999565e-01 9.852419999999999511e-01
9.535000000000000142e-01 9.842279999999999918e-01
9.559999999999999609e-01 9.832610000000000516e-01
9.585000000000000187e-01 9.823450000000000237e-01
9.609999999999999654e-01 9.814850000000000518e-01
9.635000000000000231e-01 9.806880000000000042e-01
9.659999999999999698e-01 9.799609999999999710e-01
9.685000000000000275e-01 9.793039999999999523e-01
9.709999999999999742e-01 9.787270000000000136e-01
9.735000000000000320e-01 9.782319999999999904e-01
9.759999999999999787e-01 9.778270000000000017e-01
9.785000000000000364e-01 9.775179999999999980e-01
9.809999999999999831e-01 9.773089999999999833e-01
9.835000000000000409e-01 9.772030000000000438e-01
9.859999999999999876e-01 9.772089999999999943e-01
9.885000000000000453e-01 9.773239999999999705e-01
9.909999999999999920e-01 9.775599999999999845e-01
9.935000000000000497e-01 9.779160000000000075e-01
9.959999999999999964e-01 9.783969999999999612e-01
9.985000000000000542e-01 9.790050000000000141e-01
1.000999999999999890e+00 9.797449999999999770e-01
1.003500000000000059e+00 9.806139999999999857e-01
1.006000000000000005e+00 9.816160000000000441e-01
1.008499999999999952e+00 9.827500000000000124e-01
1.010999999999999899e+00 9.840149999999999730e-01
1.013500000000000068e+00 9.854129999999999834e-01
1.016000000000000014e+00 9.869409999999999572e-01
1.018499999999999961e+00 9.885960000000000303e-01
1.020999999999999908e+00 9.903760000000000341e-01
1.023500000000000076e+00 9.922750000000000181e-01
1.026000000000000023e+00 9.942870000000000319e-01
1.028499999999999970e+00 9.964100000000000179e-01
1.030999999999999917e+00 9.986340000000000217e-01
1.033500000000000085e+00 1.000952000000000064e+00
1.036000000000000032e+00 1.003360000000000030e+00
1.038499999999999979e+00 1.005845000000000100e+00
1.040999999999999925e+00 1.008399999999999963e+00
1.043500000000000094e+00 1.011012999999999940e+00
1.046000000000000041e+00 1.013678999999999997e+00
1.048499999999999988e+00 1.016380999999999979e+00
1.050999999999999934e+00 1.019114000000000075e+00
1.053500000000000103e+00 1.021860999999999908e+00
1.056000000000000050e+00 1.024617000000000111e+00
1.058499999999999996e+00 1.027366000000000001e+00
1.060999999999999943e+00 1.030099000000000098e+00
1.063499999999999890e+00 1.032804999999999973e+00
1.066000000000000059e+00 1.035474000000000006e+00
1.068500000000000005e+00 1.038095999999999908e+00
1.070999999999999952e+00 1.040659000000000001e+00
1.073499999999999899e+00 1.043153999999999915e+00
1.076000000000000068e+00 1.045576000000000061e+00
1.078500000000000014e+00 1.047909999999999897e+00
1.080999999999999961e+00 1.050151000000000057e+00
1.083499999999999908e+00 1.052295999999999898e+00
1.086000000000000076e+00 1.054332999999999965e+00
1.088500000000000023e+00 1.056259999999999977e+00
1.090999999999999970e+00 1.058073999999999959e+00
1.093499999999999917e+00 1.059763000000000011e+00
1.096000000000000085e+00 1.061330000000000107e+00
1.098500000000000032e+00 1.062770999999999910e+00
1.100999999999999979e+00 1.064081000000000055e+00
1.103499999999999925e+00 1.065263999999999989e+00
1.106000000000000094e+00 1.066314999999999902e+00
1.108500000000000041e+00 1.067237999999999909e+00
1.110999999999999988e+00 1.068027999999999977e+00
1.113499999999999934e+00 1.068686999999999943e+00
1.116000000000000103e+00 1.069218999999999919e+00
1.118500000000000050e+00 1.069627000000000105e+00
1.120999999999999996e+00 1.069908000000000081e+00
1.123499999999999943e+00 1.070070000000000077e+00
1.125999999999999890e+00 1.070113000000000092e+00
1.128500000000000059e+00 1.070038999999999962e+00
1.131000000000000005e+00 1.069851000000000107e+00
1.133499999999999952e+00 1.069557000000000091e+00
1.135999999999999899e+00 1.069156999999999913e+00
1.138500000000000068e+00 1.068656000000000050e+00
1.141000000000000014e+00 1.068057000000000034e+00
1.143499999999999961e+00 1.067363999999999979e+00
1.145999999999999908e+00 1.066583999999999977e+00
1.148500000000000076e+00 1.065712999999999910e+00
1.151000000000000023e+00 1.064767000000000019e+00
1.153499999999999970e+00 1.063738999999999990e+00
1.155999999999999917e+00 1.062640000000000029e+00
1.158500000000000085e+00 1.061469999999999914e+00
1.161000000000000032e+00 1.060238000000000014e+00
1.163499999999999979e+00 1.058942000000000050e+00
1.165999999999999925e+00 1.057590000000000030e+00
1.168500000000000094e+00 1.056184000000000012e+00
1.171000000000000041e+00 1.054729000000000028e+00
1.173499999999999988e+00 1.053223999999999938e+00
1.175999999999999934e+00 1.051679999999999948e+00
1.178500000000000103e+00 1.050095000000000001e+00
1.181000000000000050e+00 1.048478000000000021e+00
1.183499999999999996e+00 1.046826999999999952e+00
1.185999999999999943e+00 1.045145999999999908e+00
1.188499999999999890e+00 1.043441000000000063e+00
1.191000000000000059e+00 1.041712999999999889e+00
1.193500000000000005e+00 1.039965999999999946e+00
1.195999999999999952e+00 1.038202999999999987e+00
1.198499999999999899e+00 1.036426999999999987e+00
1.201000000000000068e+00 1.034643999999999897e+00
1.203500000000000014e+00 1.032850999999999964e+00
1.205999999999999961e+00 1.031058000000000030e+00
1.208499999999999908e+00 1.029260999999999981e+00
1.211000000000000076e+00 1.027468999999999966e+00
1.213500000000000023e+00 1.025684999999999958e+00
1.215999999999999970e+00 1.023906999999999901e+00
1.218499999999999917e+00 1.022143000000000024e+00
1.221000000000000085e+00 1.020391000000000048e+00
1.223500000000000032e+00 1.018658000000000063e+00
1.225999999999999979e+00 1.016950000000000021e+00
1.228499999999999925e+00 1.015263000000000027e+00
1.231000000000000094e+00 1.013600999999999974e+00
1.233500000000000041e+00 1.011975000000000069e+00
1.235999999999999988e+00 1.010380000000000056e+00
1.238499999999999934e+00 1.008823000000000025e+00
1.241000000000000103e+00 1.007309000000000010e+00
1.243500000000000050e+00 1.005837000000000092e+00
1.245999999999999996e+00 1.004410000000000025e+00
1.248499999999999943e+00 1.003039999999999932e+00
1.250999999999999890e+00 1.001722999999999919e+00
1.253500000000000059e+00 1.000464000000000020e+00
1.256000000000000005e+00 9.992699999999999916e-01
1.258499999999999952e+00 9.981400000000000272e-01
1.260999999999999899e+00 9.970809999999999951e-01
1.263500000000000068e+00 9.960930000000000062e-01
1.266000000000000014e+00 9.951879999999999615e-01
1.268499999999999961e+00 9.943659999999999721e-01
1.270999999999999908e+00 9.936249999999999805e-01
1.273500000000000076e+00 9.929820000000000313e-01
1.276000000000000023e+00 9.924290000000000056e-01
1.278499999999999970e+00 9.919750000000000512e-01
1.280999999999999917e+00 9.916289999999999827e-01
1.283500000000000085e+00 9.913920000000000510e-01
1.286000000000000032e+00 9.912630000000000052e-01
1.288499999999999979e+00 9.912549999999999972e-01
1.290999999999999925e+00 9.913629999999999942e-01
1.293500000000000094e+00 9.916019999999999834e-01
1.296000000000000041e+00 9.919700000000000184e-01
1.298499999999999988e+00 9.924730000000000496e-01
1.300999999999999934e+00 9.931140000000000523e-01
1.303500000000000103e+00 9.938949999999999729e-01
1.306000000000000050e+00 9.948230000000000128e-01
1.308499999999999996e+00 9.959010000000000362e-01
1.310999999999999943e+00 9.971309999999999896e-01
1.313499999999999890e+00 9.985159999999999592e-01
1.316000000000000059e+00 1.000061000000000089e+00
1.318500000000000005e+00 1.001767000000000074e+00
1.320999999999999952e+00 1.003635999999999973e+00
1.323499999999999899e+00 1.005670999999999982e+00
1.326000000000000068e+00 1.007873999999999937e+00
1.328500000000000014e+00 1.010240999999999945e+00
1.330999999999999961e+00 1.012777999999999956e+00
1.333499999999999908e+00 1.015481999999999996e+00
1.336000000000000076e+00 1.018351000000000006e+00
1.338500000000000023e+00 1.021387999999999963e+00
1.340999999999999970e+00 1.024585999999999997e+00
1.343499999999999917e+00 1.027946000000000026e+00
1.346000000000000085e+00 1.031462000000000101e+00
1.348500000000000032e+00 1.035128999999999966e+00
1.350999999999999979e+00 1.038947999999999983e+00
1.353499999999999925e+00 1.042901000000000078e+00
1.356000000000000094e+00 1.047001000000000071e+00
1.358500000000000041e+00 1.051222000000000101e+00
1.360999999999999988e+00 1.055563000000000029e+00
1.363499999999999934e+00 1.060019999999999962e+00
1.366000000000000103e+00 1.064575999999999967e+00
1.368500000000000050e+00 1.069226000000000010e+00
1.370999999999999996e+00 1.073954999999999993e+00
1.373499999999999943e+00 1.078759000000000023e+00
1.375999999999999890e+00 1.083619000000000110e+00
1.378500000000000059e+00 1.088524999999999965e+00
1.381000000000000005e+00 1.093460000000000099e+00
1.383499999999999952e+00 1.098424000000000067e+00
1.385999999999999899e+00 1.103388999999999953e+00
1.388500000000000068e+00 1.108341999999999938e+00
1.391000000000000014e+00 1.113282000000000105e+00
1.393499999999999961e+00 1.118184000000000067e+00
1.395999999999999908e+00 1.123043000000000013e+00
1.398500000000000076e+00 1.127828000000000053e+00
1.401000000000000023e+00 1.132543999999999995e+00
1.403499999999999970e+00 1.137177000000000104e+00
1.405999999999999917e+00 1.141710999999999920e+00
1.408500000000000085e+00 1.146126999999999896e+00
1.411000000000000032e+00 1.150419999999999998e+00
1.413499999999999979e+00 1.154579999999999940e+00
1.415999999999999925e+00 1.158589000000000091e+00
1.418500000000000094e+00 1.162444000000000033e+00
1.421000000000000041e+00 1.166150000000000020e+00
1.423499999999999988e+00 1.169678999999999913e+00
1.425999999999999934e+00 1.173032000000000075e+00
1.428500000000000103e+00 1.176199999999999912e+00
1.431000000000000050e+00 1.179183000000000092e+00
1.433499999999999996e+00 1.181971000000000105e+00
1.435999999999999943e+00 1.184571999999999958e+00
1.438499999999999890e+00 1.186965000000000048e+00
1.441000000000000059e+00 1.189168999999999921e+00
1.443500000000000005e+00 1.191168999999999922e+00
1.445999999999999952e+00 1.192968999999999946e+00
1.448499999999999899e+00 1.194568999999999992e+00
1.451000000000000068e+00 1.195974000000000093e+00
1.453500000000000014e+00 1.197170999999999985e+00
1.455999999999999961e+00 1.198191999999999924e+00
1.458499999999999908e+00 1.199011000000000049e+00
1.461000000000000076e+00 1.199643999999999933e+00
1.463500000000000023e+00 1.200094999999999912e+00
1.465999999999999970e+00 1.200366999999999962e+00
1.468499999999999917e+00 1.200468000000000091e+00
1.471000000000000085e+00 1.200388999999999928e+00
1.473500000000000032e+00 1.200155000000000083e+00
1.475999999999999979e+00 1.199753999999999987e+00
1.478499999999999925e+00 1.199197000000000068e+00
1.481000000000000094e+00 1.198487999999999998e+00
1.483500000000000041e+00 1.197646999999999906e+00
1.485999999999999988e+00 1.196666999999999925e+00
1.488499999999999934e+00 1.195545999999999998e+00
1.491000000000000103e+00 1.194295000000000107e+00
1.493500000000000050e+00 1.192935000000000079e+00
1.495999999999999996e+00 1.191446999999999923e+00
1.498499999999999943e+00 1.189855000000000107e+00
1.500999999999999890e+00 1.188155000000000072e+00
1.503500000000000059e+00 1.186352999999999991e+00
1.506000000000000005e+00 1.184460999999999986e+00
1.508499999999999952e+00 1.182468000000000075e+00
1.510999999999999899e+00 1.180396999999999919e+00
1.513500000000000068e+00 1.178242999999999929e+00
1.516000000000000014e+00 1.176009000000000082e+00
1.518499999999999961e+00 1.173707999999999974e+00
1.520999999999999908e+00 1.171335000000000015e+00
1.523500000000000076e+00 1.168895999999999935e+00
1.526000000000000023e+00 1.166401000000000021e+00
1.528499999999999970e+00 1.163850000000000051e+00
1.530999999999999917e+00 1.161243999999999943e+00
1.533500000000000085e+00 1.158579000000000025e+00
1.536000000000000032e+00 1.155877000000000043e+00
1.538499999999999979e+00 1.153135000000000021e+00
1.540999999999999925e+00 1.150344999999999951e+00
1.543500000000000094e+00 1.147524999999999906e+00
1.546000000000000041e+00 1.144657999999999953e+00
1.548499999999999988e+00 1.141771000000000091e+00
1.550999999999999934e+00 1.138849999999999918e+00
1.553500000000000103e+00 1.135904999999999943e+00
1.556000000000000050e+00 1.132937000000000083e+00
1.558499999999999996e+00 1.129950000000000010e+00
1.560999999999999943e+00 1.126935000000000020e+00
1.563499999999999890e+00 1.123907999999999907e+00
1.566000000000000059e+00 1.120865999999999918e+00
1.568500000000000005e+00 1.117807999999999913e+00
1.570999999999999952e+00 1.114743999999999957e+00
1.573499999999999899e+00 1.111668000000000101e+00
1.576000000000000068e+00 1.108586000000000071e+00
1.578500000000000014e+00 1.105499000000000009e+00
1.580999999999999961e+00 1.102409999999999890e+00
1.583499999999999908e+00 1.099318999999999935e+00
1.586000000000000076e+00 1.096233999999999931e+00
1.588500000000000023e+00 1.093150000000000066e+00
1.590999999999999970e+00 1.090068000000000037e+00
1.593499999999999917e+00 1.086991000000000041e+00
1.596000000000000085e+00 1.083928000000000003e+00
1.598500000000000032e+00 1.080869000000000080e+00
1.600999999999999979e+00 1.077830000000000066e+00
1.603499999999999925e+00 1.074800999999999895e+00
1.606000000000000094e+00 1.071790000000000020e+00
1.608500000000000041e+00 1.068796999999999997e+00
1.610999999999999988e+00 1.065830000000000055e+00
1.613499999999999934e+00 1.062880999999999965e+00
1.616000000000000103e+00 1.059957999999999956e+00
1.618500000000000050e+00 1.057064000000000004e+00
1.620999999999999996e+00 1.054200000000000026e+00
1.623499999999999943e+00 1.051368000000000080e+00
1.625999999999999890e+00 1.048572999999999977e+00
1.628500000000000059e+00 1.045820999999999890e+00
1.631000000000000005e+00 1.043101000000000056e+00
1.633499999999999952e+00 1.040429999999999966e+00
1.635999999999999899e+00 1.037811000000000039e+00
1.638500000000000068e+00 1.035231999999999930e+00
1.641000000000000014e+00 1.032715999999999967e+00
1.643499999999999961e+00 1.030251000000000028e+00
1.645999999999999908e+00 1.027849000000000013e+00
1.648500000000000076e+00 1.025511999999999979e+00
1.651000000000000023e+00 1.023241999999999985e+00
1.653499999999999970e+00 1.021044999999999980e+00
1.655999999999999917e+00 1.018931000000000031e+00
1.658500000000000085e+00 1.016898000000000080e+00
1.661000000000000032e+00 1.014949000000000101e+00
1.663499999999999979e+00 1.013082000000000038e+00
1.665999999999999925e+00 1.011327000000000087e+00
1.668500000000000094e+00 1.009667000000000092e+00
1.671000000000000041e+00 1.008115000000000094e+00
1.673499999999999988e+00 1.006677000000000044e+00
1.675999999999999934e+00 1.005360000000000031e+00
1.678500000000000103e+00 1.004159999999999942e+00
1.681000000000000050e+00 1.003096999999999905e+00
1.683499999999999996e+00 1.002177000000000096e+00
1.685999999999999943e+00 1.001405000000000101e+00
1.688499999999999890e+00 1.000776000000000110e+00
1.691000000000000059e+00 1.000313000000000008e+00
1.693500000000000005e+00 1.000018000000000074e+00
1.695999999999999952e+00 9.999029999999999863e-01
1.698499999999999899e+00 9.999630000000000463e-01
1.701000000000000068e+00 1.000224999999999920e+00
1.703500000000000014e+00 1.000683999999999907e+00
1.705999999999999961e+00 1.001355999999999913e+00
1.708499999999999908e+00 1.002248000000000028e+00
1.711000000000000076e+00 1.003368000000000038e+00
1.713500000000000023e+00 1.004731000000000041e+00
1.715999999999999970e+00 1.006329000000000029e+00
1.718499999999999917e+00 1.008183999999999969e+00
1.721000000000000085e+00 1.010323000000000082e+00
1.723500000000000032e+00 1.012723000000000040e+00
1.725999999999999979e+00 1.015408000000000088e+00
1.728499999999999925e+00 1.018397999999999914e+00
1.731000000000000094e+00 1.021684000000000037e+00
1.733500000000000041e+00 1.025290000000000035e+00
1.735999999999999988e+00 1.029204999999999925e+00
1.738499999999999934e+00 1.033463999999999938e+00
1.741000000000000103e+00 1.038057999999999925e+00
1.743500000000000050e+00 1.043006000000000100e+00
1.745999999999999996e+00 1.048300000000000010e+00
1.748499999999999943e+00 1.053952000000000000e+00
1.750999999999999890e+00 1.059976000000000029e+00
1.753500000000000059e+00 1.066381999999999941e+00
1.756000000000000005e+00 1.073155999999999999e+00
1.758499999999999952e+00 1.080310000000000104e+00
1.760999999999999899e+00 1.087846000000000091e+00
1.763500000000000068e+00 1.095766999999999936e+00
1.766000000000000014e+00 1.104074000000000000e+00
1.768499999999999961e+00 1.112751999999999963e+00
1.770999999999999908e+00 1.121820999999999957e+00
1.773500000000000076e+00 1.131264999999999965e+00
1.776000000000000023e+00 1.141070000000000029e+00
1.778499999999999970e+00 1.151232999999999951e+00
1.780999999999999917e+00 1.161753000000000036e+00
1.783500000000000085e+00 1.172600000000000087e+00
1.786000000000000032e+00 1.183789999999999898e+00
1.788499999999999979e+00 1.195259999999999989e+00
1.790999999999999925e+00 1.207047999999999899e+00
1.793500000000000094e+00 1.219084999999999974e+00
1.796000000000000041e+00 1.231382999999999894e+00
1.798499999999999988e+00 1.243894000000000055e+00
1.800999999999999934e+00 1.256593000000000071e+00
1.803500000000000103e+00 1.269481000000000082e+00
1.806000000000000050e+00 1.282472000000000056e+00
1.808499999999999996e+00 1.295579000000000036e+00
1.810999999999999943e+00 1.308761999999999981e+00
1.813499999999999890e+00 1.321959000000000106e+00
1.816000000000000059e+00 1.335169000000000050e+00
1.818500000000000005e+00 1.348324000000000078e+00
1.820999999999999952e+00 1.361378999999999895e+00
1.823499999999999899e+00 1.374327999999999994e+00
1.826000000000000068e+00 1.387113999999999958e+00
1.828500000000000014e+00 1.399683999999999928e+00
1.830999999999999961e+00 1.412001999999999979e+00
1.833499999999999908e+00 1.424047999999999981e+00
1.836000000000000076e+00 1.435753000000000057e+00
1.838500000000000023e+00 1.447100999999999971e+00
1.840999999999999970e+00 1.458031999999999995e+00
1.843499999999999917e+00 1.468552999999999997e+00
1.846000000000000085e+00 1.478585999999999956e+00
1.848500000000000032e+00 1.488127999999999895e+00
1.850999999999999979e+00 1.497152999999999956e+00
1.853499999999999925e+00 1.505616999999999983e+00
1.856000000000000094e+00 1.513516000000000084e+00
1.858500000000000041e+00 1.520815999999999946e+00
1.860999999999999988e+00 1.527546000000000070e+00
1.863499999999999934e+00 1.533628999999999909e+00
1.866000000000000103e+00 1.539093000000000044e+00
1.868500000000000050e+00 1.543933999999999918e+00
1.870999999999999996e+00 1.548162999999999956e+00
1.873499999999999943e+00 1.551730999999999971e+00
1.875999999999999890e+00 1.554699999999999971e+00
1.878500000000000059e+00 1.557042999999999955e+00
1.881000000000000005e+00 1.558778999999999915e+00
1.883499999999999952e+00 1.559930000000000039e+00
1.885999999999999899e+00 1.560489000000000015e+00
1.888500000000000068e+00 1.560472999999999999e+00
1.891000000000000014e+00 1.559903000000000040e+00
1.893499999999999961e+00 1.558802000000000021e+00
1.895999999999999908e+00 1.557201999999999975e+00
1.898500000000000076e+00 1.555091000000000001e+00
1.901000000000000023e+00 1.552529999999999966e+00
1.903499999999999970e+00 1.549509999999999943e+00
1.905999999999999917e+00 1.546060999999999908e+00
1.908500000000000085e+00 1.542221000000000064e+00
1.911000000000000032e+00 1.537975000000000092e+00
1.913499999999999979e+00 1.533393000000000006e+00
1.915999999999999925e+00 1.528453999999999979e+00
1.918500000000000094e+00 1.523200000000000109e+00
1.921000000000000041e+00 1.517654999999999976e+00
1.923499999999999988e+00 1.511819999999999942e+00
1.925999999999999934e+00 1.505727000000000038e+00
1.928500000000000103e+00 1.499390000000000001e+00
1.931000000000000050e+00 1.492838000000000109e+00
1.933499999999999996e+00 1.486093000000000108e+00
1.935999999999999943e+00 1.479141999999999957e+00
1.938499999999999890e+00 1.472002999999999950e+00
1.941000000000000059e+00 1.464728999999999948e+00
1.943500000000000005e+00 1.457313000000000081e+00
1.945999999999999952e+00 1.449751999999999930e+00
1.948499999999999899e+00 1.442077000000000053e+00
1.951000000000000068e+00 1.434291999999999900e+00
1.953500000000000014e+00 1.426406999999999980e+00
1.955999999999999961e+00 1.418439999999999923e+00
1.958499999999999908e+00 1.410393000000000008e+00
1.961000000000000076e+00 1.402263999999999955e+00
1.963500000000000023e+00 1.394101999999999952e+00
1.965999999999999970e+00 1.385860000000000092e+00
1.968499999999999917e+00 1.377591000000000010e+00
1.971000000000000085e+00 1.369274000000000102e+00
1.973500000000000032e+00 1.360924999999999940e+00
1.975999999999999979e+00 1.352548000000000084e+00
1.978499999999999925e+00 1.344144999999999923e+00
1.981000000000000094e+00 1.335728999999999944e+00
1.983500000000000041e+00 1.327299000000000007e+00
1.985999999999999988e+00 1.318859999999999921e+00
1.988499999999999934e+00 1.310427000000000008e+00
1.991000000000000103e+00 1.301975000000000104e+00
1.993500000000000050e+00 1.293536999999999937e+00
1.995999999999999996e+00 1.285107999999999917e+00
1.998499999999999943e+00 1.276678999999999897e+00
2.000999999999999890e+00 1.268259999999999943e+00
2.003499999999999837e+00 1.259862999999999955e+00
2.005999999999999783e+00 1.251473000000000058e+00
2.008500000000000174e+00 1.243117000000000028e+00
2.011000000000000121e+00 1.234774000000000038e+00
2.013500000000000068e+00 1.226461999999999941e+00
2.016000000000000014e+00 1.218170999999999893e+00
2.018499999999999961e+00 1.209926000000000057e+00
2.020999999999999908e+00 1.201707000000000081e+00
2.023499999999999854e+00 1.193521000000000054e+00
2.025999999999999801e+00 1.185383999999999993e+00
2.028500000000000192e+00 1.177294000000000063e+00
2.031000000000000139e+00 1.169243999999999950e+00
2.033500000000000085e+00 1.161248999999999976e+00
2.036000000000000032e+00 1.153321000000000041e+00
2.038499999999999979e+00 1.145445999999999964e+00
2.040999999999999925e+00 1.137642000000000042e+00
2.043499999999999872e+00 1.129915999999999920e+00
2.045999999999999819e+00 1.122265999999999986e+00
2.048500000000000210e+00 1.114705000000000057e+00
2.051000000000000156e+00 1.107243999999999895e+00
2.053500000000000103e+00 1.099879000000000051e+00
2.056000000000000050e+00 1.092635999999999941e+00
2.058499999999999996e+00 1.085520999999999958e+00
2.060999999999999943e+00 1.078543000000000029e+00
2.063499999999999890e+00 1.071712999999999916e+00
2.065999999999999837e+00 1.065048999999999912e+00
2.068499999999999783e+00 1.058572999999999986e+00
2.071000000000000174e+00 1.052289999999999948e+00
2.073500000000000121e+00 1.046216000000000035e+00
2.076000000000000068e+00 1.040392999999999901e+00
2.078500000000000014e+00 1.034828000000000081e+00
2.080999999999999961e+00 1.029538999999999982e+00
2.083499999999999908e+00 1.024574000000000096e+00
2.085999999999999854e+00 1.019935000000000036e+00
2.088499999999999801e+00 1.015679999999999916e+00
2.091000000000000192e+00 1.011835999999999958e+00
2.093500000000000139e+00 1.008423999999999987e+00
2.096000000000000085e+00 1.005495999999999945e+00
2.098500000000000032e+00 1.003090000000000037e+00
2.100999999999999979e+00 1.001260000000000039e+00
2.103499999999999925e+00 1.000043000000000015e+00
2.105999999999999872e+00 9.994960000000000511e-01
2.108499999999999819e+00 9.996709999999999763e-01
2.111000000000000210e+00 1.000607999999999942e+00
2.113500000000000156e+00 1.002377999999999991e+00
2.116000000000000103e+00 1.005039999999999933e+00
2.118500000000000050e+00 1.008653999999999940e+00
2.120999999999999996e+00 1.013271000000000033e+00
2.123499999999999943e+00 1.018936999999999982e+00
2.125999999999999890e+00 1.025733000000000006e+00
2.128499999999999837e+00 1.033722000000000030e+00
2.130999999999999783e+00 1.042926999999999937e+00
2.133500000000000174e+00 1.053411000000000097e+00
2.136000000000000121e+00 1.065202999999999900e+00
2.138500000000000068e+00 1.078354999999999952e+00
2.141000000000000014e+00 1.092885000000000106e+00
2.143499999999999961e+00 1.108794000000000057e+00
2.145999999999999908e+00 1.126101999999999936e+00
2.148499999999999854e+00 1.144776000000000016e+00
2.150999999999999801e+00 1.164824000000000082e+00
2.153500000000000192e+00 1.186187000000000102e+00
2.156000000000000139e+00 1.208784999999999998e+00
2.158500000000000085e+00 1.232550000000000034e+00
2.161000000000000032e+00 1.257428999999999908e+00
2.163499999999999979e+00 1.283219000000000110e+00
2.165999999999999925e+00 1.309863999999999917e+00
2.168499999999999872e+00 1.337158999999999986e+00
2.170999999999999819e+00 1.364970000000000017e+00
2.173500000000000210e+00 1.393107000000000095e+00
2.176000000000000156e+00 1.421373999999999915e+00
2.178500000000000103e+00 1.449534000000000100e+00
2.181000000000000050e+00 1.477419999999999956e+00
2.183499999999999996e+00 1.504769000000000023e+00
2.185999999999999943e+00 1.531406999999999963e+00
2.188499999999999890e+00 1.557126000000000010e+00
2.190999999999999837e+00 1.581704999999999917e+00
2.193499999999999783e+00 1.604983999999999966e+00
2.196000000000000174e+00 1.626813000000000065e+00
2.198500000000000121e+00 1.647062000000000026e+00
2.201000000000000068e+00 1.665591999999999961e+00
2.203500000000000014e+00 1.682363999999999971e+00
2.205999999999999961e+00 1.697252999999999901e+00
2.208499999999999908e+00 1.710283999999999915e+00
2.210999999999999854e+00 1.721459999999999990e+00
2.213499999999999801e+00 1.730752999999999986e+00
2.216000000000000192e+00 1.738235999999999892e+00
2.218500000000000139e+00 1.743961000000000094e+00
2.221000000000000085e+00 1.748023000000000104e+00
2.223500000000000032e+00 1.750485000000000069e+00
2.225999999999999979e+00 1.751420999999999895e+00
2.228499999999999925e+00 1.750985999999999931e+00
2.230999999999999872e+00 1.749222000000000055e+00
2.233499999999999819e+00 1.746272000000000046e+00
2.236000000000000210e+00 1.742255000000000109e+00
2.238500000000000156e+00 1.737262000000000084e+00
2.241000000000000103e+00 1.731389999999999985e+00
2.243500000000000050e+00 1.724726999999999899e+00
2.245999999999999996e+00 1.717381999999999964e+00
2.248499999999999943e+00 1.709418000000000104e+00
2.250999999999999890e+00 1.700930000000000053e+00
2.253499999999999837e+00 1.691991999999999940e+00
2.255999999999999783e+00 1.682662000000000102e+00
2.258500000000000174e+00 1.673005000000000075e+00
2.261000000000000121e+00 1.663075999999999999e+00
2.263500000000000068e+00 1.652903999999999929e+00
2.266000000000000014e+00 1.642574999999999896e+00
2.268499999999999961e+00 1.632107999999999892e+00
2.270999999999999908e+00 1.621510000000000007e+00
2.273499999999999854e+00 1.610872000000000082e+00
2.275999999999999801e+00 1.600166999999999895e+00
2.278500000000000192e+00 1.589453000000000005e+00
2.281000000000000139e+00 1.578742000000000090e+00
2.283500000000000085e+00 1.568022000000000027e+00
2.286000000000000032e+00 1.557363000000000053e+00
2.288499999999999979e+00 1.546767000000000003e+00
2.290999999999999925e+00 1.536213999999999968e+00
2.293499999999999872e+00 1.525733000000000006e+00
2.295999999999999819e+00 1.515341999999999967e+00
2.298500000000000210e+00 1.505041000000000073e+00
2.301000000000000156e+00 1.494826999999999906e+00
2.303500000000000103e+00 1.484718999999999900e+00
2.306000000000000050e+00 1.474701999999999957e+00
2.308499999999999996e+00 1.464803999999999995e+00
2.310999999999999943e+00 1.455024000000000095e+00
2.313499999999999890e+00 1.445338999999999929e+00
2.315999999999999837e+00 1.435767000000000015e+00
2.318499999999999783e+00 1.426315000000000000e+00
2.321000000000000174e+00 1.416963999999999890e+00
2.323500000000000121e+00 1.407731999999999983e+00
2.326000000000000068e+00 1.398635999999999990e+00
2.328500000000000014e+00 1.389629000000000003e+00
2.330999999999999961e+00 1.380746000000000029e+00
2.333499999999999908e+00 1.371966000000000019e+00
2.335999999999999854e+00 1.363294999999999924e+00
2.338499999999999801e+00 1.354746000000000006e+00
2.341000000000000192e+00 1.346302000000000110e+00
2.343500000000000139e+00 1.337955999999999923e+00
2.346000000000000085e+00 1.329725999999999964e+00
2.348500000000000032e+00 1.321595000000000075e+00
2.350999999999999979e+00 1.313566000000000011e+00
2.353499999999999925e+00 1.305639999999999912e+00
2.355999999999999872e+00 1.297801999999999900e+00
2.358499999999999819e+00 1.290079999999999893e+00
2.361000000000000210e+00 1.282451000000000008e+00
2.363500000000000156e+00 1.274910999999999905e+00
2.366000000000000103e+00 1.267476999999999965e+00
2.368500000000000050e+00 1.260127999999999915e+00
2.370999999999999996e+00 1.252869999999999928e+00
2.373499999999999943e+00 1.245700000000000029e+00
2.375999999999999890e+00 1.238617000000000079e+00
2.378499999999999837e+00 1.231627000000000027e+00
2.380999999999999783e+00 1.224741999999999997e+00
2.383500000000000174e+00 1.217918000000000056e+00
2.386000000000000121e+00 1.211192999999999964e+00
2.388500000000000068e+00 1.204550000000000010e+00
2.391000000000000014e+00 1.197997999999999896e+00
2.393499999999999961e+00 1.191521000000000052e+00
2.395999999999999908e+00 1.185130999999999935e+00
2.398499999999999854e+00 1.178827000000000069e+00
2.400999999999999801e+00 1.172603999999999980e+00
2.403500000000000192e+00 1.166465000000000085e+00
2.406000000000000139e+00 1.160408000000000106e+00
2.408500000000000085e+00 1.154436000000000018e+00
2.411000000000000032e+00 1.148541000000000034e+00
2.413499999999999979e+00 1.142733999999999916e+00
2.415999999999999925e+00 1.137010000000000076e+00
2.418499999999999872e+00 1.131369000000000069e+00
2.420999999999999819e+00 1.125820999999999961e+00
2.423500000000000210e+00 1.120352999999999932e+00
2.426000000000000156e+00 1.114967000000000041e+00
2.428500000000000103e+00 1.109674999999999967e+00
2.431000000000000050e+00 1.104465999999999948e+00
2.433499999999999996e+00 1.099352000000000107e+00
2.435999999999999943e+00 1.094322000000000017e+00
2.438499999999999890e+00 1.089396000000000031e+00
2.440999999999999837e+00 1.084562999999999944e+00
2.443499999999999783e+00 1.079820999999999920e+00
2.446000000000000174e+00 1.075182000000000082e+00
2.448500000000000121e+00 1.070637000000000061e+00
2.451000000000000068e+00 1.066195000000000004e+00
2.453500000000000014e+00 1.061863000000000001e+00
2.455999999999999961e+00 1.057636000000000021e+00
2.458499999999999908e+00 1.053525000000000045e+00
2.460999999999999854e+00 1.049520999999999926e+00
2.463499999999999801e+00 1.045638999999999985e+00
2.466000000000000192e+00 1.041865999999999959e+00
2.468500000000000139e+00 1.038232000000000044e+00
2.471000000000000085e+00 1.034721000000000002e+00
2.473500000000000032e+00 1.031341000000000063e+00
