3.409600000000000408e-01 9.643800000000000150e-01
3.459600000000000453e-01 9.527210000000000401e-01
3.509600000000000497e-01 9.455080000000000151e-01
3.559599999999999986e-01 9.405959999999999877e-01
3.609600000000000031e-01 9.371159999999999490e-01
3.659599999999999520e-01 9.346090000000000231e-01
3.709599999999999564e-01 9.327980000000000160e-01
3.759599999999999609e-01 9.315039999999999987e-01
3.809599999999999653e-01 9.306010000000000115e-01
3.859599999999999698e-01 9.300019999999999953e-01
3.909599999999999742e-01 9.296400000000000219e-01
3.959599999999999786e-01 9.294660000000000144e-01
4.009599999999999831e-01 9.294419999999999904e-01
4.059599999999999875e-01 9.295390000000000041e-01
4.109599999999999920e-01 9.297320000000000029e-01
4.159599999999999964e-01 9.300049999999999706e-01
4.209600000000000009e-01 9.303409999999999735e-01
4.259600000000000053e-01 9.307290000000000285e-01
4.309600000000000097e-01 9.311570000000000125e-01
4.359600000000000142e-01 9.316200000000000037e-01
4.409600000000000186e-01 9.321089999999999653e-01
4.459600000000000231e-01 9.326179999999999470e-01
4.509600000000000275e-01 9.331450000000000022e-01
4.559600000000000319e-01 9.336830000000000407e-01
4.609600000000000364e-01 9.342310000000000336e-01
4.659600000000000408e-01 9.347860000000000058e-01
4.709600000000000453e-01 9.353439999999999532e-01
4.759600000000000497e-01 9.359049999999999869e-01
4.809599999999999431e-01 9.364670000000000494e-01
4.859599999999999476e-01 9.370279999999999720e-01
4.909599999999999520e-01 9.375869999999999482e-01
4.959599999999999564e-01 9.381439999999999779e-01
5.009599999999999609e-01 9.386970000000000036e-01
5.059599999999999653e-01 9.392449999999999966e-01
5.109599999999999698e-01 9.397889999999999855e-01
5.159599999999999742e-01 9.403270000000000239e-01
5.209599999999999786e-01 9.408600000000000296e-01
5.259599999999999831e-01 9.413869999999999738e-01
5.309599999999999875e-01 9.419079999999999675e-01
5.359599999999999920e-01 9.424230000000000107e-01
5.409599999999999964e-01 9.429309999999999636e-01
5.459600000000000009e-01 9.434320000000000483e-01
5.509600000000000053e-01 9.439269999999999605e-01
5.559600000000000097e-01 9.444150000000000045e-01
5.609600000000000142e-01 9.448959999999999582e-01
5.659600000000000186e-01 9.453709999999999614e-01
5.709600000000000231e-01 9.458389999999999853e-01
5.759600000000000275e-01 9.463000000000000300e-01
5.809600000000000319e-01 9.467550000000000132e-01
5.859600000000000364e-01 9.472030000000000172e-01
5.909600000000000408e-01 9.476449999999999596e-01
5.959600000000000453e-01 9.480809999999999516e-01
6.009600000000000497e-01 9.485099999999999643e-01
6.059599999999999431e-01 9.489330000000000265e-01
6.109599999999999476e-01 9.493489999999999984e-01
6.159599999999999520e-01 9.497600000000000486e-01
6.209599999999999564e-01 9.501650000000000373e-01
6.259599999999999609e-01 9.505630000000000468e-01
6.309599999999999653e-01 9.509560000000000235e-01
6.359599999999999698e-01 9.513439999999999674e-01
6.409599999999999742e-01 9.517259999999999609e-01
6.459599999999999786e-01 9.521020000000000039e-01
6.509599999999999831e-01 9.524730000000000141e-01
6.559599999999999875e-01 9.528389999999999915e-01
6.609599999999999920e-01 9.532000000000000473e-01
6.659599999999999964e-01 9.535559999999999592e-01
6.709600000000000009e-01 9.539060000000000317e-01
6.759600000000000053e-01 9.542519999999999891e-01
6.809600000000000097e-01 9.545940000000000536e-01
6.859600000000000142e-01 9.549299999999999455e-01
6.909600000000000186e-01 9.552619999999999445e-01
6.959600000000000231e-01 9.555900000000000505e-01
7.009600000000000275e-01 9.559140000000000414e-01
7.059600000000000319e-01 9.562329999999999997e-01
7.109599999999999254e-01 9.565479999999999539e-01
7.159600000000000408e-01 9.568590000000000151e-01
7.209599999999999342e-01 9.571659999999999613e-01
7.259600000000000497e-01 9.574690000000000145e-01
7.309599999999999431e-01 9.577679999999999527e-01
7.359600000000000586e-01 9.580629999999999979e-01
7.409599999999999520e-01 9.583549999999999569e-01
7.459600000000000675e-01 9.586430000000000229e-01
7.509599999999999609e-01 9.589280000000000026e-01
7.559600000000000763e-01 9.592089999999999783e-01
7.609599999999999698e-01 9.594869999999999788e-01
7.659600000000000852e-01 9.597620000000000040e-01
7.709599999999999786e-01 9.600330000000000252e-01
7.759599999999999831e-01 9.603009999999999602e-01
7.809599999999999875e-01 9.605660000000000309e-01
7.859599999999999920e-01 9.608280000000000154e-01
7.909599999999999964e-01 9.610870000000000246e-01
7.959600000000000009e-01 9.613429999999999476e-01
8.009600000000000053e-01 9.615960000000000063e-01
8.059600000000000097e-01 9.618459999999999788e-01
8.109600000000000142e-01 9.620940000000000047e-01
8.159600000000000186e-01 9.623390000000000555e-01
8.209600000000000231e-01 9.625810000000000199e-01
8.259600000000000275e-01 9.628210000000000379e-01
8.309600000000000319e-01 9.630579999999999696e-01
8.359599999999999254e-01 9.632920000000000371e-01
8.409600000000000408e-01 9.635249999999999648e-01
8.459600000000000453e-01 9.637539999999999996e-01
8.509600000000000497e-01 9.639820000000000055e-01
8.559600000000000541e-01 9.642070000000000363e-01
8.609600000000000586e-01 9.644300000000000095e-01
8.659599999999999520e-01 9.646500000000000075e-01
8.709599999999999564e-01 9.648689999999999767e-01
8.759599999999999609e-01 9.650849999999999707e-01
8.809599999999999653e-01 9.652990000000000181e-01
8.859599999999999698e-01 9.655120000000000369e-01
8.909599999999999742e-01 9.657219999999999693e-01
8.959599999999999786e-01 9.659299999999999553e-01
9.009599999999999831e-01 9.661359999999999948e-01
9.059599999999999875e-01 9.663410000000000055e-01
9.109599999999999920e-01 9.665430000000000410e-01
9.159599999999999964e-01 9.667440000000000477e-01
9.209600000000000009e-01 9.669429999999999970e-01
9.259600000000000053e-01 9.671399999999999997e-01
9.309600000000000097e-01 9.673349999999999449e-01
9.359600000000000142e-01 9.675289999999999724e-01
9.409600000000000186e-01 9.677210000000000534e-01
9.459600000000000231e-01 9.679109999999999658e-01
9.509600000000000275e-01 9.680999999999999606e-01
9.559600000000000319e-01 9.682870000000000088e-01
9.609600000000000364e-01 9.684719999999999995e-01
9.659600000000000408e-01 9.686559999999999615e-01
9.709600000000000453e-01 9.688379999999999770e-01
9.759600000000000497e-01 9.690189999999999637e-01
9.809600000000000541e-01 9.691990000000000327e-01
9.859600000000000586e-01 9.693770000000000442e-01
9.909599999999999520e-01 9.695529999999999982e-01
9.959599999999999564e-01 9.697280000000000344e-01
1.000960000000000072e+00 9.699020000000000419e-01
1.005959999999999965e+00 9.700739999999999919e-01
1.010959999999999859e+00 9.702450000000000241e-01
1.015959999999999974e+00 9.704150000000000276e-01
1.020960000000000090e+00 9.705840000000000023e-01
1.025959999999999983e+00 9.707510000000000305e-01
1.030959999999999877e+00 9.709160000000000013e-01
1.035959999999999992e+00 9.710809999999999720e-01
1.040960000000000107e+00 9.712439999999999962e-01
1.045960000000000001e+00 9.714059999999999917e-01
1.050959999999999894e+00 9.715669999999999584e-01
1.055960000000000010e+00 9.717270000000000074e-01
1.060960000000000125e+00 9.718860000000000277e-01
1.065960000000000019e+00 9.720429999999999904e-01
1.070959999999999912e+00 9.721990000000000354e-01
1.075960000000000027e+00 9.723549999999999693e-01
1.080960000000000143e+00 9.725089999999999568e-01
1.085960000000000036e+00 9.726620000000000266e-01
1.090959999999999930e+00 9.728139999999999565e-01
1.095960000000000045e+00 9.729649999999999688e-01
1.100960000000000161e+00 9.731140000000000345e-01
1.105960000000000054e+00 9.732629999999999892e-01
1.110959999999999948e+00 9.734110000000000262e-01
1.115959999999999841e+00 9.735580000000000345e-01
1.120959999999999956e+00 9.737040000000000139e-01
1.125960000000000072e+00 9.738489999999999647e-01
1.130959999999999965e+00 9.739929999999999977e-01
1.135959999999999859e+00 9.741360000000000019e-01
1.140959999999999974e+00 9.742779999999999774e-01
1.145960000000000090e+00 9.744190000000000351e-01
1.150959999999999983e+00 9.745589999999999531e-01
1.155959999999999877e+00 9.746979999999999533e-01
1.160959999999999992e+00 9.748369999999999536e-01
1.165960000000000107e+00 9.749740000000000073e-01
1.170960000000000001e+00 9.751109999999999500e-01
1.175959999999999894e+00 9.752469999999999750e-01
1.180960000000000010e+00 9.753819999999999713e-01
1.185960000000000125e+00 9.755160000000000498e-01
1.190960000000000019e+00 9.756489999999999885e-01
1.195959999999999912e+00 9.757820000000000382e-01
1.200960000000000027e+00 9.759130000000000305e-01
1.205960000000000143e+00 9.760440000000000227e-01
1.210960000000000036e+00 9.761739999999999862e-01
1.215959999999999930e+00 9.763039999999999496e-01
1.220960000000000045e+00 9.764319999999999666e-01
1.225960000000000161e+00 9.765599999999999836e-01
1.230960000000000054e+00 9.766869999999999719e-01
1.235959999999999948e+00 9.768130000000000424e-01
1.240959999999999841e+00 9.769390000000000018e-01
1.245959999999999956e+00 9.770640000000000436e-01
1.250960000000000072e+00 9.771879999999999455e-01
1.255959999999999965e+00 9.773110000000000408e-01
1.260959999999999859e+00 9.774340000000000250e-01
1.265959999999999974e+00 9.775559999999999805e-01
1.270960000000000090e+00 9.776770000000000183e-01
1.275959999999999983e+00 9.777979999999999450e-01
1.280959999999999877e+00 9.779179999999999540e-01
1.285959999999999992e+00 9.780370000000000452e-01
1.290960000000000107e+00 9.781549999999999967e-01
1.295960000000000001e+00 9.782729999999999482e-01
1.300959999999999894e+00 9.783899999999999819e-01
1.305960000000000010e+00 9.785070000000000157e-01
1.310960000000000125e+00 9.786230000000000206e-01
1.315960000000000019e+00 9.787379999999999969e-01
1.320959999999999912e+00 9.788529999999999731e-01
1.325960000000000027e+00 9.789670000000000316e-01
1.330960000000000143e+00 9.790799999999999503e-01
1.335960000000000036e+00 9.791929999999999801e-01
1.340959999999999930e+00 9.793049999999999811e-01
1.345959999999999823e+00 9.794169999999999821e-01
1.350960000000000161e+00 9.795279999999999543e-01
1.355960000000000054e+00 9.796380000000000088e-01
1.360959999999999948e+00 9.797479999999999523e-01
1.365959999999999841e+00 9.798569999999999780e-01
1.370960000000000178e+00 9.799660000000000037e-01
1.375960000000000072e+00 9.800740000000000007e-01
1.380959999999999965e+00 9.801809999999999690e-01
1.385959999999999859e+00 9.802880000000000482e-01
1.390960000000000196e+00 9.803950000000000164e-01
1.395960000000000090e+00 9.805000000000000382e-01
1.400959999999999983e+00 9.806059999999999777e-01
1.405959999999999877e+00 9.807099999999999707e-01
1.410960000000000214e+00 9.808149999999999924e-01
1.415960000000000107e+00 9.809179999999999566e-01
1.420960000000000001e+00 9.810210000000000319e-01
1.425959999999999894e+00 9.811239999999999961e-01
1.430959999999999788e+00 9.812260000000000426e-01
1.435960000000000125e+00 9.813279999999999781e-01
1.440960000000000019e+00 9.814289999999999958e-01
1.445959999999999912e+00 9.815289999999999848e-01
1.450959999999999805e+00 9.816289999999999738e-01
1.455960000000000143e+00 9.817289999999999628e-01
1.460960000000000036e+00 9.818280000000000340e-01
1.465959999999999930e+00 9.819259999999999655e-01
1.470959999999999823e+00 9.820240000000000080e-01
1.475960000000000161e+00 9.821220000000000505e-01
1.480960000000000054e+00 9.822189999999999532e-01
1.485959999999999948e+00 9.823150000000000492e-01
1.490959999999999841e+00 9.824110000000000342e-01
1.495960000000000178e+00 9.825070000000000192e-01
1.500960000000000072e+00 9.826019999999999754e-01
1.505959999999999965e+00 9.826970000000000427e-01
1.510959999999999859e+00 9.827909999999999702e-01
1.515960000000000196e+00 9.828850000000000087e-01
1.520960000000000090e+00 9.829780000000000184e-01
1.525959999999999983e+00 9.830710000000000282e-01
1.530959999999999877e+00 9.831630000000000091e-01
1.535960000000000214e+00 9.832549999999999901e-01
1.540960000000000107e+00 9.833469999999999711e-01
1.545960000000000001e+00 9.834380000000000344e-01
1.550959999999999894e+00 9.835289999999999866e-01
1.555959999999999788e+00 9.836190000000000211e-01
1.560960000000000125e+00 9.837089999999999446e-01
1.565960000000000019e+00 9.837979999999999503e-01
1.570959999999999912e+00 9.838869999999999560e-01
1.575959999999999805e+00 9.839759999999999618e-01
1.580960000000000143e+00 9.840640000000000498e-01
1.585960000000000036e+00 9.841509999999999980e-01
1.590959999999999930e+00 9.842389999999999750e-01
1.595959999999999823e+00 9.843260000000000343e-01
1.600960000000000161e+00 9.844119999999999537e-01
1.605960000000000054e+00 9.844979999999999842e-01
1.610959999999999948e+00 9.845840000000000147e-01
1.615959999999999841e+00 9.846690000000000165e-01
1.620960000000000178e+00 9.847540000000000182e-01
1.625960000000000072e+00 9.848379999999999912e-01
1.630959999999999965e+00 9.849229999999999929e-01
1.635959999999999859e+00 9.850060000000000482e-01
1.640960000000000196e+00 9.850900000000000212e-01
1.645960000000000090e+00 9.851729999999999654e-01
1.650959999999999983e+00 9.852549999999999919e-01
1.655959999999999877e+00 9.853370000000000184e-01
1.660960000000000214e+00 9.854190000000000449e-01
1.665959999999999885e+00 9.855009999999999604e-01
1.670960000000000001e+00 9.855819999999999581e-01
1.675959999999999894e+00 9.856620000000000381e-01
1.680959999999999788e+00 9.857430000000000359e-01
1.685959999999999903e+00 9.858230000000000048e-01
1.690960000000000019e+00 9.859019999999999451e-01
1.695959999999999912e+00 9.859809999999999963e-01
1.700959999999999805e+00 9.860600000000000476e-01
1.705959999999999921e+00 9.861389999999999878e-01
1.710960000000000036e+00 9.862170000000000103e-01
1.715959999999999930e+00 9.862950000000000328e-01
1.720959999999999823e+00 9.863720000000000265e-01
1.725959999999999939e+00 9.864500000000000490e-01
1.730960000000000054e+00 9.865260000000000140e-01
1.735959999999999948e+00 9.866030000000000078e-01
1.740959999999999841e+00 9.866789999999999727e-01
1.745959999999999956e+00 9.867550000000000487e-01
1.750960000000000072e+00 9.868299999999999850e-01
1.755959999999999965e+00 9.869050000000000322e-01
1.760959999999999859e+00 9.869799999999999685e-01
1.765959999999999974e+00 9.870539999999999869e-01
1.770960000000000090e+00 9.871280000000000054e-01
1.775959999999999983e+00 9.872020000000000239e-01
1.780959999999999877e+00 9.872760000000000424e-01
1.785959999999999992e+00 9.873490000000000322e-01
1.790959999999999885e+00 9.874220000000000219e-01
1.795960000000000001e+00 9.874939999999999829e-01
1.800959999999999894e+00 9.875660000000000549e-01
1.805959999999999788e+00 9.876380000000000159e-01
1.810959999999999903e+00 9.877099999999999769e-01
1.815960000000000019e+00 9.877810000000000201e-01
1.820959999999999912e+00 9.878519999999999524e-01
1.825959999999999805e+00 9.879219999999999668e-01
1.830959999999999921e+00 9.879930000000000101e-01
1.835960000000000036e+00 9.880630000000000246e-01
1.840959999999999930e+00 9.881320000000000103e-01
1.845959999999999823e+00 9.882020000000000248e-01
1.850959999999999939e+00 9.882710000000000106e-01
1.855960000000000054e+00 9.883399999999999963e-01
1.860959999999999948e+00 9.884079999999999533e-01
1.865959999999999841e+00 9.884760000000000213e-01
1.870959999999999956e+00 9.885439999999999783e-01
1.875960000000000072e+00 9.886120000000000463e-01
1.880959999999999965e+00 9.886789999999999745e-01
1.885959999999999859e+00 9.887460000000000138e-01
1.890959999999999974e+00 9.888130000000000530e-01
1.895960000000000090e+00 9.888789999999999525e-01
1.900959999999999983e+00 9.889449999999999630e-01
1.905959999999999877e+00 9.890109999999999735e-01
1.910959999999999992e+00 9.890769999999999840e-01
1.915959999999999885e+00 9.891419999999999657e-01
1.920960000000000001e+00 9.892069999999999474e-01
1.925959999999999894e+00 9.892720000000000402e-01
1.930959999999999788e+00 9.893359999999999932e-01
1.935959999999999903e+00 9.894009999999999749e-01
1.940960000000000019e+00 9.894650000000000389e-01
1.945959999999999912e+00 9.895279999999999632e-01
1.950959999999999805e+00 9.895920000000000272e-01
1.955959999999999921e+00 9.896549999999999514e-01
1.960960000000000036e+00 9.897179999999999866e-01
1.965959999999999930e+00 9.897799999999999931e-01
1.970959999999999823e+00 9.898419999999999996e-01
1.975959999999999939e+00 9.899050000000000349e-01
1.980960000000000054e+00 9.899660000000000126e-01
1.985959999999999948e+00 9.900280000000000191e-01
1.990959999999999841e+00 9.900889999999999969e-01
1.995959999999999956e+00 9.901499999999999746e-01
2.000960000000000072e+00 9.902109999999999523e-01
2.005959999999999965e+00 9.902710000000000123e-01
2.010959999999999859e+00 9.903319999999999901e-01
2.015959999999999752e+00 9.903920000000000501e-01
2.020960000000000090e+00 9.904509999999999703e-01
2.025959999999999983e+00 9.905110000000000303e-01
2.030959999999999877e+00 9.905699999999999505e-01
2.035960000000000214e+00 9.906289999999999818e-01
2.040960000000000107e+00 9.906880000000000130e-01
2.045960000000000001e+00 9.907460000000000155e-01
2.050959999999999894e+00 9.908050000000000468e-01
2.055959999999999788e+00 9.908630000000000493e-01
2.060959999999999681e+00 9.909200000000000230e-01
2.065960000000000019e+00 9.909780000000000255e-01
2.070959999999999912e+00 9.910349999999999993e-01
2.075959999999999805e+00 9.910919999999999730e-01
2.080960000000000143e+00 9.911489999999999467e-01
2.085960000000000036e+00 9.912060000000000315e-01
2.090959999999999930e+00 9.912619999999999765e-01
2.095959999999999823e+00 9.913180000000000325e-01
2.100959999999999717e+00 9.913739999999999775e-01
2.105960000000000054e+00 9.914300000000000335e-01
2.110959999999999948e+00 9.914849999999999497e-01
2.115959999999999841e+00 9.915399999999999769e-01
2.120960000000000178e+00 9.915950000000000042e-01
2.125960000000000072e+00 9.916500000000000314e-01
2.130959999999999965e+00 9.917040000000000299e-01
2.135959999999999859e+00 9.917589999999999462e-01
2.140959999999999752e+00 9.918129999999999447e-01
2.145960000000000090e+00 9.918660000000000254e-01
2.150959999999999983e+00 9.919200000000000239e-01
2.155959999999999877e+00 9.919729999999999936e-01
2.160960000000000214e+00 9.920269999999999921e-01
2.165960000000000107e+00 9.920799999999999619e-01
2.170960000000000001e+00 9.921320000000000139e-01
2.175959999999999894e+00 9.921849999999999836e-01
2.180959999999999788e+00 9.922370000000000356e-01
2.185959999999999681e+00 9.922889999999999766e-01
2.190960000000000019e+00 9.923410000000000286e-01
2.195959999999999912e+00 9.923920000000000519e-01
2.200959999999999805e+00 9.924439999999999928e-01
2.205960000000000143e+00 9.924950000000000161e-01
2.210960000000000036e+00 9.925460000000000393e-01
2.215959999999999930e+00 9.925969999999999516e-01
2.220959999999999823e+00 9.926469999999999461e-01
2.225959999999999717e+00 9.926979999999999693e-01
2.230960000000000054e+00 9.927479999999999638e-01
2.235959999999999948e+00 9.927979999999999583e-01
2.240959999999999841e+00 9.928479999999999528e-01
2.245960000000000178e+00 9.928970000000000296e-01
2.250960000000000072e+00 9.929459999999999953e-01
2.255959999999999965e+00 9.929949999999999610e-01
2.260959999999999859e+00 9.930440000000000378e-01
2.265959999999999752e+00 9.930930000000000035e-01
2.270960000000000090e+00 9.931419999999999693e-01
2.275959999999999983e+00 9.931900000000000173e-01
2.280959999999999877e+00 9.932379999999999542e-01
2.285960000000000214e+00 9.932860000000000023e-01
2.290960000000000107e+00 9.933340000000000503e-01
2.295960000000000001e+00 9.933809999999999585e-01
2.300959999999999894e+00 9.934279999999999777e-01
2.305959999999999788e+00 9.934749999999999970e-01
2.310959999999999681e+00 9.935220000000000162e-01
2.315960000000000019e+00 9.935690000000000355e-01
2.320959999999999912e+00 9.936160000000000547e-01
2.325959999999999805e+00 9.936620000000000452e-01
2.330960000000000143e+00 9.937080000000000357e-01
2.335960000000000036e+00 9.937540000000000262e-01
2.340959999999999930e+00 9.938000000000000167e-01
2.345959999999999823e+00 9.938449999999999784e-01
2.350959999999999717e+00 9.938909999999999689e-01
2.355960000000000054e+00 9.939360000000000417e-01
2.360959999999999948e+00 9.939810000000000034e-01
2.365960000000000285e+00 9.940259999999999652e-01
2.370960000000000178e+00 9.940700000000000092e-01
2.375960000000000072e+00 9.941149999999999709e-01
2.380959999999999965e+00 9.941590000000000149e-01
2.385959999999999859e+00 9.942029999999999479e-01
2.390959999999999752e+00 9.942469999999999919e-01
2.395960000000000090e+00 9.942900000000000071e-01
2.400959999999999983e+00 9.943340000000000511e-01
2.405960000000000321e+00 9.943769999999999554e-01
2.410960000000000214e+00 9.944199999999999706e-01
2.415960000000000107e+00 9.944629999999999859e-01
2.420960000000000001e+00 9.945060000000000011e-01
2.425959999999999894e+00 9.945490000000000164e-01
2.430959999999999788e+00 9.945910000000000029e-01
2.435959999999999681e+00 9.946329999999999893e-01
2.440960000000000019e+00 9.946749999999999758e-01
2.445959999999999912e+00 9.947169999999999623e-01
2.450960000000000250e+00 9.947589999999999488e-01
2.455960000000000143e+00 9.948010000000000463e-01
2.460960000000000036e+00 9.948420000000000041e-01
2.465959999999999930e+00 9.948829999999999618e-01
2.470959999999999823e+00 9.949240000000000306e-01
2.475959999999999717e+00 9.949649999999999883e-01
2.480960000000000054e+00 9.950050000000000283e-01
2.485959999999999948e+00 9.950459999999999861e-01
2.490960000000000285e+00 9.950860000000000261e-01
2.495960000000000178e+00 9.951259999999999550e-01
2.500960000000000072e+00 9.951659999999999950e-01
2.505959999999999965e+00 9.952060000000000350e-01
2.510959999999999859e+00 9.952459999999999640e-01
2.515959999999999752e+00 9.952849999999999753e-01
2.520960000000000090e+00 9.953250000000000153e-01
2.525959999999999983e+00 9.953640000000000265e-01
2.530960000000000321e+00 9.954030000000000378e-01
2.535960000000000214e+00 9.954410000000000203e-01
2.540960000000000107e+00 9.954800000000000315e-01
2.545960000000000001e+00 9.955180000000000140e-01
2.550959999999999894e+00 9.955570000000000253e-01
2.555959999999999788e+00 9.955950000000000077e-01
2.560959999999999681e+00 9.956329999999999902e-01
2.565960000000000019e+00 9.956700000000000550e-01
2.570959999999999912e+00 9.957080000000000375e-01
2.575960000000000250e+00 9.957460000000000200e-01
2.580960000000000143e+00 9.957829999999999737e-01
2.585960000000000036e+00 9.958200000000000385e-01
2.590959999999999930e+00 9.958569999999999922e-01
2.595959999999999823e+00 9.958939999999999459e-01
2.600959999999999717e+00 9.959299999999999820e-01
2.605960000000000054e+00 9.959670000000000467e-01
2.610959999999999948e+00 9.960029999999999717e-01
2.615960000000000285e+00 9.960390000000000077e-01
2.620960000000000178e+00 9.960750000000000437e-01
2.625960000000000072e+00 9.961109999999999687e-01
2.630959999999999965e+00 9.961470000000000047e-01
2.635959999999999859e+00 9.961830000000000407e-01
2.640959999999999752e+00 9.962180000000000479e-01
2.645960000000000090e+00 9.962530000000000552e-01
2.650959999999999983e+00 9.962879999999999514e-01
2.655960000000000321e+00 9.963229999999999587e-01
2.660960000000000214e+00 9.963579999999999659e-01
2.665960000000000107e+00 9.963920000000000554e-01
2.670960000000000001e+00 9.964269999999999516e-01
2.675959999999999894e+00 9.964610000000000412e-01
2.680959999999999788e+00 9.964950000000000196e-01
2.685959999999999681e+00 9.965289999999999981e-01
2.690960000000000019e+00 9.965629999999999766e-01
2.695959999999999912e+00 9.965969999999999551e-01
2.700960000000000250e+00 9.966300000000000159e-01
2.705960000000000143e+00 9.966639999999999944e-01
2.710960000000000036e+00 9.966970000000000551e-01
2.715959999999999930e+00 9.967300000000000049e-01
2.720959999999999823e+00 9.967629999999999546e-01
2.725959999999999717e+00 9.967960000000000154e-01
2.730960000000000054e+00 9.968289999999999651e-01
2.735959999999999948e+00 9.968609999999999971e-01
2.740960000000000285e+00 9.968930000000000291e-01
2.745960000000000178e+00 9.969259999999999788e-01
2.750960000000000072e+00 9.969580000000000108e-01
2.755959999999999965e+00 9.969900000000000428e-01
2.760959999999999859e+00 9.970210000000000461e-01
2.765959999999999752e+00 9.970529999999999671e-01
2.770960000000000090e+00 9.970849999999999991e-01
2.775959999999999983e+00 9.971160000000000023e-01
2.780960000000000321e+00 9.971470000000000056e-01
2.785960000000000214e+00 9.971780000000000088e-01
2.790960000000000107e+00 9.972090000000000121e-01
2.795960000000000001e+00 9.972389999999999866e-01
2.800959999999999894e+00 9.972699999999999898e-01
2.805959999999999788e+00 9.973009999999999931e-01
2.810959999999999681e+00 9.973309999999999675e-01
2.815960000000000019e+00 9.973610000000000531e-01
2.820959999999999912e+00 9.973910000000000275e-01
2.825960000000000250e+00 9.974210000000000020e-01
2.830960000000000143e+00 9.974509999999999765e-01
2.835960000000000036e+00 9.974800000000000333e-01
2.840959999999999930e+00 9.975100000000000078e-01
2.845959999999999823e+00 9.975389999999999535e-01
2.850959999999999717e+00 9.975680000000000103e-01
2.855960000000000054e+00 9.975969999999999560e-01
2.860959999999999948e+00 9.976260000000000128e-01
2.865960000000000285e+00 9.976549999999999585e-01
2.870960000000000178e+00 9.976840000000000153e-01
2.875960000000000072e+00 9.977120000000000433e-01
2.880959999999999965e+00 9.977399999999999602e-01
2.885959999999999859e+00 9.977690000000000170e-01
2.890959999999999752e+00 9.977970000000000450e-01
2.895960000000000090e+00 9.978249999999999620e-01
2.900959999999999983e+00 9.978519999999999612e-01
2.905960000000000321e+00 9.978799999999999892e-01
2.910960000000000214e+00 9.979069999999999885e-01
2.915960000000000107e+00 9.979350000000000165e-01
2.920960000000000001e+00 9.979620000000000157e-01
2.925959999999999894e+00 9.979890000000000150e-01
2.930959999999999788e+00 9.980160000000000142e-01
2.935959999999999681e+00 9.980430000000000135e-01
2.940960000000000019e+00 9.980700000000000127e-01
2.945959999999999912e+00 9.980959999999999832e-01
2.950960000000000250e+00 9.981219999999999537e-01
2.955960000000000143e+00 9.981489999999999529e-01
2.960960000000000036e+00 9.981750000000000345e-01
2.965959999999999930e+00 9.982010000000000050e-01
2.970959999999999823e+00 9.982259999999999467e-01
2.975959999999999717e+00 9.982520000000000282e-01
2.980960000000000054e+00 9.982779999999999987e-01
2.985959999999999948e+00 9.983030000000000515e-01
2.990960000000000285e+00 9.983279999999999932e-01
2.995960000000000178e+00 9.983530000000000459e-01
3.000960000000000072e+00 9.983790000000000164e-01
3.005959999999999965e+00 9.984030000000000404e-01
3.010959999999999859e+00 9.984279999999999822e-01
3.015959999999999752e+00 9.984520000000000062e-01
3.020960000000000090e+00 9.984769999999999479e-01
3.025959999999999983e+00 9.985009999999999719e-01
3.030960000000000321e+00 9.985249999999999959e-01
3.035960000000000214e+00 9.985490000000000199e-01
3.040960000000000107e+00 9.985730000000000439e-01
3.045960000000000001e+00 9.985969999999999569e-01
3.050959999999999894e+00 9.986199999999999521e-01
3.055959999999999788e+00 9.986439999999999761e-01
3.060959999999999681e+00 9.986669999999999714e-01
3.065960000000000019e+00 9.986899999999999666e-01
3.070959999999999912e+00 9.987129999999999619e-01
3.075960000000000250e+00 9.987359999999999571e-01
3.080960000000000143e+00 9.987580000000000346e-01
3.085960000000000036e+00 9.987810000000000299e-01
3.090959999999999930e+00 9.988029999999999964e-01
3.095959999999999823e+00 9.988249999999999629e-01
3.100959999999999717e+00 9.988470000000000404e-01
3.105960000000000054e+00 9.988690000000000069e-01
3.110959999999999948e+00 9.988909999999999734e-01
3.115960000000000285e+00 9.989130000000000509e-01
3.120960000000000178e+00 9.989339999999999886e-01
3.125960000000000072e+00 9.989559999999999551e-01
3.130959999999999965e+00 9.989770000000000039e-01
3.135959999999999859e+00 9.989980000000000526e-01
3.140959999999999752e+00 9.990189999999999904e-01
3.145960000000000090e+00 9.990390000000000104e-01
3.150959999999999983e+00 9.990599999999999481e-01
3.155960000000000321e+00 9.990799999999999681e-01
3.160960000000000214e+00 9.991010000000000169e-01
3.165960000000000107e+00 9.991210000000000369e-01
3.170960000000000001e+00 9.991400000000000281e-01
3.175959999999999894e+00 9.991600000000000481e-01
3.180959999999999788e+00 9.991799999999999571e-01
3.185959999999999681e+00 9.991989999999999483e-01
3.190960000000000019e+00 9.992180000000000506e-01
3.195959999999999912e+00 9.992370000000000418e-01
3.200960000000000250e+00 9.992560000000000331e-01
3.205960000000000143e+00 9.992750000000000243e-01
3.210960000000000036e+00 9.992929999999999868e-01
3.215959999999999930e+00 9.993119999999999781e-01
3.220959999999999823e+00 9.993300000000000516e-01
3.225959999999999717e+00 9.993480000000000141e-01
3.230960000000000054e+00 9.993659999999999766e-01
3.235959999999999948e+00 9.993840000000000501e-01
3.240960000000000285e+00 9.994009999999999838e-01
3.245960000000000178e+00 9.994180000000000286e-01
3.250960000000000072e+00 9.994359999999999911e-01
3.255959999999999965e+00 9.994530000000000358e-01
3.260959999999999859e+00 9.994690000000000518e-01
3.265959999999999752e+00 9.994859999999999856e-01
3.270960000000000090e+00 9.995020000000000016e-01
3.275959999999999983e+00 9.995190000000000463e-01
3.280960000000000321e+00 9.995340000000000336e-01
3.285960000000000214e+00 9.995500000000000496e-01
3.290960000000000107e+00 9.995659999999999545e-01
3.295960000000000001e+00 9.995810000000000528e-01
3.300959999999999894e+00 9.995960000000000401e-01
3.305959999999999788e+00 9.996110000000000273e-01
3.310959999999999681e+00 9.996260000000000145e-01
3.315960000000000019e+00 9.996399999999999730e-01
3.320959999999999912e+00 9.996540000000000425e-01
3.325960000000000250e+00 9.996690000000000298e-01
3.330960000000000143e+00 9.996829999999999883e-01
3.335960000000000036e+00 9.996960000000000290e-01
3.340959999999999930e+00 9.997099999999999875e-01
3.345959999999999823e+00 9.997230000000000283e-01
3.350959999999999717e+00 9.997350000000000403e-01
3.355960000000000054e+00 9.997479999999999700e-01
3.360959999999999948e+00 9.997610000000000108e-01
3.365960000000000285e+00 9.997730000000000228e-01
3.370960000000000178e+00 9.997850000000000348e-01
3.375960000000000072e+00 9.997960000000000180e-01
3.380959999999999965e+00 9.998080000000000300e-01
3.385959999999999859e+00 9.998190000000000133e-01
3.390959999999999752e+00 9.998299999999999965e-01
3.395960000000000090e+00 9.998399999999999510e-01
3.400959999999999983e+00 9.998510000000000453e-01
3.405960000000000321e+00 9.998609999999999998e-01
3.410960000000000214e+00 9.998709999999999543e-01
3.415960000000000107e+00 9.998799999999999910e-01
3.420960000000000001e+00 9.998890000000000278e-01
3.425959999999999894e+00 9.998979999999999535e-01
3.430959999999999788e+00 9.999069999999999903e-01
3.435959999999999681e+00 9.999139999999999695e-01
3.440960000000000019e+00 9.999219999999999775e-01
3.445959999999999912e+00 9.999299999999999855e-01
3.450960000000000250e+00 9.999369999999999647e-01
3.455960000000000143e+00 9.999440000000000550e-01
3.460960000000000036e+00 9.999510000000000343e-01
3.465959999999999930e+00 9.999569999999999848e-01
3.470959999999999823e+00 9.999630000000000463e-01
3.475959999999999717e+00 9.999689999999999968e-01
3.480960000000000054e+00 9.999740000000000295e-01
3.485959999999999948e+00 9.999789999999999512e-01
3.490960000000000285e+00 9.999829999999999552e-01
3.495960000000000178e+00 9.999869999999999592e-01
3.500960000000000072e+00 9.999900000000000455e-01
3.505959999999999965e+00 9.999930000000000208e-01
3.510959999999999859e+00 9.999970000000000248e-01
3.515959999999999752e+00 9.999989999999999712e-01
3.520960000000000090e+00 1.000000999999999918e+00
3.525959999999999983e+00 1.000002000000000058e+00
3.530960000000000321e+00 1.000002999999999975e+00
3.535960000000000214e+00 1.000003999999999893e+00
3.540960000000000107e+00 1.000003999999999893e+00
3.545960000000000001e+00 1.000003999999999893e+00
3.550959999999999894e+00 1.000002999999999975e+00
3.555959999999999788e+00 1.000002000000000058e+00
3.560959999999999681e+00 1.000000000000000000e+00
3.565960000000000019e+00 9.999980000000000535e-01
3.570959999999999912e+00 9.999940000000000495e-01
3.575960000000000250e+00 9.999919999999999920e-01
3.580960000000000143e+00 9.999879999999999880e-01
3.585960000000000036e+00 9.999829999999999552e-01
3.590959999999999930e+00 9.999780000000000335e-01
3.595959999999999823e+00 9.999730000000000008e-01
3.600959999999999717e+00 9.999670000000000503e-01
3.605960000000000054e+00 9.999609999999999888e-01
3.610959999999999948e+00 9.999529999999999808e-01
3.615960000000000285e+00 9.999449999999999728e-01
3.620960000000000178e+00 9.999369999999999647e-01
3.625960000000000072e+00 9.999280000000000390e-01
3.630959999999999965e+00 9.999179999999999735e-01
3.635959999999999859e+00 9.999069999999999903e-01
3.640959999999999752e+00 9.998960000000000070e-01
3.645960000000000090e+00 9.998850000000000238e-01
3.650959999999999983e+00 9.998730000000000118e-01
3.655960000000000321e+00 9.998590000000000533e-01
3.660960000000000214e+00 9.998460000000000125e-01
3.665960000000000107e+00 9.998320000000000540e-01
3.670960000000000001e+00 9.998160000000000380e-01
3.675959999999999894e+00 9.998000000000000220e-01
3.680960000000000232e+00 9.997840000000000060e-01
3.685960000000000125e+00 9.997669999999999613e-01
3.690960000000000019e+00 9.997489999999999988e-01
3.695959999999999912e+00 9.997300000000000075e-01
3.700960000000000250e+00 9.997110000000000163e-01
3.705960000000000143e+00 9.996899999999999675e-01
3.710960000000000036e+00 9.996699999999999475e-01
3.715959999999999930e+00 9.996479999999999810e-01
3.720960000000000267e+00 9.996260000000000145e-01
3.725960000000000161e+00 9.996019999999999905e-01
3.730960000000000054e+00 9.995779999999999665e-01
3.735959999999999948e+00 9.995530000000000248e-01
3.740960000000000285e+00 9.995279999999999720e-01
3.745960000000000178e+00 9.995020000000000016e-01
3.750960000000000072e+00 9.994760000000000311e-01
3.755959999999999965e+00 9.994480000000000031e-01
3.760960000000000303e+00 9.994199999999999751e-01
3.765960000000000196e+00 9.993910000000000293e-01
3.770960000000000090e+00 9.993600000000000261e-01
3.775959999999999983e+00 9.993300000000000516e-01
3.780960000000000321e+00 9.992999999999999661e-01
3.785960000000000214e+00 9.992670000000000163e-01
3.790960000000000107e+00 9.992360000000000131e-01
3.795960000000000001e+00 9.992029999999999523e-01
3.800959999999999894e+00 9.991700000000000026e-01
3.805960000000000232e+00 9.991349999999999953e-01
3.810960000000000125e+00 9.990999999999999881e-01
3.815960000000000019e+00 9.990649999999999809e-01
3.820959999999999912e+00 9.990299999999999736e-01
3.825960000000000250e+00 9.989940000000000486e-01
3.830960000000000143e+00 9.989569999999999839e-01
3.835960000000000036e+00 9.989200000000000301e-01
3.840959999999999930e+00 9.988839999999999941e-01
3.845960000000000267e+00 9.988460000000000116e-01
3.850960000000000161e+00 9.988080000000000291e-01
3.855960000000000054e+00 9.987700000000000466e-01
3.860959999999999948e+00 9.987319999999999531e-01
3.865960000000000285e+00 9.986949999999999994e-01
3.870960000000000178e+00 9.986570000000000169e-01
3.875960000000000072e+00 9.986180000000000057e-01
3.880959999999999965e+00 9.985800000000000232e-01
3.885960000000000303e+00 9.985420000000000407e-01
3.890960000000000196e+00 9.985049999999999759e-01
3.895960000000000090e+00 9.984659999999999647e-01
3.900959999999999983e+00 9.984300000000000397e-01
3.905960000000000321e+00 9.983929999999999749e-01
3.910960000000000214e+00 9.983560000000000212e-01
3.915960000000000107e+00 9.983210000000000139e-01
3.920960000000000001e+00 9.982839999999999492e-01
3.925959999999999894e+00 9.982490000000000530e-01
3.930960000000000232e+00 9.982159999999999922e-01
3.935960000000000125e+00 9.981830000000000425e-01
3.940960000000000019e+00 9.981510000000000105e-01
3.945959999999999912e+00 9.981179999999999497e-01
3.950960000000000250e+00 9.980869999999999465e-01
3.955960000000000143e+00 9.980569999999999720e-01
3.960960000000000036e+00 9.980290000000000550e-01
3.965959999999999930e+00 9.980010000000000270e-01
3.970960000000000267e+00 9.979740000000000277e-01
3.975960000000000161e+00 9.979489999999999750e-01
3.980960000000000054e+00 9.979240000000000332e-01
3.985959999999999948e+00 9.979010000000000380e-01
3.990960000000000285e+00 9.978799999999999892e-01
3.995960000000000178e+00 9.978580000000000227e-01
4.000960000000000072e+00 9.978390000000000315e-01
4.005959999999999965e+00 9.978209999999999580e-01
4.010960000000000747e+00 9.978040000000000243e-01
4.015959999999999752e+00 9.977890000000000370e-01
4.020960000000000534e+00 9.977749999999999675e-01
4.025959999999999539e+00 9.977629999999999555e-01
4.030960000000000321e+00 9.977519999999999722e-01
4.035960000000000214e+00 9.977430000000000465e-01
4.040960000000000107e+00 9.977340000000000098e-01
4.045960000000000001e+00 9.977279999999999482e-01
4.050959999999999894e+00 9.977219999999999978e-01
4.055960000000000676e+00 9.977190000000000225e-01
4.060959999999999681e+00 9.977160000000000473e-01
4.065960000000000463e+00 9.977139999999999898e-01
4.070959999999999468e+00 9.977150000000000185e-01
4.075960000000000250e+00 9.977160000000000473e-01
4.080960000000000143e+00 9.977200000000000513e-01
4.085960000000000036e+00 9.977230000000000265e-01
4.090959999999999930e+00 9.977289999999999770e-01
4.095959999999999823e+00 9.977350000000000385e-01
4.100960000000000605e+00 9.977430000000000465e-01
4.105959999999999610e+00 9.977510000000000545e-01
4.110960000000000392e+00 9.977620000000000378e-01
4.115960000000000285e+00 9.977730000000000210e-01
4.120960000000000178e+00 9.977850000000000330e-01
4.125960000000000072e+00 9.977979999999999627e-01
4.130959999999999965e+00 9.978120000000000323e-01
4.135960000000000747e+00 9.978270000000000195e-01
4.140959999999999752e+00 9.978430000000000355e-01
4.145960000000000534e+00 9.978599999999999692e-01
4.150959999999999539e+00 9.978780000000000427e-01
4.155960000000000321e+00 9.978939999999999477e-01
4.160960000000000214e+00 9.979139999999999677e-01
4.165960000000000107e+00 9.979329999999999590e-01
4.170960000000000001e+00 9.979529999999999790e-01
4.175959999999999894e+00 9.979740000000000277e-01
4.180960000000000676e+00 9.979949999999999655e-01
4.185959999999999681e+00 9.980160000000000142e-01
4.190960000000000463e+00 9.980390000000000095e-01
4.195959999999999468e+00 9.980630000000000335e-01
4.200960000000000250e+00 9.980850000000000000e-01
4.205960000000000143e+00 9.981100000000000527e-01
4.210960000000000036e+00 9.981330000000000480e-01
4.215959999999999930e+00 9.981560000000000432e-01
4.220959999999999823e+00 9.981809999999999850e-01
4.225960000000000605e+00 9.982050000000000090e-01
4.230959999999999610e+00 9.982309999999999794e-01
4.235960000000000392e+00 9.982560000000000322e-01
4.240960000000000285e+00 9.982790000000000274e-01
4.245960000000000178e+00 9.983060000000000267e-01
4.250960000000000072e+00 9.983309999999999684e-01
4.255959999999999965e+00 9.983570000000000499e-01
4.260960000000000747e+00 9.983809999999999629e-01
4.265959999999999752e+00 9.984049999999999869e-01
4.270960000000000534e+00 9.984319999999999862e-01
4.275959999999999539e+00 9.984579999999999567e-01
4.280960000000000321e+00 9.984840000000000382e-01
4.285960000000000214e+00 9.985079999999999512e-01
4.290960000000000107e+00 9.985340000000000327e-01
4.295960000000000001e+00 9.985610000000000319e-01
4.300959999999999894e+00 9.985849999999999449e-01
4.305960000000000676e+00 9.986089999999999689e-01
4.310959999999999681e+00 9.986340000000000217e-01
4.315960000000000463e+00 9.986589999999999634e-01
4.320959999999999468e+00 9.986850000000000449e-01
4.325960000000000250e+00 9.987089999999999579e-01
4.330960000000000143e+00 9.987329999999999819e-01
4.335960000000000036e+00 9.987570000000000059e-01
4.340959999999999930e+00 9.987810000000000299e-01
4.345959999999999823e+00 9.988059999999999716e-01
4.350960000000000605e+00 9.988280000000000491e-01
4.355959999999999610e+00 9.988510000000000444e-01
4.360960000000000392e+00 9.988759999999999861e-01
4.365959999999999397e+00 9.988979999999999526e-01
4.370960000000000178e+00 9.989200000000000301e-01
4.375960000000000072e+00 9.989430000000000254e-01
4.380959999999999965e+00 9.989660000000000206e-01
4.385960000000000747e+00 9.989879999999999871e-01
4.390959999999999752e+00 9.990080000000000071e-01
4.395960000000000534e+00 9.990310000000000024e-01
4.400959999999999539e+00 9.990510000000000224e-01
4.405960000000000321e+00 9.990750000000000464e-01
4.410959999999999326e+00 9.990940000000000376e-01
4.415960000000000107e+00 9.991149999999999753e-01
4.420960000000000001e+00 9.991349999999999953e-01
4.425959999999999894e+00 9.991539999999999866e-01
4.430960000000000676e+00 9.991759999999999531e-01
4.435959999999999681e+00 9.991950000000000554e-01
4.440960000000000463e+00 9.992119999999999891e-01
4.445959999999999468e+00 9.992320000000000091e-01
4.450960000000000250e+00 9.992520000000000291e-01
4.455959999999999255e+00 9.992710000000000203e-01
4.460960000000000036e+00 9.992870000000000363e-01
4.465959999999999930e+00 9.993049999999999988e-01
4.470959999999999823e+00 9.993229999999999613e-01
4.475960000000000605e+00 9.993400000000000061e-01
4.480959999999999610e+00 9.993570000000000508e-01
4.485960000000000392e+00 9.993750000000000133e-01
4.490959999999999397e+00 9.993910000000000293e-01
4.495960000000000178e+00 9.994079999999999631e-01
4.500960000000000072e+00 9.994239999999999791e-01
4.505959999999999965e+00 9.994399999999999951e-01
4.510960000000000747e+00 9.994549999999999823e-01
4.515959999999999752e+00 9.994709999999999983e-01
4.520960000000000534e+00 9.994859999999999856e-01
4.525959999999999539e+00 9.994990000000000263e-01
4.530960000000000321e+00 9.995150000000000423e-01
4.535959999999999326e+00 9.995309999999999473e-01
4.540960000000000107e+00 9.995429999999999593e-01
4.545960000000000001e+00 9.995570000000000288e-01
4.550959999999999894e+00 9.995699999999999585e-01
4.555960000000000676e+00 9.995840000000000281e-01
4.560959999999999681e+00 9.995950000000000113e-01
4.565960000000000463e+00 9.996089999999999698e-01
4.570959999999999468e+00 9.996230000000000393e-01
4.575960000000000250e+00 9.996350000000000513e-01
4.580959999999999255e+00 9.996469999999999523e-01
4.585960000000000036e+00 9.996580000000000465e-01
4.590959999999999930e+00 9.996709999999999763e-01
4.595959999999999823e+00 9.996810000000000418e-01
4.600960000000000605e+00 9.996939999999999715e-01
4.605959999999999610e+00 9.997040000000000370e-01
4.610960000000000392e+00 9.997150000000000203e-01
