 10  8  9  3 00  0  0  0
nn_pot
  8
  8 30
                                                18.340360   18.340360   
                                                18.340360   4.452940    
                                                18.340360   0.906980    
                                                18.340360   0.187376    
                                                18.340360   0.038634    
                                                18.340360   0.008131    
                                                4.452940    4.452940    
                                                4.452940    0.906980    
   28.199097   10.605699    3.988810    3.462844    1.809202    1.500194
    0.945238    0.564224    0.493850    0.258017    0.212205    0.134804
    0.079810    0.070430    0.036797    0.030017    0.019225    0.011289
    0.010044    0.005248    0.004246    0.002742    0.001597    0.001432
    0.000748    0.000601    0.000391    0.000226    0.000085    0.000032
  1  1
          1.

  1  1
                      1.

  1  1
                                  1.

  1  1
                                              1.

  1  1
                                                          1.

  1  1
                                                                      1.

  1  1

          1.
  1  1

                      1.
  8
  8 30
                                                4.452940    0.187376    
                                                4.452940    0.038634    
                                                4.452940    0.008131    
                                                0.906980    0.906980    
                                                0.906980    0.187376    
                                                0.906980    0.038634    
                                                0.906980    0.008131    
                                                0.187376    0.187376    
   28.199097   10.605699    3.988810    3.462844    1.809202    1.500194
    0.945238    0.564224    0.493850    0.258017    0.212205    0.134804
    0.079810    0.070430    0.036797    0.030017    0.019225    0.011289
    0.010044    0.005248    0.004246    0.002742    0.001597    0.001432
    0.000748    0.000601    0.000391    0.000226    0.000085    0.000032
  1  1
          1.

  1  1
                      1.

  1  1
                                  1.

  1  1
                                              1.

  1  1
                                                          1.

  1  1
                                                                      1.

  1  1

          1.
  1  1

                      1.
  5
  5 30
                                                0.187376    0.038634    
                                                0.187376    0.008131    
                                                0.038634    0.038634    
                                                0.038634    0.008131    
                                                0.008131    0.008131    
   28.199097   10.605699    3.988810    3.462844    1.809202    1.500194
    0.945238    0.564224    0.493850    0.258017    0.212205    0.134804
    0.079810    0.070430    0.036797    0.030017    0.019225    0.011289
    0.010044    0.005248    0.004246    0.002742    0.001597    0.001432
    0.000748    0.000601    0.000391    0.000226    0.000085    0.000032
  1  1
          1.
  1  1
                      1.
  1  1
                                  1.
  1  1
                                              1.
  1  1
                                                          1.
  8
  8 30
                                                27.354237   21.149548   
                                                27.354237   0.311213    
                                                27.354237   0.004185    
                                                8.243073    21.149548   
                                                8.243073    0.311213    
                                                8.243073    0.004185    
                                                1.477349    21.149548   
                                                1.477349    0.311213    
   28.199097   10.605699    3.988810    3.462844    1.809202    1.500194
    0.945238    0.564224    0.493850    0.258017    0.212205    0.134804
    0.079810    0.070430    0.036797    0.030017    0.019225    0.011289
    0.010044    0.005248    0.004246    0.002742    0.001597    0.001432
    0.000748    0.000601    0.000391    0.000226    0.000085    0.000032
  1  1
          1.

  1  1
                      1.

  1  1
                                  1.

  1  1
                                              1.

  1  1
                                                          1.

  1  1
                                                                      1.

  1  1

          1.
  1  1

                      1.
  8
  8 30
                                                1.477349    0.004185    
                                                0.444777    21.149548   
                                                0.444777    0.311213    
                                                0.444777    0.004185    
                                                0.112362    21.149548   
                                                0.112362    0.311213    
                                                0.112362    0.004185    
                                                0.021288    21.149548   
   28.199097   10.605699    3.988810    3.462844    1.809202    1.500194
    0.945238    0.564224    0.493850    0.258017    0.212205    0.134804
    0.079810    0.070430    0.036797    0.030017    0.019225    0.011289
    0.010044    0.005248    0.004246    0.002742    0.001597    0.001432
    0.000748    0.000601    0.000391    0.000226    0.000085    0.000032
  1  1
          1.

  1  1
                      1.

  1  1
                                  1.

  1  1
                                              1.

  1  1
                                                          1.

  1  1
                                                                      1.

  1  1

          1.
  1  1

                      1.
  8
  8 30
                                                0.021288    0.311213    
                                                0.021288    0.004185    
                                                0.004201    21.149548   
                                                0.004201    0.311213    
                                                0.004201    0.004185    
                                                20.668962   1.113732    
                                                20.668962   0.016105    
                                                20.668962   0.004127    
   28.199097   10.605699    3.988810    3.462844    1.809202    1.500194
    0.945238    0.564224    0.493850    0.258017    0.212205    0.134804
    0.079810    0.070430    0.036797    0.030017    0.019225    0.011289
    0.010044    0.005248    0.004246    0.002742    0.001597    0.001432
    0.000748    0.000601    0.000391    0.000226    0.000085    0.000032
  1  1
          1.

  1  1
                      1.

  1  1
                                  1.

  1  1
                                              1.

  1  1
                                                          1.

  1  1
                                                                      1.

  1  1

          1.
  1  1

                      1.
  8
  8 30
                                                12.451738   1.113732    
                                                12.451738   0.016105    
                                                12.451738   0.004127    
                                                4.784115    1.113732    
                                                4.784115    0.016105    
                                                4.784115    0.004127    
                                                2.206396    1.113732    
                                                2.206396    0.016105    
   28.199097   10.605699    3.988810    3.462844    1.809202    1.500194
    0.945238    0.564224    0.493850    0.258017    0.212205    0.134804
    0.079810    0.070430    0.036797    0.030017    0.019225    0.011289
    0.010044    0.005248    0.004246    0.002742    0.001597    0.001432
    0.000748    0.000601    0.000391    0.000226    0.000085    0.000032
  1  1
          1.

  1  1
                      1.

  1  1
                                  1.

  1  1
                                              1.

  1  1
                                                          1.

  1  1
                                                                      1.

  1  1

          1.
  1  1

                      1.
  8
  8 30
                                                2.206396    0.004127    
                                                0.315698    1.113732    
                                                0.315698    0.016105    
                                                0.315698    0.004127    
                                                0.280514    1.113732    
                                                0.280514    0.016105    
                                                0.280514    0.004127    
                                                0.077055    1.113732    
   28.199097   10.605699    3.988810    3.462844    1.809202    1.500194
    0.945238    0.564224    0.493850    0.258017    0.212205    0.134804
    0.079810    0.070430    0.036797    0.030017    0.019225    0.011289
    0.010044    0.005248    0.004246    0.002742    0.001597    0.001432
    0.000748    0.000601    0.000391    0.000226    0.000085    0.000032
  1  1
          1.

  1  1
                      1.

  1  1
                                  1.

  1  1
                                              1.

  1  1
                                                          1.

  1  1
                                                                      1.

  1  1

          1.
  1  1

                      1.
  2
  2 30
                                                0.077055    0.016105    
                                                0.077055    0.004127    
   28.199097   10.605699    3.988810    3.462844    1.809202    1.500194
    0.945238    0.564224    0.493850    0.258017    0.212205    0.134804
    0.079810    0.070430    0.036797    0.030017    0.019225    0.011289
    0.010044    0.005248    0.004246    0.002742    0.001597    0.001432
    0.000748    0.000601    0.000391    0.000226    0.000085    0.000032
  1  1
          1.
  1  1
                      1.
  8                                                            Z1  BVs 1 - 8
  8 12
                                                30.771479   3.602710    
                                                23.836783   2.758774    
                                                15.147722   2.301439    
                                                11.003184   1.621527    
                                                8.957842    1.255419    
                                                6.669648    1.130830    
                                                5.725061    1.086905    
                                                4.367795    0.918896    
   30.542864   27.847244    9.718299    6.430514    1.433801    0.594471
    0.114590    0.113241    0.020137    0.013140    0.001632    0.001623
  1  1
          1.

  1  1
                      1.

  1  1
                                  1.

  1  1
                                              1.

  1  1
                                                          1.

  1  1
                                                                      1.

  1  1

          1.
  1  1

                      1.
  8                                                            Z2  BVs 9 - 16
  8 12
                                                35.942214   0.111785    
                                                21.547575   0.043764    
                                                19.822090   0.040773    
                                                7.803646    0.026352    
                                                0.740487    0.025633    
                                                0.182779    0.021650    
                                                0.147944    0.014104    
                                                0.132269    0.011322    
   36.243015   30.124020    7.634057    1.418175    0.509930    0.122390
    0.120565    0.096175    0.042202    0.022565    0.003442    0.003245
  1  1
          1.

  1  1
                      1.

  1  1
                                  1.

  1  1
                                              1.

  1  1
                                                          1.

  1  1
                                                                      1.

  1  1

          1.
  1  1

                      1.
  8                                                            Z3  BVs 17 - 24
  8 12
                                                6.777471    0.066729    
                                                0.682344    0.038842    
                                                0.612802    0.035458    
                                                0.082990    0.030668    
                                                0.081435    0.016220    
                                                0.074209    0.008642    
                                                0.071175    0.005831    
                                                0.066755    0.005780    
   25.433732   25.203445    9.800839    9.499549    7.743170    1.178622
    0.214436    0.020137    0.018728    0.012957    0.003957    0.001592
  1  1
          1.

  1  1
                      1.

  1  1
                                  1.

  1  1
                                              1.

  1  1
                                                          1.

  1  1
                                                                      1.

  1  1

          1.
  1  1

                      1.
  4                                                            Z4  BVs 25 - 28
  4 12
                                                26.694918   0.020657    
                                                26.646487   0.008186    
                                                0.094792    0.005219    
                                                0.023670    0.005191    
   36.323761   33.305508   24.999839   12.827825    9.685254    1.502309
    0.857752    0.337495    0.112823    0.051981    0.005865    0.001787
  1  1
          1.
  1  1
                      1.
  1  1
                                  1.
  1  1
                                              1.
  8                                                            Z5  BVs 29 - 36
  8 12
                                                20.459230   5.292498    
                                                19.880278   5.171846    
                                                19.117514   4.300205    
                                                18.571592   1.560686    
                                                17.079655   1.555094    
                                                12.974065   1.341048    
                                                8.757084    1.280461    
                                                5.947847    0.554922    
   19.622484    6.389003    1.783134    0.755473    0.480513    0.292420
    0.123708    0.046182    0.007711    0.007374    0.006395    0.001477
  1  1
          1.

  1  1
                      1.

  1  1
                                  1.

  1  1
                                              1.

  1  1
                                                          1.

  1  1
                                                                      1.

  1  1

          1.
  1  1

                      1.
  8                                                            Z6  BVs 37 - 44
  8 12
                                                6.326369    0.111913    
                                                0.532401    0.097800    
                                                0.522292    0.091784    
                                                0.450714    0.057043    
                                                0.326867    0.029108    
                                                0.163419    0.022165    
                                                0.126121    0.021194    
                                                0.117236    0.012240    
  157.848358   22.671125   19.770165   13.028273    0.682674    0.381419
    0.240240    0.108261    0.081220    0.008895    0.003832    0.001686
  1  1
          1.

  1  1
                      1.

  1  1
                                  1.

  1  1
                                              1.

  1  1
                                                          1.

  1  1
                                                                      1.

  1  1

          1.
  1  1

                      1.
  8                                                            Z7  BVs 45 - 52
  8 12
                                                27.257990   0.064127    
                                                14.420234   0.046630    
                                                2.930528    0.036652    
                                                1.176400    0.022781    
                                                0.411098    0.012054    
                                                0.291545    0.011735    
                                                0.208486    0.006985    
                                                0.101308    0.004526    
   15.925317    2.059626    0.678172    0.449637    0.233546    0.123710
    0.123708    0.032057    0.012694    0.007742    0.007723    0.001587
  1  1
          1.

  1  1
                      1.

  1  1
                                  1.

  1  1
                                              1.

  1  1
                                                          1.

  1  1
                                                                      1.

  1  1

          1.
  1  1

                      1.
  4                                                            Z8  BVs 53 - 56
  4 12
                                                29.993565   0.002753    
                                                0.102430    0.002188    
                                                0.052207    0.001459    
                                                0.003272    0.001403    
   22.950974    9.779661    2.038646    1.789740    0.678030    0.385465
    0.241317    0.239964    0.053523    0.007711    0.003357    0.001477
  1  1
          1.
  1  1
                      1.
  1  1
                                  1.
  1  1
                                              1.
