3.409600000000000408e-01 2.787000000000000033e-01
3.459600000000000453e-01 1.282000000000000084e-01
3.509600000000000497e-01 -1.532999999999999918e-01
3.559599999999999986e-01 -5.172999999999999821e-01
3.609600000000000031e-01 -9.388999999999999568e-01
3.659599999999999520e-01 -1.402900000000000036e+00
3.709599999999999564e-01 -1.899399999999999977e+00
3.759599999999999609e-01 -2.421100000000000030e+00
3.809599999999999653e-01 -2.962899999999999867e+00
3.859599999999999698e-01 -3.520500000000000185e+00
3.909599999999999742e-01 -4.090600000000000236e+00
3.959599999999999786e-01 -4.670499999999999652e+00
4.009599999999999831e-01 -5.257900000000000240e+00
4.059599999999999875e-01 -5.850999999999999979e+00
4.109599999999999920e-01 -6.448199999999999932e+00
4.159599999999999964e-01 -7.048300000000000232e+00
4.209600000000000009e-01 -7.650199999999999889e+00
4.259600000000000053e-01 -8.253000000000000114e+00
4.309600000000000097e-01 -8.855800000000000338e+00
4.359600000000000142e-01 -9.458199999999999719e+00
4.409600000000000186e-01 -1.005949999999999989e+01
4.459600000000000231e-01 -1.065930000000000000e+01
4.509600000000000275e-01 -1.125719999999999921e+01
4.559600000000000319e-01 -1.185280000000000022e+01
4.609600000000000364e-01 -1.244580000000000020e+01
4.659600000000000408e-01 -1.303599999999999959e+01
4.709600000000000453e-01 -1.362310000000000088e+01
4.759600000000000497e-01 -1.420710000000000051e+01
4.809599999999999431e-01 -1.478769999999999918e+01
4.859599999999999476e-01 -1.536469999999999914e+01
4.909599999999999520e-01 -1.593810000000000038e+01
4.959599999999999564e-01 -1.650779999999999959e+01
5.009599999999999609e-01 -1.707369999999999877e+01
5.059599999999999653e-01 -1.763569999999999993e+01
5.109599999999999698e-01 -1.819379999999999953e+01
5.159599999999999742e-01 -1.874780000000000157e+01
5.209599999999999786e-01 -1.929789999999999850e+01
5.259599999999999831e-01 -1.984390000000000143e+01
5.309599999999999875e-01 -2.038589999999999947e+01
5.359599999999999920e-01 -2.092370000000000019e+01
5.409599999999999964e-01 -2.145749999999999957e+01
5.459600000000000009e-01 -2.198720000000000141e+01
5.509600000000000053e-01 -2.251279999999999859e+01
5.559600000000000097e-01 -2.303440000000000154e+01
5.609600000000000142e-01 -2.355180000000000007e+01
5.659600000000000186e-01 -2.406520000000000081e+01
5.709600000000000231e-01 -2.457460000000000022e+01
5.759600000000000275e-01 -2.507989999999999853e+01
5.809600000000000319e-01 -2.558129999999999882e+01
5.859600000000000364e-01 -2.607860000000000156e+01
5.909600000000000408e-01 -2.657199999999999918e+01
5.959600000000000453e-01 -2.706139999999999901e+01
6.009600000000000497e-01 -2.754700000000000060e+01
6.059599999999999431e-01 -2.802860000000000085e+01
6.109599999999999476e-01 -2.850649999999999906e+01
6.159599999999999520e-01 -2.898039999999999949e+01
6.209599999999999564e-01 -2.945060000000000144e+01
6.259599999999999609e-01 -2.991710000000000136e+01
6.309599999999999653e-01 -3.037979999999999947e+01
6.359599999999999698e-01 -3.083879999999999910e+01
6.409599999999999742e-01 -3.129410000000000025e+01
6.459599999999999786e-01 -3.174579999999999913e+01
6.509599999999999831e-01 -3.219389999999999930e+01
6.559599999999999875e-01 -3.263839999999999719e+01
6.609599999999999920e-01 -3.307939999999999969e+01
6.659599999999999964e-01 -3.351689999999999969e+01
6.709600000000000009e-01 -3.395089999999999719e+01
6.759600000000000053e-01 -3.438139999999999930e+01
6.809600000000000097e-01 -3.480859999999999843e+01
6.859600000000000142e-01 -3.523239999999999839e+01
6.909600000000000186e-01 -3.565279999999999916e+01
6.959600000000000231e-01 -3.606989999999999696e+01
7.009600000000000275e-01 -3.648380000000000223e+01
7.059600000000000319e-01 -3.689439999999999742e+01
7.109599999999999254e-01 -3.730180000000000007e+01
7.159600000000000408e-01 -3.770600000000000307e+01
7.209599999999999342e-01 -3.810699999999999932e+01
7.259600000000000497e-01 -3.850489999999999924e+01
7.309599999999999431e-01 -3.889970000000000283e+01
7.359600000000000586e-01 -3.929149999999999920e+01
7.409599999999999520e-01 -3.968019999999999925e+01
7.459600000000000675e-01 -4.006600000000000250e+01
7.509599999999999609e-01 -4.044870000000000232e+01
7.559600000000000763e-01 -4.082849999999999824e+01
7.609599999999999698e-01 -4.120539999999999736e+01
7.659600000000000852e-01 -4.157939999999999969e+01
7.709599999999999786e-01 -4.195060000000000144e+01
7.759599999999999831e-01 -4.231889999999999930e+01
7.809599999999999875e-01 -4.268439999999999657e+01
7.859599999999999920e-01 -4.304710000000000036e+01
7.909599999999999964e-01 -4.340709999999999980e+01
7.959600000000000009e-01 -4.376440000000000197e+01
8.009600000000000053e-01 -4.411899999999999977e+01
8.059600000000000097e-01 -4.447090000000000032e+01
8.109600000000000142e-01 -4.482019999999999982e+01
8.159600000000000186e-01 -4.516680000000000206e+01
8.209600000000000231e-01 -4.551089999999999947e+01
8.259600000000000275e-01 -4.585240000000000293e+01
8.309600000000000319e-01 -4.619129999999999825e+01
8.359599999999999254e-01 -4.652779999999999916e+01
8.409600000000000408e-01 -4.686180000000000234e+01
8.459600000000000453e-01 -4.719330000000000069e+01
8.509600000000000497e-01 -4.752230000000000132e+01
8.559600000000000541e-01 -4.784899999999999665e+01
8.609600000000000586e-01 -4.817320000000000135e+01
8.659599999999999520e-01 -4.849510000000000076e+01
8.709599999999999564e-01 -4.881470000000000198e+01
8.759599999999999609e-01 -4.913190000000000168e+01
8.809599999999999653e-01 -4.944689999999999941e+01
8.859599999999999698e-01 -4.975950000000000273e+01
8.909599999999999742e-01 -5.007000000000000028e+01
8.959599999999999786e-01 -5.037810000000000343e+01
9.009599999999999831e-01 -5.068410000000000082e+01
9.059599999999999875e-01 -5.098790000000000333e+01
9.109599999999999920e-01 -5.128949999999999676e+01
9.159599999999999964e-01 -5.158899999999999864e+01
9.209600000000000009e-01 -5.188640000000000185e+01
9.259600000000000053e-01 -5.218169999999999931e+01
9.309600000000000097e-01 -5.247489999999999810e+01
9.359600000000000142e-01 -5.276599999999999824e+01
9.409600000000000186e-01 -5.305510000000000304e+01
9.459600000000000231e-01 -5.334219999999999828e+01
9.509600000000000275e-01 -5.362729999999999819e+01
9.559600000000000319e-01 -5.391040000000000276e+01
9.609600000000000364e-01 -5.419149999999999778e+01
9.659600000000000408e-01 -5.447070000000000078e+01
9.709600000000000453e-01 -5.474799999999999756e+01
9.759600000000000497e-01 -5.502340000000000231e+01
9.809600000000000541e-01 -5.529690000000000083e+01
9.859600000000000586e-01 -5.556850000000000023e+01
9.909599999999999520e-01 -5.583829999999999671e+01
9.959599999999999564e-01 -5.610629999999999740e+01
1.000960000000000072e+00 -5.637250000000000227e+01
1.005959999999999965e+00 -5.663680000000000092e+01
1.010959999999999859e+00 -5.689939999999999998e+01
1.015959999999999974e+00 -5.716020000000000323e+01
1.020960000000000090e+00 -5.741929999999999978e+01
1.025959999999999983e+00 -5.767669999999999675e+01
1.030959999999999877e+00 -5.793229999999999791e+01
1.035959999999999992e+00 -5.818630000000000280e+01
1.040960000000000107e+00 -5.843860000000000099e+01
1.045960000000000001e+00 -5.868919999999999959e+01
1.050959999999999894e+00 -5.893820000000000192e+01
1.055960000000000010e+00 -5.918549999999999756e+01
1.060960000000000125e+00 -5.943130000000000024e+01
1.065960000000000019e+00 -5.967540000000000333e+01
1.070959999999999912e+00 -5.991799999999999926e+01
1.075960000000000027e+00 -6.015899999999999892e+01
1.080960000000000143e+00 -6.039849999999999852e+01
1.085960000000000036e+00 -6.063640000000000185e+01
1.090959999999999930e+00 -6.087279999999999802e+01
1.095960000000000045e+00 -6.110770000000000124e+01
1.100960000000000161e+00 -6.134109999999999729e+01
1.105960000000000054e+00 -6.157300000000000040e+01
1.110959999999999948e+00 -6.180340000000000344e+01
1.115959999999999841e+00 -6.203240000000000265e+01
1.120959999999999956e+00 -6.225999999999999801e+01
1.125960000000000072e+00 -6.248610000000000042e+01
1.130959999999999965e+00 -6.271090000000000231e+01
1.135959999999999859e+00 -6.293419999999999703e+01
1.140959999999999974e+00 -6.315610000000000213e+01
1.145960000000000090e+00 -6.337669999999999959e+01
1.150959999999999983e+00 -6.359590000000000032e+01
1.155959999999999877e+00 -6.381380000000000052e+01
1.160959999999999992e+00 -6.403040000000000020e+01
1.165960000000000107e+00 -6.424559999999999604e+01
1.170960000000000001e+00 -6.445950000000000557e+01
1.175959999999999894e+00 -6.467210000000000036e+01
1.180960000000000010e+00 -6.488339999999999463e+01
1.185960000000000125e+00 -6.509350000000000591e+01
1.190960000000000019e+00 -6.530230000000000246e+01
1.195959999999999912e+00 -6.550979999999999848e+01
1.200960000000000027e+00 -6.571620000000000061e+01
1.205960000000000143e+00 -6.592119999999999891e+01
1.210960000000000036e+00 -6.612510000000000332e+01
1.215959999999999930e+00 -6.632779999999999632e+01
1.220960000000000045e+00 -6.652920000000000300e+01
1.225960000000000161e+00 -6.672950000000000159e+01
1.230960000000000054e+00 -6.692860000000000298e+01
1.235959999999999948e+00 -6.712659999999999627e+01
1.240959999999999841e+00 -6.732340000000000657e+01
1.245959999999999956e+00 -6.751909999999999457e+01
1.250960000000000072e+00 -6.771359999999999957e+01
1.255959999999999965e+00 -6.790699999999999648e+01
1.260959999999999859e+00 -6.809929999999999950e+01
1.265959999999999974e+00 -6.829049999999999443e+01
1.270960000000000090e+00 -6.848059999999999548e+01
1.275959999999999983e+00 -6.866960000000000264e+01
1.280959999999999877e+00 -6.885750000000000171e+01
1.285959999999999992e+00 -6.904439999999999600e+01
1.290960000000000107e+00 -6.923029999999999973e+01
1.295960000000000001e+00 -6.941500000000000625e+01
1.300959999999999894e+00 -6.959879999999999711e+01
1.305960000000000010e+00 -6.978149999999999409e+01
1.310960000000000125e+00 -6.996320000000000050e+01
1.315960000000000019e+00 -7.014390000000000214e+01
1.320959999999999912e+00 -7.032359999999999900e+01
1.325960000000000027e+00 -7.050220000000000198e+01
1.330960000000000143e+00 -7.067990000000000350e+01
1.335960000000000036e+00 -7.085670000000000357e+01
1.340959999999999930e+00 -7.103239999999999554e+01
1.345959999999999823e+00 -7.120720000000000027e+01
1.350960000000000161e+00 -7.138110000000000355e+01
1.355960000000000054e+00 -7.155400000000000205e+01
1.360959999999999948e+00 -7.172589999999999577e+01
1.365959999999999841e+00 -7.189690000000000225e+01
1.370960000000000178e+00 -7.206699999999999307e+01
1.375960000000000072e+00 -7.223619999999999663e+01
1.380959999999999965e+00 -7.240449999999999875e+01
1.385959999999999859e+00 -7.257189999999999941e+01
1.390960000000000196e+00 -7.273839999999999861e+01
1.395960000000000090e+00 -7.290399999999999636e+01
1.400959999999999983e+00 -7.306870000000000687e+01
1.405959999999999877e+00 -7.323250000000000171e+01
1.410960000000000214e+00 -7.339549999999999841e+01
1.415960000000000107e+00 -7.355759999999999366e+01
1.420960000000000001e+00 -7.371880000000000166e+01
1.425959999999999894e+00 -7.387930000000000064e+01
1.430959999999999788e+00 -7.403879999999999484e+01
1.435960000000000125e+00 -7.419759999999999422e+01
1.440960000000000019e+00 -7.435550000000000637e+01
1.445959999999999912e+00 -7.451250000000000284e+01
1.450959999999999805e+00 -7.466880000000000450e+01
1.455960000000000143e+00 -7.482429999999999382e+01
1.460960000000000036e+00 -7.497889999999999588e+01
1.465959999999999930e+00 -7.513280000000000314e+01
1.470959999999999823e+00 -7.528579999999999472e+01
1.475960000000000161e+00 -7.543810000000000571e+01
1.480960000000000054e+00 -7.558960000000000434e+01
1.485959999999999948e+00 -7.574030000000000484e+01
1.490959999999999841e+00 -7.589019999999999300e+01
1.495960000000000178e+00 -7.603940000000000055e+01
1.500960000000000072e+00 -7.618779999999999575e+01
1.505959999999999965e+00 -7.633549999999999613e+01
1.510959999999999859e+00 -7.648239999999999839e+01
1.515960000000000196e+00 -7.662850000000000250e+01
1.520960000000000090e+00 -7.677389999999999759e+01
1.525959999999999983e+00 -7.691859999999999786e+01
1.530959999999999877e+00 -7.706260000000000332e+01
1.535960000000000214e+00 -7.720579999999999643e+01
1.540960000000000107e+00 -7.734829999999999472e+01
1.545960000000000001e+00 -7.749009999999999820e+01
1.550959999999999894e+00 -7.763120000000000687e+01
1.555959999999999788e+00 -7.777150000000000318e+01
1.560960000000000125e+00 -7.791119999999999379e+01
1.565960000000000019e+00 -7.805020000000000380e+01
1.570959999999999912e+00 -7.818840000000000146e+01
1.575959999999999805e+00 -7.832599999999999341e+01
1.580960000000000143e+00 -7.846290000000000475e+01
1.585960000000000036e+00 -7.859910000000000707e+01
1.590959999999999930e+00 -7.873460000000000036e+01
1.595959999999999823e+00 -7.886950000000000216e+01
1.600960000000000161e+00 -7.900369999999999493e+01
1.605960000000000054e+00 -7.913720000000000709e+01
1.610959999999999948e+00 -7.927009999999999934e+01
1.615959999999999841e+00 -7.940229999999999677e+01
1.620960000000000178e+00 -7.953379999999999939e+01
1.625960000000000072e+00 -7.966469999999999629e+01
1.630959999999999965e+00 -7.979489999999999839e+01
1.635959999999999859e+00 -7.992459999999999809e+01
1.640960000000000196e+00 -8.005349999999999966e+01
1.645960000000000090e+00 -8.018179999999999552e+01
1.650959999999999983e+00 -8.030949999999999989e+01
1.655959999999999877e+00 -8.043659999999999854e+01
1.660960000000000214e+00 -8.056300000000000239e+01
1.665959999999999885e+00 -8.068880000000000052e+01
1.670960000000000001e+00 -8.081399999999999295e+01
1.675959999999999894e+00 -8.093859999999999388e+01
1.680959999999999788e+00 -8.106260000000000332e+01
1.685959999999999903e+00 -8.118590000000000373e+01
1.690960000000000019e+00 -8.130859999999999843e+01
1.695959999999999912e+00 -8.143080000000000496e+01
1.700959999999999805e+00 -8.155230000000000246e+01
1.705959999999999921e+00 -8.167319999999999425e+01
1.710960000000000036e+00 -8.179359999999999786e+01
1.715959999999999930e+00 -8.191330000000000666e+01
1.720959999999999823e+00 -8.203249999999999886e+01
1.725959999999999939e+00 -8.215109999999999957e+01
1.730960000000000054e+00 -8.226900000000000546e+01
1.735959999999999948e+00 -8.238639999999999475e+01
1.740959999999999841e+00 -8.250320000000000675e+01
1.745959999999999956e+00 -8.261950000000000216e+01
1.750960000000000072e+00 -8.273520000000000607e+01
1.755959999999999965e+00 -8.285030000000000427e+01
1.760959999999999859e+00 -8.296479999999999677e+01
1.765959999999999974e+00 -8.307869999999999777e+01
1.770960000000000090e+00 -8.319209999999999638e+01
1.775959999999999983e+00 -8.330500000000000682e+01
1.780959999999999877e+00 -8.341719999999999402e+01
1.785959999999999992e+00 -8.352889999999999304e+01
1.790959999999999885e+00 -8.364010000000000389e+01
1.795960000000000001e+00 -8.375069999999999482e+01
1.800959999999999894e+00 -8.386069999999999425e+01
1.805959999999999788e+00 -8.397020000000000550e+01
1.810959999999999903e+00 -8.407920000000000016e+01
1.815960000000000019e+00 -8.418760000000000332e+01
1.820959999999999912e+00 -8.429550000000000409e+01
1.825959999999999805e+00 -8.440279999999999916e+01
1.830959999999999921e+00 -8.450960000000000605e+01
1.835960000000000036e+00 -8.461579999999999302e+01
1.840959999999999930e+00 -8.472159999999999513e+01
1.845959999999999823e+00 -8.482670000000000243e+01
1.850959999999999939e+00 -8.493139999999999645e+01
1.855960000000000054e+00 -8.503549999999999898e+01
1.860959999999999948e+00 -8.513909999999999911e+01
1.865959999999999841e+00 -8.524219999999999686e+01
1.870959999999999956e+00 -8.534470000000000312e+01
1.875960000000000072e+00 -8.544670000000000698e+01
1.880959999999999965e+00 -8.554819999999999425e+01
1.885959999999999859e+00 -8.564919999999999334e+01
1.890959999999999974e+00 -8.574970000000000425e+01
1.895960000000000090e+00 -8.584959999999999525e+01
1.900959999999999983e+00 -8.594910000000000139e+01
1.905959999999999877e+00 -8.604800000000000182e+01
1.910959999999999992e+00 -8.614639999999999986e+01
1.915959999999999885e+00 -8.624429999999999552e+01
1.920960000000000001e+00 -8.634170000000000300e+01
1.925959999999999894e+00 -8.643859999999999388e+01
1.930959999999999788e+00 -8.653499999999999659e+01
1.935959999999999903e+00 -8.663079999999999359e+01
1.940960000000000019e+00 -8.672620000000000573e+01
1.945959999999999912e+00 -8.682110000000000127e+01
1.950959999999999805e+00 -8.691549999999999443e+01
1.955959999999999921e+00 -8.700929999999999609e+01
1.960960000000000036e+00 -8.710269999999999868e+01
1.965959999999999930e+00 -8.719559999999999889e+01
1.970959999999999823e+00 -8.728799999999999670e+01
1.975959999999999939e+00 -8.737990000000000634e+01
1.980960000000000054e+00 -8.747129999999999939e+01
1.985959999999999948e+00 -8.756220000000000425e+01
1.990959999999999841e+00 -8.765260000000000673e+01
1.995959999999999956e+00 -8.774250000000000682e+01
2.000960000000000072e+00 -8.783190000000000452e+01
2.005959999999999965e+00 -8.792090000000000316e+01
2.010959999999999859e+00 -8.800929999999999609e+01
2.015959999999999752e+00 -8.809730000000000416e+01
2.020960000000000090e+00 -8.818479999999999563e+01
2.025959999999999983e+00 -8.827179999999999893e+01
2.030959999999999877e+00 -8.835829999999999984e+01
2.035960000000000214e+00 -8.844440000000000168e+01
2.040960000000000107e+00 -8.853000000000000114e+01
2.045960000000000001e+00 -8.861499999999999488e+01
2.050959999999999894e+00 -8.869960000000000377e+01
2.055959999999999788e+00 -8.878379999999999939e+01
2.060959999999999681e+00 -8.886740000000000350e+01
2.065960000000000019e+00 -8.895059999999999434e+01
2.070959999999999912e+00 -8.903329999999999700e+01
2.075959999999999805e+00 -8.911549999999999727e+01
2.080960000000000143e+00 -8.919719999999999516e+01
2.085960000000000036e+00 -8.927849999999999397e+01
2.090959999999999930e+00 -8.935930000000000462e+01
2.095959999999999823e+00 -8.943959999999999866e+01
2.100959999999999717e+00 -8.951949999999999363e+01
2.105960000000000054e+00 -8.959890000000000043e+01
2.110959999999999948e+00 -8.967780000000000484e+01
2.115959999999999841e+00 -8.975620000000000687e+01
2.120960000000000178e+00 -8.983419999999999561e+01
2.125960000000000072e+00 -8.991169999999999618e+01
2.130959999999999965e+00 -8.998869999999999436e+01
2.135959999999999859e+00 8.993479999999999563e+01
2.140959999999999752e+00 8.985869999999999891e+01
2.145960000000000090e+00 8.978300000000000125e+01
2.150959999999999983e+00 8.970789999999999509e+01
2.155959999999999877e+00 8.963320000000000221e+01
2.160960000000000214e+00 8.955899999999999750e+01
2.165960000000000107e+00 8.948520000000000607e+01
2.170960000000000001e+00 8.941200000000000614e+01
2.175959999999999894e+00 8.933910000000000196e+01
2.180959999999999788e+00 8.926680000000000348e+01
2.185959999999999681e+00 8.919490000000000407e+01
2.190960000000000019e+00 8.912350000000000705e+01
2.195959999999999912e+00 8.905249999999999488e+01
2.200959999999999805e+00 8.898199999999999932e+01
2.205960000000000143e+00 8.891200000000000614e+01
2.210960000000000036e+00 8.884250000000000114e+01
2.215959999999999930e+00 8.877339999999999520e+01
2.220959999999999823e+00 8.870470000000000255e+01
2.225959999999999717e+00 8.863660000000000139e+01
2.230960000000000054e+00 8.856889999999999930e+01
2.235959999999999948e+00 8.850169999999999959e+01
2.240959999999999841e+00 8.843489999999999895e+01
2.245960000000000178e+00 8.836860000000000070e+01
2.250960000000000072e+00 8.830280000000000484e+01
2.255959999999999965e+00 8.823739999999999384e+01
2.260959999999999859e+00 8.817249999999999943e+01
2.265959999999999752e+00 8.810809999999999320e+01
2.270960000000000090e+00 8.804410000000000025e+01
2.275959999999999983e+00 8.798059999999999548e+01
2.280959999999999877e+00 8.791759999999999309e+01
2.285960000000000214e+00 8.785500000000000398e+01
2.290960000000000107e+00 8.779290000000000305e+01
2.295960000000000001e+00 8.773130000000000450e+01
2.300959999999999894e+00 8.767010000000000502e+01
2.305959999999999788e+00 8.760949999999999704e+01
2.310959999999999681e+00 8.754919999999999902e+01
2.315960000000000019e+00 8.748950000000000671e+01
2.320959999999999912e+00 8.743019999999999925e+01
2.325959999999999805e+00 8.737139999999999418e+01
2.330960000000000143e+00 8.731310000000000571e+01
2.335960000000000036e+00 8.725520000000000209e+01
2.340959999999999930e+00 8.719780000000000086e+01
2.345959999999999823e+00 8.714090000000000202e+01
2.350959999999999717e+00 8.708440000000000225e+01
2.355960000000000054e+00 8.702849999999999397e+01
2.360959999999999948e+00 8.697299999999999898e+01
2.365960000000000285e+00 8.691800000000000637e+01
2.370960000000000178e+00 8.686339999999999861e+01
2.375960000000000072e+00 8.680939999999999657e+01
2.380959999999999965e+00 8.675579999999999359e+01
2.385959999999999859e+00 8.670269999999999300e+01
2.390959999999999752e+00 8.665009999999999479e+01
2.395960000000000090e+00 8.659789999999999566e+01
2.400959999999999983e+00 8.654630000000000223e+01
2.405960000000000321e+00 8.649509999999999366e+01
2.410960000000000214e+00 8.644440000000000168e+01
2.415960000000000107e+00 8.639419999999999789e+01
2.420960000000000001e+00 8.634449999999999648e+01
2.425959999999999894e+00 8.629519999999999413e+01
2.430959999999999788e+00 8.624649999999999750e+01
2.435959999999999681e+00 8.619819999999999993e+01
2.440960000000000019e+00 8.615049999999999386e+01
2.445959999999999912e+00 8.610320000000000107e+01
2.450960000000000250e+00 8.605649999999999977e+01
2.455960000000000143e+00 8.601019999999999754e+01
2.460960000000000036e+00 8.596439999999999770e+01
2.465959999999999930e+00 8.591910000000000025e+01
2.470959999999999823e+00 8.587430000000000518e+01
2.475959999999999717e+00 8.582999999999999829e+01
2.480960000000000054e+00 8.578629999999999711e+01
2.485959999999999948e+00 8.574299999999999500e+01
2.490960000000000285e+00 8.570019999999999527e+01
2.495960000000000178e+00 8.565800000000000125e+01
2.500960000000000072e+00 8.561620000000000630e+01
2.505959999999999965e+00 8.557500000000000284e+01
2.510959999999999859e+00 8.553419999999999845e+01
2.515959999999999752e+00 8.549399999999999977e+01
2.520960000000000090e+00 8.545430000000000348e+01
2.525959999999999983e+00 8.541519999999999868e+01
2.530960000000000321e+00 8.537649999999999295e+01
2.535960000000000214e+00 8.533839999999999293e+01
2.540960000000000107e+00 8.530070000000000618e+01
2.545960000000000001e+00 8.526359999999999673e+01
2.550959999999999894e+00 8.522709999999999297e+01
2.555959999999999788e+00 8.519110000000000582e+01
2.560959999999999681e+00 8.515560000000000684e+01
2.565960000000000019e+00 8.512059999999999604e+01
2.570959999999999912e+00 8.508620000000000516e+01
2.575960000000000250e+00 8.505230000000000246e+01
2.580960000000000143e+00 8.501890000000000214e+01
2.585960000000000036e+00 8.498609999999999332e+01
2.590959999999999930e+00 8.495390000000000441e+01
2.595959999999999823e+00 8.492220000000000368e+01
2.600959999999999717e+00 8.489100000000000534e+01
2.605960000000000054e+00 8.486039999999999850e+01
2.610959999999999948e+00 8.483039999999999736e+01
2.615960000000000285e+00 8.480089999999999861e+01
2.620960000000000178e+00 8.477200000000000557e+01
2.625960000000000072e+00 8.474360000000000070e+01
2.630959999999999965e+00 8.471580000000000155e+01
2.635959999999999859e+00 8.468859999999999388e+01
2.640959999999999752e+00 8.466190000000000282e+01
2.645960000000000090e+00 8.463590000000000657e+01
2.650959999999999983e+00 8.461039999999999850e+01
2.655960000000000321e+00 8.458549999999999613e+01
2.660960000000000214e+00 8.456119999999999948e+01
2.665960000000000107e+00 8.453740000000000521e+01
2.670960000000000001e+00 8.451430000000000575e+01
2.675959999999999894e+00 8.449169999999999447e+01
2.680959999999999788e+00 8.446980000000000643e+01
2.685959999999999681e+00 8.444849999999999568e+01
2.690960000000000019e+00 8.442770000000000152e+01
2.695959999999999912e+00 8.440760000000000218e+01
2.700960000000000250e+00 8.438809999999999434e+01
2.705960000000000143e+00 8.436920000000000641e+01
2.710960000000000036e+00 8.435089999999999577e+01
2.715959999999999930e+00 8.433329999999999416e+01
2.720959999999999823e+00 8.431629999999999825e+01
2.725959999999999717e+00 8.429989999999999384e+01
2.730960000000000054e+00 8.428409999999999513e+01
2.735959999999999948e+00 8.426900000000000546e+01
2.740960000000000285e+00 8.425449999999999307e+01
2.745960000000000178e+00 8.424070000000000391e+01
2.750960000000000072e+00 8.422759999999999536e+01
2.755959999999999965e+00 8.421510000000000673e+01
2.760959999999999859e+00 8.420319999999999538e+01
2.765959999999999752e+00 8.419209999999999638e+01
2.770960000000000090e+00 8.418160000000000309e+01
2.775959999999999983e+00 8.417180000000000462e+01
2.780960000000000321e+00 8.416259999999999764e+01
2.785960000000000214e+00 8.415420000000000300e+01
2.790960000000000107e+00 8.414639999999999986e+01
2.795960000000000001e+00 8.413939999999999486e+01
2.800959999999999894e+00 8.413299999999999557e+01
2.805959999999999788e+00 8.412739999999999441e+01
2.810959999999999681e+00 8.412239999999999895e+01
2.815960000000000019e+00 8.411820000000000164e+01
2.820959999999999912e+00 8.411469999999999914e+01
2.825960000000000250e+00 8.411190000000000566e+01
2.830960000000000143e+00 8.410989999999999611e+01
2.835960000000000036e+00 8.410859999999999559e+01
2.840959999999999930e+00 8.410809999999999320e+01
2.845959999999999823e+00 8.410829999999999984e+01
2.850959999999999717e+00 8.410930000000000462e+01
2.855960000000000054e+00 8.411100000000000421e+01
2.860959999999999948e+00 8.411350000000000193e+01
2.865960000000000285e+00 8.411679999999999779e+01
2.870960000000000178e+00 8.412090000000000600e+01
2.875960000000000072e+00 8.412569999999999482e+01
2.880959999999999965e+00 8.413139999999999930e+01
2.885959999999999859e+00 8.413790000000000191e+01
2.890959999999999752e+00 8.414509999999999934e+01
2.895960000000000090e+00 8.415330000000000155e+01
2.900959999999999983e+00 8.416219999999999857e+01
2.905960000000000321e+00 8.417189999999999372e+01
2.910960000000000214e+00 8.418250000000000455e+01
2.915960000000000107e+00 8.419400000000000261e+01
2.920960000000000001e+00 8.420629999999999882e+01
2.925959999999999894e+00 8.421949999999999648e+01
2.930959999999999788e+00 8.423350000000000648e+01
2.935959999999999681e+00 8.424850000000000705e+01
2.940960000000000019e+00 8.426430000000000575e+01
2.945959999999999912e+00 8.428100000000000591e+01
2.950960000000000250e+00 8.429859999999999332e+01
2.955960000000000143e+00 8.431719999999999970e+01
2.960960000000000036e+00 8.433660000000000423e+01
2.965959999999999930e+00 8.435699999999999932e+01
2.970959999999999823e+00 8.437839999999999918e+01
2.975959999999999717e+00 8.440070000000000050e+01
2.980960000000000054e+00 8.442390000000000327e+01
2.985959999999999948e+00 8.444819999999999993e+01
2.990960000000000285e+00 8.447339999999999804e+01
2.995960000000000178e+00 8.449960000000000093e+01
3.000960000000000072e+00 8.452679999999999438e+01
3.005959999999999965e+00 8.455500000000000682e+01
3.010959999999999859e+00 8.458419999999999561e+01
3.015959999999999752e+00 8.461450000000000671e+01
3.020960000000000090e+00 8.464579999999999416e+01
3.025959999999999983e+00 8.467820000000000391e+01
3.030960000000000321e+00 8.471169999999999334e+01
3.035960000000000214e+00 8.474620000000000175e+01
3.040960000000000107e+00 8.478180000000000405e+01
3.045960000000000001e+00 8.481850000000000023e+01
3.050959999999999894e+00 8.485630000000000450e+01
3.055959999999999788e+00 8.489530000000000598e+01
3.060959999999999681e+00 8.493540000000000134e+01
3.065960000000000019e+00 8.497660000000000480e+01
3.070959999999999912e+00 8.501909999999999457e+01
3.075960000000000250e+00 8.506270000000000664e+01
3.080960000000000143e+00 8.510739999999999839e+01
3.085960000000000036e+00 8.515340000000000487e+01
3.090959999999999930e+00 8.520069999999999766e+01
3.095959999999999823e+00 8.524909999999999854e+01
3.100959999999999717e+00 8.529879999999999995e+01
3.105960000000000054e+00 8.534980000000000189e+01
3.110959999999999948e+00 8.540200000000000102e+01
3.115960000000000285e+00 8.545560000000000400e+01
3.120960000000000178e+00 8.551040000000000418e+01
3.125960000000000072e+00 8.556659999999999400e+01
3.130959999999999965e+00 8.562409999999999854e+01
3.135959999999999859e+00 8.568300000000000693e+01
3.140959999999999752e+00 8.574320000000000164e+01
3.145960000000000090e+00 8.580490000000000350e+01
3.150959999999999983e+00 8.586799999999999500e+01
3.155960000000000321e+00 8.593240000000000123e+01
3.160960000000000214e+00 8.599840000000000373e+01
3.165960000000000107e+00 8.606579999999999586e+01
3.170960000000000001e+00 8.613469999999999516e+01
3.175959999999999894e+00 8.620510000000000161e+01
3.180959999999999788e+00 8.627700000000000102e+01
3.185959999999999681e+00 8.635039999999999338e+01
3.190960000000000019e+00 8.642539999999999623e+01
3.195959999999999912e+00 8.650199999999999534e+01
3.200960000000000250e+00 8.658020000000000493e+01
3.205960000000000143e+00 8.666009999999999991e+01
3.210960000000000036e+00 8.674150000000000205e+01
3.215959999999999930e+00 8.682470000000000709e+01
3.220959999999999823e+00 8.690949999999999420e+01
3.225959999999999717e+00 8.699609999999999843e+01
3.230960000000000054e+00 8.708440000000000225e+01
3.235959999999999948e+00 8.717440000000000566e+01
3.240960000000000285e+00 8.726630000000000109e+01
3.245960000000000178e+00 8.735989999999999611e+01
3.250960000000000072e+00 8.745539999999999736e+01
3.255959999999999965e+00 8.755280000000000484e+01
3.260959999999999859e+00 8.765200000000000102e+01
3.265959999999999752e+00 8.775320000000000675e+01
3.270960000000000090e+00 8.785630000000000450e+01
3.275959999999999983e+00 8.796139999999999759e+01
3.280960000000000321e+00 8.806839999999999691e+01
3.285960000000000214e+00 8.817749999999999488e+01
3.290960000000000107e+00 8.828870000000000573e+01
3.295960000000000001e+00 8.840189999999999770e+01
3.300959999999999894e+00 8.851730000000000587e+01
3.305959999999999788e+00 8.863479999999999848e+01
3.310959999999999681e+00 8.875449999999999307e+01
3.315960000000000019e+00 8.887640000000000384e+01
3.320959999999999912e+00 8.900060000000000571e+01
3.325960000000000250e+00 8.912699999999999534e+01
3.330960000000000143e+00 8.925579999999999359e+01
3.335960000000000036e+00 8.938689999999999714e+01
3.340959999999999930e+00 8.952030000000000598e+01
3.345959999999999823e+00 8.965619999999999834e+01
3.350959999999999717e+00 8.979460000000000264e+01
3.355960000000000054e+00 8.993540000000000134e+01
3.360959999999999948e+00 -8.992119999999999891e+01
3.365960000000000285e+00 -8.977519999999999811e+01
3.370960000000000178e+00 -8.962659999999999627e+01
3.375960000000000072e+00 -8.947539999999999338e+01
3.380959999999999965e+00 -8.932150000000000034e+01
3.385959999999999859e+00 -8.916490000000000293e+01
3.390959999999999752e+00 -8.900539999999999452e+01
3.395960000000000090e+00 -8.884319999999999595e+01
3.400959999999999983e+00 -8.867810000000000059e+01
3.405960000000000321e+00 -8.851000000000000512e+01
3.410960000000000214e+00 -8.833910000000000196e+01
3.415960000000000107e+00 -8.816509999999999536e+01
3.420960000000000001e+00 -8.798799999999999955e+01
3.425959999999999894e+00 -8.780790000000000362e+01
3.430959999999999788e+00 -8.762460000000000093e+01
3.435959999999999681e+00 -8.743810000000000571e+01
3.440960000000000019e+00 -8.724840000000000373e+01
3.445959999999999912e+00 -8.705540000000000589e+01
3.450960000000000250e+00 -8.685899999999999466e+01
3.455960000000000143e+00 -8.665909999999999513e+01
3.460960000000000036e+00 -8.645589999999999975e+01
3.465959999999999930e+00 -8.624909999999999854e+01
3.470959999999999823e+00 -8.603870000000000573e+01
3.475959999999999717e+00 -8.582470000000000709e+01
3.480960000000000054e+00 -8.560699999999999932e+01
3.485959999999999948e+00 -8.538549999999999329e+01
3.490960000000000285e+00 -8.516030000000000655e+01
3.495960000000000178e+00 -8.493110000000000070e+01
3.500960000000000072e+00 -8.469799999999999329e+01
3.505959999999999965e+00 -8.446089999999999520e+01
3.510959999999999859e+00 -8.421980000000000643e+01
3.515959999999999752e+00 -8.397450000000000614e+01
3.520960000000000090e+00 -8.372499999999999432e+01
3.525959999999999983e+00 -8.347129999999999939e+01
3.530960000000000321e+00 -8.321320000000000050e+01
3.535960000000000214e+00 -8.295069999999999766e+01
3.540960000000000107e+00 -8.268370000000000175e+01
3.545960000000000001e+00 -8.241219999999999857e+01
3.550959999999999894e+00 -8.213609999999999900e+01
3.555959999999999788e+00 -8.185519999999999641e+01
3.560959999999999681e+00 -8.156969999999999743e+01
3.565960000000000019e+00 -8.127920000000000300e+01
3.570959999999999912e+00 -8.098390000000000555e+01
3.575960000000000250e+00 -8.068359999999999843e+01
3.580960000000000143e+00 -8.037820000000000675e+01
3.585960000000000036e+00 -8.006759999999999877e+01
3.590959999999999930e+00 -7.975190000000000623e+01
3.595959999999999823e+00 -7.943080000000000496e+01
3.600959999999999717e+00 -7.910439999999999827e+01
3.605960000000000054e+00 -7.877240000000000464e+01
3.610959999999999948e+00 -7.843500000000000227e+01
3.615960000000000285e+00 -7.809189999999999543e+01
3.620960000000000178e+00 -7.774320000000000164e+01
3.625960000000000072e+00 -7.738859999999999673e+01
3.630959999999999965e+00 -7.702819999999999823e+01
3.635959999999999859e+00 -7.666179999999999950e+01
3.640959999999999752e+00 -7.628940000000000055e+01
3.645960000000000090e+00 -7.591089999999999804e+01
3.650959999999999983e+00 -7.552630000000000621e+01
3.655960000000000321e+00 -7.513530000000000086e+01
3.660960000000000214e+00 -7.473799999999999955e+01
3.665960000000000107e+00 -7.433429999999999893e+01
3.670960000000000001e+00 -7.392409999999999570e+01
3.675959999999999894e+00 -7.350730000000000075e+01
3.680960000000000232e+00 -7.308379999999999654e+01
3.685960000000000125e+00 -7.265359999999999729e+01
3.690960000000000019e+00 -7.221659999999999968e+01
3.695959999999999912e+00 -7.177280000000000371e+01
3.700960000000000250e+00 -7.132200000000000273e+01
3.705960000000000143e+00 -7.086409999999999343e+01
3.710960000000000036e+00 -7.039929999999999666e+01
3.715959999999999930e+00 -6.992719999999999914e+01
3.720960000000000267e+00 -6.944799999999999329e+01
3.725960000000000161e+00 -6.896160000000000423e+01
3.730960000000000054e+00 -6.846779999999999688e+01
3.735959999999999948e+00 -6.796670000000000300e+01
3.740960000000000285e+00 -6.745820000000000505e+01
3.745960000000000178e+00 -6.694219999999999970e+01
3.750960000000000072e+00 -6.641880000000000450e+01
3.755959999999999965e+00 -6.588790000000000191e+01
3.760960000000000303e+00 -6.534940000000000282e+01
3.765960000000000196e+00 -6.480349999999999966e+01
3.770960000000000090e+00 -6.424989999999999668e+01
3.775959999999999983e+00 -6.368880000000000052e+01
3.780960000000000321e+00 -6.312010000000000076e+01
3.785960000000000214e+00 -6.254379999999999740e+01
3.790960000000000107e+00 -6.196000000000000085e+01
3.795960000000000001e+00 -6.136869999999999692e+01
3.800959999999999894e+00 -6.076979999999999649e+01
3.805960000000000232e+00 -6.016349999999999909e+01
3.810960000000000125e+00 -5.954970000000000141e+01
3.815960000000000019e+00 -5.892860000000000298e+01
3.820959999999999912e+00 -5.830010000000000048e+01
3.825960000000000250e+00 -5.766440000000000055e+01
3.830960000000000143e+00 -5.702159999999999940e+01
3.835960000000000036e+00 -5.637160000000000082e+01
3.840959999999999930e+00 -5.571470000000000056e+01
3.845960000000000267e+00 -5.505100000000000193e+01
3.850960000000000161e+00 -5.438049999999999784e+01
3.855960000000000054e+00 -5.370340000000000202e+01
3.860959999999999948e+00 -5.301979999999999649e+01
3.865960000000000285e+00 -5.232990000000000208e+01
3.870960000000000178e+00 -5.163380000000000081e+01
3.875960000000000072e+00 -5.093180000000000263e+01
3.880959999999999965e+00 -5.022399999999999665e+01
3.885960000000000303e+00 -4.951050000000000040e+01
3.890960000000000196e+00 -4.879169999999999874e+01
3.895960000000000090e+00 -4.806779999999999831e+01
3.900959999999999983e+00 -4.733879999999999910e+01
3.905960000000000321e+00 -4.660520000000000351e+01
3.910960000000000214e+00 -4.586710000000000065e+01
3.915960000000000107e+00 -4.512480000000000047e+01
3.920960000000000001e+00 -4.437850000000000250e+01
3.925959999999999894e+00 -4.362859999999999872e+01
3.930960000000000232e+00 -4.287530000000000285e+01
3.935960000000000125e+00 -4.211880000000000024e+01
3.940960000000000019e+00 -4.135960000000000036e+01
3.945959999999999912e+00 -4.059790000000000276e+01
3.950960000000000250e+00 -3.983389999999999986e+01
3.955960000000000143e+00 -3.906810000000000116e+01
3.960960000000000036e+00 -3.830069999999999908e+01
3.965959999999999930e+00 -3.753209999999999980e+01
3.970960000000000267e+00 -3.676250000000000284e+01
3.975960000000000161e+00 -3.599230000000000018e+01
3.980960000000000054e+00 -3.522180000000000177e+01
3.985959999999999948e+00 -3.445139999999999958e+01
3.990960000000000285e+00 -3.368139999999999645e+01
3.995960000000000178e+00 -3.291199999999999903e+01
4.000960000000000072e+00 -3.214370000000000260e+01
4.005959999999999965e+00 -3.137669999999999959e+01
4.010960000000000747e+00 -3.061139999999999972e+01
4.015959999999999752e+00 -2.984809999999999874e+01
4.020960000000000534e+00 -2.908699999999999974e+01
4.025959999999999539e+00 -2.832849999999999824e+01
4.030960000000000321e+00 -2.757290000000000063e+01
4.035960000000000214e+00 -2.682039999999999935e+01
4.040960000000000107e+00 -2.607140000000000057e+01
4.045960000000000001e+00 -2.532610000000000028e+01
4.050959999999999894e+00 -2.458480000000000132e+01
4.055960000000000676e+00 -2.384769999999999968e+01
4.060959999999999681e+00 -2.311520000000000152e+01
4.065960000000000463e+00 -2.238739999999999952e+01
4.070959999999999468e+00 -2.166450000000000031e+01
4.075960000000000250e+00 -2.094679999999999964e+01
4.080960000000000143e+00 -2.023450000000000060e+01
4.085960000000000036e+00 -1.952769999999999939e+01
4.090959999999999930e+00 -1.882679999999999865e+01
4.095959999999999823e+00 -1.813179999999999836e+01
4.100960000000000605e+00 -1.744290000000000163e+01
4.105959999999999610e+00 -1.676020000000000110e+01
4.110960000000000392e+00 -1.608399999999999963e+01
4.115960000000000285e+00 -1.541430000000000078e+01
4.120960000000000178e+00 -1.475130000000000052e+01
4.125960000000000072e+00 -1.409500000000000064e+01
4.130959999999999965e+00 -1.344570000000000043e+01
4.135960000000000747e+00 -1.280330000000000013e+01
4.140959999999999752e+00 -1.216789999999999949e+01
4.145960000000000534e+00 -1.153969999999999985e+01
4.150959999999999539e+00 -1.091859999999999964e+01
4.155960000000000321e+00 -1.030480000000000018e+01
4.160960000000000214e+00 -9.698299999999999699e+00
4.165960000000000107e+00 -9.099199999999999733e+00
4.170960000000000001e+00 -8.507300000000000750e+00
4.175959999999999894e+00 -7.922900000000000276e+00
4.180960000000000676e+00 -7.345799999999999663e+00
4.185959999999999681e+00 -6.776099999999999568e+00
4.190960000000000463e+00 -6.213799999999999990e+00
4.195959999999999468e+00 -5.658900000000000041e+00
4.200960000000000250e+00 -5.111399999999999721e+00
4.205960000000000143e+00 -4.571200000000000152e+00
4.210960000000000036e+00 -4.038299999999999557e+00
4.215959999999999930e+00 -3.512700000000000156e+00
4.220959999999999823e+00 -2.994400000000000173e+00
4.225960000000000605e+00 -2.483299999999999841e+00
4.230959999999999610e+00 -1.979400000000000048e+00
4.235960000000000392e+00 -1.482599999999999918e+00
4.240960000000000285e+00 -9.929000000000000048e-01
4.245960000000000178e+00 -5.101999999999999869e-01
4.250960000000000072e+00 -3.450000000000000289e-02
4.255959999999999965e+00 4.343000000000000194e-01
4.260960000000000747e+00 8.962999999999999856e-01
4.265959999999999752e+00 1.351499999999999924e+00
4.270960000000000534e+00 1.800000000000000044e+00
4.275959999999999539e+00 2.241899999999999782e+00
4.280960000000000321e+00 2.677299999999999791e+00
4.285960000000000214e+00 3.106100000000000083e+00
4.290960000000000107e+00 3.528500000000000192e+00
4.295960000000000001e+00 3.944599999999999884e+00
4.300959999999999894e+00 4.354499999999999815e+00
4.305960000000000676e+00 4.758200000000000429e+00
4.310959999999999681e+00 5.155800000000000161e+00
4.315960000000000463e+00 5.547299999999999898e+00
4.320959999999999468e+00 5.932999999999999829e+00
4.325960000000000250e+00 6.312700000000000422e+00
4.330960000000000143e+00 6.686700000000000088e+00
4.335960000000000036e+00 7.055100000000000371e+00
4.340959999999999930e+00 7.417799999999999727e+00
4.345959999999999823e+00 7.774899999999999700e+00
4.350960000000000605e+00 8.126699999999999591e+00
4.355959999999999610e+00 8.473000000000000753e+00
4.360960000000000392e+00 8.814099999999999824e+00
4.365959999999999397e+00 9.150000000000000355e+00
4.370960000000000178e+00 9.480700000000000571e+00
4.375960000000000072e+00 9.806400000000000006e+00
4.380959999999999965e+00 1.012720000000000020e+01
4.385960000000000747e+00 1.044299999999999962e+01
4.390959999999999752e+00 1.075399999999999956e+01
4.395960000000000534e+00 1.106029999999999980e+01
4.400959999999999539e+00 1.136190000000000033e+01
4.405960000000000321e+00 1.165900000000000070e+01
4.410959999999999326e+00 1.195149999999999935e+01
4.415960000000000107e+00 1.223959999999999937e+01
4.420960000000000001e+00 1.252330000000000076e+01
4.425959999999999894e+00 1.280279999999999951e+01
4.430960000000000676e+00 1.307799999999999940e+01
4.435959999999999681e+00 1.334900000000000020e+01
4.440960000000000463e+00 1.361599999999999966e+01
4.445959999999999468e+00 1.387899999999999956e+01
4.450960000000000250e+00 1.413799999999999990e+01
4.455959999999999255e+00 1.439310000000000045e+01
4.460960000000000036e+00 1.464439999999999920e+01
4.465959999999999930e+00 1.489189999999999969e+01
4.470959999999999823e+00 1.513579999999999970e+01
4.475960000000000605e+00 1.537599999999999945e+01
4.480959999999999610e+00 1.561270000000000024e+01
4.485960000000000392e+00 1.584580000000000055e+01
4.490959999999999397e+00 1.607550000000000168e+01
4.495960000000000178e+00 1.630180000000000007e+01
4.500960000000000072e+00 1.652479999999999905e+01
4.505959999999999965e+00 1.674449999999999861e+01
4.510960000000000747e+00 1.696099999999999852e+01
4.515959999999999752e+00 1.717429999999999879e+01
4.520960000000000534e+00 1.738449999999999918e+01
4.525959999999999539e+00 1.759169999999999945e+01
4.530960000000000321e+00 1.779579999999999984e+01
4.535959999999999326e+00 1.799699999999999989e+01
4.540960000000000107e+00 1.819519999999999982e+01
4.545960000000000001e+00 1.839059999999999917e+01
4.550959999999999894e+00 1.858320000000000149e+01
4.555960000000000676e+00 1.877309999999999945e+01
4.560959999999999681e+00 1.896020000000000039e+01
4.565960000000000463e+00 1.914460000000000051e+01
4.570959999999999468e+00 1.932639999999999958e+01
4.575960000000000250e+00 1.950570000000000093e+01
4.580959999999999255e+00 1.968240000000000123e+01
4.585960000000000036e+00 1.985660000000000025e+01
4.590959999999999930e+00 2.002830000000000155e+01
4.595959999999999823e+00 2.019760000000000133e+01
4.600960000000000605e+00 2.036459999999999937e+01
4.605959999999999610e+00 2.052919999999999945e+01
4.610960000000000392e+00 2.069150000000000134e+01
