3.385000000000000231e-01 8.402949999999999875e+01
3.409600000000000408e-01 8.371059999999999945e+01
3.459600000000000453e-01 8.333889999999999532e+01
3.509600000000000497e-01 8.293640000000000612e+01
3.559599999999999986e-01 8.251460000000000150e+01
3.609600000000000031e-01 8.208020000000000493e+01
3.659599999999999520e-01 8.163729999999999620e+01
3.709599999999999564e-01 8.118869999999999720e+01
3.759599999999999609e-01 8.073629999999999995e+01
3.809599999999999653e-01 8.028159999999999741e+01
3.859599999999999698e-01 7.982569999999999766e+01
3.909599999999999742e-01 7.936950000000000216e+01
3.959599999999999786e-01 7.891379999999999484e+01
4.009599999999999831e-01 7.845910000000000650e+01
4.059599999999999875e-01 7.800589999999999691e+01
4.109599999999999920e-01 7.755459999999999354e+01
4.159599999999999964e-01 7.710550000000000637e+01
4.209600000000000009e-01 7.665879999999999939e+01
4.259600000000000053e-01 7.621469999999999345e+01
4.309600000000000097e-01 7.577339999999999520e+01
4.359600000000000142e-01 7.533490000000000464e+01
4.409600000000000186e-01 7.489950000000000330e+01
4.459600000000000231e-01 7.446699999999999875e+01
4.509600000000000275e-01 7.403770000000000095e+01
4.559600000000000319e-01 7.361140000000000327e+01
4.609600000000000364e-01 7.318840000000000146e+01
4.659600000000000408e-01 7.276850000000000307e+01
4.709600000000000453e-01 7.235179999999999723e+01
4.759600000000000497e-01 7.193829999999999814e+01
4.809599999999999431e-01 7.152800000000000580e+01
4.859599999999999476e-01 7.112090000000000600e+01
4.909599999999999520e-01 7.071699999999999875e+01
4.959599999999999564e-01 7.031619999999999493e+01
5.009599999999999609e-01 6.991859999999999786e+01
5.059599999999999653e-01 6.952410000000000423e+01
5.109599999999999698e-01 6.913259999999999650e+01
5.159599999999999742e-01 6.874429999999999552e+01
5.209599999999999786e-01 6.835890000000000555e+01
5.259599999999999831e-01 6.797660000000000480e+01
5.309599999999999875e-01 6.759730000000000416e+01
5.359599999999999920e-01 6.722100000000000364e+01
5.409599999999999964e-01 6.684759999999999991e+01
5.459600000000000009e-01 6.647709999999999297e+01
5.509600000000000053e-01 6.610939999999999372e+01
5.559600000000000097e-01 6.574460000000000548e+01
5.609600000000000142e-01 6.538259999999999650e+01
5.659600000000000186e-01 6.502339999999999520e+01
5.709600000000000231e-01 6.466700000000000159e+01
5.759600000000000275e-01 6.431319999999999482e+01
5.809600000000000319e-01 6.396220000000000283e+01
5.859600000000000364e-01 6.361390000000000100e+01
5.909600000000000408e-01 6.326809999999999690e+01
5.959600000000000453e-01 6.292499999999999716e+01
6.009600000000000497e-01 6.258449999999999847e+01
6.059599999999999431e-01 6.224649999999999750e+01
6.109599999999999476e-01 6.191109999999999758e+01
6.159599999999999520e-01 6.157809999999999917e+01
6.209599999999999564e-01 6.124759999999999849e+01
6.259599999999999609e-01 6.091960000000000264e+01
6.309599999999999653e-01 6.059400000000000119e+01
6.359599999999999698e-01 6.027069999999999794e+01
6.409599999999999742e-01 5.994989999999999952e+01
6.459599999999999786e-01 5.963130000000000308e+01
6.509599999999999831e-01 5.931510000000000105e+01
6.559599999999999875e-01 5.900110000000000099e+01
6.609599999999999920e-01 5.868950000000000244e+01
6.659599999999999964e-01 5.838000000000000256e+01
6.709600000000000009e-01 5.807280000000000086e+01
6.759600000000000053e-01 5.776769999999999783e+01
6.809600000000000097e-01 5.746479999999999677e+01
6.859600000000000142e-01 5.716400000000000148e+01
6.909600000000000186e-01 5.686540000000000106e+01
6.959600000000000231e-01 5.656880000000000308e+01
7.009600000000000275e-01 5.627429999999999666e+01
7.059600000000000319e-01 5.598190000000000310e+01
7.109599999999999254e-01 5.569140000000000157e+01
7.159600000000000408e-01 5.540299999999999869e+01
7.209599999999999342e-01 5.511650000000000205e+01
7.259600000000000497e-01 5.483200000000000074e+01
7.309599999999999431e-01 5.454950000000000188e+01
7.359600000000000586e-01 5.426879999999999882e+01
7.409599999999999520e-01 5.399009999999999820e+01
7.459600000000000675e-01 5.371320000000000050e+01
7.509599999999999609e-01 5.343820000000000192e+01
7.559600000000000763e-01 5.316510000000000247e+01
7.609599999999999698e-01 5.289370000000000260e+01
7.659600000000000852e-01 5.262420000000000186e+01
7.709599999999999786e-01 5.235640000000000072e+01
7.759599999999999831e-01 5.209040000000000248e+01
7.809599999999999875e-01 5.182609999999999673e+01
7.859599999999999920e-01 5.156360000000000099e+01
7.909599999999999964e-01 5.130279999999999774e+01
7.959600000000000009e-01 5.104370000000000118e+01
8.009600000000000053e-01 5.078629999999999711e+01
8.059600000000000097e-01 5.053050000000000352e+01
8.109600000000000142e-01 5.027640000000000242e+01
8.159600000000000186e-01 5.002389999999999759e+01
8.209600000000000231e-01 4.977300000000000324e+01
8.259600000000000275e-01 4.952369999999999806e+01
8.309600000000000319e-01 4.927609999999999957e+01
8.359599999999999254e-01 4.902989999999999782e+01
8.409600000000000408e-01 4.878540000000000276e+01
8.459600000000000453e-01 4.854229999999999734e+01
8.509600000000000497e-01 4.830080000000000240e+01
8.559600000000000541e-01 4.806080000000000041e+01
8.609600000000000586e-01 4.782229999999999848e+01
8.659599999999999520e-01 4.758529999999999660e+01
8.709599999999999564e-01 4.734980000000000189e+01
8.759599999999999609e-01 4.711569999999999681e+01
8.809599999999999653e-01 4.688300000000000267e+01
8.859599999999999698e-01 4.665180000000000149e+01
8.909599999999999742e-01 4.642199999999999704e+01
8.959599999999999786e-01 4.619350000000000023e+01
9.009599999999999831e-01 4.596650000000000347e+01
9.059599999999999875e-01 4.574080000000000013e+01
9.109599999999999920e-01 4.551650000000000063e+01
9.159599999999999964e-01 4.529359999999999786e+01
9.209600000000000009e-01 4.507200000000000273e+01
9.259600000000000053e-01 4.485170000000000101e+01
9.309600000000000097e-01 4.463269999999999982e+01
9.359600000000000142e-01 4.441499999999999915e+01
9.409600000000000186e-01 4.419859999999999900e+01
9.459600000000000231e-01 4.398340000000000316e+01
9.509600000000000275e-01 4.376959999999999695e+01
9.559600000000000319e-01 4.355689999999999884e+01
9.609600000000000364e-01 4.334550000000000125e+01
9.659600000000000408e-01 4.313539999999999708e+01
9.709600000000000453e-01 4.292640000000000100e+01
9.759600000000000497e-01 4.271869999999999834e+01
9.809600000000000541e-01 4.251209999999999667e+01
9.859600000000000586e-01 4.230680000000000263e+01
9.909599999999999520e-01 4.210260000000000247e+01
9.959599999999999564e-01 4.189950000000000330e+01
1.000960000000000072e+00 4.169760000000000133e+01
1.005959999999999965e+00 4.149689999999999657e+01
1.010959999999999859e+00 4.129729999999999990e+01
1.015959999999999974e+00 4.109879999999999711e+01
1.020960000000000090e+00 4.090140000000000242e+01
1.025959999999999983e+00 4.070510000000000161e+01
1.030959999999999877e+00 4.050990000000000180e+01
1.035959999999999992e+00 4.031569999999999965e+01
1.040960000000000107e+00 4.012270000000000181e+01
1.045960000000000001e+00 3.993070000000000164e+01
1.050959999999999894e+00 3.973969999999999914e+01
1.055960000000000010e+00 3.954979999999999762e+01
1.060960000000000125e+00 3.936090000000000089e+01
1.065960000000000019e+00 3.917309999999999803e+01
1.070959999999999912e+00 3.898619999999999663e+01
1.075960000000000027e+00 3.880040000000000333e+01
1.080960000000000143e+00 3.861549999999999727e+01
1.085960000000000036e+00 3.843169999999999931e+01
1.090959999999999930e+00 3.824880000000000280e+01
1.095960000000000045e+00 3.806689999999999685e+01
1.100960000000000161e+00 3.788589999999999947e+01
1.105960000000000054e+00 3.770589999999999975e+01
1.110959999999999948e+00 3.752689999999999770e+01
1.115959999999999841e+00 3.734879999999999711e+01
1.120959999999999956e+00 3.717159999999999798e+01
1.125960000000000072e+00 3.699530000000000030e+01
1.130959999999999965e+00 3.681989999999999696e+01
1.135959999999999859e+00 3.664549999999999841e+01
1.140959999999999974e+00 3.647189999999999799e+01
1.145960000000000090e+00 3.629930000000000234e+01
1.150959999999999983e+00 3.612749999999999773e+01
1.155959999999999877e+00 3.595649999999999835e+01
1.160959999999999992e+00 3.578649999999999665e+01
1.165960000000000107e+00 3.561730000000000018e+01
1.170960000000000001e+00 3.544890000000000185e+01
1.175959999999999894e+00 3.528139999999999787e+01
1.180960000000000010e+00 3.511480000000000246e+01
1.185960000000000125e+00 3.494890000000000185e+01
1.190960000000000019e+00 3.478390000000000271e+01
1.195959999999999912e+00 3.461970000000000169e+01
1.200960000000000027e+00 3.445629999999999882e+01
1.205960000000000143e+00 3.429370000000000118e+01
1.210960000000000036e+00 3.413190000000000168e+01
1.215959999999999930e+00 3.397090000000000032e+01
1.220960000000000045e+00 3.381069999999999709e+01
1.225960000000000161e+00 3.365120000000000289e+01
1.230960000000000054e+00 3.349249999999999972e+01
1.235959999999999948e+00 3.333460000000000178e+01
1.240959999999999841e+00 3.317739999999999867e+01
1.245959999999999956e+00 3.302100000000000080e+01
1.250960000000000072e+00 3.286529999999999774e+01
1.255959999999999965e+00 3.271039999999999992e+01
1.260959999999999859e+00 3.255619999999999692e+01
1.265959999999999974e+00 3.240270000000000294e+01
1.270960000000000090e+00 3.224989999999999668e+01
1.275959999999999983e+00 3.209790000000000276e+01
1.280959999999999877e+00 3.194650000000000034e+01
1.285959999999999992e+00 3.179589999999999961e+01
1.290960000000000107e+00 3.164590000000000103e+01
1.295960000000000001e+00 3.149670000000000059e+01
1.300959999999999894e+00 3.134809999999999874e+01
1.305960000000000010e+00 3.120019999999999882e+01
1.310960000000000125e+00 3.105300000000000082e+01
1.315960000000000019e+00 3.090640000000000143e+01
1.320959999999999912e+00 3.076060000000000016e+01
1.325960000000000027e+00 3.061530000000000129e+01
1.330960000000000143e+00 3.047070000000000078e+01
1.335960000000000036e+00 3.032679999999999865e+01
1.340959999999999930e+00 3.018349999999999866e+01
1.345959999999999823e+00 3.004090000000000060e+01
1.350960000000000161e+00 2.989890000000000114e+01
1.355960000000000054e+00 2.975750000000000028e+01
1.360959999999999948e+00 2.961670000000000158e+01
1.365959999999999841e+00 2.947660000000000124e+01
1.370960000000000178e+00 2.933709999999999951e+01
1.375960000000000072e+00 2.919810000000000016e+01
1.380959999999999965e+00 2.905979999999999919e+01
1.385959999999999859e+00 2.892210000000000036e+01
1.390960000000000196e+00 2.878500000000000014e+01
1.395960000000000090e+00 2.864849999999999852e+01
1.400959999999999983e+00 2.851249999999999929e+01
1.405959999999999877e+00 2.837719999999999843e+01
1.410960000000000214e+00 2.824239999999999995e+01
1.415960000000000107e+00 2.810820000000000007e+01
1.420960000000000001e+00 2.797459999999999880e+01
1.425959999999999894e+00 2.784149999999999991e+01
1.430959999999999788e+00 2.770899999999999963e+01
1.435960000000000125e+00 2.757700000000000173e+01
1.440960000000000019e+00 2.744569999999999865e+01
1.445959999999999912e+00 2.731480000000000175e+01
1.450959999999999805e+00 2.718449999999999989e+01
1.455960000000000143e+00 2.705480000000000018e+01
1.460960000000000036e+00 2.692559999999999931e+01
1.465959999999999930e+00 2.679690000000000083e+01
1.470959999999999823e+00 2.666870000000000118e+01
1.475960000000000161e+00 2.654110000000000014e+01
1.480960000000000054e+00 2.641400000000000148e+01
1.485959999999999948e+00 2.628750000000000142e+01
1.490959999999999841e+00 2.616140000000000043e+01
1.495960000000000178e+00 2.603590000000000160e+01
1.500960000000000072e+00 2.591079999999999828e+01
1.505959999999999965e+00 2.578630000000000067e+01
1.510959999999999859e+00 2.566229999999999833e+01
1.515960000000000196e+00 2.553879999999999839e+01
1.520960000000000090e+00 2.541580000000000084e+01
1.525959999999999983e+00 2.529329999999999856e+01
1.530959999999999877e+00 2.517119999999999891e+01
1.535960000000000214e+00 2.504970000000000141e+01
1.540960000000000107e+00 2.492859999999999943e+01
1.545960000000000001e+00 2.480809999999999960e+01
1.550959999999999894e+00 2.468799999999999883e+01
1.555959999999999788e+00 2.456840000000000046e+01
1.560960000000000125e+00 2.444920000000000115e+01
1.565960000000000019e+00 2.433050000000000068e+01
1.570959999999999912e+00 2.421229999999999905e+01
1.575959999999999805e+00 2.409459999999999980e+01
1.580960000000000143e+00 2.397729999999999961e+01
1.585960000000000036e+00 2.386049999999999827e+01
1.590959999999999930e+00 2.374409999999999954e+01
1.595959999999999823e+00 2.362819999999999965e+01
1.600960000000000161e+00 2.351279999999999859e+01
1.605960000000000054e+00 2.339780000000000015e+01
1.610959999999999948e+00 2.328320000000000078e+01
1.615959999999999841e+00 2.316910000000000025e+01
1.620960000000000178e+00 2.305549999999999855e+01
1.625960000000000072e+00 2.294219999999999970e+01
1.630959999999999965e+00 2.282939999999999969e+01
1.635959999999999859e+00 2.271709999999999852e+01
1.640960000000000196e+00 2.260519999999999996e+01
1.645960000000000090e+00 2.249370000000000047e+01
1.650959999999999983e+00 2.238260000000000005e+01
1.655959999999999877e+00 2.227199999999999847e+01
1.660960000000000214e+00 2.216179999999999950e+01
1.665959999999999885e+00 2.205199999999999960e+01
1.670960000000000001e+00 2.194259999999999877e+01
1.675959999999999894e+00 2.183360000000000056e+01
1.680959999999999788e+00 2.172510000000000119e+01
1.685959999999999903e+00 2.161700000000000088e+01
1.690960000000000019e+00 2.150919999999999987e+01
1.695959999999999912e+00 2.140190000000000126e+01
1.700959999999999805e+00 2.129500000000000171e+01
1.705959999999999921e+00 2.118850000000000122e+01
1.710960000000000036e+00 2.108239999999999981e+01
1.715959999999999930e+00 2.097680000000000078e+01
1.720959999999999823e+00 2.087150000000000105e+01
1.725959999999999939e+00 2.076660000000000039e+01
1.730960000000000054e+00 2.066209999999999880e+01
1.735959999999999948e+00 2.055799999999999983e+01
1.740959999999999841e+00 2.045420000000000016e+01
1.745959999999999956e+00 2.035089999999999932e+01
1.750960000000000072e+00 2.024800000000000111e+01
1.755959999999999965e+00 2.014539999999999864e+01
1.760959999999999859e+00 2.004329999999999856e+01
1.765959999999999974e+00 1.994150000000000134e+01
1.770960000000000090e+00 1.984009999999999962e+01
1.775959999999999983e+00 1.973910000000000053e+01
1.780959999999999877e+00 1.963840000000000074e+01
1.785959999999999992e+00 1.953819999999999979e+01
1.790959999999999885e+00 1.943830000000000169e+01
1.795960000000000001e+00 1.933879999999999910e+01
1.800959999999999894e+00 1.923969999999999914e+01
1.805959999999999788e+00 1.914089999999999847e+01
1.810959999999999903e+00 1.904250000000000043e+01
1.815960000000000019e+00 1.894450000000000145e+01
1.820959999999999912e+00 1.884680000000000177e+01
1.825959999999999805e+00 1.874950000000000117e+01
1.830959999999999921e+00 1.865259999999999962e+01
1.835960000000000036e+00 1.855600000000000094e+01
1.840959999999999930e+00 1.845980000000000132e+01
1.845959999999999823e+00 1.836400000000000077e+01
1.850959999999999939e+00 1.826849999999999952e+01
1.855960000000000054e+00 1.817330000000000112e+01
1.860959999999999948e+00 1.807860000000000156e+01
1.865959999999999841e+00 1.798410000000000153e+01
1.870959999999999956e+00 1.789010000000000034e+01
1.875960000000000072e+00 1.779639999999999844e+01
1.880959999999999965e+00 1.770299999999999940e+01
1.885959999999999859e+00 1.760999999999999943e+01
1.890959999999999974e+00 1.751729999999999876e+01
1.895960000000000090e+00 1.742500000000000071e+01
1.900959999999999983e+00 1.733299999999999841e+01
1.905959999999999877e+00 1.724139999999999873e+01
1.910959999999999992e+00 1.715009999999999835e+01
1.915959999999999885e+00 1.705920000000000059e+01
1.920960000000000001e+00 1.696859999999999857e+01
1.925959999999999894e+00 1.687829999999999941e+01
1.930959999999999788e+00 1.678839999999999932e+01
1.935959999999999903e+00 1.669889999999999830e+01
1.940960000000000019e+00 1.660960000000000036e+01
1.945959999999999912e+00 1.652070000000000149e+01
1.950959999999999805e+00 1.643220000000000169e+01
1.955959999999999921e+00 1.634390000000000143e+01
1.960960000000000036e+00 1.625609999999999999e+01
1.965959999999999930e+00 1.616850000000000165e+01
1.970959999999999823e+00 1.608129999999999882e+01
1.975959999999999939e+00 1.599440000000000062e+01
1.980960000000000054e+00 1.590779999999999994e+01
1.985959999999999948e+00 1.582160000000000011e+01
1.990959999999999841e+00 1.573569999999999958e+01
1.995959999999999956e+00 1.565010000000000012e+01
2.000960000000000072e+00 1.556489999999999974e+01
2.005959999999999965e+00 1.547990000000000066e+01
2.010959999999999859e+00 1.539530000000000065e+01
2.015959999999999752e+00 1.531109999999999971e+01
2.020960000000000090e+00 1.522710000000000008e+01
2.025959999999999983e+00 1.514349999999999952e+01
2.030959999999999877e+00 1.506020000000000003e+01
2.035960000000000214e+00 1.497719999999999985e+01
2.040960000000000107e+00 1.489460000000000051e+01
2.045960000000000001e+00 1.481220000000000070e+01
2.050959999999999894e+00 1.473019999999999996e+01
2.055959999999999788e+00 1.464850000000000030e+01
2.060959999999999681e+00 1.456719999999999970e+01
2.065960000000000019e+00 1.448610000000000042e+01
2.070959999999999912e+00 1.440540000000000020e+01
2.075959999999999805e+00 1.432489999999999952e+01
2.080960000000000143e+00 1.424479999999999968e+01
2.085960000000000036e+00 1.416499999999999915e+01
2.090959999999999930e+00 1.408559999999999945e+01
2.095959999999999823e+00 1.400639999999999930e+01
2.100959999999999717e+00 1.392759999999999998e+01
2.105960000000000054e+00 1.384900000000000020e+01
2.110959999999999948e+00 1.377079999999999949e+01
2.115959999999999841e+00 1.369289999999999985e+01
2.120960000000000178e+00 1.361529999999999951e+01
2.125960000000000072e+00 1.353800000000000026e+01
2.130959999999999965e+00 1.346100000000000030e+01
2.135959999999999859e+00 1.338439999999999941e+01
2.140959999999999752e+00 1.330799999999999983e+01
2.145960000000000090e+00 1.323199999999999932e+01
2.150959999999999983e+00 1.315629999999999988e+01
2.155959999999999877e+00 1.308079999999999998e+01
2.160960000000000214e+00 1.300569999999999915e+01
2.165960000000000107e+00 1.293089999999999939e+01
2.170960000000000001e+00 1.285640000000000072e+01
2.175959999999999894e+00 1.278219999999999956e+01
2.180959999999999788e+00 1.270829999999999949e+01
2.185959999999999681e+00 1.263480000000000025e+01
2.190960000000000019e+00 1.256150000000000055e+01
2.195959999999999912e+00 1.248850000000000016e+01
2.200959999999999805e+00 1.241590000000000060e+01
2.205960000000000143e+00 1.234350000000000058e+01
2.210960000000000036e+00 1.227149999999999963e+01
2.215959999999999930e+00 1.219969999999999999e+01
2.220959999999999823e+00 1.212829999999999941e+01
2.225959999999999717e+00 1.205719999999999992e+01
2.230960000000000054e+00 1.198629999999999995e+01
2.235959999999999948e+00 1.191580000000000084e+01
2.240959999999999841e+00 1.184559999999999924e+01
2.245960000000000178e+00 1.177570000000000050e+01
2.250960000000000072e+00 1.170609999999999928e+01
2.255959999999999965e+00 1.163679999999999914e+01
2.260959999999999859e+00 1.156780000000000008e+01
2.265959999999999752e+00 1.149910000000000032e+01
2.270960000000000090e+00 1.143069999999999986e+01
2.275959999999999983e+00 1.136260000000000048e+01
2.280959999999999877e+00 1.129480000000000040e+01
2.285960000000000214e+00 1.122729999999999961e+01
2.290960000000000107e+00 1.116009999999999991e+01
2.295960000000000001e+00 1.109329999999999927e+01
2.300959999999999894e+00 1.102669999999999995e+01
2.305959999999999788e+00 1.096039999999999992e+01
2.310959999999999681e+00 1.089439999999999920e+01
2.315960000000000019e+00 1.082879999999999932e+01
2.320959999999999912e+00 1.076340000000000074e+01
2.325959999999999805e+00 1.069839999999999947e+01
2.330960000000000143e+00 1.063359999999999950e+01
2.335960000000000036e+00 1.056910000000000061e+01
2.340959999999999930e+00 1.050500000000000078e+01
2.345959999999999823e+00 1.044120000000000026e+01
2.350959999999999717e+00 1.037759999999999927e+01
2.355960000000000054e+00 1.031439999999999912e+01
2.360959999999999948e+00 1.025140000000000029e+01
2.365960000000000285e+00 1.018880000000000052e+01
2.370960000000000178e+00 1.012650000000000006e+01
2.375960000000000072e+00 1.006450000000000067e+01
2.380959999999999965e+00 1.000280000000000058e+01
2.385959999999999859e+00 9.941300000000000026e+00
2.390959999999999752e+00 9.880200000000000315e+00
2.395960000000000090e+00 9.819399999999999906e+00
2.400959999999999983e+00 9.759000000000000341e+00
2.405960000000000321e+00 9.698800000000000310e+00
2.410960000000000214e+00 9.638899999999999579e+00
2.415960000000000107e+00 9.579299999999999926e+00
2.420960000000000001e+00 9.520099999999999341e+00
2.425959999999999894e+00 9.461100000000000065e+00
2.430959999999999788e+00 9.402499999999999858e+00
2.435959999999999681e+00 9.344099999999999184e+00
2.440960000000000019e+00 9.286099999999999355e+00
2.445959999999999912e+00 9.228400000000000603e+00
2.450960000000000250e+00 9.170899999999999608e+00
2.455960000000000143e+00 9.113799999999999457e+00
2.460960000000000036e+00 9.057100000000000151e+00
2.465959999999999930e+00 9.000600000000000378e+00
2.470959999999999823e+00 8.944399999999999906e+00
2.475959999999999717e+00 8.888600000000000279e+00
2.480960000000000054e+00 8.833000000000000185e+00
2.485959999999999948e+00 8.777799999999999159e+00
2.490960000000000285e+00 8.722899999999999210e+00
2.495960000000000178e+00 8.668300000000000338e+00
2.500960000000000072e+00 8.614000000000000767e+00
2.505959999999999965e+00 8.560000000000000497e+00
2.510959999999999859e+00 8.506399999999999295e+00
2.515959999999999752e+00 8.453099999999999170e+00
2.520960000000000090e+00 8.400000000000000355e+00
2.525959999999999983e+00 8.347400000000000375e+00
2.530960000000000321e+00 8.294999999999999929e+00
2.535960000000000214e+00 8.242900000000000560e+00
2.540960000000000107e+00 8.191200000000000259e+00
2.545960000000000001e+00 8.139799999999999258e+00
2.550959999999999894e+00 8.088699999999999335e+00
2.555959999999999788e+00 8.037900000000000489e+00
2.560959999999999681e+00 7.987499999999999822e+00
2.565960000000000019e+00 7.937400000000000233e+00
2.570959999999999912e+00 7.887599999999999945e+00
2.575960000000000250e+00 7.838199999999999612e+00
2.580960000000000143e+00 7.789100000000000357e+00
2.585960000000000036e+00 7.740300000000000402e+00
2.590959999999999930e+00 7.691799999999999748e+00
2.595959999999999823e+00 7.643699999999999939e+00
2.600959999999999717e+00 7.595900000000000318e+00
2.605960000000000054e+00 7.548399999999999999e+00
2.610959999999999948e+00 7.501299999999999635e+00
2.615960000000000285e+00 7.454500000000000348e+00
2.620960000000000178e+00 7.408000000000000362e+00
2.625960000000000072e+00 7.361900000000000333e+00
2.630959999999999965e+00 7.316200000000000259e+00
2.635959999999999859e+00 7.270699999999999719e+00
2.640959999999999752e+00 7.225600000000000023e+00
2.645960000000000090e+00 7.180900000000000283e+00
2.650959999999999983e+00 7.136499999999999844e+00
2.655960000000000321e+00 7.092500000000000249e+00
2.660960000000000214e+00 7.048799999999999955e+00
2.665960000000000107e+00 7.005399999999999849e+00
2.670960000000000001e+00 6.962399999999999700e+00
2.675959999999999894e+00 6.919800000000000395e+00
2.680959999999999788e+00 6.877500000000000391e+00
2.685959999999999681e+00 6.835600000000000342e+00
2.690960000000000019e+00 6.793999999999999595e+00
2.695959999999999912e+00 6.752799999999999692e+00
2.700960000000000250e+00 6.711899999999999977e+00
2.705960000000000143e+00 6.671400000000000219e+00
2.710960000000000036e+00 6.631300000000000416e+00
2.715959999999999930e+00 6.591599999999999682e+00
2.720959999999999823e+00 6.552200000000000024e+00
2.725959999999999717e+00 6.513200000000000323e+00
2.730960000000000054e+00 6.474499999999999922e+00
2.735959999999999948e+00 6.436300000000000132e+00
2.740960000000000285e+00 6.398399999999999643e+00
2.745960000000000178e+00 6.360899999999999999e+00
2.750960000000000072e+00 6.323699999999999655e+00
2.755959999999999965e+00 6.286999999999999922e+00
2.760959999999999859e+00 6.250600000000000378e+00
2.765959999999999752e+00 6.214699999999999669e+00
2.770960000000000090e+00 6.179100000000000037e+00
2.775959999999999983e+00 6.143900000000000361e+00
2.780960000000000321e+00 6.109099999999999753e+00
2.785960000000000214e+00 6.074699999999999989e+00
2.790960000000000107e+00 6.040700000000000180e+00
2.795960000000000001e+00 6.007100000000000328e+00
2.800959999999999894e+00 5.973900000000000432e+00
2.805959999999999788e+00 5.941099999999999604e+00
2.810959999999999681e+00 5.908699999999999619e+00
2.815960000000000019e+00 5.876699999999999591e+00
2.820959999999999912e+00 5.845200000000000173e+00
2.825960000000000250e+00 5.814099999999999824e+00
2.830960000000000143e+00 5.783299999999999663e+00
2.835960000000000036e+00 5.753000000000000114e+00
2.840959999999999930e+00 5.723200000000000287e+00
2.845959999999999823e+00 5.693699999999999761e+00
2.850959999999999717e+00 5.664699999999999847e+00
2.855960000000000054e+00 5.636099999999999888e+00
2.860959999999999948e+00 5.607999999999999652e+00
2.865960000000000285e+00 5.580300000000000260e+00
2.870960000000000178e+00 5.552999999999999936e+00
2.875960000000000072e+00 5.526200000000000223e+00
2.880959999999999965e+00 5.499900000000000233e+00
2.885959999999999859e+00 5.474000000000000199e+00
2.890959999999999752e+00 5.448500000000000121e+00
2.895960000000000090e+00 5.423600000000000421e+00
2.900959999999999983e+00 5.399000000000000021e+00
2.905960000000000321e+00 5.375000000000000000e+00
2.910960000000000214e+00 5.351399999999999935e+00
2.915960000000000107e+00 5.328299999999999592e+00
2.920960000000000001e+00 5.305699999999999861e+00
2.925959999999999894e+00 5.283599999999999852e+00
2.930959999999999788e+00 5.261899999999999800e+00
2.935959999999999681e+00 5.240700000000000358e+00
2.940960000000000019e+00 5.220100000000000406e+00
2.945959999999999912e+00 5.199900000000000411e+00
2.950960000000000250e+00 5.180299999999999905e+00
2.955960000000000143e+00 5.161100000000000243e+00
2.960960000000000036e+00 5.142500000000000071e+00
2.965959999999999930e+00 5.124299999999999855e+00
2.970959999999999823e+00 5.106700000000000017e+00
2.975959999999999717e+00 5.089699999999999669e+00
2.980960000000000054e+00 5.073100000000000165e+00
2.985959999999999948e+00 5.057100000000000151e+00
2.990960000000000285e+00 5.041699999999999626e+00
2.995960000000000178e+00 5.026799999999999713e+00
3.000960000000000072e+00 5.012400000000000411e+00
3.005959999999999965e+00 4.998599999999999710e+00
3.010959999999999859e+00 4.985299999999999621e+00
3.015959999999999752e+00 4.972699999999999676e+00
3.020960000000000090e+00 4.960600000000000342e+00
3.025959999999999983e+00 4.948999999999999844e+00
3.030960000000000321e+00 4.938100000000000378e+00
3.035960000000000214e+00 4.927699999999999747e+00
3.040960000000000107e+00 4.918000000000000149e+00
3.045960000000000001e+00 4.908800000000000274e+00
3.050959999999999894e+00 4.900299999999999656e+00
3.055959999999999788e+00 4.892400000000000304e+00
3.060959999999999681e+00 4.884999999999999787e+00
3.065960000000000019e+00 4.878400000000000070e+00
3.070959999999999912e+00 4.872300000000000075e+00
3.075960000000000250e+00 4.866900000000000226e+00
3.080960000000000143e+00 4.862099999999999866e+00
3.085960000000000036e+00 4.857999999999999652e+00
3.090959999999999930e+00 4.854599999999999582e+00
3.095959999999999823e+00 4.851799999999999891e+00
3.100959999999999717e+00 4.849700000000000344e+00
3.105960000000000054e+00 4.848300000000000054e+00
3.110959999999999948e+00 4.847500000000000142e+00
3.115960000000000285e+00 4.847500000000000142e+00
3.120960000000000178e+00 4.848200000000000287e+00
3.125960000000000072e+00 4.849499999999999922e+00
3.130959999999999965e+00 4.851700000000000124e+00
3.135959999999999859e+00 4.854499999999999815e+00
3.140959999999999752e+00 4.858100000000000307e+00
3.145960000000000090e+00 4.862400000000000055e+00
3.150959999999999983e+00 4.867499999999999716e+00
3.155960000000000321e+00 4.873300000000000409e+00
3.160960000000000214e+00 4.879999999999999893e+00
3.165960000000000107e+00 4.887400000000000411e+00
3.170960000000000001e+00 4.895599999999999952e+00
3.175959999999999894e+00 4.904600000000000293e+00
3.180959999999999788e+00 4.914399999999999658e+00
3.185959999999999681e+00 4.925099999999999589e+00
3.190960000000000019e+00 4.936499999999999666e+00
3.195959999999999912e+00 4.948800000000000310e+00
3.200960000000000250e+00 4.961999999999999744e+00
3.205960000000000143e+00 4.976099999999999746e+00
3.210960000000000036e+00 4.990999999999999659e+00
3.215959999999999930e+00 5.006800000000000139e+00
3.220959999999999823e+00 5.023500000000000298e+00
3.225959999999999717e+00 5.041100000000000136e+00
3.230960000000000054e+00 5.059599999999999653e+00
3.235959999999999948e+00 5.079100000000000392e+00
3.240960000000000285e+00 5.099499999999999922e+00
3.245960000000000178e+00 5.120899999999999785e+00
3.250960000000000072e+00 5.143200000000000216e+00
3.255959999999999965e+00 5.166599999999999859e+00
3.260959999999999859e+00 5.190900000000000070e+00
3.265959999999999752e+00 5.216199999999999726e+00
3.270960000000000090e+00 5.242600000000000371e+00
3.275959999999999983e+00 5.269999999999999574e+00
3.280960000000000321e+00 5.298499999999999766e+00
3.285960000000000214e+00 5.328000000000000291e+00
3.290960000000000107e+00 5.358600000000000030e+00
3.295960000000000001e+00 5.390299999999999869e+00
3.300959999999999894e+00 5.423199999999999577e+00
3.305959999999999788e+00 5.457099999999999618e+00
3.310959999999999681e+00 5.492200000000000415e+00
3.315960000000000019e+00 5.528500000000000192e+00
3.320959999999999912e+00 5.565900000000000070e+00
3.325960000000000250e+00 5.604599999999999582e+00
3.330960000000000143e+00 5.644400000000000084e+00
3.335960000000000036e+00 5.685500000000000220e+00
3.340959999999999930e+00 5.727800000000000225e+00
3.345959999999999823e+00 5.771399999999999864e+00
3.350959999999999717e+00 5.816200000000000259e+00
3.355960000000000054e+00 5.862400000000000055e+00
3.360959999999999948e+00 5.910000000000000142e+00
3.365960000000000285e+00 5.958700000000000330e+00
3.370960000000000178e+00 6.009000000000000341e+00
3.375960000000000072e+00 6.060599999999999987e+00
3.380959999999999965e+00 6.113500000000000156e+00
3.385959999999999859e+00 6.168000000000000149e+00
3.390959999999999752e+00 6.223799999999999777e+00
3.395960000000000090e+00 6.281100000000000350e+00
3.400959999999999983e+00 6.339999999999999858e+00
3.405960000000000321e+00 6.400299999999999656e+00
3.410960000000000214e+00 6.462200000000000166e+00
3.415960000000000107e+00 6.525500000000000078e+00
3.420960000000000001e+00 6.590499999999999581e+00
3.425959999999999894e+00 6.657199999999999562e+00
3.430959999999999788e+00 6.725200000000000067e+00
3.435959999999999681e+00 6.795200000000000351e+00
3.440960000000000019e+00 6.866699999999999804e+00
3.445959999999999912e+00 6.940000000000000391e+00
3.450960000000000250e+00 7.014899999999999913e+00
3.455960000000000143e+00 7.091300000000000381e+00
3.460960000000000036e+00 7.169800000000000395e+00
3.465959999999999930e+00 7.250000000000000000e+00
3.470959999999999823e+00 7.331900000000000084e+00
3.475959999999999717e+00 7.415700000000000180e+00
3.480960000000000054e+00 7.501199999999999868e+00
3.485959999999999948e+00 7.588400000000000034e+00
3.490960000000000285e+00 7.677500000000000213e+00
3.495960000000000178e+00 7.768099999999999561e+00
3.500960000000000072e+00 7.860100000000000087e+00
3.505959999999999965e+00 7.953199999999999825e+00
3.510959999999999859e+00 8.045999999999999375e+00
3.515959999999999752e+00 8.132899999999999352e+00
3.520960000000000090e+00 8.187699999999999534e+00
3.525959999999999983e+00 -8.143129999999999313e+01
3.530960000000000321e+00 -8.147220000000000084e+01
3.535960000000000214e+00 -8.138269999999999982e+01
3.540960000000000107e+00 -8.127880000000000393e+01
3.545960000000000001e+00 -8.116859999999999786e+01
3.550959999999999894e+00 -8.105480000000000018e+01
3.555959999999999788e+00 -8.093779999999999575e+01
3.560959999999999681e+00 -8.081789999999999452e+01
3.565960000000000019e+00 -8.069499999999999318e+01
3.570959999999999912e+00 -8.056950000000000500e+01
3.575960000000000250e+00 -8.044129999999999825e+01
3.580960000000000143e+00 -8.031029999999999802e+01
3.585960000000000036e+00 -8.017640000000000100e+01
3.590959999999999930e+00 -8.004009999999999536e+01
3.595959999999999823e+00 -7.990089999999999293e+01
3.600959999999999717e+00 -7.975879999999999370e+01
3.605960000000000054e+00 -7.961400000000000432e+01
3.610959999999999948e+00 -7.946620000000000061e+01
3.615960000000000285e+00 -7.931550000000000011e+01
3.620960000000000178e+00 -7.916200000000000614e+01
3.625960000000000072e+00 -7.900549999999999784e+01
3.630959999999999965e+00 -7.884590000000000032e+01
3.635959999999999859e+00 -7.868309999999999604e+01
3.640959999999999752e+00 -7.851749999999999829e+01
3.645960000000000090e+00 -7.834860000000000468e+01
3.650959999999999983e+00 -7.817659999999999343e+01
3.655960000000000321e+00 -7.800130000000000052e+01
3.660960000000000214e+00 -7.782280000000000086e+01
3.665960000000000107e+00 -7.764100000000000534e+01
3.670960000000000001e+00 -7.745589999999999975e+01
3.675959999999999894e+00 -7.726739999999999498e+01
3.680960000000000232e+00 -7.707550000000000523e+01
3.685960000000000125e+00 -7.688020000000000209e+01
3.690960000000000019e+00 -7.668160000000000309e+01
3.695959999999999912e+00 -7.647920000000000584e+01
3.700960000000000250e+00 -7.627339999999999520e+01
3.705960000000000143e+00 -7.606409999999999627e+01
3.710960000000000036e+00 -7.585110000000000241e+01
3.715959999999999930e+00 -7.563450000000000273e+01
3.720960000000000267e+00 -7.541429999999999723e+01
3.725960000000000161e+00 -7.519039999999999679e+01
3.730960000000000054e+00 -7.496280000000000143e+01
3.735959999999999948e+00 -7.473139999999999361e+01
3.740960000000000285e+00 -7.449639999999999418e+01
3.745960000000000178e+00 -7.425759999999999650e+01
3.750960000000000072e+00 -7.401500000000000057e+01
3.755959999999999965e+00 -7.376850000000000307e+01
3.760960000000000303e+00 -7.351839999999999975e+01
3.765960000000000196e+00 -7.326439999999999486e+01
3.770960000000000090e+00 -7.300650000000000261e+01
3.775959999999999983e+00 -7.274500000000000455e+01
3.780960000000000321e+00 -7.247960000000000491e+01
3.785960000000000214e+00 -7.221040000000000703e+01
3.790960000000000107e+00 -7.193739999999999668e+01
3.795960000000000001e+00 -7.166070000000000562e+01
3.800959999999999894e+00 -7.138009999999999877e+01
3.805960000000000232e+00 -7.109590000000000032e+01
3.810960000000000125e+00 -7.080800000000000693e+01
3.815960000000000019e+00 -7.051640000000000441e+01
3.820959999999999912e+00 -7.022119999999999607e+01
3.825960000000000250e+00 -6.992230000000000700e+01
3.830960000000000143e+00 -6.961990000000000123e+01
3.835960000000000036e+00 -6.931399999999999295e+01
3.840959999999999930e+00 -6.900469999999999970e+01
3.845960000000000267e+00 -6.869199999999999307e+01
3.850960000000000161e+00 -6.837590000000000146e+01
3.855960000000000054e+00 -6.805670000000000641e+01
3.860959999999999948e+00 -6.773420000000000130e+01
3.865960000000000285e+00 -6.740860000000000696e+01
3.870960000000000178e+00 -6.708010000000000161e+01
3.875960000000000072e+00 -6.674869999999999948e+01
3.880959999999999965e+00 -6.641440000000000055e+01
3.885960000000000303e+00 -6.607750000000000057e+01
3.890960000000000196e+00 -6.573789999999999623e+01
3.895960000000000090e+00 -6.539589999999999748e+01
3.900959999999999983e+00 -6.505150000000000432e+01
3.905960000000000321e+00 -6.470489999999999498e+01
3.910960000000000214e+00 -6.435599999999999454e+01
3.915960000000000107e+00 -6.400530000000000541e+01
3.920960000000000001e+00 -6.365279999999999916e+01
3.925959999999999894e+00 -6.329849999999999710e+01
3.930960000000000232e+00 -6.294259999999999877e+01
3.935960000000000125e+00 -6.258529999999999660e+01
3.940960000000000019e+00 -6.222679999999999723e+01
3.945959999999999912e+00 -6.186710000000000065e+01
3.950960000000000250e+00 -6.150650000000000261e+01
3.955960000000000143e+00 -6.114509999999999934e+01
3.960960000000000036e+00 -6.078300000000000125e+01
3.965959999999999930e+00 -6.042049999999999699e+01
3.970960000000000267e+00 -6.005769999999999698e+01
3.975960000000000161e+00 -5.969460000000000122e+01
3.980960000000000054e+00 -5.933160000000000167e+01
3.985959999999999948e+00 -5.896880000000000166e+01
3.990960000000000285e+00 -5.860629999999999740e+01
3.995960000000000178e+00 -5.824430000000000263e+01
4.000960000000000072e+00 -5.788289999999999935e+01
4.005959999999999965e+00 -5.752230000000000132e+01
4.010960000000000747e+00 -5.716270000000000095e+01
4.015959999999999752e+00 -5.680420000000000158e+01
4.020960000000000534e+00 -5.644700000000000273e+01
4.025959999999999539e+00 -5.609120000000000061e+01
4.030960000000000321e+00 -5.573689999999999856e+01
4.035960000000000214e+00 -5.538439999999999941e+01
4.040960000000000107e+00 -5.503359999999999985e+01
4.045960000000000001e+00 -5.468489999999999895e+01
4.050959999999999894e+00 -5.433809999999999718e+01
4.055960000000000676e+00 -5.399369999999999692e+01
4.060959999999999681e+00 -5.365160000000000196e+01
4.065960000000000463e+00 -5.331190000000000140e+01
4.070959999999999468e+00 -5.297480000000000189e+01
4.075960000000000250e+00 -5.264030000000000342e+01
4.080960000000000143e+00 -5.230859999999999843e+01
4.085960000000000036e+00 -5.197979999999999734e+01
4.090959999999999930e+00 -5.165379999999999683e+01
4.095959999999999823e+00 -5.133089999999999975e+01
4.100960000000000605e+00 -5.101109999999999900e+01
4.105959999999999610e+00 -5.069449999999999790e+01
4.110960000000000392e+00 -5.038110000000000355e+01
4.115960000000000285e+00 -5.007099999999999795e+01
4.120960000000000178e+00 -4.976420000000000243e+01
4.125960000000000072e+00 -4.946090000000000231e+01
4.130959999999999965e+00 -4.916100000000000136e+01
4.135960000000000747e+00 -4.886460000000000292e+01
4.140959999999999752e+00 -4.857159999999999656e+01
4.145960000000000534e+00 -4.828229999999999933e+01
4.150959999999999539e+00 -4.799649999999999750e+01
4.155960000000000321e+00 -4.771430000000000149e+01
4.160960000000000214e+00 -4.743580000000000041e+01
4.165960000000000107e+00 -4.716089999999999804e+01
4.170960000000000001e+00 -4.688969999999999771e+01
4.175959999999999894e+00 -4.662199999999999989e+01
4.180960000000000676e+00 -4.635810000000000031e+01
4.185959999999999681e+00 -4.609790000000000276e+01
4.190960000000000463e+00 -4.584120000000000061e+01
4.195959999999999468e+00 -4.558829999999999671e+01
4.200960000000000250e+00 -4.533890000000000242e+01
4.205960000000000143e+00 -4.509320000000000306e+01
4.210960000000000036e+00 -4.485110000000000241e+01
4.215959999999999930e+00 -4.461260000000000048e+01
4.220959999999999823e+00 -4.437760000000000105e+01
4.225960000000000605e+00 -4.414620000000000033e+01
4.230959999999999610e+00 -4.391830000000000211e+01
4.235960000000000392e+00 -4.369400000000000261e+01
4.240960000000000285e+00 -4.347310000000000230e+01
4.245960000000000178e+00 -4.325560000000000116e+01
4.250960000000000072e+00 -4.304160000000000252e+01
4.255959999999999965e+00 -4.283089999999999975e+01
4.260960000000000747e+00 -4.262360000000000326e+01
4.265959999999999752e+00 -4.241960000000000264e+01
4.270960000000000534e+00 -4.221889999999999787e+01
4.275959999999999539e+00 -4.202139999999999986e+01
4.280960000000000321e+00 -4.182719999999999771e+01
4.285960000000000214e+00 -4.163609999999999900e+01
4.290960000000000107e+00 -4.144809999999999661e+01
4.295960000000000001e+00 -4.126330000000000098e+01
4.300959999999999894e+00 -4.108149999999999835e+01
4.305960000000000676e+00 -4.090279999999999916e+01
4.310959999999999681e+00 -4.072690000000000055e+01
4.315960000000000463e+00 -4.055400000000000205e+01
4.320959999999999468e+00 -4.038400000000000034e+01
4.325960000000000250e+00 -4.021690000000000254e+01
4.330960000000000143e+00 -4.005259999999999820e+01
4.335960000000000036e+00 -3.989099999999999824e+01
4.340959999999999930e+00 -3.973219999999999885e+01
4.345959999999999823e+00 -3.957600000000000051e+01
4.350960000000000605e+00 -3.942249999999999943e+01
4.355959999999999610e+00 -3.927170000000000272e+01
4.360960000000000392e+00 -3.912339999999999662e+01
4.365959999999999397e+00 -3.897780000000000200e+01
4.370960000000000178e+00 -3.883440000000000225e+01
4.375960000000000072e+00 -3.869360000000000355e+01
4.380959999999999965e+00 -3.855530000000000257e+01
4.385960000000000747e+00 -3.841929999999999978e+01
4.390959999999999752e+00 -3.828560000000000230e+01
4.395960000000000534e+00 -3.815429999999999922e+01
4.400959999999999539e+00 -3.802499999999999858e+01
4.405960000000000321e+00 -3.789820000000000277e+01
4.410959999999999326e+00 -3.777349999999999852e+01
4.415960000000000107e+00 -3.765100000000000335e+01
4.420960000000000001e+00 -3.753059999999999974e+01
4.425959999999999894e+00 -3.741239999999999810e+01
4.430960000000000676e+00 -3.729599999999999937e+01
4.435959999999999681e+00 -3.718180000000000263e+01
4.440960000000000463e+00 -3.706960000000000122e+01
4.445959999999999468e+00 -3.695929999999999893e+01
4.450960000000000250e+00 -3.685090000000000288e+01
4.455959999999999255e+00 -3.674430000000000263e+01
4.460960000000000036e+00 -3.663960000000000150e+01
4.465959999999999930e+00 -3.653679999999999950e+01
4.470959999999999823e+00 -3.643569999999999709e+01
4.475960000000000605e+00 -3.633639999999999759e+01
4.480959999999999610e+00 -3.623890000000000100e+01
4.485960000000000392e+00 -3.614289999999999736e+01
4.490959999999999397e+00 -3.604879999999999995e+01
4.495960000000000178e+00 -3.595620000000000260e+01
4.500960000000000072e+00 -3.586509999999999820e+01
4.505959999999999965e+00 -3.577590000000000003e+01
4.510960000000000747e+00 -3.568820000000000192e+01
4.515959999999999752e+00 -3.560179999999999723e+01
4.520960000000000534e+00 -3.551720000000000255e+01
4.525959999999999539e+00 -3.543379999999999797e+01
4.530960000000000321e+00 -3.535199999999999676e+01
4.535959999999999326e+00 -3.527159999999999940e+01
4.540960000000000107e+00 -3.519259999999999877e+01
4.545960000000000001e+00 -3.511500000000000199e+01
4.550959999999999894e+00 -3.503869999999999862e+01
4.555960000000000676e+00 -3.496379999999999910e+01
4.560959999999999681e+00 -3.489030000000000342e+01
4.565960000000000463e+00 -3.481790000000000163e+01
4.570959999999999468e+00 -3.474699999999999989e+01
4.575960000000000250e+00 -3.467710000000000292e+01
4.580959999999999255e+00 -3.460869999999999891e+01
4.585960000000000036e+00 -3.454120000000000346e+01
4.590959999999999930e+00 -3.447520000000000095e+01
4.595959999999999823e+00 -3.441009999999999991e+01
4.600960000000000605e+00 -3.434620000000000317e+01
4.605959999999999610e+00 -3.428349999999999653e+01
