 10  8  9  3 00  0  0  0  0
nnn_pot
  7                                                            Z1  BVs 1 - 7
  7  6
                                    27.365870   
                                    10.784126   
                                    4.739507    
                                    1.478102    
                                    0.477259    
                                    0.156111    
                                    0.045476    
   11.621754    2.514762    0.279073    0.118389    0.063580    0.004096
  1  1
          1.

  1  1
                      1.

  1  1
                                  1.

  1  1
                                              1.

  1  1
                                                          1.

  1  1
                                                                      1.

  1  1

          1.
  7                                                            Z2  BVs 8 - 14
  7  6
                                    22.592552   
                                    14.287383   
                                    5.338135    
                                    4.477006    
                                    0.441484    
                                    0.157139    
                                    0.007199    
   52.113094   25.636782    7.127947    1.196067    0.026471    0.025823
  1  1
          1.

  1  1
                      1.

  1  1
                                  1.

  1  1
                                              1.

  1  1
                                                          1.

  1  1
                                                                      1.

  1  1

          1.
eob-tni/123_123
elu-tni/000_000
eob-tni/123_123
elu-tni/000_000
eob-tni/123_123
elu-tni/000_000
