5.490999999999999659e+00 9.997580000000000355e-01
5.501000000000000334e+00 9.995870000000000033e-01
5.511000000000000121e+00 9.994870000000000143e-01
5.520999999999999908e+00 9.994169999999999998e-01
5.530999999999999694e+00 9.993630000000000013e-01
5.541000000000000369e+00 9.993210000000000148e-01
5.551000000000000156e+00 9.992860000000000076e-01
5.560999999999999943e+00 9.992569999999999508e-01
5.570999999999999730e+00 9.992330000000000378e-01
5.581000000000000405e+00 9.992109999999999603e-01
5.591000000000000192e+00 9.991929999999999978e-01
5.600999999999999979e+00 9.991759999999999531e-01
5.610999999999999766e+00 9.991609999999999658e-01
5.621000000000000441e+00 9.991480000000000361e-01
5.631000000000000227e+00 9.991349999999999953e-01
5.641000000000000014e+00 9.991229999999999833e-01
5.650999999999999801e+00 9.991130000000000289e-01
5.660999999999999588e+00 9.991020000000000456e-01
5.671000000000000263e+00 9.990930000000000089e-01
5.681000000000000050e+00 9.990839999999999721e-01
5.690999999999999837e+00 9.990750000000000464e-01
5.700999999999999623e+00 9.990660000000000096e-01
5.711000000000000298e+00 9.990580000000000016e-01
5.721000000000000085e+00 9.990499999999999936e-01
5.730999999999999872e+00 9.990419999999999856e-01
5.740999999999999659e+00 9.990339999999999776e-01
5.751000000000000334e+00 9.990269999999999984e-01
5.761000000000000121e+00 9.990200000000000191e-01
5.770999999999999908e+00 9.990120000000000111e-01
5.780999999999999694e+00 9.990050000000000319e-01
5.791000000000000369e+00 9.989980000000000526e-01
5.801000000000000156e+00 9.989909999999999624e-01
5.810999999999999943e+00 9.989850000000000119e-01
5.820999999999999730e+00 9.989780000000000326e-01
5.831000000000000405e+00 9.989710000000000534e-01
5.841000000000000192e+00 9.989639999999999631e-01
5.850999999999999979e+00 9.989580000000000126e-01
5.860999999999999766e+00 9.989510000000000334e-01
5.871000000000000441e+00 9.989449999999999719e-01
5.881000000000000227e+00 9.989379999999999926e-01
5.891000000000000014e+00 9.989320000000000421e-01
5.900999999999999801e+00 9.989249999999999519e-01
5.910999999999999588e+00 9.989190000000000014e-01
5.921000000000000263e+00 9.989120000000000221e-01
5.931000000000000050e+00 9.989059999999999606e-01
5.940999999999999837e+00 9.988989999999999814e-01
5.950999999999999623e+00 9.988930000000000309e-01
5.961000000000000298e+00 9.988869999999999694e-01
5.971000000000000085e+00 9.988799999999999901e-01
5.980999999999999872e+00 9.988740000000000396e-01
5.990999999999999659e+00 9.988669999999999494e-01
6.001000000000000334e+00 9.988609999999999989e-01
6.011000000000000121e+00 9.988550000000000484e-01
6.020999999999999908e+00 9.988479999999999581e-01
6.030999999999999694e+00 9.988420000000000076e-01
6.041000000000000369e+00 9.988350000000000284e-01
6.051000000000000156e+00 9.988289999999999669e-01
6.060999999999999943e+00 9.988219999999999876e-01
6.070999999999999730e+00 9.988160000000000371e-01
6.081000000000000405e+00 9.988089999999999469e-01
6.091000000000000192e+00 9.988029999999999964e-01
6.100999999999999979e+00 9.987960000000000171e-01
6.110999999999999766e+00 9.987899999999999556e-01
6.121000000000000441e+00 9.987829999999999764e-01
6.131000000000000227e+00 9.987770000000000259e-01
6.141000000000000014e+00 9.987700000000000466e-01
6.150999999999999801e+00 9.987629999999999564e-01
6.160999999999999588e+00 9.987570000000000059e-01
6.171000000000000263e+00 9.987500000000000266e-01
6.181000000000000050e+00 9.987430000000000474e-01
6.190999999999999837e+00 9.987369999999999859e-01
6.200999999999999623e+00 9.987300000000000066e-01
6.211000000000000298e+00 9.987230000000000274e-01
6.221000000000000085e+00 9.987160000000000482e-01
6.230999999999999872e+00 9.987099999999999866e-01
6.240999999999999659e+00 9.987030000000000074e-01
6.251000000000000334e+00 9.986960000000000282e-01
6.261000000000000121e+00 9.986890000000000489e-01
6.270999999999999908e+00 9.986819999999999586e-01
6.280999999999999694e+00 9.986760000000000081e-01
6.291000000000000369e+00 9.986690000000000289e-01
6.301000000000000156e+00 9.986620000000000497e-01
6.310999999999999943e+00 9.986549999999999594e-01
6.320999999999999730e+00 9.986479999999999801e-01
6.331000000000000405e+00 9.986420000000000297e-01
6.341000000000000192e+00 9.986350000000000504e-01
6.350999999999999979e+00 9.986279999999999601e-01
6.360999999999999766e+00 9.986209999999999809e-01
6.371000000000000441e+00 9.986140000000000017e-01
6.381000000000000227e+00 9.986070000000000224e-01
6.391000000000000014e+00 9.986000000000000432e-01
6.400999999999999801e+00 9.985939999999999817e-01
6.410999999999999588e+00 9.985870000000000024e-01
6.421000000000000263e+00 9.985800000000000232e-01
6.431000000000000050e+00 9.985730000000000439e-01
6.440999999999999837e+00 9.985659999999999537e-01
6.450999999999999623e+00 9.985589999999999744e-01
6.461000000000000298e+00 9.985519999999999952e-01
6.471000000000000085e+00 9.985450000000000159e-01
6.480999999999999872e+00 9.985380000000000367e-01
6.490999999999999659e+00 9.985309999999999464e-01
6.501000000000000334e+00 9.985239999999999672e-01
6.511000000000000121e+00 9.985169999999999879e-01
6.520999999999999908e+00 9.985089999999999799e-01
6.530999999999999694e+00 9.985020000000000007e-01
6.541000000000000369e+00 9.984950000000000214e-01
6.551000000000000156e+00 9.984870000000000134e-01
6.560999999999999943e+00 9.984800000000000342e-01
6.570999999999999730e+00 9.984730000000000549e-01
6.581000000000000405e+00 9.984650000000000469e-01
6.591000000000000192e+00 9.984570000000000389e-01
6.600999999999999979e+00 9.984499999999999487e-01
6.610999999999999766e+00 9.984420000000000517e-01
6.621000000000000441e+00 9.984340000000000437e-01
6.631000000000000227e+00 9.984260000000000357e-01
6.641000000000000014e+00 9.984180000000000277e-01
6.650999999999999801e+00 9.984100000000000197e-01
6.660999999999999588e+00 9.984020000000000117e-01
6.671000000000000263e+00 9.983929999999999749e-01
6.681000000000000050e+00 9.983849999999999669e-01
6.690999999999999837e+00 9.983760000000000412e-01
6.700999999999999623e+00 9.983670000000000044e-01
6.711000000000000298e+00 9.983589999999999964e-01
6.721000000000000085e+00 9.983499999999999597e-01
6.730999999999999872e+00 9.983400000000000052e-01
6.740999999999999659e+00 9.983309999999999684e-01
6.751000000000000334e+00 9.983220000000000427e-01
6.761000000000000121e+00 9.983119999999999772e-01
6.770999999999999908e+00 9.983020000000000227e-01
6.780999999999999694e+00 9.982919999999999572e-01
6.791000000000000369e+00 9.982820000000000027e-01
6.801000000000000156e+00 9.982720000000000482e-01
6.810999999999999943e+00 9.982609999999999539e-01
6.820999999999999730e+00 9.982509999999999994e-01
6.831000000000000405e+00 9.982400000000000162e-01
6.841000000000000192e+00 9.982290000000000330e-01
6.850999999999999979e+00 9.982170000000000210e-01
6.860999999999999766e+00 9.982060000000000377e-01
6.871000000000000441e+00 9.981940000000000257e-01
6.881000000000000227e+00 9.981820000000000137e-01
6.891000000000000014e+00 9.981689999999999729e-01
6.900999999999999801e+00 9.981569999999999609e-01
6.910999999999999588e+00 9.981440000000000312e-01
6.921000000000000263e+00 9.981309999999999905e-01
6.931000000000000050e+00 9.981170000000000320e-01
6.940999999999999837e+00 9.981029999999999625e-01
6.950999999999999623e+00 9.980890000000000040e-01
6.961000000000000298e+00 9.980740000000000167e-01
6.971000000000000085e+00 9.980590000000000295e-01
6.980999999999999872e+00 9.980440000000000422e-01
6.990999999999999659e+00 9.980290000000000550e-01
7.001000000000000334e+00 9.980130000000000390e-01
7.011000000000000121e+00 9.979959999999999942e-01
7.020999999999999908e+00 9.979799999999999782e-01
7.030999999999999694e+00 9.979620000000000157e-01
7.041000000000000369e+00 9.979440000000000532e-01
7.051000000000000156e+00 9.979259999999999797e-01
7.060999999999999943e+00 9.979080000000000172e-01
7.070999999999999730e+00 9.978879999999999972e-01
7.081000000000000405e+00 9.978679999999999772e-01
7.091000000000000192e+00 9.978479999999999572e-01
7.100999999999999979e+00 9.978270000000000195e-01
7.110999999999999766e+00 9.978050000000000530e-01
7.121000000000000441e+00 9.977829999999999755e-01
7.131000000000000227e+00 9.977599999999999802e-01
7.141000000000000014e+00 9.977359999999999562e-01
7.150999999999999801e+00 9.977120000000000433e-01
7.160999999999999588e+00 9.976859999999999618e-01
7.171000000000000263e+00 9.976599999999999913e-01
7.181000000000000050e+00 9.976329999999999920e-01
7.190999999999999837e+00 9.976049999999999640e-01
7.200999999999999623e+00 9.975760000000000183e-01
7.211000000000000298e+00 9.975450000000000150e-01
7.221000000000000085e+00 9.975140000000000118e-01
7.230999999999999872e+00 9.974819999999999798e-01
7.240999999999999659e+00 9.974480000000000013e-01
7.251000000000000334e+00 9.974129999999999940e-01
7.261000000000000121e+00 9.973760000000000403e-01
7.270999999999999908e+00 9.973379999999999468e-01
7.280999999999999694e+00 9.972969999999999891e-01
7.291000000000000369e+00 9.972550000000000026e-01
7.301000000000000156e+00 9.972109999999999586e-01
7.310999999999999943e+00 9.971649999999999681e-01
7.320999999999999730e+00 9.971170000000000311e-01
7.331000000000000405e+00 9.970660000000000078e-01
7.341000000000000192e+00 9.970130000000000381e-01
7.350999999999999979e+00 9.969569999999999821e-01
7.360999999999999766e+00 9.968970000000000331e-01
7.371000000000000441e+00 9.968350000000000266e-01
7.381000000000000227e+00 9.967679999999999874e-01
7.391000000000000014e+00 9.966970000000000551e-01
7.400999999999999801e+00 9.966220000000000079e-01
7.410999999999999588e+00 9.965410000000000101e-01
7.421000000000000263e+00 9.964549999999999796e-01
7.431000000000000050e+00 9.963640000000000274e-01
7.440999999999999837e+00 9.962649999999999562e-01
7.450999999999999623e+00 9.961579999999999879e-01
7.461000000000000298e+00 9.960440000000000405e-01
7.471000000000000085e+00 9.959189999999999987e-01
7.480999999999999872e+00 9.957819999999999450e-01
7.490999999999999659e+00 9.956350000000000477e-01
7.501000000000000334e+00 9.954720000000000235e-01
7.511000000000000121e+00 9.952919999999999545e-01
7.520999999999999908e+00 9.950940000000000341e-01
7.530999999999999694e+00 9.948730000000000073e-01
7.541000000000000369e+00 9.946249999999999813e-01
7.551000000000000156e+00 9.943469999999999809e-01
7.560999999999999943e+00 9.940299999999999692e-01
7.570999999999999730e+00 9.936669999999999670e-01
7.581000000000000405e+00 9.932480000000000198e-01
7.591000000000000192e+00 9.927599999999999758e-01
7.600999999999999979e+00 9.921830000000000371e-01
7.610999999999999766e+00 9.914939999999999864e-01
7.621000000000000441e+00 9.906570000000000098e-01
7.631000000000000227e+00 9.896249999999999769e-01
7.641000000000000014e+00 9.883269999999999555e-01
7.650999999999999801e+00 9.866549999999999487e-01
7.660999999999999588e+00 9.844450000000000145e-01
7.671000000000000263e+00 9.814380000000000326e-01
7.681000000000000050e+00 9.772049999999999903e-01
7.690999999999999837e+00 9.710649999999999560e-01
7.700999999999999623e+00 9.620140000000000358e-01
7.711000000000000298e+00 9.492979999999999752e-01
7.721000000000000085e+00 9.357309999999999794e-01
7.730999999999999872e+00 9.334510000000000307e-01
7.740999999999999659e+00 9.497640000000000526e-01
7.751000000000000334e+00 9.696240000000000414e-01
7.761000000000000121e+00 9.828599999999999559e-01
7.770999999999999908e+00 9.903020000000000156e-01
7.780999999999999694e+00 9.944110000000000449e-01
7.791000000000000369e+00 9.967359999999999554e-01
7.801000000000000156e+00 9.980930000000000080e-01
7.810999999999999943e+00 9.989029999999999854e-01
7.820999999999999730e+00 9.993900000000000006e-01
7.831000000000000405e+00 9.996840000000000170e-01
7.841000000000000192e+00 9.998559999999999670e-01
7.850999999999999979e+00 9.999500000000000055e-01
7.860999999999999766e+00 9.999919999999999920e-01
7.871000000000000441e+00 1.000000000000000000e+00
7.881000000000000227e+00 9.999850000000000128e-01
7.891000000000000014e+00 9.999540000000000095e-01
7.900999999999999801e+00 9.999130000000000518e-01
7.910999999999999588e+00 9.998650000000000038e-01
7.921000000000000263e+00 9.998139999999999805e-01
7.931000000000000050e+00 9.997580000000000355e-01
7.940999999999999837e+00 9.997000000000000330e-01
7.950999999999999623e+00 9.996410000000000018e-01
7.961000000000000298e+00 9.995829999999999993e-01
7.971000000000000085e+00 9.995249999999999968e-01
7.980999999999999872e+00 9.994659999999999656e-01
7.990999999999999659e+00 9.994079999999999631e-01
