 10  8  9  3 00  0  0  0
nn_pot
  8
  8 32
                                                13.871293   13.871293   
                                                13.871293   4.484267    
                                                13.871293   0.911131    
                                                13.871293   0.187465    
                                                13.871293   0.046413    
                                                13.871293   0.009079    
                                                4.484267    4.484267    
                                                4.484267    0.911131    
   18.031287    7.033986    4.368890    2.743950    2.338854    1.252089
    1.070412    0.670297    0.417567    0.358839    0.192102    0.162892
    0.102840    0.063544    0.055055    0.029473    0.024788    0.015778
    0.009670    0.008447    0.004522    0.003772    0.002421    0.001472
    0.001296    0.000694    0.000574    0.000371    0.000224    0.000087
    0.000034    0.000013
  1  1
          1.

  1  1
                      1.

  1  1
                                  1.

  1  1
                                              1.

  1  1
                                                          1.

  1  1
                                                                      1.

  1  1

          1.
  1  1

                      1.
  8
  8 32
                                                4.484267    0.187465    
                                                4.484267    0.046413    
                                                4.484267    0.009079    
                                                0.911131    0.911131    
                                                0.911131    0.187465    
                                                0.911131    0.046413    
                                                0.911131    0.009079    
                                                0.187465    0.187465    
   18.031287    7.033986    4.368890    2.743950    2.338854    1.252089
    1.070412    0.670297    0.417567    0.358839    0.192102    0.162892
    0.102840    0.063544    0.055055    0.029473    0.024788    0.015778
    0.009670    0.008447    0.004522    0.003772    0.002421    0.001472
    0.001296    0.000694    0.000574    0.000371    0.000224    0.000087
    0.000034    0.000013
  1  1
          1.

  1  1
                      1.

  1  1
                                  1.

  1  1
                                              1.

  1  1
                                                          1.

  1  1
                                                                      1.

  1  1

          1.
  1  1

                      1.
  5
  5 32
                                                0.187465    0.046413    
                                                0.187465    0.009079    
                                                0.046413    0.046413    
                                                0.046413    0.009079    
                                                0.009079    0.009079    
   18.031287    7.033986    4.368890    2.743950    2.338854    1.252089
    1.070412    0.670297    0.417567    0.358839    0.192102    0.162892
    0.102840    0.063544    0.055055    0.029473    0.024788    0.015778
    0.009670    0.008447    0.004522    0.003772    0.002421    0.001472
    0.001296    0.000694    0.000574    0.000371    0.000224    0.000087
    0.000034    0.000013
  1  1
          1.
  1  1
                      1.
  1  1
                                  1.
  1  1
                                              1.
  1  1
                                                          1.
  8
  8 32
                                                37.147472   24.147074   
                                                37.147472   1.857118    
                                                37.147472   0.093037    
                                                37.147472   0.004486    
                                                19.112303   24.147074   
                                                19.112303   1.857118    
                                                19.112303   0.093037    
                                                19.112303   0.004486    
   18.031287    7.033986    4.368890    2.743950    2.338854    1.252089
    1.070412    0.670297    0.417567    0.358839    0.192102    0.162892
    0.102840    0.063544    0.055055    0.029473    0.024788    0.015778
    0.009670    0.008447    0.004522    0.003772    0.002421    0.001472
    0.001296    0.000694    0.000574    0.000371    0.000224    0.000087
    0.000034    0.000013
  1  1
          1.

  1  1
                      1.

  1  1
                                  1.

  1  1
                                              1.

  1  1
                                                          1.

  1  1
                                                                      1.

  1  1

          1.
  1  1

                      1.
  8
  8 32
                                                6.925203    24.147074   
                                                6.925203    1.857118    
                                                6.925203    0.093037    
                                                6.925203    0.004486    
                                                1.915450    24.147074   
                                                1.915450    1.857118    
                                                1.915450    0.093037    
                                                1.915450    0.004486    
   18.031287    7.033986    4.368890    2.743950    2.338854    1.252089
    1.070412    0.670297    0.417567    0.358839    0.192102    0.162892
    0.102840    0.063544    0.055055    0.029473    0.024788    0.015778
    0.009670    0.008447    0.004522    0.003772    0.002421    0.001472
    0.001296    0.000694    0.000574    0.000371    0.000224    0.000087
    0.000034    0.000013
  1  1
          1.

  1  1
                      1.

  1  1
                                  1.

  1  1
                                              1.

  1  1
                                                          1.

  1  1
                                                                      1.

  1  1

          1.
  1  1

                      1.
  8
  8 32
                                                1.547950    24.147074   
                                                1.547950    1.857118    
                                                1.547950    0.093037    
                                                1.547950    0.004486    
                                                0.209846    24.147074   
                                                0.209846    1.857118    
                                                0.209846    0.093037    
                                                0.209846    0.004486    
   18.031287    7.033986    4.368890    2.743950    2.338854    1.252089
    1.070412    0.670297    0.417567    0.358839    0.192102    0.162892
    0.102840    0.063544    0.055055    0.029473    0.024788    0.015778
    0.009670    0.008447    0.004522    0.003772    0.002421    0.001472
    0.001296    0.000694    0.000574    0.000371    0.000224    0.000087
    0.000034    0.000013
  1  1
          1.

  1  1
                      1.

  1  1
                                  1.

  1  1
                                              1.

  1  1
                                                          1.

  1  1
                                                                      1.

  1  1

          1.
  1  1

                      1.
  8
  8 32
                                                0.200984    24.147074   
                                                0.200984    1.857118    
                                                0.200984    0.093037    
                                                0.200984    0.004486    
                                                0.004129    24.147074   
                                                0.004129    1.857118    
                                                0.004129    0.093037    
                                                0.004129    0.004486    
   18.031287    7.033986    4.368890    2.743950    2.338854    1.252089
    1.070412    0.670297    0.417567    0.358839    0.192102    0.162892
    0.102840    0.063544    0.055055    0.029473    0.024788    0.015778
    0.009670    0.008447    0.004522    0.003772    0.002421    0.001472
    0.001296    0.000694    0.000574    0.000371    0.000224    0.000087
    0.000034    0.000013
  1  1
          1.

  1  1
                      1.

  1  1
                                  1.

  1  1
                                              1.

  1  1
                                                          1.

  1  1
                                                                      1.

  1  1

          1.
  1  1

                      1.
  8
  8 32
                                                19.483536   7.535632    
                                                19.483536   0.397671    
                                                19.483536   0.077407    
                                                19.483536   0.002187    
                                                11.542495   7.535632    
                                                11.542495   0.397671    
                                                11.542495   0.077407    
                                                11.542495   0.002187    
   18.031287    7.033986    4.368890    2.743950    2.338854    1.252089
    1.070412    0.670297    0.417567    0.358839    0.192102    0.162892
    0.102840    0.063544    0.055055    0.029473    0.024788    0.015778
    0.009670    0.008447    0.004522    0.003772    0.002421    0.001472
    0.001296    0.000694    0.000574    0.000371    0.000224    0.000087
    0.000034    0.000013
  1  1
          1.

  1  1
                      1.

  1  1
                                  1.

  1  1
                                              1.

  1  1
                                                          1.

  1  1
                                                                      1.

  1  1

          1.
  1  1

                      1.
  8
  8 32
                                                3.293589    7.535632    
                                                3.293589    0.397671    
                                                3.293589    0.077407    
                                                3.293589    0.002187    
                                                0.817513    7.535632    
                                                0.817513    0.397671    
                                                0.817513    0.077407    
                                                0.817513    0.002187    
   18.031287    7.033986    4.368890    2.743950    2.338854    1.252089
    1.070412    0.670297    0.417567    0.358839    0.192102    0.162892
    0.102840    0.063544    0.055055    0.029473    0.024788    0.015778
    0.009670    0.008447    0.004522    0.003772    0.002421    0.001472
    0.001296    0.000694    0.000574    0.000371    0.000224    0.000087
    0.000034    0.000013
  1  1
          1.

  1  1
                      1.

  1  1
                                  1.

  1  1
                                              1.

  1  1
                                                          1.

  1  1
                                                                      1.

  1  1

          1.
  1  1

                      1.
  8
  8 32
                                                0.279154    7.535632    
                                                0.279154    0.397671    
                                                0.279154    0.077407    
                                                0.279154    0.002187    
                                                0.233309    7.535632    
                                                0.233309    0.397671    
                                                0.233309    0.077407    
                                                0.233309    0.002187    
   18.031287    7.033986    4.368890    2.743950    2.338854    1.252089
    1.070412    0.670297    0.417567    0.358839    0.192102    0.162892
    0.102840    0.063544    0.055055    0.029473    0.024788    0.015778
    0.009670    0.008447    0.004522    0.003772    0.002421    0.001472
    0.001296    0.000694    0.000574    0.000371    0.000224    0.000087
    0.000034    0.000013
  1  1
          1.

  1  1
                      1.

  1  1
                                  1.

  1  1
                                              1.

  1  1
                                                          1.

  1  1
                                                                      1.

  1  1

          1.
  1  1

                      1.
  8
  8 32
                                                0.042732    7.535632    
                                                0.042732    0.397671    
                                                0.042732    0.077407    
                                                0.042732    0.002187    
                                                0.007588    7.535632    
                                                0.007588    0.397671    
                                                0.007588    0.077407    
                                                0.007588    0.002187    
   18.031287    7.033986    4.368890    2.743950    2.338854    1.252089
    1.070412    0.670297    0.417567    0.358839    0.192102    0.162892
    0.102840    0.063544    0.055055    0.029473    0.024788    0.015778
    0.009670    0.008447    0.004522    0.003772    0.002421    0.001472
    0.001296    0.000694    0.000574    0.000371    0.000224    0.000087
    0.000034    0.000013
  1  1
          1.

  1  1
                      1.

  1  1
                                  1.

  1  1
                                              1.

  1  1
                                                          1.

  1  1
                                                                      1.

  1  1

          1.
  1  1

                      1.
  8                                                            Z1  BVs 1 - 8
  8 12
                                                60.557877   4.224108    
                                                27.599369   2.404369    
                                                27.582022   1.646344    
                                                16.769464   1.499827    
                                                15.741697   0.663183    
                                                15.668745   0.472534    
                                                11.559929   0.301663    
                                                10.516696   0.301173    
   23.294334   19.784899    4.976191    1.295464    0.365093    0.107420
    0.016661    0.009930    0.008529    0.006347    0.005247    0.002586
  1  1
          1.

  1  1
                      1.

  1  1
                                  1.

  1  1
                                              1.

  1  1
                                                          1.

  1  1
                                                                      1.

  1  1

          1.
  1  1

                      1.
  8                                                            Z2  BVs 9 - 16
  8 12
                                                30.175021   0.068892    
                                                15.894741   0.066307    
                                                0.622640    0.050511    
                                                0.505670    0.039160    
                                                0.131809    0.038030    
                                                0.131788    0.018870    
                                                0.123214    0.010380    
                                                0.100719    0.009556    
   35.745407   33.810535   23.037015    2.779737    0.257646    0.182583
    0.116682    0.093159    0.022294    0.012924    0.003778    0.002552
  1  1
          1.

  1  1
                      1.

  1  1
                                  1.

  1  1
                                              1.

  1  1
                                                          1.

  1  1
                                                                      1.

  1  1

          1.
  1  1

                      1.
  8                                                            Z3  BVs 17 - 24
  8 12
                                                36.981266   0.090484    
                                                26.469505   0.075897    
                                                10.498065   0.030697    
                                                8.382505    0.030617    
                                                5.701270    0.016925    
                                                0.237456    0.014113    
                                                0.119282    0.014113    
                                                0.102843    0.010266    
   53.196613   34.197556   15.366452    3.980910    0.490202    0.107417
    0.107410    0.022995    0.015553    0.009750    0.005370    0.005247
  1  1
          1.

  1  1
                      1.

  1  1
                                  1.

  1  1
                                              1.

  1  1
                                                          1.

  1  1
                                                                      1.

  1  1

          1.
  1  1

                      1.
  8                                                            Z4  BVs 25 - 32
  8 12
                                                33.341660   11.651152   
                                                31.710972   7.435052    
                                                28.574915   1.678406    
                                                21.576782   1.398238    
                                                20.367903   1.398231    
                                                20.243406   0.937559    
                                                17.975309   0.631528    
                                                13.369193   0.441702    
   30.943722   18.974031   17.046453   14.023239    0.906885    0.294126
    0.091192    0.083004    0.024297    0.012826    0.007702    0.003075
  1  1
          1.

  1  1
                      1.

  1  1
                                  1.

  1  1
                                              1.

  1  1
                                                          1.

  1  1
                                                                      1.

  1  1

          1.
  1  1

                      1.
  8                                                            Z5  BVs 33 - 40
  8 12
                                                23.277395   0.091154    
                                                13.998285   0.089308    
                                                5.977928    0.082718    
                                                1.465958    0.049959    
                                                0.992153    0.041741    
                                                0.163269    0.023369    
                                                0.142001    0.017264    
                                                0.132186    0.007632    
   37.904305   17.983969   16.292337    5.054371    2.621181    0.977061
    0.750647    0.481627    0.038231    0.012515    0.002617    0.002405
  1  1
          1.

  1  1
                      1.

  1  1
                                  1.

  1  1
                                              1.

  1  1
                                                          1.

  1  1
                                                                      1.

  1  1

          1.
  1  1

                      1.
  8                                                            Z6  BVs 41 - 48
  8 12
                                                34.090385   0.021347    
                                                29.912046   0.021328    
                                                17.831177   0.019316    
                                                6.968448    0.018638    
                                                0.077655    0.007575    
                                                0.071563    0.006135    
                                                0.056801    0.003262    
                                                0.044055    0.001491    
   27.936573    8.463445    0.908881    0.587248    0.406329    0.286802
    0.215428    0.053856    0.026129    0.008951    0.007565    0.005173
  1  1
          1.

  1  1
                      1.

  1  1
                                  1.

  1  1
                                              1.

  1  1
                                                          1.

  1  1
                                                                      1.

  1  1

          1.
  1  1

                      1.
