 10  8  9  3 00  0  0  0  0
nnn_pot
  8
  8 34
                                                14.344430   14.344430   
                                                14.344430   4.938212    
                                                14.344430   1.534436    
                                                14.344430   0.474670    
                                                14.344430   0.110841    
                                                14.344430   0.029891    
                                                14.344430   0.008011    
                                                4.938212    4.938212    
   40.602444   16.894944    7.030097    4.531145    2.925270    2.530625
    1.413344    1.217224    0.789346    0.506495    0.440847    0.246211
    0.210756    0.137508    0.087697    0.076797    0.042891    0.036491
    0.023954    0.015184    0.013378    0.007472    0.006318    0.004173
    0.002629    0.002331    0.001302    0.001094    0.000727    0.000455
    0.000406    0.000189    0.000079    0.000033
  1  1
          1.

  1  1
                      1.

  1  1
                                  1.

  1  1
                                              1.

  1  1
                                                          1.

  1  1
                                                                      1.

  1  1

          1.
  1  1

                      1.
  8
  8 34
                                                4.938212    1.534436    
                                                4.938212    0.474670    
                                                4.938212    0.110841    
                                                4.938212    0.029891    
                                                4.938212    0.008011    
                                                1.534436    1.534436    
                                                1.534436    0.474670    
                                                1.534436    0.110841    
   40.602444   16.894944    7.030097    4.531145    2.925270    2.530625
    1.413344    1.217224    0.789346    0.506495    0.440847    0.246211
    0.210756    0.137508    0.087697    0.076797    0.042891    0.036491
    0.023954    0.015184    0.013378    0.007472    0.006318    0.004173
    0.002629    0.002331    0.001302    0.001094    0.000727    0.000455
    0.000406    0.000189    0.000079    0.000033
  1  1
          1.

  1  1
                      1.

  1  1
                                  1.

  1  1
                                              1.

  1  1
                                                          1.

  1  1
                                                                      1.

  1  1

          1.
  1  1

                      1.
  8
  8 34
                                                1.534436    0.029891    
                                                1.534436    0.008011    
                                                0.474670    0.474670    
                                                0.474670    0.110841    
                                                0.474670    0.029891    
                                                0.474670    0.008011    
                                                0.110841    0.110841    
                                                0.110841    0.029891    
   40.602444   16.894944    7.030097    4.531145    2.925270    2.530625
    1.413344    1.217224    0.789346    0.506495    0.440847    0.246211
    0.210756    0.137508    0.087697    0.076797    0.042891    0.036491
    0.023954    0.015184    0.013378    0.007472    0.006318    0.004173
    0.002629    0.002331    0.001302    0.001094    0.000727    0.000455
    0.000406    0.000189    0.000079    0.000033
  1  1
          1.

  1  1
                      1.

  1  1
                                  1.

  1  1
                                              1.

  1  1
                                                          1.

  1  1
                                                                      1.

  1  1

          1.
  1  1

                      1.
  4
  4 34
                                                0.110841    0.008011    
                                                0.029891    0.029891    
                                                0.029891    0.008011    
                                                0.008011    0.008011    
   40.602444   16.894944    7.030097    4.531145    2.925270    2.530625
    1.413344    1.217224    0.789346    0.506495    0.440847    0.246211
    0.210756    0.137508    0.087697    0.076797    0.042891    0.036491
    0.023954    0.015184    0.013378    0.007472    0.006318    0.004173
    0.002629    0.002331    0.001302    0.001094    0.000727    0.000455
    0.000406    0.000189    0.000079    0.000033
  1  1
          1.
  1  1
                      1.
  1  1
                                  1.
  1  1
                                              1.
  8
  8 34
                                                38.572361   22.287203   
                                                38.572361   0.544131    
                                                38.572361   0.062036    
                                                22.786531   22.287203   
                                                22.786531   0.544131    
                                                22.786531   0.062036    
                                                11.397534   22.287203   
                                                11.397534   0.544131    
   40.602444   16.894944    7.030097    4.531145    2.925270    2.530625
    1.413344    1.217224    0.789346    0.506495    0.440847    0.246211
    0.210756    0.137508    0.087697    0.076797    0.042891    0.036491
    0.023954    0.015184    0.013378    0.007472    0.006318    0.004173
    0.002629    0.002331    0.001302    0.001094    0.000727    0.000455
    0.000406    0.000189    0.000079    0.000033
  1  1
          1.

  1  1
                      1.

  1  1
                                  1.

  1  1
                                              1.

  1  1
                                                          1.

  1  1
                                                                      1.

  1  1

          1.
  1  1

                      1.
  8
  8 34
                                                11.397534   0.062036    
                                                6.188693    22.287203   
                                                6.188693    0.544131    
                                                6.188693    0.062036    
                                                0.479314    22.287203   
                                                0.479314    0.544131    
                                                0.479314    0.062036    
                                                0.101471    22.287203   
   40.602444   16.894944    7.030097    4.531145    2.925270    2.530625
    1.413344    1.217224    0.789346    0.506495    0.440847    0.246211
    0.210756    0.137508    0.087697    0.076797    0.042891    0.036491
    0.023954    0.015184    0.013378    0.007472    0.006318    0.004173
    0.002629    0.002331    0.001302    0.001094    0.000727    0.000455
    0.000406    0.000189    0.000079    0.000033
  1  1
          1.

  1  1
                      1.

  1  1
                                  1.

  1  1
                                              1.

  1  1
                                                          1.

  1  1
                                                                      1.

  1  1

          1.
  1  1

                      1.
  8
  8 34
                                                0.101471    0.544131    
                                                0.101471    0.062036    
                                                0.005526    22.287203   
                                                0.005526    0.544131    
                                                0.005526    0.062036    
                                                12.186723   7.000426    
                                                12.186723   0.158034    
                                                12.186723   0.018778    
   40.602444   16.894944    7.030097    4.531145    2.925270    2.530625
    1.413344    1.217224    0.789346    0.506495    0.440847    0.246211
    0.210756    0.137508    0.087697    0.076797    0.042891    0.036491
    0.023954    0.015184    0.013378    0.007472    0.006318    0.004173
    0.002629    0.002331    0.001302    0.001094    0.000727    0.000455
    0.000406    0.000189    0.000079    0.000033
  1  1
          1.

  1  1
                      1.

  1  1
                                  1.

  1  1
                                              1.

  1  1
                                                          1.

  1  1
                                                                      1.

  1  1

          1.
  1  1

                      1.
  8
  8 34
                                                5.529691    7.000426    
                                                5.529691    0.158034    
                                                5.529691    0.018778    
                                                1.907742    7.000426    
                                                1.907742    0.158034    
                                                1.907742    0.018778    
                                                0.306474    7.000426    
                                                0.306474    0.158034    
   40.602444   16.894944    7.030097    4.531145    2.925270    2.530625
    1.413344    1.217224    0.789346    0.506495    0.440847    0.246211
    0.210756    0.137508    0.087697    0.076797    0.042891    0.036491
    0.023954    0.015184    0.013378    0.007472    0.006318    0.004173
    0.002629    0.002331    0.001302    0.001094    0.000727    0.000455
    0.000406    0.000189    0.000079    0.000033
  1  1
          1.

  1  1
                      1.

  1  1
                                  1.

  1  1
                                              1.

  1  1
                                                          1.

  1  1
                                                                      1.

  1  1

          1.
  1  1

                      1.
  8
  8 34
                                                0.306474    0.018778    
                                                0.108209    7.000426    
                                                0.108209    0.158034    
                                                0.108209    0.018778    
                                                0.099023    7.000426    
                                                0.099023    0.158034    
                                                0.099023    0.018778    
                                                0.019099    7.000426    
   40.602444   16.894944    7.030097    4.531145    2.925270    2.530625
    1.413344    1.217224    0.789346    0.506495    0.440847    0.246211
    0.210756    0.137508    0.087697    0.076797    0.042891    0.036491
    0.023954    0.015184    0.013378    0.007472    0.006318    0.004173
    0.002629    0.002331    0.001302    0.001094    0.000727    0.000455
    0.000406    0.000189    0.000079    0.000033
  1  1
          1.

  1  1
                      1.

  1  1
                                  1.

  1  1
                                              1.

  1  1
                                                          1.

  1  1
                                                                      1.

  1  1

          1.
  1  1

                      1.
  2
  2 34
                                                0.019099    0.158034    
                                                0.019099    0.018778    
   40.602444   16.894944    7.030097    4.531145    2.925270    2.530625
    1.413344    1.217224    0.789346    0.506495    0.440847    0.246211
    0.210756    0.137508    0.087697    0.076797    0.042891    0.036491
    0.023954    0.015184    0.013378    0.007472    0.006318    0.004173
    0.002629    0.002331    0.001302    0.001094    0.000727    0.000455
    0.000406    0.000189    0.000079    0.000033
  1  1
          1.
  1  1
                      1.
  8                                                            Z1  BVs 1 - 8
  8 12
                                                27.676331   3.706451    
                                                15.762506   2.187298    
                                                14.733837   1.805508    
                                                12.299408   1.637173    
                                                9.217184    0.722771    
                                                6.518203    0.520408    
                                                5.373525    0.325670    
                                                3.734118    0.192731    
   34.269119   29.359776    8.857378    7.621921    1.195156    0.351112
    0.117933    0.054777    0.006336    0.006293    0.003925    0.001120
  1  1
          1.

  1  1
                      1.

  1  1
                                  1.

  1  1
                                              1.

  1  1
                                                          1.

  1  1
                                                                      1.

  1  1

          1.
  1  1

                      1.
  8                                                            Z2  BVs 9 - 16
  8 12
                                                2.057759    0.050954    
                                                1.338842    0.049726    
                                                0.962095    0.044876    
                                                0.320782    0.026139    
                                                0.083686    0.020033    
                                                0.068285    0.015319    
                                                0.055907    0.012277    
                                                0.055517    0.003261    
   17.705210   15.834540    1.646039    0.821683    0.124575    0.103728
    0.100181    0.058396    0.006203    0.005343    0.004338    0.002397
  1  1
          1.

  1  1
                      1.

  1  1
                                  1.

  1  1
                                              1.

  1  1
                                                          1.

  1  1
                                                                      1.

  1  1

          1.
  1  1

                      1.
  6                                                            Z3  BVs 17 - 22
  6 12
                                                12.477570   0.017207    
                                                3.720240    0.012972    
                                                0.764315    0.009545    
                                                0.099931    0.008733    
                                                0.050731    0.005166    
                                                0.017207    0.002700    
   47.613216   14.355588    2.401845    1.984568    0.820784    0.471487
    0.098511    0.035157    0.011487    0.008649    0.002396    0.001119
  1  1
          1.
  1  1
                      1.
  1  1
                                  1.
  1  1
                                              1.
  1  1
                                                          1.
  1  1
                                                                      1.
  8                                                            Z4  BVs 23 - 30
  8 12
                                                36.094085   23.155661   
                                                32.472886   21.052001   
                                                32.380306   19.391872   
                                                32.265171   15.284938   
                                                29.848700   1.412191    
                                                29.657888   0.812648    
                                                27.811295   0.226536    
                                                25.471916   0.226505    
   33.088863   18.505060   18.368576    5.088232    3.824759    1.896093
    0.562220    0.175290    0.090356    0.017669    0.007371    0.001095
  1  1
          1.

  1  1
                      1.

  1  1
                                  1.

  1  1
                                              1.

  1  1
                                                          1.

  1  1
                                                                      1.

  1  1

          1.
  1  1

                      1.
  8                                                            Z5  BVs 31 - 38
  8 12
                                                24.539406   0.053930    
                                                1.682782    0.053634    
                                                0.355675    0.051412    
                                                0.162014    0.036859    
                                                0.114581    0.026469    
                                                0.101560    0.026426    
                                                0.081227    0.021852    
                                                0.066022    0.006221    
   34.708004   27.209444   27.102382   24.267965   20.824633    1.966943
    0.959670    0.701123    0.442052    0.066214    0.003266    0.002909
  1  1
          1.

  1  1
                      1.

  1  1
                                  1.

  1  1
                                              1.

  1  1
                                                          1.

  1  1
                                                                      1.

  1  1

          1.
  1  1

                      1.
  6                                                            Z6  BVs 39 - 44
  6 12
                                                10.709016   0.048033    
                                                1.124959    0.024161    
                                                0.956594    0.014306    
                                                0.954402    0.008772    
                                                0.090849    0.006239    
                                                0.048944    0.006034    
   35.004879   33.090813   31.363595    3.930452    3.917892    1.291544
    0.441779    0.412845    0.108316    0.025608    0.025588    0.001023
  1  1
          1.
  1  1
                      1.
  1  1
                                  1.
  1  1
                                              1.
  1  1
                                                          1.
  1  1
                                                                      1.
eob-tni/np3s_np3s_12-34_np3s_np3s_12-34
elu-tni/000-0_000-0
eob-tni/np3s_np3s_12-34_np3s_np3s_12-34
elu-tni/000-0_000-0
eob-tni/np3s_np3s_12-34_np3s_np3s_12-34
elu-tni/000-0_000-0
eob-tni/np3s_np3s_12-34_np3s_np3s_12-34
elu-tni/000-0_000-0
eob-tni/np3s_np3s_12-34_np3s_np3s_12-34
elu-tni/000-0_000-0
eob-tni/np3s_np3s_12-34_np3s_np3s_12-34
elu-tni/000-0_000-0
eob-tni/np3s_np3s_12-34_np3s_np3s_12-34
elu-tni/000-0_000-0
eob-tni/np3s_np3s_12-34_np3s_np3s_12-34
elu-tni/000-0_000-0
eob-tni/np3s_np3s_12-34_np3s_np3s_12-34
elu-tni/000-0_000-0
eob-tni/np3s_np3s_12-34_np3s_np3s_12-34
elu-tni/000-0_000-0
eob-tni/tp_123-4_np3s_np3s_12-34
elu-tni/000-0_000-0
eob-tni/tp_123-4_np3s_np3s_12-34
elu-tni/000-0_000-0
eob-tni/tp_123-4_np3s_np3s_12-34
elu-tni/000-0_000-0
eob-tni/tp_123-4_np3s_np3s_12-34
elu-tni/000-0_000-0
eob-tni/tp_123-4_tp_123-4
elu-tni/000-0_000-0
eob-tni/tp_123-4_np3s_np3s_12-34
elu-tni/000-0_000-0
eob-tni/tp_123-4_np3s_np3s_12-34
elu-tni/000-0_000-0
eob-tni/tp_123-4_np3s_np3s_12-34
elu-tni/000-0_000-0
eob-tni/tp_123-4_np3s_np3s_12-34
elu-tni/000-0_000-0
eob-tni/tp_123-4_tp_123-4
elu-tni/000-0_000-0
eob-tni/tp_123-4_tp_123-4
elu-tni/000-0_000-0
eob-tni/tp_123-4_np3s_np3s_12-34
elu-tni/000-0_000-0
eob-tni/tp_123-4_np3s_np3s_12-34
elu-tni/000-0_000-0
eob-tni/tp_123-4_np3s_np3s_12-34
elu-tni/000-0_000-0
eob-tni/tp_123-4_np3s_np3s_12-34
elu-tni/000-0_000-0
eob-tni/tp_123-4_tp_123-4
elu-tni/000-0_000-0
eob-tni/tp_123-4_tp_123-4
elu-tni/000-0_000-0
eob-tni/tp_123-4_tp_123-4
elu-tni/000-0_000-0
eob-tni/tp_123-4_np3s_np3s_12-34
elu-tni/000-0_000-0
eob-tni/tp_123-4_np3s_np3s_12-34
elu-tni/000-0_000-0
eob-tni/tp_123-4_np3s_np3s_12-34
elu-tni/000-0_000-0
eob-tni/tp_123-4_np3s_np3s_12-34
elu-tni/000-0_000-0
eob-tni/tp_123-4_tp_123-4
elu-tni/000-0_000-0
eob-tni/tp_123-4_tp_123-4
elu-tni/000-0_000-0
eob-tni/tp_123-4_tp_123-4
elu-tni/000-0_000-0
eob-tni/tp_123-4_tp_123-4
elu-tni/000-0_000-0
eob-tni/tp_123-4_np3s_np3s_12-34
elu-tni/000-0_000-0
eob-tni/tp_123-4_np3s_np3s_12-34
elu-tni/000-0_000-0
eob-tni/tp_123-4_np3s_np3s_12-34
elu-tni/000-0_000-0
eob-tni/tp_123-4_np3s_np3s_12-34
elu-tni/000-0_000-0
eob-tni/tp_123-4_tp_123-4
elu-tni/000-0_000-0
eob-tni/tp_123-4_tp_123-4
elu-tni/000-0_000-0
eob-tni/tp_123-4_tp_123-4
elu-tni/000-0_000-0
eob-tni/tp_123-4_tp_123-4
elu-tni/000-0_000-0
eob-tni/tp_123-4_tp_123-4
elu-tni/000-0_000-0
eob-tni/tp_123-4_np3s_np3s_12-34
elu-tni/000-0_000-0
eob-tni/tp_123-4_np3s_np3s_12-34
elu-tni/000-0_000-0
eob-tni/tp_123-4_np3s_np3s_12-34
elu-tni/000-0_000-0
eob-tni/tp_123-4_np3s_np3s_12-34
elu-tni/000-0_000-0
eob-tni/tp_123-4_tp_123-4
elu-tni/000-0_000-0
eob-tni/tp_123-4_tp_123-4
elu-tni/000-0_000-0
eob-tni/tp_123-4_tp_123-4
elu-tni/000-0_000-0
eob-tni/tp_123-4_tp_123-4
elu-tni/000-0_000-0
eob-tni/tp_123-4_tp_123-4
elu-tni/000-0_000-0
eob-tni/tp_123-4_tp_123-4
elu-tni/000-0_000-0
eob-tni/np3s_np3s_12-34_np3s_np3s_12-34
elu-tni/000-0_000-0
eob-tni/np3s_np3s_12-34_np3s_np3s_12-34
elu-tni/000-0_000-0
eob-tni/np3s_np3s_12-34_np3s_np3s_12-34
elu-tni/000-0_000-0
eob-tni/np3s_np3s_12-34_np3s_np3s_12-34
elu-tni/000-0_000-0
eob-tni/np3s_np3s_12-34_tp_123-4
elu-tni/000-0_000-0
eob-tni/np3s_np3s_12-34_tp_123-4
elu-tni/000-0_000-0
eob-tni/np3s_np3s_12-34_tp_123-4
elu-tni/000-0_000-0
eob-tni/np3s_np3s_12-34_tp_123-4
elu-tni/000-0_000-0
eob-tni/np3s_np3s_12-34_tp_123-4
elu-tni/000-0_000-0
eob-tni/np3s_np3s_12-34_tp_123-4
elu-tni/000-0_000-0
eob-tni/np3s_np3s_12-34_np3s_np3s_12-34
elu-tni/000-0_000-0
eob-tni/np3s_np3s_12-34_np3s_np3s_12-34
elu-tni/000-0_000-0
eob-tni/np3s_np3s_12-34_np3s_np3s_12-34
elu-tni/000-0_000-0
eob-tni/np3s_np3s_12-34_np3s_np3s_12-34
elu-tni/000-0_000-0
eob-tni/np3s_np3s_12-34_np3s_np3s_12-34
elu-tni/000-0_000-0
eob-tni/np3s_np3s_12-34_tp_123-4
elu-tni/000-0_000-0
eob-tni/np3s_np3s_12-34_tp_123-4
elu-tni/000-0_000-0
eob-tni/np3s_np3s_12-34_tp_123-4
elu-tni/000-0_000-0
eob-tni/np3s_np3s_12-34_tp_123-4
elu-tni/000-0_000-0
eob-tni/np3s_np3s_12-34_tp_123-4
elu-tni/000-0_000-0
eob-tni/np3s_np3s_12-34_tp_123-4
elu-tni/000-0_000-0
eob-tni/np3s_np3s_12-34_np3s_np3s_12-34
elu-tni/000-0_000-0
eob-tni/np3s_np3s_12-34_np3s_np3s_12-34
elu-tni/000-0_000-0
eob-tni/np3s_np3s_12-34_np3s_np3s_12-34
elu-tni/000-0_000-0
eob-tni/np3s_np3s_12-34_np3s_np3s_12-34
elu-tni/000-0_000-0
eob-tni/np3s_np3s_12-34_np3s_np3s_12-34
elu-tni/000-0_000-0
eob-tni/np3s_np3s_12-34_np3s_np3s_12-34
elu-tni/000-0_000-0
eob-tni/np3s_np3s_12-34_tp_123-4
elu-tni/000-0_000-0
eob-tni/np3s_np3s_12-34_tp_123-4
elu-tni/000-0_000-0
eob-tni/np3s_np3s_12-34_tp_123-4
elu-tni/000-0_000-0
eob-tni/np3s_np3s_12-34_tp_123-4
elu-tni/000-0_000-0
eob-tni/np3s_np3s_12-34_tp_123-4
elu-tni/000-0_000-0
eob-tni/np3s_np3s_12-34_tp_123-4
elu-tni/000-0_000-0
eob-tni/np3s_np3s_12-34_np3s_np3s_12-34
elu-tni/000-0_000-0
eob-tni/np3s_np3s_12-34_np3s_np3s_12-34
elu-tni/000-0_000-0
eob-tni/np3s_np3s_12-34_np3s_np3s_12-34
elu-tni/000-0_000-0
eob-tni/tp_123-4_np3s_np3s_12-34
elu-tni/000-0_000-0
eob-tni/tp_123-4_np3s_np3s_12-34
elu-tni/000-0_000-0
eob-tni/tp_123-4_np3s_np3s_12-34
elu-tni/000-0_000-0
eob-tni/tp_123-4_np3s_np3s_12-34
elu-tni/000-0_000-0
eob-tni/tp_123-4_tp_123-4
elu-tni/000-0_000-0
eob-tni/tp_123-4_tp_123-4
elu-tni/000-0_000-0
eob-tni/tp_123-4_tp_123-4
elu-tni/000-0_000-0
eob-tni/tp_123-4_tp_123-4
elu-tni/000-0_000-0
eob-tni/tp_123-4_tp_123-4
elu-tni/000-0_000-0
eob-tni/tp_123-4_tp_123-4
elu-tni/000-0_000-0
eob-tni/tp_123-4_np3s_np3s_12-34
elu-tni/000-0_000-0
eob-tni/tp_123-4_np3s_np3s_12-34
elu-tni/000-0_000-0
eob-tni/tp_123-4_np3s_np3s_12-34
elu-tni/000-0_000-0
eob-tni/tp_123-4_tp_123-4
elu-tni/000-0_000-0
eob-tni/tp_123-4_np3s_np3s_12-34
elu-tni/000-0_000-0
eob-tni/tp_123-4_np3s_np3s_12-34
elu-tni/000-0_000-0
eob-tni/tp_123-4_np3s_np3s_12-34
elu-tni/000-0_000-0
eob-tni/tp_123-4_np3s_np3s_12-34
elu-tni/000-0_000-0
eob-tni/tp_123-4_tp_123-4
elu-tni/000-0_000-0
eob-tni/tp_123-4_tp_123-4
elu-tni/000-0_000-0
eob-tni/tp_123-4_tp_123-4
elu-tni/000-0_000-0
eob-tni/tp_123-4_tp_123-4
elu-tni/000-0_000-0
eob-tni/tp_123-4_tp_123-4
elu-tni/000-0_000-0
eob-tni/tp_123-4_tp_123-4
elu-tni/000-0_000-0
eob-tni/tp_123-4_np3s_np3s_12-34
elu-tni/000-0_000-0
eob-tni/tp_123-4_np3s_np3s_12-34
elu-tni/000-0_000-0
eob-tni/tp_123-4_np3s_np3s_12-34
elu-tni/000-0_000-0
eob-tni/tp_123-4_tp_123-4
elu-tni/000-0_000-0
eob-tni/tp_123-4_tp_123-4
elu-tni/000-0_000-0
eob-tni/tp_123-4_np3s_np3s_12-34
elu-tni/000-0_000-0
eob-tni/tp_123-4_np3s_np3s_12-34
elu-tni/000-0_000-0
eob-tni/tp_123-4_np3s_np3s_12-34
elu-tni/000-0_000-0
eob-tni/tp_123-4_np3s_np3s_12-34
elu-tni/000-0_000-0
eob-tni/tp_123-4_tp_123-4
elu-tni/000-0_000-0
eob-tni/tp_123-4_tp_123-4
elu-tni/000-0_000-0
eob-tni/tp_123-4_tp_123-4
elu-tni/000-0_000-0
eob-tni/tp_123-4_tp_123-4
elu-tni/000-0_000-0
eob-tni/tp_123-4_tp_123-4
elu-tni/000-0_000-0
eob-tni/tp_123-4_tp_123-4
elu-tni/000-0_000-0
eob-tni/tp_123-4_np3s_np3s_12-34
elu-tni/000-0_000-0
eob-tni/tp_123-4_np3s_np3s_12-34
elu-tni/000-0_000-0
eob-tni/tp_123-4_np3s_np3s_12-34
elu-tni/000-0_000-0
eob-tni/tp_123-4_tp_123-4
elu-tni/000-0_000-0
eob-tni/tp_123-4_tp_123-4
elu-tni/000-0_000-0
eob-tni/tp_123-4_tp_123-4
elu-tni/000-0_000-0
