1.000000000000000021e-03 1.000782999999999978e+00
1.099999999999999936e-02 1.010056000000000065e+00
2.100000000000000130e-02 1.000525000000000109e+00
3.099999999999999978e-02 1.003516999999999992e+00
4.100000000000000172e-02 1.001851999999999965e+00
5.099999999999999672e-02 1.003363999999999923e+00
6.099999999999999867e-02 1.027945000000000109e+00
7.099999999999999367e-02 1.026173999999999920e+00
8.100000000000000255e-02 1.009136999999999951e+00
9.099999999999999756e-02 1.000466999999999995e+00
1.010000000000000064e-01 1.002610999999999919e+00
1.110000000000000014e-01 1.013009000000000048e+00
1.209999999999999964e-01 1.021630999999999956e+00
1.310000000000000053e-01 1.021903000000000006e+00
1.409999999999999865e-01 1.016540999999999917e+00
1.509999999999999953e-01 1.008796999999999944e+00
1.610000000000000042e-01 1.001533000000000007e+00
1.710000000000000131e-01 1.001813000000000065e+00
1.809999999999999942e-01 1.022032999999999969e+00
1.910000000000000031e-01 1.061914000000000025e+00
2.010000000000000120e-01 1.091609000000000052e+00
2.109999999999999931e-01 1.091601999999999961e+00
2.210000000000000020e-01 1.073050999999999977e+00
2.310000000000000109e-01 1.050529000000000046e+00
2.409999999999999920e-01 1.030861999999999945e+00
2.510000000000000009e-01 1.015922999999999909e+00
2.610000000000000098e-01 1.005824000000000051e+00
2.710000000000000187e-01 1.000594999999999901e+00
2.810000000000000275e-01 1.000998999999999972e+00
2.909999999999999809e-01 1.008396999999999988e+00
3.009999999999999898e-01 1.022553999999999963e+00
3.109999999999999987e-01 1.038389999999999924e+00
3.210000000000000075e-01 1.048440000000000039e+00
3.310000000000000164e-01 1.050160999999999900e+00
3.410000000000000253e-01 1.046159000000000061e+00
3.509999999999999787e-01 1.039682999999999913e+00
3.609999999999999876e-01 1.032697999999999894e+00
3.709999999999999964e-01 1.026076999999999906e+00
3.810000000000000053e-01 1.020107000000000097e+00
3.910000000000000142e-01 1.014820999999999973e+00
4.010000000000000231e-01 1.010164000000000062e+00
4.109999999999999765e-01 1.006105999999999945e+00
4.209999999999999853e-01 1.002753000000000005e+00
4.309999999999999942e-01 1.000491999999999937e+00
4.410000000000000031e-01 1.000213000000000019e+00
4.510000000000000120e-01 1.003522000000000025e+00
4.610000000000000209e-01 1.012550000000000061e+00
4.709999999999999742e-01 1.028404000000000096e+00
4.809999999999999831e-01 1.048241999999999896e+00
4.909999999999999920e-01 1.065069000000000043e+00
5.010000000000000009e-01 1.073361000000000010e+00
5.110000000000000098e-01 1.073075999999999919e+00
5.210000000000000187e-01 1.067298000000000080e+00
5.310000000000000275e-01 1.058999999999999941e+00
5.410000000000000364e-01 1.050043000000000060e+00
5.510000000000000453e-01 1.041400000000000103e+00
5.610000000000000542e-01 1.033522000000000052e+00
5.709999999999999520e-01 1.026588999999999974e+00
5.809999999999999609e-01 1.020640999999999909e+00
5.909999999999999698e-01 1.015646999999999966e+00
6.009999999999999787e-01 1.011538000000000048e+00
6.109999999999999876e-01 1.008224000000000009e+00
6.209999999999999964e-01 1.005611000000000033e+00
6.310000000000000053e-01 1.003605000000000080e+00
6.410000000000000142e-01 1.002116999999999924e+00
6.510000000000000231e-01 1.001071000000000044e+00
6.610000000000000320e-01 1.000402000000000013e+00
6.710000000000000409e-01 1.000062000000000006e+00
6.810000000000000497e-01 1.000016000000000016e+00
6.909999999999999476e-01 1.000237999999999960e+00
7.009999999999999565e-01 1.000701999999999980e+00
7.109999999999999654e-01 1.001352000000000020e+00
7.209999999999999742e-01 1.002083999999999975e+00
7.309999999999999831e-01 1.002733000000000096e+00
7.409999999999999920e-01 1.003127000000000102e+00
7.510000000000000009e-01 1.003184000000000076e+00
7.610000000000000098e-01 1.002944000000000058e+00
7.710000000000000187e-01 1.002525000000000110e+00
7.810000000000000275e-01 1.002042000000000099e+00
7.910000000000000364e-01 1.001573999999999964e+00
8.010000000000000453e-01 1.001160000000000050e+00
8.110000000000000542e-01 1.000815999999999928e+00
8.209999999999999520e-01 1.000542000000000042e+00
8.309999999999999609e-01 1.000332999999999917e+00
8.409999999999999698e-01 1.000181999999999904e+00
8.509999999999999787e-01 1.000081999999999915e+00
8.609999999999999876e-01 1.000024000000000024e+00
8.709999999999999964e-01 1.000000999999999918e+00
8.810000000000000053e-01 1.000005999999999950e+00
8.910000000000000142e-01 1.000029999999999974e+00
9.010000000000000231e-01 1.000067000000000039e+00
9.110000000000000320e-01 1.000111999999999890e+00
9.210000000000000409e-01 1.000156999999999963e+00
9.310000000000000497e-01 1.000197000000000003e+00
9.409999999999999476e-01 1.000229000000000035e+00
9.509999999999999565e-01 1.000248000000000026e+00
9.609999999999999654e-01 1.000251999999999919e+00
9.709999999999999742e-01 1.000240999999999936e+00
9.809999999999999831e-01 1.000213999999999936e+00
9.909999999999999920e-01 1.000173999999999896e+00
1.000999999999999890e+00 1.000124000000000013e+00
1.010999999999999899e+00 1.000072000000000072e+00
1.020999999999999908e+00 1.000026999999999999e+00
1.030999999999999917e+00 1.000000999999999918e+00
1.040999999999999925e+00 1.000013000000000041e+00
1.050999999999999934e+00 1.000086000000000030e+00
1.060999999999999943e+00 1.000248999999999944e+00
1.070999999999999952e+00 1.000537000000000010e+00
1.080999999999999961e+00 1.000987000000000071e+00
1.090999999999999970e+00 1.001630999999999938e+00
1.100999999999999979e+00 1.002483000000000013e+00
1.110999999999999988e+00 1.003519999999999968e+00
1.120999999999999996e+00 1.004671000000000092e+00
1.131000000000000005e+00 1.005827000000000027e+00
1.141000000000000014e+00 1.006869999999999932e+00
1.151000000000000023e+00 1.007711999999999941e+00
1.161000000000000032e+00 1.008318000000000048e+00
1.171000000000000041e+00 1.008699999999999930e+00
1.181000000000000050e+00 1.008903000000000105e+00
1.191000000000000059e+00 1.008977000000000013e+00
1.201000000000000068e+00 1.008969000000000005e+00
1.211000000000000076e+00 1.008915999999999924e+00
1.221000000000000085e+00 1.008844000000000074e+00
1.231000000000000094e+00 1.008769999999999945e+00
1.241000000000000103e+00 1.008704000000000045e+00
1.250999999999999890e+00 1.008650999999999964e+00
1.260999999999999899e+00 1.008612999999999982e+00
1.270999999999999908e+00 1.008591000000000015e+00
1.280999999999999917e+00 1.008582000000000090e+00
1.290999999999999925e+00 1.008583999999999925e+00
1.300999999999999934e+00 1.008593000000000073e+00
1.310999999999999943e+00 1.008605999999999892e+00
1.320999999999999952e+00 1.008617000000000097e+00
1.330999999999999961e+00 1.008623999999999965e+00
1.340999999999999970e+00 1.008620000000000072e+00
1.350999999999999979e+00 1.008601000000000081e+00
1.360999999999999988e+00 1.008563000000000098e+00
1.370999999999999996e+00 1.008501000000000092e+00
1.381000000000000005e+00 1.008410999999999946e+00
1.391000000000000014e+00 1.008288000000000073e+00
1.401000000000000023e+00 1.008127999999999913e+00
1.411000000000000032e+00 1.007927999999999935e+00
1.421000000000000041e+00 1.007684000000000024e+00
1.431000000000000050e+00 1.007393999999999901e+00
1.441000000000000059e+00 1.007055999999999951e+00
1.451000000000000068e+00 1.006667999999999896e+00
1.461000000000000076e+00 1.006229999999999958e+00
1.471000000000000085e+00 1.005743999999999971e+00
1.481000000000000094e+00 1.005211999999999994e+00
1.491000000000000103e+00 1.004637999999999920e+00
1.500999999999999890e+00 1.004029000000000060e+00
1.510999999999999899e+00 1.003393999999999897e+00
1.520999999999999908e+00 1.002744999999999997e+00
1.530999999999999917e+00 1.002100999999999908e+00
1.540999999999999925e+00 1.001481999999999983e+00
1.550999999999999934e+00 1.000920000000000032e+00
1.560999999999999943e+00 1.000450999999999979e+00
1.570999999999999952e+00 1.000124000000000013e+00
1.580999999999999961e+00 1.000000000000000000e+00
1.590999999999999970e+00 1.000156999999999963e+00
1.600999999999999979e+00 1.000688999999999940e+00
1.610999999999999988e+00 1.001711999999999936e+00
1.620999999999999996e+00 1.003362000000000087e+00
1.631000000000000005e+00 1.005794000000000077e+00
1.641000000000000014e+00 1.009173000000000098e+00
1.651000000000000023e+00 1.013659000000000088e+00
1.661000000000000032e+00 1.019382999999999928e+00
1.671000000000000041e+00 1.026407999999999987e+00
1.681000000000000050e+00 1.034688999999999970e+00
1.691000000000000059e+00 1.044033999999999907e+00
1.701000000000000068e+00 1.054086999999999996e+00
1.711000000000000076e+00 1.064354999999999940e+00
1.721000000000000085e+00 1.074268000000000001e+00
1.731000000000000094e+00 1.083280000000000021e+00
1.741000000000000103e+00 1.090959000000000012e+00
1.750999999999999890e+00 1.097050000000000081e+00
1.760999999999999899e+00 1.101482999999999990e+00
1.770999999999999908e+00 1.104343999999999992e+00
1.780999999999999917e+00 1.105820000000000025e+00
1.790999999999999925e+00 1.106147999999999909e+00
1.800999999999999934e+00 1.105571000000000081e+00
1.810999999999999943e+00 1.104313000000000100e+00
1.820999999999999952e+00 1.102562999999999960e+00
1.830999999999999961e+00 1.100476999999999927e+00
1.840999999999999970e+00 1.098173999999999984e+00
1.850999999999999979e+00 1.095744999999999969e+00
1.860999999999999988e+00 1.093256000000000006e+00
1.870999999999999996e+00 1.090754999999999919e+00
1.881000000000000005e+00 1.088275000000000103e+00
1.891000000000000014e+00 1.085838999999999999e+00
1.901000000000000023e+00 1.083458999999999950e+00
1.911000000000000032e+00 1.081144000000000105e+00
1.921000000000000041e+00 1.078897999999999913e+00
1.931000000000000050e+00 1.076721000000000039e+00
1.941000000000000059e+00 1.074613000000000040e+00
1.951000000000000068e+00 1.072569000000000106e+00
1.961000000000000076e+00 1.070586000000000038e+00
1.971000000000000085e+00 1.068661000000000083e+00
1.981000000000000094e+00 1.066786999999999930e+00
1.991000000000000103e+00 1.064961000000000046e+00
2.000999999999999890e+00 1.063177000000000039e+00
2.011000000000000121e+00 1.061430000000000096e+00
2.020999999999999908e+00 1.059716000000000102e+00
2.031000000000000139e+00 1.058030000000000026e+00
2.040999999999999925e+00 1.056367999999999974e+00
2.051000000000000156e+00 1.054726000000000052e+00
2.060999999999999943e+00 1.053099000000000007e+00
2.071000000000000174e+00 1.051485000000000003e+00
2.080999999999999961e+00 1.049879999999999924e+00
2.091000000000000192e+00 1.048281000000000018e+00
2.100999999999999979e+00 1.046685000000000088e+00
2.111000000000000210e+00 1.045090000000000074e+00
2.120999999999999996e+00 1.043493000000000004e+00
2.130999999999999783e+00 1.041892999999999958e+00
2.141000000000000014e+00 1.040286999999999962e+00
2.150999999999999801e+00 1.038674000000000097e+00
2.161000000000000032e+00 1.037053999999999920e+00
2.170999999999999819e+00 1.035423999999999900e+00
2.181000000000000050e+00 1.033784999999999954e+00
2.190999999999999837e+00 1.032137000000000082e+00
2.201000000000000068e+00 1.030478999999999923e+00
2.210999999999999854e+00 1.028812000000000060e+00
2.221000000000000085e+00 1.027136000000000049e+00
2.230999999999999872e+00 1.025454000000000088e+00
2.241000000000000103e+00 1.023767000000000094e+00
2.250999999999999890e+00 1.022075999999999985e+00
2.261000000000000121e+00 1.020386000000000015e+00
2.270999999999999908e+00 1.018699999999999939e+00
2.281000000000000139e+00 1.017020999999999953e+00
2.290999999999999925e+00 1.015355999999999925e+00
2.301000000000000156e+00 1.013710000000000111e+00
2.310999999999999943e+00 1.012091000000000074e+00
2.321000000000000174e+00 1.010507999999999962e+00
2.330999999999999961e+00 1.008969999999999922e+00
2.341000000000000192e+00 1.007489999999999997e+00
2.350999999999999979e+00 1.006081000000000003e+00
2.361000000000000210e+00 1.004760000000000097e+00
2.370999999999999996e+00 1.003546999999999967e+00
2.380999999999999783e+00 1.002464000000000022e+00
2.391000000000000014e+00 1.001535999999999982e+00
2.400999999999999801e+00 1.000795000000000101e+00
2.411000000000000032e+00 1.000275999999999943e+00
2.420999999999999819e+00 1.000018999999999991e+00
2.431000000000000050e+00 1.000072999999999990e+00
2.440999999999999837e+00 1.000491999999999937e+00
2.451000000000000068e+00 1.001338000000000061e+00
2.460999999999999854e+00 1.002682000000000073e+00
2.471000000000000085e+00 1.004604999999999970e+00
2.480999999999999872e+00 1.007193999999999923e+00
2.491000000000000103e+00 1.010545999999999944e+00
2.500999999999999890e+00 1.014766000000000057e+00
2.511000000000000121e+00 1.019960999999999895e+00
2.520999999999999908e+00 1.026237999999999984e+00
2.531000000000000139e+00 1.033698999999999923e+00
2.540999999999999925e+00 1.042429000000000050e+00
2.551000000000000156e+00 1.052488000000000090e+00
2.560999999999999943e+00 1.063895000000000035e+00
2.571000000000000174e+00 1.076618000000000075e+00
2.580999999999999961e+00 1.090554000000000023e+00
2.591000000000000192e+00 1.105525000000000091e+00
2.600999999999999979e+00 1.121267999999999931e+00
2.611000000000000210e+00 1.137440999999999924e+00
2.620999999999999996e+00 1.153640999999999917e+00
2.630999999999999783e+00 1.169427999999999912e+00
2.641000000000000014e+00 1.184358000000000022e+00
2.650999999999999801e+00 1.198023999999999978e+00
2.661000000000000032e+00 1.210093000000000085e+00
2.670999999999999819e+00 1.220321999999999907e+00
2.681000000000000050e+00 1.228582000000000063e+00
2.690999999999999837e+00 1.234846000000000110e+00
2.701000000000000068e+00 1.239184000000000063e+00
2.710999999999999854e+00 1.241732999999999976e+00
2.721000000000000085e+00 1.242683999999999900e+00
2.730999999999999872e+00 1.242248999999999937e+00
2.741000000000000103e+00 1.240650999999999948e+00
2.750999999999999890e+00 1.238100999999999896e+00
2.761000000000000121e+00 1.234798000000000062e+00
2.770999999999999908e+00 1.230915999999999899e+00
2.781000000000000139e+00 1.226606000000000085e+00
2.790999999999999925e+00 1.221994999999999942e+00
2.801000000000000156e+00 1.217187000000000019e+00
2.810999999999999943e+00 1.212267999999999901e+00
2.821000000000000174e+00 1.207303999999999933e+00
2.830999999999999961e+00 1.202347999999999972e+00
2.841000000000000192e+00 1.197440000000000060e+00
2.850999999999999979e+00 1.192611000000000088e+00
2.861000000000000210e+00 1.187880999999999965e+00
2.870999999999999996e+00 1.183267000000000069e+00
2.880999999999999783e+00 1.178778000000000103e+00
2.891000000000000014e+00 1.174420999999999937e+00
2.900999999999999801e+00 1.170198999999999989e+00
2.911000000000000032e+00 1.166112000000000037e+00
2.920999999999999819e+00 1.162158000000000024e+00
2.931000000000000050e+00 1.158334999999999892e+00
2.940999999999999837e+00 1.154638999999999971e+00
2.951000000000000068e+00 1.151065999999999923e+00
2.960999999999999854e+00 1.147610999999999937e+00
2.971000000000000085e+00 1.144268000000000063e+00
2.980999999999999872e+00 1.141032000000000046e+00
2.991000000000000103e+00 1.137898000000000076e+00
3.000999999999999890e+00 1.134859000000000062e+00
3.011000000000000121e+00 1.131909999999999972e+00
3.020999999999999908e+00 1.129046999999999912e+00
3.031000000000000139e+00 1.126263000000000014e+00
3.040999999999999925e+00 1.123553999999999942e+00
3.051000000000000156e+00 1.120915000000000106e+00
3.060999999999999943e+00 1.118341000000000030e+00
3.071000000000000174e+00 1.115828000000000042e+00
3.080999999999999961e+00 1.113371000000000111e+00
3.091000000000000192e+00 1.110965999999999898e+00
3.100999999999999979e+00 1.108610000000000095e+00
3.111000000000000210e+00 1.106298000000000004e+00
3.120999999999999996e+00 1.104027000000000092e+00
3.130999999999999783e+00 1.101793999999999940e+00
3.141000000000000014e+00 1.099595000000000100e+00
3.150999999999999801e+00 1.097428000000000070e+00
3.161000000000000032e+00 1.095288999999999957e+00
3.170999999999999819e+00 1.093175999999999926e+00
3.181000000000000050e+00 1.091086000000000000e+00
3.190999999999999837e+00 1.089016999999999902e+00
3.201000000000000068e+00 1.086966000000000099e+00
3.210999999999999854e+00 1.084931000000000090e+00
3.221000000000000085e+00 1.082910999999999957e+00
3.230999999999999872e+00 1.080904000000000087e+00
3.241000000000000103e+00 1.078905999999999921e+00
3.250999999999999890e+00 1.076918000000000042e+00
3.261000000000000121e+00 1.074937000000000031e+00
3.270999999999999908e+00 1.072961000000000054e+00
3.281000000000000139e+00 1.070990000000000109e+00
3.290999999999999925e+00 1.069023000000000057e+00
3.301000000000000156e+00 1.067056999999999922e+00
3.310999999999999943e+00 1.065093000000000067e+00
3.321000000000000174e+00 1.063128999999999991e+00
3.330999999999999961e+00 1.061163999999999996e+00
3.341000000000000192e+00 1.059198000000000084e+00
3.350999999999999979e+00 1.057231000000000032e+00
3.361000000000000210e+00 1.055261000000000005e+00
3.370999999999999996e+00 1.053288000000000002e+00
3.380999999999999783e+00 1.051312999999999942e+00
3.391000000000000014e+00 1.049336000000000046e+00
3.400999999999999801e+00 1.047355000000000036e+00
3.411000000000000032e+00 1.045373000000000108e+00
3.420999999999999819e+00 1.043387999999999982e+00
3.431000000000000050e+00 1.041403000000000079e+00
3.440999999999999837e+00 1.039417000000000035e+00
3.451000000000000068e+00 1.037430999999999992e+00
3.460999999999999854e+00 1.035447999999999924e+00
3.471000000000000085e+00 1.033468000000000053e+00
3.480999999999999872e+00 1.031493999999999911e+00
3.491000000000000103e+00 1.029527000000000081e+00
3.500999999999999890e+00 1.027570000000000094e+00
3.511000000000000121e+00 1.025625000000000009e+00
3.520999999999999908e+00 1.023697000000000079e+00
3.531000000000000139e+00 1.021789000000000058e+00
3.540999999999999925e+00 1.019905000000000062e+00
3.551000000000000156e+00 1.018049999999999899e+00
3.560999999999999943e+00 1.016229999999999967e+00
3.571000000000000174e+00 1.014450999999999992e+00
3.580999999999999961e+00 1.012720000000000065e+00
3.591000000000000192e+00 1.011044999999999972e+00
3.600999999999999979e+00 1.009436000000000000e+00
3.611000000000000210e+00 1.007902000000000076e+00
3.620999999999999996e+00 1.006455000000000100e+00
3.630999999999999783e+00 1.005109000000000030e+00
3.641000000000000014e+00 1.003876999999999908e+00
3.650999999999999801e+00 1.002777999999999947e+00
3.661000000000000032e+00 1.001829000000000081e+00
3.670999999999999819e+00 1.001050999999999913e+00
3.681000000000000050e+00 1.000469000000000053e+00
3.690999999999999837e+00 1.000110000000000054e+00
3.701000000000000068e+00 1.000002000000000058e+00
3.710999999999999854e+00 1.000178999999999929e+00
3.721000000000000085e+00 1.000680000000000014e+00
3.730999999999999872e+00 1.001546999999999965e+00
3.741000000000000103e+00 1.002825000000000077e+00
3.750999999999999890e+00 1.004567999999999905e+00
3.761000000000000121e+00 1.006834000000000007e+00
3.770999999999999908e+00 1.009686000000000083e+00
3.781000000000000139e+00 1.013193999999999928e+00
3.790999999999999925e+00 1.017436000000000007e+00
3.801000000000000156e+00 1.022494000000000014e+00
3.810999999999999943e+00 1.028459999999999930e+00
3.821000000000000174e+00 1.035427000000000097e+00
3.830999999999999961e+00 1.043495999999999979e+00
3.841000000000000192e+00 1.052770999999999901e+00
3.850999999999999979e+00 1.063358000000000025e+00
3.861000000000000210e+00 1.075358000000000036e+00
3.870999999999999996e+00 1.088869000000000087e+00
3.880999999999999783e+00 1.103979000000000044e+00
3.891000000000000014e+00 1.120756000000000085e+00
3.900999999999999801e+00 1.139248999999999956e+00
3.911000000000000032e+00 1.159472000000000058e+00
3.920999999999999819e+00 1.181402000000000063e+00
3.931000000000000050e+00 1.204968000000000039e+00
3.940999999999999837e+00 1.230045999999999973e+00
3.951000000000000068e+00 1.256456000000000017e+00
3.960999999999999854e+00 1.283971999999999891e+00
3.971000000000000085e+00 1.312346000000000013e+00
3.980999999999999872e+00 1.341401000000000066e+00
3.991000000000000103e+00 1.371588000000000029e+00
4.001000000000000334e+00 1.349966999999999917e+00
4.011000000000000121e+00 1.343164000000000025e+00
4.020999999999999908e+00 1.328532000000000046e+00
4.030999999999999694e+00 1.320905999999999914e+00
4.041000000000000369e+00 1.324945999999999957e+00
4.051000000000000156e+00 1.334883999999999959e+00
4.060999999999999943e+00 1.344964000000000048e+00
4.070999999999999730e+00 1.350894999999999957e+00
4.081000000000000405e+00 1.350411999999999946e+00
4.091000000000000192e+00 1.343809999999999949e+00
4.100999999999999979e+00 1.333490000000000064e+00
4.110999999999999766e+00 1.322691999999999979e+00
4.121000000000000441e+00 1.314068999999999932e+00
4.131000000000000227e+00 1.308851999999999904e+00
4.141000000000000014e+00 1.306942000000000048e+00
4.150999999999999801e+00 1.307525999999999966e+00
4.160999999999999588e+00 1.309644999999999948e+00
4.171000000000000263e+00 1.312476999999999894e+00
4.181000000000000050e+00 1.315382999999999969e+00
4.190999999999999837e+00 1.317854999999999999e+00
4.200999999999999623e+00 1.319461999999999913e+00
4.211000000000000298e+00 1.319841999999999960e+00
4.221000000000000085e+00 1.318718999999999975e+00
4.230999999999999872e+00 1.315938999999999970e+00
4.240999999999999659e+00 1.311477000000000004e+00
4.251000000000000334e+00 1.305436000000000041e+00
4.261000000000000121e+00 1.298019000000000034e+00
4.270999999999999908e+00 1.289503000000000066e+00
4.280999999999999694e+00 1.280211999999999906e+00
4.291000000000000369e+00 1.270491999999999955e+00
4.301000000000000156e+00 1.260693000000000064e+00
4.310999999999999943e+00 1.251144999999999952e+00
4.320999999999999730e+00 1.242135999999999907e+00
4.331000000000000405e+00 1.233894000000000046e+00
4.341000000000000192e+00 1.226571000000000078e+00
4.350999999999999979e+00 1.220239000000000074e+00
4.360999999999999766e+00 1.214895000000000058e+00
4.371000000000000441e+00 1.210477000000000025e+00
4.381000000000000227e+00 1.206879999999999953e+00
4.391000000000000014e+00 1.203978999999999910e+00
4.400999999999999801e+00 1.201638999999999902e+00
4.410999999999999588e+00 1.199737999999999971e+00
4.421000000000000263e+00 1.198164000000000007e+00
4.431000000000000050e+00 1.196825999999999945e+00
4.440999999999999837e+00 1.195648999999999962e+00
4.450999999999999623e+00 1.194576000000000082e+00
4.461000000000000298e+00 1.193562999999999930e+00
4.471000000000000085e+00 1.192574999999999941e+00
4.480999999999999872e+00 1.191586000000000034e+00
4.490999999999999659e+00 1.190573000000000103e+00
4.501000000000000334e+00 1.189515000000000100e+00
4.511000000000000121e+00 1.188391999999999893e+00
4.520999999999999908e+00 1.187184999999999935e+00
4.530999999999999694e+00 1.185875000000000012e+00
4.541000000000000369e+00 1.184442999999999913e+00
4.551000000000000156e+00 1.182870000000000088e+00
4.560999999999999943e+00 1.181141999999999914e+00
4.570999999999999730e+00 1.179243999999999959e+00
4.581000000000000405e+00 1.177165999999999935e+00
4.591000000000000192e+00 1.174901999999999891e+00
4.600999999999999979e+00 1.172449000000000074e+00
4.610999999999999766e+00 1.169807999999999959e+00
4.621000000000000441e+00 1.166979999999999906e+00
4.631000000000000227e+00 1.163974000000000064e+00
4.641000000000000014e+00 1.160795000000000021e+00
4.650999999999999801e+00 1.157454999999999901e+00
4.660999999999999588e+00 1.153964999999999907e+00
4.671000000000000263e+00 1.150336999999999943e+00
4.681000000000000050e+00 1.146584999999999965e+00
4.690999999999999837e+00 1.142721000000000098e+00
4.700999999999999623e+00 1.138762000000000052e+00
4.711000000000000298e+00 1.134724000000000066e+00
4.721000000000000085e+00 1.130621000000000098e+00
4.730999999999999872e+00 1.126471999999999918e+00
4.740999999999999659e+00 1.122293999999999903e+00
4.751000000000000334e+00 1.118106000000000044e+00
4.761000000000000121e+00 1.113925999999999972e+00
4.770999999999999908e+00 1.109772999999999898e+00
4.780999999999999694e+00 1.105664999999999898e+00
4.791000000000000369e+00 1.101620999999999961e+00
4.801000000000000156e+00 1.097657000000000105e+00
4.810999999999999943e+00 1.093790000000000040e+00
4.820999999999999730e+00 1.090031999999999890e+00
4.831000000000000405e+00 1.086397000000000057e+00
4.841000000000000192e+00 1.082893000000000105e+00
4.850999999999999979e+00 1.079525999999999986e+00
4.860999999999999766e+00 1.076302000000000092e+00
4.871000000000000441e+00 1.073220999999999981e+00
4.881000000000000227e+00 1.070279999999999898e+00
4.891000000000000014e+00 1.067477999999999927e+00
4.900999999999999801e+00 1.064805999999999919e+00
4.910999999999999588e+00 1.062257999999999925e+00
4.921000000000000263e+00 1.059822999999999960e+00
4.931000000000000050e+00 1.057490999999999959e+00
4.940999999999999837e+00 1.055250000000000021e+00
4.950999999999999623e+00 1.053090000000000082e+00
4.961000000000000298e+00 1.050996999999999959e+00
4.971000000000000085e+00 1.048959999999999892e+00
4.980999999999999872e+00 1.046967999999999899e+00
4.990999999999999659e+00 1.045010999999999912e+00
5.001000000000000334e+00 1.043077999999999950e+00
5.011000000000000121e+00 1.041160000000000085e+00
5.020999999999999908e+00 1.039250000000000007e+00
5.030999999999999694e+00 1.037338000000000093e+00
5.041000000000000369e+00 1.035420000000000007e+00
5.051000000000000156e+00 1.033489000000000102e+00
5.060999999999999943e+00 1.031541000000000041e+00
5.070999999999999730e+00 1.029570000000000096e+00
5.081000000000000405e+00 1.027573999999999987e+00
5.091000000000000192e+00 1.025549999999999962e+00
5.100999999999999979e+00 1.023495999999999961e+00
5.110999999999999766e+00 1.021409000000000011e+00
5.121000000000000441e+00 1.019288999999999890e+00
5.131000000000000227e+00 1.017134999999999900e+00
5.141000000000000014e+00 1.014947000000000044e+00
5.150999999999999801e+00 1.012723999999999958e+00
5.160999999999999588e+00 1.010466000000000086e+00
5.171000000000000263e+00 1.008173999999999904e+00
5.181000000000000050e+00 1.005849999999999911e+00
5.190999999999999837e+00 1.003492000000000051e+00
5.200999999999999623e+00 1.001103999999999994e+00
5.211000000000000298e+00 9.986840000000000162e-01
5.221000000000000085e+00 9.962349999999999817e-01
5.230999999999999872e+00 9.937570000000000014e-01
5.240999999999999659e+00 9.912520000000000220e-01
5.251000000000000334e+00 9.887190000000000145e-01
5.261000000000000121e+00 9.861600000000000366e-01
5.270999999999999908e+00 9.835760000000000058e-01
5.280999999999999694e+00 9.809660000000000046e-01
5.291000000000000369e+00 9.783309999999999507e-01
5.301000000000000156e+00 9.756700000000000372e-01
5.310999999999999943e+00 9.729830000000000423e-01
5.320999999999999730e+00 9.702699999999999658e-01
5.331000000000000405e+00 9.675289999999999724e-01
5.341000000000000192e+00 9.647599999999999509e-01
5.350999999999999979e+00 9.619609999999999550e-01
5.360999999999999766e+00 9.591309999999999558e-01
5.371000000000000441e+00 9.562669999999999781e-01
5.381000000000000227e+00 9.533669999999999645e-01
5.391000000000000014e+00 9.504299999999999971e-01
5.400999999999999801e+00 9.474529999999999896e-01
5.410999999999999588e+00 9.444339999999999957e-01
5.421000000000000263e+00 9.413690000000000113e-01
5.431000000000000050e+00 9.382559999999999789e-01
5.440999999999999837e+00 9.350929999999999520e-01
5.450999999999999623e+00 9.318769999999999554e-01
5.461000000000000298e+00 9.286050000000000137e-01
5.471000000000000085e+00 9.252749999999999586e-01
5.480999999999999872e+00 9.218830000000000080e-01
5.490999999999999659e+00 9.184269999999999934e-01
5.501000000000000334e+00 9.149049999999999683e-01
5.511000000000000121e+00 9.113139999999999574e-01
5.520999999999999908e+00 9.076520000000000143e-01
5.530999999999999694e+00 9.039160000000000528e-01
5.541000000000000369e+00 9.001050000000000439e-01
5.551000000000000156e+00 8.962160000000000126e-01
5.560999999999999943e+00 8.922470000000000123e-01
5.570999999999999730e+00 8.881970000000000143e-01
5.581000000000000405e+00 8.840639999999999610e-01
5.591000000000000192e+00 8.798470000000000457e-01
5.600999999999999979e+00 8.755439999999999889e-01
5.610999999999999766e+00 8.711550000000000127e-01
5.621000000000000441e+00 8.666789999999999772e-01
5.631000000000000227e+00 8.621149999999999647e-01
5.641000000000000014e+00 8.574629999999999752e-01
5.650999999999999801e+00 8.527240000000000375e-01
5.660999999999999588e+00 8.478970000000000118e-01
5.671000000000000263e+00 8.429830000000000378e-01
5.681000000000000050e+00 8.379849999999999799e-01
5.690999999999999837e+00 8.329020000000000312e-01
5.700999999999999623e+00 8.277379999999999738e-01
5.711000000000000298e+00 8.224960000000000049e-01
5.721000000000000085e+00 8.171779999999999600e-01
5.730999999999999872e+00 8.117889999999999828e-01
5.740999999999999659e+00 8.063320000000000487e-01
5.751000000000000334e+00 8.008150000000000546e-01
5.761000000000000121e+00 7.952420000000000044e-01
5.770999999999999908e+00 7.896220000000000461e-01
5.780999999999999694e+00 7.839620000000000477e-01
5.791000000000000369e+00 7.782719999999999638e-01
5.801000000000000156e+00 7.725619999999999710e-01
5.810999999999999943e+00 7.668430000000000524e-01
5.820999999999999730e+00 7.611299999999999732e-01
5.831000000000000405e+00 7.554349999999999676e-01
5.841000000000000192e+00 7.497749999999999693e-01
5.850999999999999979e+00 7.441680000000000517e-01
5.860999999999999766e+00 7.386319999999999553e-01
5.871000000000000441e+00 7.331879999999999509e-01
5.881000000000000227e+00 7.278590000000000337e-01
5.891000000000000014e+00 7.226700000000000346e-01
5.900999999999999801e+00 7.176470000000000349e-01
5.910999999999999588e+00 7.128179999999999517e-01
5.921000000000000263e+00 7.082140000000000102e-01
5.931000000000000050e+00 7.038680000000000492e-01
5.940999999999999837e+00 6.998140000000000471e-01
5.950999999999999623e+00 6.960899999999999865e-01
5.961000000000000298e+00 6.927339999999999609e-01
5.971000000000000085e+00 6.897860000000000102e-01
5.980999999999999872e+00 6.872880000000000100e-01
5.990999999999999659e+00 6.852859999999999507e-01
6.001000000000000334e+00 6.838220000000000409e-01
6.011000000000000121e+00 6.829439999999999955e-01
6.020999999999999908e+00 6.826959999999999695e-01
6.030999999999999694e+00 6.831260000000000110e-01
6.041000000000000369e+00 6.842780000000000529e-01
6.051000000000000156e+00 6.861969999999999459e-01
6.060999999999999943e+00 6.889239999999999808e-01
6.070999999999999730e+00 6.925000000000000044e-01
6.081000000000000405e+00 6.969610000000000527e-01
6.091000000000000192e+00 7.023380000000000178e-01
6.100999999999999979e+00 7.086580000000000101e-01
6.110999999999999766e+00 7.159429999999999961e-01
6.121000000000000441e+00 7.242079999999999629e-01
6.131000000000000227e+00 7.334589999999999721e-01
6.141000000000000014e+00 7.436960000000000237e-01
6.150999999999999801e+00 7.549099999999999699e-01
6.160999999999999588e+00 7.670850000000000168e-01
6.171000000000000263e+00 7.801940000000000541e-01
6.181000000000000050e+00 7.942019999999999635e-01
6.190999999999999837e+00 8.090629999999999766e-01
6.200999999999999623e+00 8.247259999999999591e-01
6.211000000000000298e+00 8.411269999999999580e-01
6.221000000000000085e+00 8.581959999999999589e-01
6.230999999999999872e+00 8.758559999999999679e-01
6.240999999999999659e+00 8.940219999999999834e-01
6.251000000000000334e+00 9.126039999999999708e-01
6.261000000000000121e+00 9.315059999999999452e-01
6.270999999999999908e+00 9.506299999999999750e-01
6.280999999999999694e+00 9.698729999999999851e-01
6.291000000000000369e+00 9.891339999999999577e-01
6.301000000000000156e+00 1.008310000000000040e+00
6.310999999999999943e+00 1.027301000000000020e+00
6.320999999999999730e+00 1.046011000000000024e+00
6.331000000000000405e+00 1.064346000000000014e+00
6.341000000000000192e+00 1.082219999999999960e+00
6.350999999999999979e+00 1.099553999999999920e+00
6.360999999999999766e+00 1.116274999999999906e+00
6.371000000000000441e+00 1.132320999999999911e+00
6.381000000000000227e+00 1.147637999999999936e+00
6.391000000000000014e+00 1.162179999999999991e+00
6.400999999999999801e+00 1.175912000000000068e+00
6.410999999999999588e+00 1.188809999999999922e+00
6.421000000000000263e+00 1.200855999999999923e+00
6.431000000000000050e+00 1.212040999999999924e+00
6.440999999999999837e+00 1.222366999999999981e+00
6.450999999999999623e+00 1.231840000000000046e+00
6.461000000000000298e+00 1.240472999999999937e+00
6.471000000000000085e+00 1.248286999999999924e+00
6.480999999999999872e+00 1.255304999999999893e+00
6.490999999999999659e+00 1.261554999999999982e+00
6.501000000000000334e+00 1.267069000000000001e+00
6.511000000000000121e+00 1.271878999999999982e+00
6.520999999999999908e+00 1.276022999999999907e+00
6.530999999999999694e+00 1.279536000000000007e+00
6.541000000000000369e+00 1.282453999999999983e+00
6.551000000000000156e+00 1.284815999999999958e+00
6.560999999999999943e+00 1.286656999999999940e+00
6.570999999999999730e+00 1.288013999999999992e+00
6.581000000000000405e+00 1.288921999999999901e+00
6.591000000000000192e+00 1.289414000000000060e+00
6.600999999999999979e+00 1.289522999999999975e+00
6.610999999999999766e+00 1.289279999999999982e+00
6.621000000000000441e+00 1.288713999999999915e+00
6.631000000000000227e+00 1.287852999999999914e+00
6.641000000000000014e+00 1.286723000000000061e+00
6.650999999999999801e+00 1.285347999999999935e+00
6.660999999999999588e+00 1.283752000000000004e+00
6.671000000000000263e+00 1.281954999999999956e+00
6.681000000000000050e+00 1.279978999999999978e+00
6.690999999999999837e+00 1.277840000000000087e+00
6.700999999999999623e+00 1.275555999999999912e+00
6.711000000000000298e+00 1.273144000000000053e+00
6.721000000000000085e+00 1.270617000000000107e+00
6.730999999999999872e+00 1.267987999999999893e+00
6.740999999999999659e+00 1.265271000000000035e+00
6.751000000000000334e+00 1.262477000000000071e+00
6.761000000000000121e+00 1.259614999999999929e+00
6.770999999999999908e+00 1.256696000000000035e+00
6.780999999999999694e+00 1.253727999999999954e+00
6.791000000000000369e+00 1.250718999999999914e+00
6.801000000000000156e+00 1.247676999999999925e+00
6.810999999999999943e+00 1.244607999999999937e+00
6.820999999999999730e+00 1.241517999999999899e+00
6.831000000000000405e+00 1.238413999999999904e+00
6.841000000000000192e+00 1.235298999999999925e+00
6.850999999999999979e+00 1.232178999999999913e+00
6.860999999999999766e+00 1.229057999999999984e+00
6.871000000000000441e+00 1.225938999999999890e+00
6.881000000000000227e+00 1.222828000000000026e+00
6.891000000000000014e+00 1.219724999999999948e+00
6.900999999999999801e+00 1.216636000000000051e+00
6.910999999999999588e+00 1.213562000000000030e+00
6.921000000000000263e+00 1.210506000000000082e+00
6.931000000000000050e+00 1.207468999999999903e+00
6.940999999999999837e+00 1.204455000000000053e+00
6.950999999999999623e+00 1.201465000000000005e+00
6.961000000000000298e+00 1.198501000000000039e+00
6.971000000000000085e+00 1.195564000000000071e+00
6.980999999999999872e+00 1.192655000000000021e+00
6.990999999999999659e+00 1.189777000000000085e+00
7.001000000000000334e+00 1.186930000000000041e+00
7.011000000000000121e+00 1.184115000000000029e+00
7.020999999999999908e+00 1.181332999999999966e+00
7.030999999999999694e+00 1.178584999999999994e+00
7.041000000000000369e+00 1.175872000000000028e+00
7.051000000000000156e+00 1.173194999999999988e+00
7.060999999999999943e+00 1.170554000000000094e+00
7.070999999999999730e+00 1.167948999999999904e+00
7.081000000000000405e+00 1.165381000000000000e+00
7.091000000000000192e+00 1.162851999999999997e+00
7.100999999999999979e+00 1.160358999999999918e+00
7.110999999999999766e+00 1.157904999999999962e+00
7.121000000000000441e+00 1.155488999999999988e+00
7.131000000000000227e+00 1.153111999999999915e+00
7.141000000000000014e+00 1.150773000000000046e+00
7.150999999999999801e+00 1.148471999999999937e+00
7.160999999999999588e+00 1.146209999999999951e+00
7.171000000000000263e+00 1.143985999999999947e+00
7.181000000000000050e+00 1.141799999999999926e+00
7.190999999999999837e+00 1.139652000000000109e+00
7.200999999999999623e+00 1.137542000000000053e+00
7.211000000000000298e+00 1.135469000000000062e+00
7.221000000000000085e+00 1.133432999999999913e+00
7.230999999999999872e+00 1.131432999999999911e+00
7.240999999999999659e+00 1.129469999999999974e+00
7.251000000000000334e+00 1.127542000000000044e+00
7.261000000000000121e+00 1.125648999999999900e+00
7.270999999999999908e+00 1.123790000000000067e+00
7.280999999999999694e+00 1.121965000000000101e+00
7.291000000000000369e+00 1.120173000000000085e+00
7.301000000000000156e+00 1.118413000000000102e+00
7.310999999999999943e+00 1.116684000000000010e+00
7.320999999999999730e+00 1.114986999999999950e+00
7.331000000000000405e+00 1.113318999999999948e+00
7.341000000000000192e+00 1.111680999999999919e+00
7.350999999999999979e+00 1.110069999999999890e+00
7.360999999999999766e+00 1.108487000000000000e+00
7.371000000000000441e+00 1.106929999999999970e+00
7.381000000000000227e+00 1.105399000000000020e+00
7.391000000000000014e+00 1.103892000000000095e+00
7.400999999999999801e+00 1.102408999999999972e+00
7.410999999999999588e+00 1.100948000000000038e+00
7.421000000000000263e+00 1.099509000000000070e+00
7.431000000000000050e+00 1.098090000000000011e+00
7.440999999999999837e+00 1.096691000000000082e+00
7.450999999999999623e+00 1.095310999999999924e+00
7.461000000000000298e+00 1.093947999999999920e+00
7.471000000000000085e+00 1.092602000000000073e+00
7.480999999999999872e+00 1.091272000000000020e+00
7.490999999999999659e+00 1.089957000000000065e+00
7.501000000000000334e+00 1.088656000000000068e+00
7.511000000000000121e+00 1.087366999999999972e+00
7.520999999999999908e+00 1.086090999999999918e+00
7.530999999999999694e+00 1.084826999999999986e+00
7.541000000000000369e+00 1.083572999999999897e+00
7.551000000000000156e+00 1.082327999999999957e+00
7.560999999999999943e+00 1.081093000000000082e+00
7.570999999999999730e+00 1.079865999999999993e+00
7.581000000000000405e+00 1.078645999999999994e+00
7.591000000000000192e+00 1.077434000000000003e+00
7.600999999999999979e+00 1.076227999999999962e+00
7.610999999999999766e+00 1.075026999999999955e+00
7.621000000000000441e+00 1.073831999999999898e+00
7.631000000000000227e+00 1.072642000000000095e+00
7.641000000000000014e+00 1.071457000000000104e+00
7.650999999999999801e+00 1.070276000000000005e+00
7.660999999999999588e+00 1.069098000000000104e+00
7.671000000000000263e+00 1.067925000000000013e+00
7.681000000000000050e+00 1.066754999999999898e+00
7.690999999999999837e+00 1.065588999999999897e+00
7.700999999999999623e+00 1.064426000000000094e+00
7.711000000000000298e+00 1.063268000000000102e+00
7.721000000000000085e+00 1.062113000000000085e+00
7.730999999999999872e+00 1.060964000000000018e+00
7.740999999999999659e+00 1.059819000000000067e+00
7.751000000000000334e+00 1.058680999999999983e+00
7.761000000000000121e+00 1.057549000000000072e+00
7.770999999999999908e+00 1.056424999999999947e+00
7.780999999999999694e+00 1.055311000000000110e+00
7.791000000000000369e+00 1.054206999999999894e+00
7.801000000000000156e+00 1.053115999999999941e+00
7.810999999999999943e+00 1.052038999999999946e+00
7.820999999999999730e+00 1.050980999999999943e+00
7.831000000000000405e+00 1.049941999999999931e+00
7.841000000000000192e+00 1.048928000000000083e+00
7.850999999999999979e+00 1.047943000000000069e+00
7.860999999999999766e+00 1.046990000000000087e+00
7.871000000000000441e+00 1.046076999999999924e+00
7.881000000000000227e+00 1.045209999999999972e+00
7.891000000000000014e+00 1.044396000000000102e+00
7.900999999999999801e+00 1.043644999999999934e+00
7.910999999999999588e+00 1.042966000000000060e+00
7.921000000000000263e+00 1.042370999999999936e+00
7.931000000000000050e+00 1.041868999999999934e+00
7.940999999999999837e+00 1.041466999999999921e+00
7.950999999999999623e+00 1.041163999999999978e+00
7.961000000000000298e+00 1.040937000000000001e+00
7.971000000000000085e+00 1.040709000000000106e+00
7.980999999999999872e+00 1.040270999999999946e+00
7.990999999999999659e+00 1.039064999999999905e+00
8.000999999999999446e+00 1.035541999999999963e+00
8.010999999999999233e+00 1.024890999999999996e+00
8.021000000000000796e+00 9.894910000000000094e-01
8.031000000000000583e+00 8.508090000000000375e-01
8.041000000000000369e+00 3.271270000000000011e-01
8.051000000000000156e+00 3.984030000000000071e-01
8.060999999999999943e+00 7.103829999999999867e-01
8.070999999999999730e+00 8.260539999999999550e-01
8.080999999999999517e+00 8.782879999999999576e-01
8.090999999999999304e+00 9.059540000000000370e-01
8.101000000000000867e+00 9.222040000000000237e-01
8.111000000000000654e+00 9.323860000000000481e-01
8.121000000000000441e+00 9.390070000000000361e-01
8.131000000000000227e+00 9.433780000000000499e-01
8.141000000000000014e+00 9.462409999999999988e-01
8.150999999999999801e+00 9.480480000000000018e-01
8.160999999999999588e+00 9.490840000000000387e-01
8.170999999999999375e+00 9.495409999999999684e-01
8.180999999999999162e+00 9.495479999999999476e-01
8.191000000000000725e+00 9.491990000000000149e-01
8.201000000000000512e+00 9.485630000000000450e-01
8.211000000000000298e+00 9.476890000000000036e-01
8.221000000000000085e+00 9.466170000000000417e-01
8.230999999999999872e+00 9.453740000000000476e-01
8.240999999999999659e+00 9.439840000000000453e-01
8.250999999999999446e+00 9.424660000000000259e-01
8.260999999999999233e+00 9.408339999999999481e-01
8.271000000000000796e+00 9.391000000000000458e-01
8.281000000000000583e+00 9.372730000000000228e-01
8.291000000000000369e+00 9.353620000000000267e-01
8.301000000000000156e+00 9.333719999999999795e-01
8.310999999999999943e+00 9.313099999999999712e-01
8.320999999999999730e+00 9.291789999999999772e-01
8.330999999999999517e+00 9.269840000000000302e-01
8.340999999999999304e+00 9.247269999999999657e-01
8.351000000000000867e+00 9.224120000000000097e-01
8.361000000000000654e+00 9.200409999999999977e-01
8.371000000000000441e+00 9.176159999999999872e-01
8.381000000000000227e+00 9.151380000000000070e-01
8.391000000000000014e+00 9.126090000000000035e-01
8.400999999999999801e+00 9.100289999999999768e-01
8.410999999999999588e+00 9.074010000000000131e-01
8.420999999999999375e+00 9.047239999999999727e-01
8.430999999999999162e+00 9.019989999999999952e-01
8.441000000000000725e+00 8.992280000000000273e-01
8.451000000000000512e+00 8.964090000000000114e-01
8.461000000000000298e+00 8.935450000000000337e-01
8.471000000000000085e+00 8.906340000000000368e-01
8.480999999999999872e+00 8.876779999999999671e-01
8.490999999999999659e+00 8.846760000000000179e-01
8.500999999999999446e+00 8.816279999999999673e-01
8.510999999999999233e+00 8.785349999999999548e-01
8.521000000000000796e+00 8.753959999999999519e-01
8.531000000000000583e+00 8.722119999999999873e-01
8.541000000000000369e+00 8.689810000000000034e-01
8.551000000000000156e+00 8.657049999999999468e-01
8.560999999999999943e+00 8.623830000000000107e-01
8.570999999999999730e+00 8.590149999999999730e-01
8.580999999999999517e+00 8.556000000000000272e-01
8.590999999999999304e+00 8.521389999999999798e-01
8.601000000000000867e+00 8.486299999999999955e-01
8.611000000000000654e+00 8.450750000000000206e-01
8.621000000000000441e+00 8.414730000000000265e-01
8.631000000000000227e+00 8.378229999999999844e-01
8.641000000000000014e+00 8.341250000000000053e-01
8.650999999999999801e+00 8.303789999999999782e-01
8.660999999999999588e+00 8.265839999999999854e-01
8.670999999999999375e+00 8.227409999999999446e-01
8.680999999999999162e+00 8.188490000000000490e-01
8.691000000000000725e+00 8.149079999999999657e-01
8.701000000000000512e+00 8.109180000000000277e-01
8.711000000000000298e+00 8.068769999999999554e-01
8.721000000000000085e+00 8.027870000000000283e-01
8.730999999999999872e+00 7.986469999999999958e-01
8.740999999999999659e+00 7.944569999999999688e-01
8.750999999999999446e+00 7.902160000000000295e-01
8.760999999999999233e+00 7.859239999999999560e-01
8.771000000000000796e+00 7.815819999999999990e-01
8.781000000000000583e+00 7.771890000000000187e-01
8.791000000000000369e+00 7.727450000000000152e-01
8.801000000000000156e+00 7.682499999999999885e-01
8.810999999999999943e+00 7.637030000000000207e-01
8.820999999999999730e+00 7.591059999999999475e-01
8.830999999999999517e+00 7.544579999999999620e-01
8.840999999999999304e+00 7.497599999999999820e-01
8.851000000000000867e+00 7.450109999999999788e-01
8.861000000000000654e+00 7.402109999999999523e-01
8.871000000000000441e+00 7.353619999999999601e-01
8.881000000000000227e+00 7.304629999999999734e-01
8.891000000000000014e+00 7.255150000000000210e-01
8.900999999999999801e+00 7.205190000000000206e-01
8.910999999999999588e+00 7.154749999999999721e-01
8.920999999999999375e+00 7.103840000000000154e-01
8.930999999999999162e+00 7.052479999999999860e-01
8.941000000000000725e+00 7.000659999999999661e-01
8.951000000000000512e+00 6.948410000000000419e-01
8.961000000000000298e+00 6.895740000000000203e-01
8.971000000000000085e+00 6.842660000000000409e-01
8.980999999999999872e+00 6.789180000000000215e-01
8.990999999999999659e+00 6.735349999999999948e-01
