 10  8  9  3 00  0  0  0  0
nnn_pot
  7                                                            Z1  BVs 1 - 7
  7  7
                                    20.068157   
                                    17.429230   
                                    5.421984    
                                    0.900742    
                                    0.217961    
                                    0.089973    
                                    0.009254    
    7.162443    6.665389    1.288669    0.486132    0.069674    0.016293
    0.006643
  1  1
          1.

  1  1
                      1.

  1  1
                                  1.

  1  1
                                              1.

  1  1
                                                          1.

  1  1
                                                                      1.

  1  1

          1.
  7                                                            Z2  BVs 8 - 14
  7  7
                                    13.820262   
                                    6.775129    
                                    2.115074    
                                    0.586475    
                                    0.285578    
                                    0.025721    
                                    0.007469    
   11.753240    3.117647    0.465348    0.155757    0.059958    0.020283
    0.002511
  1  1
          1.

  1  1
                      1.

  1  1
                                  1.

  1  1
                                              1.

  1  1
                                                          1.

  1  1
                                                                      1.

  1  1

          1.
eob-tni/123_123
elu-tni/000_000
eob-tni/123_123
elu-tni/000_000
eob-tni/123_123
elu-tni/000_000
