1.000000000000000021e-02 1.000026000000000082e+00
1.700000000000000122e-02 1.000008000000000008e+00
2.400000000000000050e-02 1.000005000000000033e+00
3.099999999999999978e-02 1.000037999999999982e+00
3.799999999999999906e-02 1.000051999999999941e+00
4.499999999999999833e-02 1.000018000000000074e+00
5.199999999999999761e-02 1.000003999999999893e+00
5.899999999999999689e-02 1.000070999999999932e+00
6.600000000000000311e-02 1.000172000000000061e+00
7.299999999999999545e-02 1.000216999999999912e+00
8.000000000000000167e-02 1.000178000000000011e+00
8.699999999999999400e-02 1.000092999999999899e+00
9.400000000000000022e-02 1.000019999999999909e+00
1.010000000000000064e-01 1.000002000000000058e+00
1.079999999999999988e-01 1.000048000000000048e+00
1.150000000000000050e-01 1.000142000000000087e+00
1.219999999999999973e-01 1.000250000000000083e+00
1.290000000000000036e-01 1.000337000000000032e+00
1.360000000000000098e-01 1.000380999999999965e+00
1.429999999999999882e-01 1.000372999999999957e+00
1.499999999999999944e-01 1.000321000000000016e+00
1.570000000000000007e-01 1.000239000000000100e+00
1.640000000000000069e-01 1.000146999999999897e+00
1.710000000000000131e-01 1.000065999999999899e+00
1.779999999999999916e-01 1.000013000000000041e+00
1.849999999999999978e-01 1.000000999999999918e+00
1.920000000000000040e-01 1.000034000000000090e+00
1.990000000000000102e-01 1.000105000000000022e+00
2.059999999999999887e-01 1.000199999999999978e+00
2.129999999999999949e-01 1.000299999999999967e+00
2.200000000000000011e-01 1.000388000000000055e+00
2.270000000000000073e-01 1.000448999999999922e+00
2.340000000000000135e-01 1.000475999999999921e+00
2.409999999999999920e-01 1.000469000000000053e+00
2.479999999999999982e-01 1.000434000000000045e+00
2.550000000000000044e-01 1.000375999999999932e+00
2.620000000000000107e-01 1.000305000000000000e+00
2.690000000000000169e-01 1.000229999999999952e+00
2.760000000000000231e-01 1.000158000000000103e+00
2.829999999999999738e-01 1.000096000000000096e+00
2.899999999999999800e-01 1.000046999999999908e+00
2.969999999999999862e-01 1.000016000000000016e+00
3.039999999999999925e-01 1.000000999999999918e+00
3.109999999999999987e-01 1.000003999999999893e+00
3.180000000000000049e-01 1.000021999999999966e+00
3.250000000000000111e-01 1.000051999999999941e+00
3.320000000000000173e-01 1.000091000000000063e+00
3.390000000000000235e-01 1.000134999999999996e+00
3.459999999999999742e-01 1.000180000000000069e+00
3.529999999999999805e-01 1.000223000000000084e+00
3.599999999999999867e-01 1.000261000000000067e+00
3.669999999999999929e-01 1.000291000000000041e+00
3.739999999999999991e-01 1.000313999999999925e+00
3.810000000000000053e-01 1.000326999999999966e+00
3.880000000000000115e-01 1.000332999999999917e+00
3.950000000000000178e-01 1.000329999999999941e+00
4.020000000000000240e-01 1.000321000000000016e+00
4.089999999999999747e-01 1.000307000000000057e+00
4.159999999999999809e-01 1.000288000000000066e+00
4.229999999999999871e-01 1.000267000000000017e+00
4.299999999999999933e-01 1.000242999999999993e+00
4.369999999999999996e-01 1.000218000000000051e+00
4.440000000000000058e-01 1.000191999999999970e+00
4.510000000000000120e-01 1.000167000000000028e+00
4.580000000000000182e-01 1.000143000000000004e+00
4.650000000000000244e-01 1.000119999999999898e+00
4.719999999999999751e-01 1.000097999999999931e+00
4.789999999999999813e-01 1.000078000000000022e+00
4.859999999999999876e-01 1.000061000000000089e+00
4.929999999999999938e-01 1.000045999999999990e+00
5.000000000000000000e-01 1.000032999999999950e+00
5.070000000000000062e-01 1.000021999999999966e+00
5.140000000000000124e-01 1.000013999999999958e+00
5.210000000000000187e-01 1.000008000000000008e+00
5.280000000000000249e-01 1.000002999999999975e+00
5.350000000000000311e-01 1.000000999999999918e+00
5.420000000000000373e-01 1.000000000000000000e+00
5.490000000000000435e-01 1.000000999999999918e+00
5.560000000000000497e-01 1.000002000000000058e+00
5.629999999999999449e-01 1.000005000000000033e+00
5.699999999999999512e-01 1.000007000000000090e+00
5.769999999999999574e-01 1.000010999999999983e+00
5.839999999999999636e-01 1.000013999999999958e+00
5.909999999999999698e-01 1.000016999999999934e+00
5.979999999999999760e-01 1.000018999999999991e+00
6.049999999999999822e-01 1.000021000000000049e+00
6.119999999999999885e-01 1.000023000000000106e+00
6.189999999999999947e-01 1.000024000000000024e+00
6.260000000000000009e-01 1.000024999999999942e+00
6.330000000000000071e-01 1.000024999999999942e+00
6.400000000000000133e-01 1.000024000000000024e+00
6.470000000000000195e-01 1.000024000000000024e+00
6.540000000000000258e-01 1.000021999999999966e+00
6.610000000000000320e-01 1.000021000000000049e+00
6.680000000000000382e-01 1.000018999999999991e+00
6.750000000000000444e-01 1.000018000000000074e+00
6.820000000000000506e-01 1.000016000000000016e+00
6.889999999999999458e-01 1.000013999999999958e+00
6.959999999999999520e-01 1.000011999999999901e+00
7.029999999999999583e-01 1.000010999999999983e+00
7.099999999999999645e-01 1.000008999999999926e+00
7.169999999999999707e-01 1.000008000000000008e+00
7.239999999999999769e-01 1.000007000000000090e+00
7.309999999999999831e-01 1.000005999999999950e+00
7.379999999999999893e-01 1.000005000000000033e+00
7.449999999999999956e-01 1.000003999999999893e+00
7.520000000000000018e-01 1.000002999999999975e+00
7.590000000000000080e-01 1.000002999999999975e+00
7.660000000000000142e-01 1.000002000000000058e+00
7.730000000000000204e-01 1.000002000000000058e+00
7.800000000000000266e-01 1.000002000000000058e+00
7.870000000000000329e-01 1.000002000000000058e+00
7.940000000000000391e-01 1.000002000000000058e+00
8.010000000000000453e-01 1.000002000000000058e+00
8.080000000000000515e-01 1.000002000000000058e+00
8.149999999999999467e-01 1.000002000000000058e+00
8.219999999999999529e-01 1.000002000000000058e+00
8.289999999999999591e-01 1.000002000000000058e+00
8.359999999999999654e-01 1.000002999999999975e+00
8.429999999999999716e-01 1.000002999999999975e+00
8.499999999999999778e-01 1.000003999999999893e+00
8.569999999999999840e-01 1.000005000000000033e+00
8.639999999999999902e-01 1.000005000000000033e+00
8.709999999999999964e-01 1.000007000000000090e+00
8.780000000000000027e-01 1.000008000000000008e+00
8.850000000000000089e-01 1.000008999999999926e+00
8.920000000000000151e-01 1.000010999999999983e+00
8.990000000000000213e-01 1.000013000000000041e+00
9.060000000000000275e-01 1.000016000000000016e+00
9.130000000000000338e-01 1.000018000000000074e+00
9.200000000000000400e-01 1.000021000000000049e+00
9.270000000000000462e-01 1.000024000000000024e+00
9.340000000000000524e-01 1.000026999999999999e+00
9.409999999999999476e-01 1.000030999999999892e+00
9.479999999999999538e-01 1.000034000000000090e+00
9.549999999999999600e-01 1.000037999999999982e+00
9.619999999999999662e-01 1.000042000000000098e+00
9.689999999999999725e-01 1.000045999999999990e+00
9.759999999999999787e-01 1.000050000000000106e+00
9.829999999999999849e-01 1.000054999999999916e+00
9.899999999999999911e-01 1.000059000000000031e+00
9.969999999999999973e-01 1.000062999999999924e+00
1.004000000000000004e+00 1.000065999999999899e+00
1.010999999999999899e+00 1.000070000000000014e+00
1.018000000000000016e+00 1.000073999999999907e+00
1.024999999999999911e+00 1.000077000000000105e+00
1.032000000000000028e+00 1.000080000000000080e+00
1.038999999999999924e+00 1.000083000000000055e+00
1.046000000000000041e+00 1.000084999999999891e+00
1.052999999999999936e+00 1.000086999999999948e+00
1.060000000000000053e+00 1.000088000000000088e+00
1.066999999999999948e+00 1.000089999999999923e+00
1.074000000000000066e+00 1.000089999999999923e+00
1.080999999999999961e+00 1.000091000000000063e+00
1.088000000000000078e+00 1.000091000000000063e+00
1.094999999999999973e+00 1.000091000000000063e+00
1.102000000000000091e+00 1.000089999999999923e+00
1.108999999999999986e+00 1.000089000000000006e+00
1.116000000000000103e+00 1.000086999999999948e+00
1.122999999999999998e+00 1.000084999999999891e+00
1.129999999999999893e+00 1.000083000000000055e+00
1.137000000000000011e+00 1.000080999999999998e+00
1.143999999999999906e+00 1.000078000000000022e+00
1.151000000000000023e+00 1.000075000000000047e+00
1.157999999999999918e+00 1.000072000000000072e+00
1.165000000000000036e+00 1.000069000000000097e+00
1.171999999999999931e+00 1.000064999999999982e+00
1.179000000000000048e+00 1.000062000000000006e+00
1.185999999999999943e+00 1.000057999999999891e+00
1.193000000000000060e+00 1.000053999999999998e+00
1.199999999999999956e+00 1.000050000000000106e+00
1.207000000000000073e+00 1.000045999999999990e+00
1.213999999999999968e+00 1.000042000000000098e+00
1.221000000000000085e+00 1.000037999999999982e+00
1.227999999999999980e+00 1.000034000000000090e+00
1.235000000000000098e+00 1.000030999999999892e+00
1.241999999999999993e+00 1.000026999999999999e+00
1.249000000000000110e+00 1.000024000000000024e+00
1.256000000000000005e+00 1.000019999999999909e+00
1.262999999999999901e+00 1.000016999999999934e+00
1.270000000000000018e+00 1.000013999999999958e+00
1.276999999999999913e+00 1.000010999999999983e+00
1.284000000000000030e+00 1.000008999999999926e+00
1.290999999999999925e+00 1.000007000000000090e+00
1.298000000000000043e+00 1.000005000000000033e+00
1.304999999999999938e+00 1.000002999999999975e+00
1.312000000000000055e+00 1.000002000000000058e+00
1.318999999999999950e+00 1.000000999999999918e+00
1.326000000000000068e+00 1.000000000000000000e+00
1.332999999999999963e+00 1.000000000000000000e+00
1.340000000000000080e+00 1.000000000000000000e+00
1.346999999999999975e+00 1.000000999999999918e+00
1.354000000000000092e+00 1.000002000000000058e+00
1.360999999999999988e+00 1.000002999999999975e+00
1.368000000000000105e+00 1.000005000000000033e+00
1.375000000000000000e+00 1.000007000000000090e+00
1.381999999999999895e+00 1.000010000000000066e+00
1.389000000000000012e+00 1.000013000000000041e+00
1.395999999999999908e+00 1.000016999999999934e+00
1.403000000000000025e+00 1.000021000000000049e+00
1.409999999999999920e+00 1.000024999999999942e+00
1.417000000000000037e+00 1.000029999999999974e+00
1.423999999999999932e+00 1.000035000000000007e+00
1.431000000000000050e+00 1.000040999999999958e+00
1.437999999999999945e+00 1.000046999999999908e+00
1.445000000000000062e+00 1.000053999999999998e+00
1.451999999999999957e+00 1.000061000000000089e+00
1.459000000000000075e+00 1.000067999999999957e+00
1.465999999999999970e+00 1.000075999999999965e+00
1.473000000000000087e+00 1.000083999999999973e+00
1.479999999999999982e+00 1.000091999999999981e+00
1.487000000000000099e+00 1.000100999999999907e+00
1.493999999999999995e+00 1.000110000000000054e+00
1.500999999999999890e+00 1.000119999999999898e+00
1.508000000000000007e+00 1.000129000000000046e+00
1.514999999999999902e+00 1.000138999999999889e+00
1.522000000000000020e+00 1.000148999999999955e+00
1.528999999999999915e+00 1.000159000000000020e+00
1.536000000000000032e+00 1.000170000000000003e+00
1.542999999999999927e+00 1.000180000000000069e+00
1.550000000000000044e+00 1.000191000000000052e+00
1.556999999999999940e+00 1.000200999999999896e+00
1.564000000000000057e+00 1.000212000000000101e+00
1.570999999999999952e+00 1.000223000000000084e+00
1.578000000000000069e+00 1.000232999999999928e+00
1.584999999999999964e+00 1.000243999999999911e+00
1.592000000000000082e+00 1.000253999999999976e+00
1.598999999999999977e+00 1.000264999999999960e+00
1.606000000000000094e+00 1.000275000000000025e+00
1.612999999999999989e+00 1.000283999999999951e+00
1.620000000000000107e+00 1.000294000000000016e+00
1.627000000000000002e+00 1.000304000000000082e+00
1.633999999999999897e+00 1.000313000000000008e+00
1.641000000000000014e+00 1.000321000000000016e+00
1.647999999999999909e+00 1.000329999999999941e+00
1.655000000000000027e+00 1.000337999999999949e+00
1.661999999999999922e+00 1.000345999999999957e+00
1.669000000000000039e+00 1.000353000000000048e+00
1.675999999999999934e+00 1.000359999999999916e+00
1.683000000000000052e+00 1.000366000000000088e+00
1.689999999999999947e+00 1.000372000000000039e+00
1.697000000000000064e+00 1.000377000000000072e+00
1.703999999999999959e+00 1.000382000000000104e+00
1.711000000000000076e+00 1.000386999999999915e+00
1.717999999999999972e+00 1.000391000000000030e+00
1.725000000000000089e+00 1.000394000000000005e+00
1.731999999999999984e+00 1.000396999999999981e+00
1.739000000000000101e+00 1.000399999999999956e+00
1.745999999999999996e+00 1.000401000000000096e+00
1.752999999999999892e+00 1.000402999999999931e+00
1.760000000000000009e+00 1.000404000000000071e+00
1.766999999999999904e+00 1.000404000000000071e+00
1.774000000000000021e+00 1.000404000000000071e+00
1.780999999999999917e+00 1.000402999999999931e+00
1.788000000000000034e+00 1.000402000000000013e+00
1.794999999999999929e+00 1.000399999999999956e+00
1.802000000000000046e+00 1.000396999999999981e+00
1.808999999999999941e+00 1.000394999999999923e+00
1.816000000000000059e+00 1.000391000000000030e+00
1.822999999999999954e+00 1.000388000000000055e+00
1.830000000000000071e+00 1.000383999999999940e+00
1.836999999999999966e+00 1.000378999999999907e+00
1.844000000000000083e+00 1.000374000000000096e+00
1.850999999999999979e+00 1.000369000000000064e+00
1.858000000000000096e+00 1.000362999999999891e+00
1.864999999999999991e+00 1.000356999999999941e+00
1.872000000000000108e+00 1.000350000000000072e+00
1.879000000000000004e+00 1.000342999999999982e+00
1.885999999999999899e+00 1.000335999999999892e+00
1.893000000000000016e+00 1.000329000000000024e+00
1.899999999999999911e+00 1.000321000000000016e+00
1.907000000000000028e+00 1.000313000000000008e+00
1.913999999999999924e+00 1.000305000000000000e+00
1.921000000000000041e+00 1.000296000000000074e+00
1.927999999999999936e+00 1.000288000000000066e+00
1.935000000000000053e+00 1.000278999999999918e+00
1.941999999999999948e+00 1.000269999999999992e+00
1.949000000000000066e+00 1.000259999999999927e+00
1.955999999999999961e+00 1.000251000000000001e+00
1.963000000000000078e+00 1.000242000000000075e+00
1.969999999999999973e+00 1.000232000000000010e+00
1.977000000000000091e+00 1.000223000000000084e+00
1.983999999999999986e+00 1.000213000000000019e+00
1.991000000000000103e+00 1.000202999999999953e+00
1.997999999999999998e+00 1.000194000000000027e+00
2.004999999999999893e+00 1.000183999999999962e+00
2.012000000000000011e+00 1.000173999999999896e+00
2.019000000000000128e+00 1.000164999999999971e+00
2.025999999999999801e+00 1.000154999999999905e+00
2.032999999999999918e+00 1.000145999999999979e+00
2.040000000000000036e+00 1.000137000000000054e+00
2.047000000000000153e+00 1.000127999999999906e+00
2.053999999999999826e+00 1.000118999999999980e+00
2.060999999999999943e+00 1.000110000000000054e+00
2.068000000000000060e+00 1.000100999999999907e+00
2.075000000000000178e+00 1.000092999999999899e+00
2.081999999999999851e+00 1.000084999999999891e+00
2.088999999999999968e+00 1.000077000000000105e+00
2.096000000000000085e+00 1.000069000000000097e+00
2.103000000000000203e+00 1.000062000000000006e+00
2.109999999999999876e+00 1.000054999999999916e+00
2.116999999999999993e+00 1.000048999999999966e+00
2.124000000000000110e+00 1.000042000000000098e+00
2.130999999999999783e+00 1.000035999999999925e+00
2.137999999999999901e+00 1.000030999999999892e+00
2.145000000000000018e+00 1.000026000000000082e+00
2.152000000000000135e+00 1.000021000000000049e+00
2.158999999999999808e+00 1.000016999999999934e+00
2.165999999999999925e+00 1.000013000000000041e+00
2.173000000000000043e+00 1.000008999999999926e+00
2.180000000000000160e+00 1.000007000000000090e+00
2.186999999999999833e+00 1.000003999999999893e+00
2.193999999999999950e+00 1.000002000000000058e+00
2.201000000000000068e+00 1.000000999999999918e+00
2.208000000000000185e+00 1.000000000000000000e+00
2.214999999999999858e+00 1.000000000000000000e+00
2.221999999999999975e+00 1.000000999999999918e+00
2.229000000000000092e+00 1.000000999999999918e+00
2.236000000000000210e+00 1.000002999999999975e+00
2.242999999999999883e+00 1.000005000000000033e+00
2.250000000000000000e+00 1.000008000000000008e+00
2.257000000000000117e+00 1.000010999999999983e+00
2.263999999999999790e+00 1.000015000000000098e+00
2.270999999999999908e+00 1.000019999999999909e+00
2.278000000000000025e+00 1.000024999999999942e+00
2.285000000000000142e+00 1.000030999999999892e+00
2.291999999999999815e+00 1.000037999999999982e+00
2.298999999999999932e+00 1.000045000000000073e+00
2.306000000000000050e+00 1.000053999999999998e+00
2.313000000000000167e+00 1.000062000000000006e+00
2.319999999999999840e+00 1.000072000000000072e+00
2.326999999999999957e+00 1.000081999999999915e+00
2.334000000000000075e+00 1.000091999999999981e+00
2.341000000000000192e+00 1.000104000000000104e+00
2.347999999999999865e+00 1.000116000000000005e+00
2.354999999999999982e+00 1.000129000000000046e+00
2.362000000000000099e+00 1.000142000000000087e+00
2.369000000000000217e+00 1.000156000000000045e+00
2.375999999999999890e+00 1.000170999999999921e+00
2.383000000000000007e+00 1.000186000000000019e+00
2.390000000000000124e+00 1.000202999999999953e+00
2.396999999999999797e+00 1.000218999999999969e+00
2.403999999999999915e+00 1.000237000000000043e+00
2.411000000000000032e+00 1.000253999999999976e+00
2.418000000000000149e+00 1.000272999999999968e+00
2.424999999999999822e+00 1.000291999999999959e+00
2.431999999999999940e+00 1.000312000000000090e+00
2.439000000000000057e+00 1.000331999999999999e+00
2.446000000000000174e+00 1.000353000000000048e+00
2.452999999999999847e+00 1.000374000000000096e+00
2.459999999999999964e+00 1.000394999999999923e+00
2.467000000000000082e+00 1.000418000000000029e+00
2.474000000000000199e+00 1.000439999999999996e+00
2.480999999999999872e+00 1.000463000000000102e+00
2.487999999999999989e+00 1.000485999999999986e+00
2.495000000000000107e+00 1.000510000000000010e+00
2.501999999999999780e+00 1.000534000000000034e+00
2.508999999999999897e+00 1.000558000000000058e+00
2.516000000000000014e+00 1.000583000000000000e+00
2.523000000000000131e+00 1.000607999999999942e+00
2.529999999999999805e+00 1.000633000000000106e+00
2.536999999999999922e+00 1.000658000000000047e+00
2.544000000000000039e+00 1.000683999999999907e+00
2.551000000000000156e+00 1.000709000000000071e+00
2.557999999999999829e+00 1.000734999999999930e+00
2.564999999999999947e+00 1.000760000000000094e+00
2.572000000000000064e+00 1.000785999999999953e+00
2.579000000000000181e+00 1.000810999999999895e+00
2.585999999999999854e+00 1.000836999999999977e+00
2.592999999999999972e+00 1.000861999999999918e+00
2.600000000000000089e+00 1.000888000000000000e+00
2.607000000000000206e+00 1.000912999999999942e+00
2.613999999999999879e+00 1.000938000000000105e+00
2.620999999999999996e+00 1.000963000000000047e+00
2.628000000000000114e+00 1.000987000000000071e+00
2.634999999999999787e+00 1.001012000000000013e+00
2.641999999999999904e+00 1.001036000000000037e+00
2.649000000000000021e+00 1.001058999999999921e+00
2.656000000000000139e+00 1.001082000000000027e+00
2.662999999999999812e+00 1.001104999999999912e+00
2.669999999999999929e+00 1.001128000000000018e+00
2.677000000000000046e+00 1.001149999999999984e+00
2.684000000000000163e+00 1.001171000000000033e+00
2.690999999999999837e+00 1.001192000000000082e+00
2.697999999999999954e+00 1.001211999999999991e+00
2.705000000000000071e+00 1.001231999999999900e+00
2.712000000000000188e+00 1.001250999999999891e+00
2.718999999999999861e+00 1.001270000000000104e+00
2.725999999999999979e+00 1.001287999999999956e+00
2.733000000000000096e+00 1.001306000000000029e+00
2.740000000000000213e+00 1.001322000000000045e+00
2.746999999999999886e+00 1.001338999999999979e+00
2.754000000000000004e+00 1.001354000000000077e+00
2.761000000000000121e+00 1.001368999999999954e+00
2.767999999999999794e+00 1.001382999999999912e+00
2.774999999999999911e+00 1.001395999999999953e+00
2.782000000000000028e+00 1.001408000000000076e+00
2.789000000000000146e+00 1.001419999999999977e+00
2.795999999999999819e+00 1.001430999999999960e+00
2.802999999999999936e+00 1.001441999999999943e+00
2.810000000000000053e+00 1.001451000000000091e+00
2.817000000000000171e+00 1.001460000000000017e+00
2.823999999999999844e+00 1.001468000000000025e+00
2.830999999999999961e+00 1.001474999999999893e+00
2.838000000000000078e+00 1.001481999999999983e+00
2.845000000000000195e+00 1.001487999999999934e+00
2.851999999999999869e+00 1.001492999999999967e+00
2.858999999999999986e+00 1.001497000000000082e+00
2.866000000000000103e+00 1.001500999999999975e+00
2.873000000000000220e+00 1.001503000000000032e+00
2.879999999999999893e+00 1.001505000000000090e+00
2.887000000000000011e+00 1.001506999999999925e+00
2.894000000000000128e+00 1.001506999999999925e+00
2.900999999999999801e+00 1.001506999999999925e+00
2.907999999999999918e+00 1.001506000000000007e+00
2.915000000000000036e+00 1.001505000000000090e+00
2.922000000000000153e+00 1.001503000000000032e+00
2.928999999999999826e+00 1.001500000000000057e+00
2.935999999999999943e+00 1.001495999999999942e+00
2.943000000000000060e+00 1.001492000000000049e+00
2.950000000000000178e+00 1.001487000000000016e+00
2.956999999999999851e+00 1.001481999999999983e+00
2.963999999999999968e+00 1.001476000000000033e+00
2.971000000000000085e+00 1.001468999999999943e+00
2.978000000000000203e+00 1.001462000000000074e+00
2.984999999999999876e+00 1.001454000000000066e+00
2.991999999999999993e+00 1.001446000000000058e+00
2.999000000000000110e+00 1.001436999999999911e+00
3.005999999999999783e+00 1.001427000000000067e+00
3.012999999999999901e+00 1.001417000000000002e+00
3.020000000000000018e+00 1.001406999999999936e+00
3.027000000000000135e+00 1.001395999999999953e+00
3.033999999999999808e+00 1.001384999999999970e+00
3.040999999999999925e+00 1.001373000000000069e+00
3.048000000000000043e+00 1.001360999999999946e+00
3.055000000000000160e+00 1.001347999999999905e+00
3.061999999999999833e+00 1.001335000000000086e+00
3.068999999999999950e+00 1.001322000000000045e+00
3.076000000000000068e+00 1.001308000000000087e+00
3.083000000000000185e+00 1.001293999999999906e+00
3.089999999999999858e+00 1.001279999999999948e+00
3.096999999999999975e+00 1.001265000000000072e+00
3.104000000000000092e+00 1.001249999999999973e+00
3.111000000000000210e+00 1.001235000000000097e+00
3.117999999999999883e+00 1.001219000000000081e+00
3.125000000000000000e+00 1.001203000000000065e+00
3.132000000000000117e+00 1.001187000000000049e+00
3.138999999999999790e+00 1.001171000000000033e+00
3.145999999999999908e+00 1.001154000000000099e+00
3.153000000000000025e+00 1.001136999999999944e+00
3.160000000000000142e+00 1.001120000000000010e+00
3.166999999999999815e+00 1.001103000000000076e+00
3.173999999999999932e+00 1.001085999999999920e+00
3.181000000000000050e+00 1.001068999999999987e+00
3.188000000000000167e+00 1.001050999999999913e+00
3.194999999999999840e+00 1.001033000000000062e+00
3.201999999999999957e+00 1.001014999999999988e+00
3.209000000000000075e+00 1.000996999999999915e+00
3.216000000000000192e+00 1.000979000000000063e+00
3.222999999999999865e+00 1.000960999999999990e+00
3.229999999999999982e+00 1.000942999999999916e+00
3.237000000000000099e+00 1.000925000000000065e+00
3.244000000000000217e+00 1.000906999999999991e+00
3.250999999999999890e+00 1.000888999999999918e+00
3.258000000000000007e+00 1.000869999999999926e+00
3.265000000000000124e+00 1.000852000000000075e+00
3.271999999999999797e+00 1.000834000000000001e+00
3.278999999999999915e+00 1.000815000000000010e+00
3.286000000000000032e+00 1.000796999999999937e+00
3.293000000000000149e+00 1.000779000000000085e+00
3.299999999999999822e+00 1.000760000000000094e+00
3.306999999999999940e+00 1.000742000000000020e+00
3.314000000000000057e+00 1.000723999999999947e+00
3.321000000000000174e+00 1.000706000000000095e+00
3.327999999999999847e+00 1.000688000000000022e+00
3.334999999999999964e+00 1.000669999999999948e+00
3.342000000000000082e+00 1.000652000000000097e+00
3.349000000000000199e+00 1.000634000000000023e+00
3.355999999999999872e+00 1.000617000000000090e+00
3.362999999999999989e+00 1.000599000000000016e+00
3.370000000000000107e+00 1.000580999999999943e+00
3.376999999999999780e+00 1.000564000000000009e+00
3.383999999999999897e+00 1.000547000000000075e+00
3.391000000000000014e+00 1.000529999999999919e+00
3.398000000000000131e+00 1.000512999999999986e+00
3.404999999999999805e+00 1.000496000000000052e+00
3.411999999999999922e+00 1.000478999999999896e+00
3.419000000000000039e+00 1.000463000000000102e+00
3.426000000000000156e+00 1.000445999999999946e+00
3.432999999999999829e+00 1.000429999999999930e+00
3.439999999999999947e+00 1.000413999999999914e+00
3.447000000000000064e+00 1.000397999999999898e+00
3.454000000000000181e+00 1.000382000000000104e+00
3.460999999999999854e+00 1.000366000000000088e+00
3.467999999999999972e+00 1.000350000000000072e+00
3.475000000000000089e+00 1.000334999999999974e+00
3.482000000000000206e+00 1.000318999999999958e+00
3.488999999999999879e+00 1.000302999999999942e+00
3.495999999999999996e+00 1.000286000000000008e+00
3.503000000000000114e+00 9.973400000000000043e-01
3.509999999999999787e+00 9.948150000000000048e-01
3.516999999999999904e+00 9.935479999999999867e-01
3.524000000000000021e+00 9.927899999999999503e-01
3.531000000000000139e+00 9.920980000000000354e-01
3.537999999999999812e+00 9.913079999999999670e-01
3.544999999999999929e+00 9.904070000000000373e-01
3.552000000000000046e+00 9.894490000000000229e-01
3.559000000000000163e+00 9.885070000000000245e-01
3.565999999999999837e+00 9.876460000000000239e-01
3.572999999999999954e+00 9.869069999999999787e-01
3.580000000000000071e+00 9.863070000000000448e-01
3.587000000000000188e+00 9.858400000000000496e-01
3.593999999999999861e+00 9.854889999999999484e-01
3.600999999999999979e+00 9.852260000000000462e-01
3.608000000000000096e+00 9.850210000000000354e-01
3.615000000000000213e+00 9.848470000000000280e-01
3.621999999999999886e+00 9.846799999999999997e-01
3.629000000000000004e+00 9.845030000000000170e-01
3.636000000000000121e+00 9.843020000000000103e-01
3.642999999999999794e+00 9.840680000000000538e-01
3.649999999999999911e+00 9.837979999999999503e-01
3.657000000000000028e+00 9.834899999999999753e-01
3.664000000000000146e+00 9.831469999999999931e-01
3.670999999999999819e+00 9.827719999999999789e-01
3.677999999999999936e+00 9.823709999999999942e-01
3.685000000000000053e+00 9.819510000000000183e-01
3.692000000000000171e+00 9.815160000000000551e-01
3.698999999999999844e+00 9.810750000000000304e-01
3.705999999999999961e+00 9.806340000000000057e-01
3.713000000000000078e+00 9.801980000000000137e-01
3.720000000000000195e+00 9.797730000000000050e-01
3.726999999999999869e+00 9.793629999999999836e-01
3.733999999999999986e+00 9.789740000000000109e-01
3.741000000000000103e+00 9.786070000000000046e-01
3.748000000000000220e+00 9.782650000000000512e-01
3.754999999999999893e+00 9.779510000000000147e-01
3.762000000000000011e+00 9.776639999999999775e-01
3.769000000000000128e+00 9.774049999999999683e-01
3.775999999999999801e+00 9.771739999999999871e-01
3.782999999999999918e+00 9.769700000000000051e-01
3.790000000000000036e+00 9.767919999999999936e-01
3.797000000000000153e+00 9.766390000000000349e-01
3.803999999999999826e+00 9.765089999999999604e-01
3.810999999999999943e+00 9.763990000000000169e-01
3.818000000000000060e+00 9.763089999999999824e-01
3.825000000000000178e+00 9.762349999999999639e-01
3.831999999999999851e+00 9.761760000000000437e-01
3.838999999999999968e+00 9.761300000000000532e-01
3.846000000000000085e+00 9.760940000000000172e-01
3.853000000000000203e+00 9.760659999999999892e-01
3.859999999999999876e+00 9.760450000000000514e-01
3.866999999999999993e+00 9.760280000000000067e-01
3.874000000000000110e+00 9.760149999999999659e-01
3.880999999999999783e+00 9.760029999999999539e-01
3.887999999999999901e+00 9.759919999999999707e-01
3.895000000000000018e+00 9.759799999999999587e-01
3.902000000000000135e+00 9.759660000000000002e-01
3.908999999999999808e+00 9.759489999999999554e-01
3.915999999999999925e+00 9.759290000000000465e-01
3.923000000000000043e+00 9.759050000000000225e-01
3.930000000000000160e+00 9.758769999999999945e-01
3.936999999999999833e+00 9.758440000000000447e-01
3.943999999999999950e+00 9.758050000000000335e-01
3.951000000000000068e+00 9.757620000000000182e-01
3.958000000000000185e+00 9.757130000000000525e-01
3.964999999999999858e+00 9.756590000000000540e-01
3.971999999999999975e+00 9.756000000000000227e-01
3.979000000000000092e+00 9.755359999999999587e-01
3.986000000000000210e+00 9.754660000000000553e-01
3.992999999999999883e+00 9.753929999999999545e-01
4.000000000000000000e+00 9.753140000000000143e-01
4.006999999999999673e+00 9.752309999999999590e-01
4.014000000000000234e+00 9.751450000000000395e-01
4.020999999999999908e+00 9.750539999999999763e-01
4.027999999999999581e+00 9.749609999999999665e-01
4.035000000000000142e+00 9.748639999999999528e-01
4.041999999999999815e+00 9.747639999999999638e-01
4.049000000000000377e+00 9.746609999999999996e-01
4.056000000000000050e+00 9.745570000000000066e-01
4.062999999999999723e+00 9.744500000000000384e-01
4.070000000000000284e+00 9.743420000000000414e-01
4.076999999999999957e+00 9.742319999999999869e-01
4.083999999999999631e+00 9.741210000000000147e-01
4.091000000000000192e+00 9.740100000000000424e-01
4.097999999999999865e+00 9.738980000000000414e-01
4.105000000000000426e+00 9.737850000000000117e-01
4.112000000000000099e+00 9.736730000000000107e-01
4.118999999999999773e+00 9.735610000000000097e-01
4.126000000000000334e+00 9.734500000000000375e-01
4.133000000000000007e+00 9.733389999999999542e-01
4.139999999999999680e+00 9.732300000000000395e-01
4.147000000000000242e+00 9.731220000000000425e-01
4.153999999999999915e+00 9.730149999999999633e-01
4.160999999999999588e+00 9.729109999999999703e-01
4.168000000000000149e+00 9.728090000000000348e-01
4.174999999999999822e+00 9.727090000000000458e-01
4.182000000000000384e+00 9.726120000000000321e-01
4.189000000000000057e+00 9.725179999999999936e-01
4.195999999999999730e+00 9.724270000000000413e-01
4.203000000000000291e+00 9.723399999999999821e-01
4.209999999999999964e+00 9.722570000000000379e-01
4.216999999999999638e+00 9.721779999999999866e-01
4.224000000000000199e+00 9.721020000000000216e-01
4.230999999999999872e+00 9.720320000000000071e-01
4.238000000000000433e+00 9.719659999999999966e-01
4.245000000000000107e+00 9.719050000000000189e-01
4.251999999999999780e+00 9.718499999999999917e-01
4.259000000000000341e+00 9.717989999999999684e-01
4.266000000000000014e+00 9.717550000000000354e-01
4.272999999999999687e+00 9.717160000000000242e-01
4.280000000000000249e+00 9.716829999999999634e-01
4.286999999999999922e+00 9.716559999999999642e-01
4.293999999999999595e+00 9.716360000000000552e-01
4.301000000000000156e+00 9.716219999999999857e-01
4.307999999999999829e+00 9.716150000000000064e-01
4.315000000000000391e+00 9.716139999999999777e-01
4.322000000000000064e+00 9.716200000000000392e-01
4.328999999999999737e+00 9.716329999999999689e-01
4.336000000000000298e+00 9.716529999999999889e-01
4.342999999999999972e+00 9.716799999999999882e-01
4.349999999999999645e+00 9.717139999999999667e-01
4.357000000000000206e+00 9.717550000000000354e-01
4.363999999999999879e+00 9.718029999999999724e-01
4.371000000000000441e+00 9.718579999999999997e-01
4.378000000000000114e+00 9.719200000000000061e-01
4.384999999999999787e+00 9.719889999999999919e-01
4.392000000000000348e+00 9.720659999999999856e-01
4.399000000000000021e+00 9.721490000000000409e-01
4.405999999999999694e+00 9.722380000000000466e-01
4.413000000000000256e+00 9.723349999999999493e-01
4.419999999999999929e+00 9.724380000000000246e-01
4.426999999999999602e+00 9.725479999999999681e-01
4.434000000000000163e+00 9.726639999999999731e-01
4.440999999999999837e+00 9.727860000000000396e-01
4.448000000000000398e+00 9.729139999999999455e-01
4.455000000000000071e+00 9.730490000000000528e-01
4.461999999999999744e+00 9.731889999999999707e-01
4.469000000000000306e+00 9.733340000000000325e-01
4.475999999999999979e+00 9.734859999999999625e-01
4.482999999999999652e+00 9.736420000000000075e-01
4.490000000000000213e+00 9.738029999999999742e-01
4.496999999999999886e+00 9.739700000000000024e-01
4.503999999999999559e+00 9.741410000000000347e-01
4.511000000000000121e+00 9.743159999999999599e-01
4.517999999999999794e+00 9.744960000000000289e-01
4.525000000000000355e+00 9.746799999999999908e-01
4.532000000000000028e+00 9.748679999999999568e-01
4.538999999999999702e+00 9.750600000000000378e-01
4.546000000000000263e+00 9.752549999999999830e-01
4.552999999999999936e+00 9.754530000000000145e-01
4.559999999999999609e+00 9.756550000000000500e-01
4.567000000000000171e+00 9.758590000000000320e-01
4.573999999999999844e+00 9.760659999999999892e-01
4.581000000000000405e+00 9.762760000000000327e-01
4.588000000000000078e+00 9.764880000000000226e-01
4.594999999999999751e+00 9.767019999999999591e-01
4.602000000000000313e+00 9.769179999999999531e-01
4.608999999999999986e+00 9.771360000000000046e-01
4.615999999999999659e+00 9.773560000000000025e-01
4.623000000000000220e+00 9.775770000000000293e-01
4.629999999999999893e+00 9.777989999999999737e-01
4.636999999999999567e+00 9.780219999999999470e-01
4.644000000000000128e+00 9.782459999999999489e-01
4.650999999999999801e+00 9.784709999999999797e-01
4.658000000000000362e+00 9.786970000000000391e-01
4.665000000000000036e+00 9.789229999999999876e-01
4.671999999999999709e+00 9.791490000000000471e-01
4.679000000000000270e+00 9.793760000000000243e-01
4.685999999999999943e+00 9.796019999999999728e-01
4.692999999999999616e+00 9.798280000000000323e-01
4.700000000000000178e+00 9.800550000000000095e-01
4.706999999999999851e+00 9.802800000000000402e-01
4.714000000000000412e+00 9.805059999999999887e-01
4.721000000000000085e+00 9.807310000000000194e-01
4.727999999999999758e+00 9.809550000000000214e-01
4.735000000000000320e+00 9.811779999999999946e-01
4.741999999999999993e+00 9.814000000000000501e-01
4.748999999999999666e+00 9.816219999999999946e-01
4.756000000000000227e+00 9.818419999999999925e-01
4.762999999999999901e+00 9.820609999999999618e-01
4.769999999999999574e+00 9.822790000000000132e-01
4.777000000000000135e+00 9.824950000000000072e-01
4.783999999999999808e+00 9.827099999999999724e-01
4.791000000000000369e+00 9.829229999999999912e-01
4.798000000000000043e+00 9.831349999999999811e-01
4.804999999999999716e+00 9.833460000000000534e-01
4.812000000000000277e+00 9.835540000000000393e-01
4.818999999999999950e+00 9.837609999999999966e-01
4.825999999999999623e+00 9.839649999999999785e-01
4.833000000000000185e+00 9.841680000000000428e-01
4.839999999999999858e+00 9.843690000000000495e-01
4.847000000000000419e+00 9.845679999999999987e-01
4.854000000000000092e+00 9.847650000000000015e-01
4.860999999999999766e+00 9.849599999999999467e-01
4.868000000000000327e+00 9.851529999999999454e-01
4.875000000000000000e+00 9.853439999999999976e-01
4.881999999999999673e+00 9.855319999999999636e-01
4.889000000000000234e+00 9.857179999999999831e-01
4.895999999999999908e+00 9.859019999999999451e-01
4.902999999999999581e+00 9.860839999999999606e-01
4.910000000000000142e+00 9.862640000000000295e-01
4.916999999999999815e+00 9.864410000000000123e-01
4.924000000000000377e+00 9.866160000000000485e-01
4.931000000000000050e+00 9.867879999999999985e-01
4.937999999999999723e+00 9.869590000000000307e-01
4.945000000000000284e+00 9.871259999999999479e-01
4.951999999999999957e+00 9.872919999999999474e-01
4.958999999999999631e+00 9.874549999999999716e-01
4.966000000000000192e+00 9.876160000000000494e-01
4.972999999999999865e+00 9.877749999999999586e-01
4.980000000000000426e+00 9.879310000000000036e-01
4.987000000000000099e+00 9.880849999999999911e-01
4.993999999999999773e+00 9.882360000000000033e-01
5.001000000000000334e+00 9.883859999999999868e-01
5.008000000000000007e+00 9.885329999999999950e-01
5.014999999999999680e+00 9.886770000000000280e-01
5.022000000000000242e+00 9.888200000000000323e-01
5.028999999999999915e+00 9.889599999999999502e-01
5.035999999999999588e+00 9.890980000000000327e-01
5.043000000000000149e+00 9.892339999999999467e-01
5.049999999999999822e+00 9.893669999999999964e-01
5.057000000000000384e+00 9.894990000000000174e-01
5.064000000000000057e+00 9.896279999999999522e-01
5.070999999999999730e+00 9.897550000000000514e-01
5.078000000000000291e+00 9.898799999999999821e-01
5.084999999999999964e+00 9.900029999999999664e-01
5.091999999999999638e+00 9.901240000000000041e-01
5.099000000000000199e+00 9.902429999999999843e-01
5.105999999999999872e+00 9.903600000000000181e-01
5.113000000000000433e+00 9.904749999999999943e-01
5.120000000000000107e+00 9.905880000000000241e-01
5.126999999999999780e+00 9.907000000000000250e-01
5.134000000000000341e+00 9.908090000000000508e-01
5.141000000000000014e+00 9.909170000000000478e-01
5.147999999999999687e+00 9.910229999999999873e-01
5.155000000000000249e+00 9.911269999999999802e-01
5.161999999999999922e+00 9.912290000000000267e-01
5.168999999999999595e+00 9.913300000000000445e-01
5.176000000000000156e+00 9.914290000000000047e-01
5.182999999999999829e+00 9.915270000000000472e-01
5.190000000000000391e+00 9.916230000000000322e-01
5.197000000000000064e+00 9.917179999999999884e-01
5.203999999999999737e+00 9.918109999999999982e-01
5.211000000000000298e+00 9.919019999999999504e-01
5.217999999999999972e+00 9.919930000000000136e-01
5.224999999999999645e+00 9.920820000000000194e-01
5.232000000000000206e+00 9.921689999999999676e-01
5.238999999999999879e+00 9.922560000000000269e-01
5.246000000000000441e+00 9.923410000000000286e-01
5.253000000000000114e+00 9.924250000000000016e-01
5.259999999999999787e+00 9.925079999999999458e-01
5.267000000000000348e+00 9.925899999999999723e-01
5.274000000000000021e+00 9.926700000000000523e-01
5.280999999999999694e+00 9.927500000000000213e-01
5.288000000000000256e+00 9.928280000000000438e-01
5.294999999999999929e+00 9.929059999999999553e-01
5.301999999999999602e+00 9.929829999999999490e-01
5.309000000000000163e+00 9.930590000000000250e-01
5.315999999999999837e+00 9.931339999999999613e-01
5.323000000000000398e+00 9.932079999999999798e-01
5.330000000000000071e+00 9.932819999999999983e-01
5.336999999999999744e+00 9.933549999999999880e-01
5.344000000000000306e+00 9.934269999999999490e-01
5.350999999999999979e+00 9.934979999999999922e-01
5.357999999999999652e+00 9.935690000000000355e-01
5.365000000000000213e+00 9.936390000000000500e-01
5.371999999999999886e+00 9.937089999999999534e-01
5.378999999999999559e+00 9.937780000000000502e-01
5.386000000000000121e+00 9.938470000000000359e-01
5.392999999999999794e+00 9.939160000000000217e-01
5.400000000000000355e+00 9.939839999999999787e-01
5.407000000000000028e+00 9.940510000000000179e-01
5.413999999999999702e+00 9.941179999999999461e-01
5.421000000000000263e+00 9.941849999999999854e-01
5.427999999999999936e+00 9.942520000000000246e-01
5.434999999999999609e+00 9.943180000000000351e-01
5.442000000000000171e+00 9.943849999999999634e-01
5.448999999999999844e+00 9.944509999999999739e-01
5.456000000000000405e+00 9.945159999999999556e-01
5.463000000000000078e+00 9.945819999999999661e-01
5.469999999999999751e+00 9.946479999999999766e-01
5.477000000000000313e+00 9.947129999999999583e-01
5.483999999999999986e+00 9.947789999999999688e-01
5.490999999999999659e+00 9.948439999999999506e-01
5.498000000000000220e+00 9.949099999999999611e-01
5.504999999999999893e+00 9.949750000000000538e-01
5.511999999999999567e+00 9.950409999999999533e-01
5.519000000000000128e+00 9.951060000000000461e-01
5.525999999999999801e+00 9.951719999999999455e-01
5.533000000000000362e+00 9.952379999999999560e-01
5.540000000000000036e+00 9.953039999999999665e-01
5.546999999999999709e+00 9.953699999999999770e-01
5.554000000000000270e+00 9.954359999999999875e-01
5.560999999999999943e+00 9.955030000000000268e-01
5.567999999999999616e+00 9.955690000000000373e-01
5.575000000000000178e+00 9.956359999999999655e-01
5.581999999999999851e+00 9.957030000000000047e-01
5.589000000000000412e+00 9.957700000000000440e-01
5.596000000000000085e+00 9.958380000000000010e-01
5.602999999999999758e+00 9.959050000000000402e-01
5.610000000000000320e+00 9.959729999999999972e-01
5.616999999999999993e+00 9.960419999999999829e-01
5.623999999999999666e+00 9.961100000000000509e-01
5.631000000000000227e+00 9.961790000000000367e-01
5.637999999999999901e+00 9.962480000000000224e-01
5.644999999999999574e+00 9.963180000000000369e-01
5.652000000000000135e+00 9.963870000000000227e-01
5.658999999999999808e+00 9.964570000000000372e-01
5.666000000000000369e+00 9.965279999999999694e-01
5.673000000000000043e+00 9.965979999999999839e-01
5.679999999999999716e+00 9.966690000000000271e-01
5.687000000000000277e+00 9.967399999999999594e-01
5.693999999999999950e+00 9.968120000000000314e-01
5.700999999999999623e+00 9.968829999999999636e-01
5.708000000000000185e+00 9.969550000000000356e-01
5.714999999999999858e+00 9.970280000000000253e-01
5.722000000000000419e+00 9.970999999999999863e-01
5.729000000000000092e+00 9.971729999999999761e-01
5.735999999999999766e+00 9.972459999999999658e-01
5.743000000000000327e+00 9.973189999999999555e-01
5.750000000000000000e+00 9.973919999999999453e-01
5.756999999999999673e+00 9.974659999999999638e-01
5.764000000000000234e+00 9.975389999999999535e-01
5.770999999999999908e+00 9.976129999999999720e-01
5.777999999999999581e+00 9.976859999999999618e-01
5.785000000000000142e+00 9.977599999999999802e-01
5.791999999999999815e+00 9.978339999999999987e-01
5.799000000000000377e+00 9.979080000000000172e-01
5.806000000000000050e+00 9.979820000000000357e-01
5.812999999999999723e+00 9.980550000000000255e-01
5.820000000000000284e+00 9.981290000000000440e-01
5.826999999999999957e+00 9.982020000000000337e-01
5.833999999999999631e+00 9.982760000000000522e-01
5.841000000000000192e+00 9.983480000000000132e-01
5.847999999999999865e+00 9.984210000000000029e-01
5.855000000000000426e+00 9.984929999999999639e-01
5.862000000000000099e+00 9.985650000000000359e-01
5.868999999999999773e+00 9.986369999999999969e-01
5.876000000000000334e+00 9.987070000000000114e-01
5.883000000000000007e+00 9.987780000000000546e-01
5.889999999999999680e+00 9.988470000000000404e-01
5.897000000000000242e+00 9.989160000000000261e-01
5.903999999999999915e+00 9.989839999999999831e-01
5.910999999999999588e+00 9.990510000000000224e-01
5.918000000000000149e+00 9.991170000000000329e-01
5.924999999999999822e+00 9.991820000000000146e-01
5.932000000000000384e+00 9.992459999999999676e-01
5.939000000000000057e+00 9.993090000000000028e-01
5.945999999999999730e+00 9.993699999999999806e-01
5.953000000000000291e+00 9.994300000000000406e-01
5.959999999999999964e+00 9.994880000000000431e-01
5.966999999999999638e+00 9.995439999999999880e-01
5.974000000000000199e+00 9.995990000000000153e-01
5.980999999999999872e+00 9.996509999999999563e-01
5.988000000000000433e+00 9.997019999999999795e-01
5.995000000000000107e+00 9.997500000000000275e-01
6.001999999999999780e+00 9.997949999999999893e-01
6.009000000000000341e+00 9.998390000000000333e-01
6.016000000000000014e+00 9.998789999999999623e-01
6.022999999999999687e+00 9.999169999999999447e-01
6.030000000000000249e+00 9.999510000000000343e-01
6.036999999999999922e+00 9.999820000000000375e-01
6.043999999999999595e+00 1.000010000000000066e+00
6.051000000000000156e+00 1.000034000000000090e+00
6.057999999999999829e+00 1.000053000000000081e+00
6.065000000000000391e+00 1.000069000000000097e+00
6.072000000000000064e+00 1.000080999999999998e+00
6.078999999999999737e+00 1.000086999999999948e+00
6.086000000000000298e+00 1.000089000000000006e+00
6.092999999999999972e+00 1.000084999999999891e+00
6.099999999999999645e+00 1.000075999999999965e+00
6.107000000000000206e+00 1.000061000000000089e+00
6.113999999999999879e+00 1.000040000000000040e+00
6.121000000000000441e+00 1.000011999999999901e+00
6.128000000000000114e+00 9.999780000000000335e-01
6.134999999999999787e+00 9.999360000000000470e-01
6.142000000000000348e+00 9.998860000000000525e-01
6.149000000000000021e+00 9.998280000000000500e-01
6.155999999999999694e+00 9.997620000000000395e-01
6.163000000000000256e+00 9.996869999999999923e-01
6.169999999999999929e+00 9.996019999999999905e-01
6.176999999999999602e+00 9.995070000000000343e-01
6.184000000000000163e+00 9.994009999999999838e-01
6.190999999999999837e+00 9.992839999999999501e-01
6.198000000000000398e+00 9.991560000000000441e-01
6.205000000000000071e+00 9.990149999999999864e-01
6.211999999999999744e+00 9.988609999999999989e-01
6.219000000000000306e+00 9.986930000000000529e-01
6.225999999999999979e+00 9.985110000000000374e-01
6.232999999999999652e+00 9.983130000000000059e-01
6.240000000000000213e+00 9.980989999999999585e-01
6.246999999999999886e+00 9.978679999999999772e-01
6.253999999999999559e+00 9.976199999999999513e-01
6.261000000000000121e+00 9.973520000000000163e-01
6.267999999999999794e+00 9.970649999999999791e-01
6.275000000000000355e+00 9.967559999999999754e-01
6.282000000000000028e+00 9.964250000000000052e-01
6.288999999999999702e+00 9.960719999999999574e-01
6.296000000000000263e+00 9.956930000000000502e-01
6.302999999999999936e+00 9.952889999999999793e-01
