1.000000000000000021e-02 1.000000999999999918e+00
2.000000000000000042e-02 1.000000000000000000e+00
2.999999999999999889e-02 1.000000999999999918e+00
4.000000000000000083e-02 1.000000000000000000e+00
5.000000000000000278e-02 1.000000000000000000e+00
5.999999999999999778e-02 1.000000999999999918e+00
7.000000000000000666e-02 1.000000999999999918e+00
8.000000000000000167e-02 1.000000000000000000e+00
8.999999999999999667e-02 1.000000000000000000e+00
1.000000000000000056e-01 1.000000000000000000e+00
1.100000000000000006e-01 1.000000000000000000e+00
1.199999999999999956e-01 1.000000000000000000e+00
1.300000000000000044e-01 1.000000000000000000e+00
1.400000000000000133e-01 1.000000000000000000e+00
1.499999999999999944e-01 1.000000000000000000e+00
1.600000000000000033e-01 1.000000000000000000e+00
1.700000000000000122e-01 1.000000000000000000e+00
1.799999999999999933e-01 1.000000000000000000e+00
1.900000000000000022e-01 1.000000000000000000e+00
2.000000000000000111e-01 1.000000000000000000e+00
2.099999999999999922e-01 1.000000000000000000e+00
2.200000000000000011e-01 1.000000000000000000e+00
2.300000000000000100e-01 1.000000000000000000e+00
2.399999999999999911e-01 1.000000000000000000e+00
2.500000000000000000e-01 1.000000000000000000e+00
2.600000000000000089e-01 1.000000000000000000e+00
2.700000000000000178e-01 1.000000000000000000e+00
2.800000000000000266e-01 1.000000000000000000e+00
2.899999999999999800e-01 1.000000000000000000e+00
2.999999999999999889e-01 1.000000000000000000e+00
3.099999999999999978e-01 1.000000000000000000e+00
3.200000000000000067e-01 1.000000000000000000e+00
3.300000000000000155e-01 1.000000000000000000e+00
3.400000000000000244e-01 1.000000000000000000e+00
3.499999999999999778e-01 1.000000000000000000e+00
3.599999999999999867e-01 1.000000000000000000e+00
3.699999999999999956e-01 1.000000000000000000e+00
3.800000000000000044e-01 1.000000000000000000e+00
3.900000000000000133e-01 1.000000000000000000e+00
4.000000000000000222e-01 1.000000000000000000e+00
4.099999999999999756e-01 1.000000000000000000e+00
4.199999999999999845e-01 1.000000000000000000e+00
4.299999999999999933e-01 1.000000000000000000e+00
4.400000000000000022e-01 1.000000000000000000e+00
4.500000000000000111e-01 1.000000000000000000e+00
4.600000000000000200e-01 1.000000000000000000e+00
4.699999999999999734e-01 1.000000000000000000e+00
4.799999999999999822e-01 1.000000000000000000e+00
4.899999999999999911e-01 1.000000000000000000e+00
5.000000000000000000e-01 1.000000000000000000e+00
5.100000000000000089e-01 1.000000000000000000e+00
5.200000000000000178e-01 1.000000000000000000e+00
5.300000000000000266e-01 1.000000000000000000e+00
5.400000000000000355e-01 1.000000000000000000e+00
5.500000000000000444e-01 1.000000000000000000e+00
5.600000000000000533e-01 1.000000000000000000e+00
5.699999999999999512e-01 1.000000000000000000e+00
5.799999999999999600e-01 1.000000000000000000e+00
5.899999999999999689e-01 1.000000000000000000e+00
5.999999999999999778e-01 1.000000000000000000e+00
6.099999999999999867e-01 1.000000000000000000e+00
6.199999999999999956e-01 1.000000000000000000e+00
6.300000000000000044e-01 1.000000000000000000e+00
6.400000000000000133e-01 1.000000000000000000e+00
6.500000000000000222e-01 1.000000000000000000e+00
6.600000000000000311e-01 1.000000000000000000e+00
6.700000000000000400e-01 1.000000000000000000e+00
6.800000000000000488e-01 1.000000000000000000e+00
6.899999999999999467e-01 1.000000000000000000e+00
6.999999999999999556e-01 1.000000000000000000e+00
7.099999999999999645e-01 1.000000000000000000e+00
7.199999999999999734e-01 1.000000000000000000e+00
7.299999999999999822e-01 1.000000000000000000e+00
7.399999999999999911e-01 1.000000000000000000e+00
7.500000000000000000e-01 1.000000000000000000e+00
7.600000000000000089e-01 1.000000000000000000e+00
7.700000000000000178e-01 1.000000000000000000e+00
7.800000000000000266e-01 1.000000000000000000e+00
7.900000000000000355e-01 1.000000000000000000e+00
8.000000000000000444e-01 1.000000000000000000e+00
8.100000000000000533e-01 1.000000000000000000e+00
8.199999999999999512e-01 1.000000000000000000e+00
8.299999999999999600e-01 1.000000000000000000e+00
8.399999999999999689e-01 1.000000000000000000e+00
8.499999999999999778e-01 1.000000000000000000e+00
8.599999999999999867e-01 1.000000000000000000e+00
8.699999999999999956e-01 1.000000000000000000e+00
8.800000000000000044e-01 1.000000000000000000e+00
8.900000000000000133e-01 1.000000000000000000e+00
9.000000000000000222e-01 1.000000000000000000e+00
9.100000000000000311e-01 1.000000000000000000e+00
9.200000000000000400e-01 1.000000000000000000e+00
9.300000000000000488e-01 1.000000000000000000e+00
9.399999999999999467e-01 1.000000000000000000e+00
9.499999999999999556e-01 1.000000000000000000e+00
9.599999999999999645e-01 1.000000000000000000e+00
9.699999999999999734e-01 1.000000000000000000e+00
9.799999999999999822e-01 1.000000000000000000e+00
9.899999999999999911e-01 1.000000000000000000e+00
1.000000000000000000e+00 1.000000000000000000e+00
1.010000000000000009e+00 1.000000999999999918e+00
1.020000000000000018e+00 1.000000999999999918e+00
1.030000000000000027e+00 1.000000999999999918e+00
1.040000000000000036e+00 1.000000999999999918e+00
1.050000000000000044e+00 1.000000999999999918e+00
1.060000000000000053e+00 1.000000999999999918e+00
1.070000000000000062e+00 1.000000999999999918e+00
1.080000000000000071e+00 1.000000999999999918e+00
1.090000000000000080e+00 1.000000999999999918e+00
1.100000000000000089e+00 1.000000999999999918e+00
1.110000000000000098e+00 1.000000999999999918e+00
1.120000000000000107e+00 1.000000999999999918e+00
1.129999999999999893e+00 1.000000999999999918e+00
1.139999999999999902e+00 1.000000999999999918e+00
1.149999999999999911e+00 1.000000999999999918e+00
1.159999999999999920e+00 1.000000999999999918e+00
1.169999999999999929e+00 1.000000999999999918e+00
1.179999999999999938e+00 1.000000999999999918e+00
1.189999999999999947e+00 1.000000999999999918e+00
1.199999999999999956e+00 1.000000999999999918e+00
1.209999999999999964e+00 1.000000999999999918e+00
1.219999999999999973e+00 1.000000999999999918e+00
1.229999999999999982e+00 1.000000999999999918e+00
1.239999999999999991e+00 1.000000999999999918e+00
1.250000000000000000e+00 1.000000999999999918e+00
1.260000000000000009e+00 1.000000999999999918e+00
1.270000000000000018e+00 1.000000999999999918e+00
1.280000000000000027e+00 1.000000999999999918e+00
1.290000000000000036e+00 1.000000999999999918e+00
1.300000000000000044e+00 1.000000999999999918e+00
1.310000000000000053e+00 1.000000999999999918e+00
1.320000000000000062e+00 1.000000999999999918e+00
1.330000000000000071e+00 1.000000999999999918e+00
1.340000000000000080e+00 1.000000999999999918e+00
1.350000000000000089e+00 1.000000000000000000e+00
1.360000000000000098e+00 1.000000000000000000e+00
1.370000000000000107e+00 1.000000000000000000e+00
1.379999999999999893e+00 1.000000000000000000e+00
1.389999999999999902e+00 1.000000000000000000e+00
1.399999999999999911e+00 1.000000000000000000e+00
1.409999999999999920e+00 1.000000000000000000e+00
1.419999999999999929e+00 1.000000000000000000e+00
1.429999999999999938e+00 1.000000000000000000e+00
1.439999999999999947e+00 1.000000000000000000e+00
1.449999999999999956e+00 1.000000000000000000e+00
1.459999999999999964e+00 1.000000000000000000e+00
1.469999999999999973e+00 1.000000000000000000e+00
1.479999999999999982e+00 1.000000000000000000e+00
1.489999999999999991e+00 1.000000000000000000e+00
1.500000000000000000e+00 1.000000000000000000e+00
1.510000000000000009e+00 1.000000000000000000e+00
1.520000000000000018e+00 1.000000000000000000e+00
1.530000000000000027e+00 1.000000000000000000e+00
1.540000000000000036e+00 1.000000000000000000e+00
1.550000000000000044e+00 1.000000000000000000e+00
1.560000000000000053e+00 1.000000000000000000e+00
1.570000000000000062e+00 1.000000000000000000e+00
1.580000000000000071e+00 1.000000000000000000e+00
1.590000000000000080e+00 1.000000000000000000e+00
1.600000000000000089e+00 1.000000000000000000e+00
1.610000000000000098e+00 1.000000000000000000e+00
1.620000000000000107e+00 1.000000000000000000e+00
1.629999999999999893e+00 1.000000000000000000e+00
1.639999999999999902e+00 1.000000000000000000e+00
1.649999999999999911e+00 1.000000000000000000e+00
1.659999999999999920e+00 1.000000000000000000e+00
1.669999999999999929e+00 1.000000000000000000e+00
1.679999999999999938e+00 1.000000000000000000e+00
1.689999999999999947e+00 1.000000000000000000e+00
1.699999999999999956e+00 1.000000000000000000e+00
1.709999999999999964e+00 1.000000000000000000e+00
1.719999999999999973e+00 1.000000000000000000e+00
1.729999999999999982e+00 1.000000000000000000e+00
1.739999999999999991e+00 1.000000000000000000e+00
1.750000000000000000e+00 1.000000000000000000e+00
1.760000000000000009e+00 1.000000000000000000e+00
1.770000000000000018e+00 1.000000000000000000e+00
1.780000000000000027e+00 1.000000000000000000e+00
1.790000000000000036e+00 1.000000000000000000e+00
1.800000000000000044e+00 1.000000000000000000e+00
1.810000000000000053e+00 1.000000000000000000e+00
1.820000000000000062e+00 1.000000000000000000e+00
1.830000000000000071e+00 1.000000000000000000e+00
1.840000000000000080e+00 1.000000000000000000e+00
1.850000000000000089e+00 1.000000000000000000e+00
1.860000000000000098e+00 1.000000000000000000e+00
1.870000000000000107e+00 1.000000000000000000e+00
1.879999999999999893e+00 1.000000000000000000e+00
1.889999999999999902e+00 1.000000000000000000e+00
1.899999999999999911e+00 1.000000000000000000e+00
1.909999999999999920e+00 1.000000000000000000e+00
1.919999999999999929e+00 1.000000000000000000e+00
1.929999999999999938e+00 1.000000000000000000e+00
1.939999999999999947e+00 1.000000000000000000e+00
1.949999999999999956e+00 1.000000000000000000e+00
1.959999999999999964e+00 1.000000000000000000e+00
1.969999999999999973e+00 1.000000000000000000e+00
1.979999999999999982e+00 1.000000000000000000e+00
1.989999999999999991e+00 1.000000000000000000e+00
2.000000000000000000e+00 1.000000000000000000e+00
2.009999999999999787e+00 1.000000000000000000e+00
2.020000000000000018e+00 1.000000000000000000e+00
2.029999999999999805e+00 1.000000000000000000e+00
2.040000000000000036e+00 1.000000000000000000e+00
2.049999999999999822e+00 1.000000000000000000e+00
2.060000000000000053e+00 1.000000000000000000e+00
2.069999999999999840e+00 1.000000000000000000e+00
2.080000000000000071e+00 1.000000000000000000e+00
2.089999999999999858e+00 1.000000000000000000e+00
2.100000000000000089e+00 1.000000000000000000e+00
2.109999999999999876e+00 1.000000000000000000e+00
2.120000000000000107e+00 1.000000000000000000e+00
2.129999999999999893e+00 1.000000000000000000e+00
2.140000000000000124e+00 1.000000000000000000e+00
2.149999999999999911e+00 1.000000000000000000e+00
2.160000000000000142e+00 1.000000000000000000e+00
2.169999999999999929e+00 1.000000000000000000e+00
2.180000000000000160e+00 1.000000000000000000e+00
2.189999999999999947e+00 1.000000000000000000e+00
2.200000000000000178e+00 1.000000000000000000e+00
2.209999999999999964e+00 1.000000000000000000e+00
2.220000000000000195e+00 1.000000000000000000e+00
2.229999999999999982e+00 1.000000000000000000e+00
2.240000000000000213e+00 1.000000000000000000e+00
2.250000000000000000e+00 1.000000000000000000e+00
2.259999999999999787e+00 1.000000000000000000e+00
2.270000000000000018e+00 1.000000000000000000e+00
2.279999999999999805e+00 1.000000000000000000e+00
2.290000000000000036e+00 1.000000000000000000e+00
2.299999999999999822e+00 1.000000999999999918e+00
2.310000000000000053e+00 1.000000999999999918e+00
2.319999999999999840e+00 1.000000999999999918e+00
2.330000000000000071e+00 1.000000999999999918e+00
2.339999999999999858e+00 1.000000999999999918e+00
2.350000000000000089e+00 1.000000999999999918e+00
2.359999999999999876e+00 1.000000999999999918e+00
2.370000000000000107e+00 1.000000999999999918e+00
2.379999999999999893e+00 1.000000999999999918e+00
2.390000000000000124e+00 1.000000999999999918e+00
2.399999999999999911e+00 1.000000999999999918e+00
2.410000000000000142e+00 1.000000999999999918e+00
2.419999999999999929e+00 1.000000999999999918e+00
2.430000000000000160e+00 1.000000999999999918e+00
2.439999999999999947e+00 1.000000999999999918e+00
2.450000000000000178e+00 1.000000999999999918e+00
2.459999999999999964e+00 1.000000999999999918e+00
2.470000000000000195e+00 1.000000999999999918e+00
2.479999999999999982e+00 1.000000999999999918e+00
2.490000000000000213e+00 1.000000999999999918e+00
2.500000000000000000e+00 1.000000999999999918e+00
2.509999999999999787e+00 1.000000999999999918e+00
2.520000000000000018e+00 1.000000999999999918e+00
2.529999999999999805e+00 1.000000999999999918e+00
2.540000000000000036e+00 1.000000999999999918e+00
2.549999999999999822e+00 1.000000999999999918e+00
2.560000000000000053e+00 1.000000999999999918e+00
2.569999999999999840e+00 1.000000999999999918e+00
2.580000000000000071e+00 1.000000999999999918e+00
2.589999999999999858e+00 1.000000999999999918e+00
2.600000000000000089e+00 1.000000999999999918e+00
2.609999999999999876e+00 1.000000999999999918e+00
2.620000000000000107e+00 1.000000999999999918e+00
2.629999999999999893e+00 1.000000999999999918e+00
2.640000000000000124e+00 1.000000999999999918e+00
2.649999999999999911e+00 1.000000999999999918e+00
2.660000000000000142e+00 1.000000999999999918e+00
2.669999999999999929e+00 1.000000999999999918e+00
2.680000000000000160e+00 1.000002000000000058e+00
2.689999999999999947e+00 1.000002000000000058e+00
2.700000000000000178e+00 1.000002000000000058e+00
2.709999999999999964e+00 1.000002000000000058e+00
2.720000000000000195e+00 1.000002000000000058e+00
2.729999999999999982e+00 1.000002000000000058e+00
2.740000000000000213e+00 1.000002000000000058e+00
2.750000000000000000e+00 1.000002000000000058e+00
2.759999999999999787e+00 1.000002000000000058e+00
2.770000000000000018e+00 1.000002000000000058e+00
2.779999999999999805e+00 1.000002000000000058e+00
2.790000000000000036e+00 1.000002000000000058e+00
2.799999999999999822e+00 1.000002000000000058e+00
2.810000000000000053e+00 1.000002000000000058e+00
2.819999999999999840e+00 1.000002000000000058e+00
2.830000000000000071e+00 1.000002000000000058e+00
2.839999999999999858e+00 1.000002000000000058e+00
2.850000000000000089e+00 1.000002000000000058e+00
2.859999999999999876e+00 1.000002000000000058e+00
2.870000000000000107e+00 1.000002000000000058e+00
2.879999999999999893e+00 1.000002000000000058e+00
2.890000000000000124e+00 1.000002000000000058e+00
2.899999999999999911e+00 1.000002000000000058e+00
2.910000000000000142e+00 1.000002000000000058e+00
2.919999999999999929e+00 1.000002000000000058e+00
2.930000000000000160e+00 1.000002000000000058e+00
2.939999999999999947e+00 1.000002000000000058e+00
2.950000000000000178e+00 1.000002000000000058e+00
2.959999999999999964e+00 1.000002000000000058e+00
2.970000000000000195e+00 1.000002000000000058e+00
2.979999999999999982e+00 1.000002000000000058e+00
2.990000000000000213e+00 1.000002000000000058e+00
3.000000000000000000e+00 1.000002999999999975e+00
3.009999999999999787e+00 1.000002999999999975e+00
3.020000000000000018e+00 1.000002999999999975e+00
3.029999999999999805e+00 1.000002999999999975e+00
3.040000000000000036e+00 1.000002999999999975e+00
3.049999999999999822e+00 1.000002999999999975e+00
3.060000000000000053e+00 1.000002999999999975e+00
3.069999999999999840e+00 1.000002999999999975e+00
3.080000000000000071e+00 1.000002999999999975e+00
3.089999999999999858e+00 1.000002999999999975e+00
3.100000000000000089e+00 1.000002999999999975e+00
3.109999999999999876e+00 1.000002999999999975e+00
3.120000000000000107e+00 1.000002999999999975e+00
3.129999999999999893e+00 1.000002999999999975e+00
3.140000000000000124e+00 1.000002999999999975e+00
3.149999999999999911e+00 1.000002999999999975e+00
3.160000000000000142e+00 1.000002999999999975e+00
3.169999999999999929e+00 1.000002999999999975e+00
3.180000000000000160e+00 1.000002999999999975e+00
3.189999999999999947e+00 1.000002999999999975e+00
3.200000000000000178e+00 1.000002999999999975e+00
3.209999999999999964e+00 1.000002999999999975e+00
3.220000000000000195e+00 1.000002999999999975e+00
3.229999999999999982e+00 1.000002999999999975e+00
3.240000000000000213e+00 1.000002999999999975e+00
3.250000000000000000e+00 1.000002999999999975e+00
3.259999999999999787e+00 1.000002999999999975e+00
3.270000000000000018e+00 1.000002999999999975e+00
3.279999999999999805e+00 1.000002999999999975e+00
3.290000000000000036e+00 1.000002999999999975e+00
3.299999999999999822e+00 1.000002999999999975e+00
3.310000000000000053e+00 1.000003999999999893e+00
3.319999999999999840e+00 1.000003999999999893e+00
3.330000000000000071e+00 1.000003999999999893e+00
3.339999999999999858e+00 1.000003999999999893e+00
3.350000000000000089e+00 1.000003999999999893e+00
3.359999999999999876e+00 1.000003999999999893e+00
3.370000000000000107e+00 1.000003999999999893e+00
3.379999999999999893e+00 1.000003999999999893e+00
3.390000000000000124e+00 1.000003999999999893e+00
3.399999999999999911e+00 1.000003999999999893e+00
3.410000000000000142e+00 1.000003999999999893e+00
3.419999999999999929e+00 1.000003999999999893e+00
3.430000000000000160e+00 1.000003999999999893e+00
3.439999999999999947e+00 1.000003999999999893e+00
3.450000000000000178e+00 1.000003999999999893e+00
3.459999999999999964e+00 1.000003999999999893e+00
3.470000000000000195e+00 1.000003999999999893e+00
3.479999999999999982e+00 1.000003999999999893e+00
3.490000000000000213e+00 1.000003999999999893e+00
3.500000000000000000e+00 9.984739999999999727e-01
3.509999999999999787e+00 9.944880000000000386e-01
3.520000000000000018e+00 9.924439999999999928e-01
3.529999999999999805e+00 9.909130000000000438e-01
3.540000000000000036e+00 9.896610000000000129e-01
3.549999999999999822e+00 9.885909999999999975e-01
3.560000000000000053e+00 9.876549999999999496e-01
3.569999999999999840e+00 9.868200000000000305e-01
3.580000000000000071e+00 9.860679999999999445e-01
3.589999999999999858e+00 9.853830000000000089e-01
3.600000000000000089e+00 9.847550000000000470e-01
3.609999999999999876e+00 9.841760000000000508e-01
3.620000000000000107e+00 9.836390000000000411e-01
3.629999999999999893e+00 9.831400000000000139e-01
3.640000000000000124e+00 9.826730000000000187e-01
3.649999999999999911e+00 9.822359999999999980e-01
3.660000000000000142e+00 9.818259999999999765e-01
3.669999999999999929e+00 9.814399999999999791e-01
3.680000000000000160e+00 9.810759999999999481e-01
3.689999999999999947e+00 9.807320000000000482e-01
3.700000000000000178e+00 9.804070000000000285e-01
3.709999999999999964e+00 9.800980000000000247e-01
3.720000000000000195e+00 9.798059999999999548e-01
3.729999999999999982e+00 9.795279999999999543e-01
3.740000000000000213e+00 9.792629999999999946e-01
3.750000000000000000e+00 9.790119999999999933e-01
3.759999999999999787e+00 9.787719999999999754e-01
3.770000000000000018e+00 9.785439999999999694e-01
3.779999999999999805e+00 9.783260000000000289e-01
3.790000000000000036e+00 9.781180000000000430e-01
3.799999999999999822e+00 9.779189999999999827e-01
3.810000000000000053e+00 9.777299999999999880e-01
3.819999999999999840e+00 9.775490000000000013e-01
3.830000000000000071e+00 9.773749999999999938e-01
3.839999999999999858e+00 9.772100000000000231e-01
3.850000000000000089e+00 9.770510000000000028e-01
3.859999999999999876e+00 9.768999999999999906e-01
3.870000000000000107e+00 9.767550000000000399e-01
3.879999999999999893e+00 9.766160000000000396e-01
3.890000000000000124e+00 9.764840000000000186e-01
3.899999999999999911e+00 9.763570000000000304e-01
3.910000000000000142e+00 9.762359999999999927e-01
3.919999999999999929e+00 9.761199999999999877e-01
3.930000000000000160e+00 9.760100000000000442e-01
3.939999999999999947e+00 9.759039999999999937e-01
3.950000000000000178e+00 9.758029999999999760e-01
3.959999999999999964e+00 9.757069999999999910e-01
3.970000000000000195e+00 9.756160000000000387e-01
3.979999999999999982e+00 9.755279999999999507e-01
3.990000000000000213e+00 9.754450000000000065e-01
4.000000000000000000e+00 9.753659999999999553e-01
4.009999999999999787e+00 9.752910000000000190e-01
4.019999999999999574e+00 9.752199999999999758e-01
4.030000000000000249e+00 9.751530000000000475e-01
4.040000000000000036e+00 9.750889999999999835e-01
4.049999999999999822e+00 9.750290000000000346e-01
4.059999999999999609e+00 9.749729999999999785e-01
4.070000000000000284e+00 9.749189999999999801e-01
4.080000000000000071e+00 9.748700000000000143e-01
4.089999999999999858e+00 9.748229999999999951e-01
4.099999999999999645e+00 9.747789999999999511e-01
4.110000000000000320e+00 9.747390000000000221e-01
4.120000000000000107e+00 9.747010000000000396e-01
4.129999999999999893e+00 9.746669999999999501e-01
4.139999999999999680e+00 9.746350000000000291e-01
4.150000000000000355e+00 9.746059999999999723e-01
4.160000000000000142e+00 9.745800000000000018e-01
4.169999999999999929e+00 9.745570000000000066e-01
4.179999999999999716e+00 9.745359999999999578e-01
4.190000000000000391e+00 9.745179999999999954e-01
4.200000000000000178e+00 9.745030000000000081e-01
4.209999999999999964e+00 9.744899999999999674e-01
4.219999999999999751e+00 9.744800000000000129e-01
4.230000000000000426e+00 9.744720000000000049e-01
4.240000000000000213e+00 9.744660000000000544e-01
4.250000000000000000e+00 9.744629999999999681e-01
4.259999999999999787e+00 9.744620000000000504e-01
4.269999999999999574e+00 9.744639999999999969e-01
4.280000000000000249e+00 9.744669999999999721e-01
4.290000000000000036e+00 9.744730000000000336e-01
4.299999999999999822e+00 9.744819999999999593e-01
4.309999999999999609e+00 9.744920000000000249e-01
4.320000000000000284e+00 9.745049999999999546e-01
4.330000000000000071e+00 9.745190000000000241e-01
4.339999999999999858e+00 9.745359999999999578e-01
4.349999999999999645e+00 9.745549999999999491e-01
4.360000000000000320e+00 9.745759999999999978e-01
4.370000000000000107e+00 9.745989999999999931e-01
4.379999999999999893e+00 9.746230000000000171e-01
4.389999999999999680e+00 9.746500000000000163e-01
4.400000000000000355e+00 9.746789999999999621e-01
4.410000000000000142e+00 9.747099999999999653e-01
4.419999999999999929e+00 9.747430000000000261e-01
4.429999999999999716e+00 9.747770000000000046e-01
4.440000000000000391e+00 9.748139999999999583e-01
4.450000000000000178e+00 9.748520000000000518e-01
4.459999999999999964e+00 9.748930000000000096e-01
4.469999999999999751e+00 9.749349999999999961e-01
4.480000000000000426e+00 9.749790000000000401e-01
4.490000000000000213e+00 9.750240000000000018e-01
4.500000000000000000e+00 9.750720000000000498e-01
4.509999999999999787e+00 9.751210000000000155e-01
4.519999999999999574e+00 9.751720000000000388e-01
4.530000000000000249e+00 9.752250000000000085e-01
4.540000000000000036e+00 9.752800000000000358e-01
4.549999999999999822e+00 9.753359999999999808e-01
4.559999999999999609e+00 9.753939999999999833e-01
4.570000000000000284e+00 9.754540000000000433e-01
4.580000000000000071e+00 9.755150000000000210e-01
4.589999999999999858e+00 9.755779999999999452e-01
4.599999999999999645e+00 9.756430000000000380e-01
4.610000000000000320e+00 9.757099999999999662e-01
4.620000000000000107e+00 9.757780000000000342e-01
4.629999999999999893e+00 9.758480000000000487e-01
4.639999999999999680e+00 9.759200000000000097e-01
4.650000000000000355e+00 9.759929999999999994e-01
4.660000000000000142e+00 9.760680000000000467e-01
4.669999999999999929e+00 9.761450000000000404e-01
4.679999999999999716e+00 9.762229999999999519e-01
4.690000000000000391e+00 9.763030000000000319e-01
4.700000000000000178e+00 9.763840000000000297e-01
4.709999999999999964e+00 9.764669999999999739e-01
4.719999999999999751e+00 9.765519999999999756e-01
4.730000000000000426e+00 9.766390000000000349e-01
4.740000000000000213e+00 9.767270000000000119e-01
4.750000000000000000e+00 9.768160000000000176e-01
4.759999999999999787e+00 9.769069999999999698e-01
4.769999999999999574e+00 9.769999999999999796e-01
4.780000000000000249e+00 9.770950000000000468e-01
4.790000000000000036e+00 9.771910000000000318e-01
4.799999999999999822e+00 9.772889999999999633e-01
4.809999999999999609e+00 9.773880000000000345e-01
4.820000000000000284e+00 9.774890000000000523e-01
4.830000000000000071e+00 9.775920000000000165e-01
4.839999999999999858e+00 9.776960000000000095e-01
4.849999999999999645e+00 9.778010000000000312e-01
4.860000000000000320e+00 9.779090000000000282e-01
4.870000000000000107e+00 9.780180000000000540e-01
4.879999999999999893e+00 9.781279999999999974e-01
4.889999999999999680e+00 9.782410000000000272e-01
4.900000000000000355e+00 9.783549999999999747e-01
4.910000000000000142e+00 9.784699999999999509e-01
4.919999999999999929e+00 9.785869999999999846e-01
4.929999999999999716e+00 9.787059999999999649e-01
4.940000000000000391e+00 9.788259999999999739e-01
4.950000000000000178e+00 9.789480000000000404e-01
4.959999999999999964e+00 9.790710000000000246e-01
4.969999999999999751e+00 9.791959999999999553e-01
4.980000000000000426e+00 9.793230000000000546e-01
4.990000000000000213e+00 9.794519999999999893e-01
5.000000000000000000e+00 9.795819999999999528e-01
5.009999999999999787e+00 9.797129999999999450e-01
5.019999999999999574e+00 9.798459999999999948e-01
5.030000000000000249e+00 9.799809999999999910e-01
5.040000000000000036e+00 9.801180000000000447e-01
5.049999999999999822e+00 9.802560000000000162e-01
5.059999999999999609e+00 9.803950000000000164e-01
5.070000000000000284e+00 9.805369999999999919e-01
5.080000000000000071e+00 9.806799999999999962e-01
5.089999999999999858e+00 9.808240000000000292e-01
5.099999999999999645e+00 9.809710000000000374e-01
5.110000000000000320e+00 9.811180000000000456e-01
5.120000000000000107e+00 9.812680000000000291e-01
5.129999999999999893e+00 9.814190000000000413e-01
5.139999999999999680e+00 9.815720000000000001e-01
5.150000000000000355e+00 9.817259999999999875e-01
5.160000000000000142e+00 9.818820000000000325e-01
5.169999999999999929e+00 9.820400000000000240e-01
5.179999999999999716e+00 9.821990000000000443e-01
5.190000000000000391e+00 9.823600000000000110e-01
5.200000000000000178e+00 9.825220000000000065e-01
5.209999999999999964e+00 9.826869999999999772e-01
5.219999999999999751e+00 9.828519999999999479e-01
5.230000000000000426e+00 9.830200000000000049e-01
5.240000000000000213e+00 9.831889999999999796e-01
5.250000000000000000e+00 9.833589999999999831e-01
5.259999999999999787e+00 9.835310000000000441e-01
5.269999999999999574e+00 9.837050000000000516e-01
5.280000000000000249e+00 9.838810000000000056e-01
5.290000000000000036e+00 9.840579999999999883e-01
5.299999999999999822e+00 9.842359999999999998e-01
5.309999999999999609e+00 9.844159999999999577e-01
5.320000000000000284e+00 9.845979999999999732e-01
5.330000000000000071e+00 9.847810000000000175e-01
5.339999999999999858e+00 9.849660000000000082e-01
5.349999999999999645e+00 9.851529999999999454e-01
5.360000000000000320e+00 9.853399999999999936e-01
5.370000000000000107e+00 9.855300000000000171e-01
5.379999999999999893e+00 9.857209999999999583e-01
5.389999999999999680e+00 9.859130000000000393e-01
5.400000000000000355e+00 9.861069999999999558e-01
5.410000000000000142e+00 9.863030000000000408e-01
5.419999999999999929e+00 9.865000000000000435e-01
5.429999999999999716e+00 9.866979999999999640e-01
5.440000000000000391e+00 9.868980000000000530e-01
5.450000000000000178e+00 9.870989999999999487e-01
5.459999999999999964e+00 9.873009999999999842e-01
5.469999999999999751e+00 9.875049999999999661e-01
5.480000000000000426e+00 9.877099999999999769e-01
5.490000000000000213e+00 9.879170000000000451e-01
5.500000000000000000e+00 9.881250000000000311e-01
5.509999999999999787e+00 9.883340000000000458e-01
5.519999999999999574e+00 9.885439999999999783e-01
5.530000000000000249e+00 9.887559999999999683e-01
5.540000000000000036e+00 9.889679999999999582e-01
5.549999999999999822e+00 9.891820000000000057e-01
5.559999999999999609e+00 9.893969999999999709e-01
5.570000000000000284e+00 9.896129999999999649e-01
5.580000000000000071e+00 9.898299999999999876e-01
5.589999999999999858e+00 9.900480000000000391e-01
5.599999999999999645e+00 9.902670000000000083e-01
5.610000000000000320e+00 9.904870000000000063e-01
5.620000000000000107e+00 9.907080000000000330e-01
5.629999999999999893e+00 9.909289999999999488e-01
5.639999999999999680e+00 9.911510000000000042e-01
5.650000000000000355e+00 9.913739999999999775e-01
5.660000000000000142e+00 9.915969999999999507e-01
5.669999999999999929e+00 9.918209999999999527e-01
5.679999999999999716e+00 9.920459999999999834e-01
5.690000000000000391e+00 9.922699999999999854e-01
5.700000000000000178e+00 9.924950000000000161e-01
5.709999999999999964e+00 9.927209999999999646e-01
5.719999999999999751e+00 9.929459999999999953e-01
5.730000000000000426e+00 9.931710000000000260e-01
5.740000000000000213e+00 9.933969999999999745e-01
5.750000000000000000e+00 9.936220000000000052e-01
5.759999999999999787e+00 9.938470000000000359e-01
5.769999999999999574e+00 9.940710000000000379e-01
5.780000000000000249e+00 9.942950000000000399e-01
5.790000000000000036e+00 9.945180000000000131e-01
5.799999999999999822e+00 9.947409999999999863e-01
5.809999999999999609e+00 9.949620000000000131e-01
5.820000000000000284e+00 9.951830000000000398e-01
5.830000000000000071e+00 9.954020000000000090e-01
5.839999999999999858e+00 9.956190000000000317e-01
5.849999999999999645e+00 9.958360000000000545e-01
5.860000000000000320e+00 9.960499999999999909e-01
5.870000000000000107e+00 9.962619999999999809e-01
5.879999999999999893e+00 9.964720000000000244e-01
5.889999999999999680e+00 9.966789999999999816e-01
5.900000000000000355e+00 9.968839999999999923e-01
5.910000000000000142e+00 9.970860000000000278e-01
5.919999999999999929e+00 9.972849999999999770e-01
5.929999999999999716e+00 9.974800000000000333e-01
5.940000000000000391e+00 9.976709999999999745e-01
5.950000000000000178e+00 9.978580000000000227e-01
5.959999999999999964e+00 9.980409999999999560e-01
5.969999999999999751e+00 9.982180000000000497e-01
5.980000000000000426e+00 9.983910000000000284e-01
5.990000000000000213e+00 9.985570000000000279e-01
6.000000000000000000e+00 9.987179999999999946e-01
6.009999999999999787e+00 9.988719999999999821e-01
6.019999999999999574e+00 9.990189999999999904e-01
6.030000000000000249e+00 9.991590000000000193e-01
6.040000000000000036e+00 9.992900000000000116e-01
6.049999999999999822e+00 9.994129999999999958e-01
6.059999999999999609e+00 9.995260000000000256e-01
6.070000000000000284e+00 9.996289999999999898e-01
6.080000000000000071e+00 9.997219999999999995e-01
6.089999999999999858e+00 9.998029999999999973e-01
6.099999999999999645e+00 9.998719999999999830e-01
6.110000000000000320e+00 9.999270000000000103e-01
6.120000000000000107e+00 9.999689999999999968e-01
6.129999999999999893e+00 9.999959999999999960e-01
6.139999999999999680e+00 1.000005999999999950e+00
6.150000000000000355e+00 1.000000000000000000e+00
6.160000000000000142e+00 9.999749999999999472e-01
6.169999999999999929e+00 9.999310000000000143e-01
6.179999999999999716e+00 9.998660000000000325e-01
6.190000000000000391e+00 9.997779999999999445e-01
6.200000000000000178e+00 9.996669999999999723e-01
6.209999999999999964e+00 9.995300000000000296e-01
6.219999999999999751e+00 9.993659999999999766e-01
6.230000000000000426e+00 9.991729999999999778e-01
6.240000000000000213e+00 9.989489999999999759e-01
6.250000000000000000e+00 9.986920000000000242e-01
6.259999999999999787e+00 9.983990000000000364e-01
6.269999999999999574e+00 9.980679999999999552e-01
6.280000000000000249e+00 9.976969999999999450e-01
6.290000000000000036e+00 9.972830000000000306e-01
6.299999999999999822e+00 9.968219999999999859e-01
6.309999999999999609e+00 9.963109999999999467e-01
6.320000000000000284e+00 9.957479999999999665e-01
6.330000000000000071e+00 9.951280000000000125e-01
6.339999999999999858e+00 9.944469999999999699e-01
6.349999999999999645e+00 9.937009999999999454e-01
6.360000000000000320e+00 9.928860000000000463e-01
6.370000000000000107e+00 9.919959999999999889e-01
6.379999999999999893e+00 9.910259999999999625e-01
6.389999999999999680e+00 9.899710000000000454e-01
6.400000000000000355e+00 9.888240000000000363e-01
6.410000000000000142e+00 9.875789999999999846e-01
6.419999999999999929e+00 9.862279999999999935e-01
6.429999999999999716e+00 9.847650000000000015e-01
6.440000000000000391e+00 9.831809999999999716e-01
6.450000000000000178e+00 9.814669999999999783e-01
6.459999999999999964e+00 9.796129999999999560e-01
6.469999999999999751e+00 9.776110000000000078e-01
6.480000000000000426e+00 9.754479999999999817e-01
6.490000000000000213e+00 9.731140000000000345e-01
6.500000000000000000e+00 9.705949999999999855e-01
6.509999999999999787e+00 9.678780000000000161e-01
6.519999999999999574e+00 9.649499999999999744e-01
6.530000000000000249e+00 9.617949999999999555e-01
6.540000000000000036e+00 9.583960000000000257e-01
6.549999999999999822e+00 9.547360000000000291e-01
6.559999999999999609e+00 9.507970000000000033e-01
6.570000000000000284e+00 9.465590000000000392e-01
6.580000000000000071e+00 9.420009999999999772e-01
6.589999999999999858e+00 9.371019999999999905e-01
6.599999999999999645e+00 9.318389999999999729e-01
6.610000000000000320e+00 9.261869999999999825e-01
6.620000000000000107e+00 9.201219999999999954e-01
6.629999999999999893e+00 9.136180000000000412e-01
6.639999999999999680e+00 9.066480000000000095e-01
6.650000000000000355e+00 8.991860000000000408e-01
6.660000000000000142e+00 8.912039999999999962e-01
6.669999999999999929e+00 8.826749999999999874e-01
6.679999999999999716e+00 8.735739999999999617e-01
6.690000000000000391e+00 8.638740000000000308e-01
6.700000000000000178e+00 8.535530000000000062e-01
6.709999999999999964e+00 8.425890000000000324e-01
6.719999999999999751e+00 8.309670000000000112e-01
6.730000000000000426e+00 8.186729999999999841e-01
6.740000000000000213e+00 8.056999999999999718e-01
6.750000000000000000e+00 7.920500000000000318e-01
6.759999999999999787e+00 7.777300000000000324e-01
6.769999999999999574e+00 7.627589999999999648e-01
6.780000000000000249e+00 7.471680000000000543e-01
6.790000000000000036e+00 7.309999999999999831e-01
6.799999999999999822e+00 7.143140000000000045e-01
6.809999999999999609e+00 6.971840000000000259e-01
6.820000000000000284e+00 6.797020000000000284e-01
6.830000000000000071e+00 6.619760000000000089e-01
6.839999999999999858e+00 6.441369999999999596e-01
6.849999999999999645e+00 6.263290000000000246e-01
6.860000000000000320e+00 6.087190000000000101e-01
6.870000000000000107e+00 5.914829999999999810e-01
6.879999999999999893e+00 5.748159999999999936e-01
6.889999999999999680e+00 5.589169999999999972e-01
6.900000000000000355e+00 5.439880000000000271e-01
6.910000000000000142e+00 5.302299999999999791e-01
6.919999999999999929e+00 5.178310000000000413e-01
6.929999999999999716e+00 5.069599999999999662e-01
6.940000000000000391e+00 4.977559999999999762e-01
6.950000000000000178e+00 4.903270000000000128e-01
6.959999999999999964e+00 4.847360000000000002e-01
6.969999999999999751e+00 4.810030000000000139e-01
6.980000000000000426e+00 4.791050000000000031e-01
6.990000000000000213e+00 4.789729999999999821e-01
7.000000000000000000e+00 4.805039999999999867e-01
7.009999999999999787e+00 4.835650000000000226e-01
7.019999999999999574e+00 4.880019999999999913e-01
7.030000000000000249e+00 4.936510000000000065e-01
7.040000000000000036e+00 5.003400000000000070e-01
7.049999999999999822e+00 5.079040000000000221e-01
7.059999999999999609e+00 5.161820000000000297e-01
7.070000000000000284e+00 5.250270000000000215e-01
7.080000000000000071e+00 5.343040000000000012e-01
7.089999999999999858e+00 5.438939999999999886e-01
7.099999999999999645e+00 5.536919999999999620e-01
7.110000000000000320e+00 5.636060000000000514e-01
7.120000000000000107e+00 5.735609999999999875e-01
7.129999999999999893e+00 5.834909999999999819e-01
7.139999999999999680e+00 5.933420000000000361e-01
7.150000000000000355e+00 6.030720000000000525e-01
7.160000000000000142e+00 6.126439999999999664e-01
7.169999999999999929e+00 6.220310000000000006e-01
7.179999999999999716e+00 6.312119999999999953e-01
7.190000000000000391e+00 6.401700000000000168e-01
7.200000000000000178e+00 6.488939999999999708e-01
7.209999999999999964e+00 6.573769999999999891e-01
7.219999999999999751e+00 6.656130000000000102e-01
7.230000000000000426e+00 6.736010000000000053e-01
7.240000000000000213e+00 6.813409999999999744e-01
7.250000000000000000e+00 6.888349999999999751e-01
7.259999999999999787e+00 6.960870000000000113e-01
7.269999999999999574e+00 7.030999999999999472e-01
7.280000000000000249e+00 7.098790000000000378e-01
7.290000000000000036e+00 7.164319999999999578e-01
7.299999999999999822e+00 7.227630000000000443e-01
7.309999999999999609e+00 7.288799999999999724e-01
7.320000000000000284e+00 7.347890000000000255e-01
7.330000000000000071e+00 7.404979999999999896e-01
7.339999999999999858e+00 7.460130000000000372e-01
7.349999999999999645e+00 7.513410000000000366e-01
7.360000000000000320e+00 7.564889999999999670e-01
7.370000000000000107e+00 7.614640000000000297e-01
7.379999999999999893e+00 7.662729999999999819e-01
7.389999999999999680e+00 7.709219999999999962e-01
7.400000000000000355e+00 7.754170000000000229e-01
7.410000000000000142e+00 7.797640000000000127e-01
7.419999999999999929e+00 7.839699999999999447e-01
7.429999999999999716e+00 7.880399999999999627e-01
7.440000000000000391e+00 7.919789999999999885e-01
7.450000000000000178e+00 7.957929999999999726e-01
7.459999999999999964e+00 7.994860000000000300e-01
7.469999999999999751e+00 8.030640000000000001e-01
7.480000000000000426e+00 8.065320000000000267e-01
7.490000000000000213e+00 8.098929999999999740e-01
7.500000000000000000e+00 8.131530000000000147e-01
7.509999999999999787e+00 8.163139999999999841e-01
7.519999999999999574e+00 8.193810000000000260e-01
7.530000000000000249e+00 8.223589999999999511e-01
7.540000000000000036e+00 8.252490000000000103e-01
7.549999999999999822e+00 8.280570000000000430e-01
7.559999999999999609e+00 8.307839999999999669e-01
7.570000000000000284e+00 8.334350000000000369e-01
7.580000000000000071e+00 8.360119999999999774e-01
7.589999999999999858e+00 8.385169999999999568e-01
7.599999999999999645e+00 8.409550000000000081e-01
7.610000000000000320e+00 8.433270000000000488e-01
7.620000000000000107e+00 8.456360000000000543e-01
7.629999999999999893e+00 8.478839999999999710e-01
7.639999999999999680e+00 8.500729999999999675e-01
7.650000000000000355e+00 8.522060000000000191e-01
7.660000000000000142e+00 8.542849999999999611e-01
7.669999999999999929e+00 8.563119999999999621e-01
7.679999999999999716e+00 8.582880000000000509e-01
7.690000000000000391e+00 8.602159999999999807e-01
7.700000000000000178e+00 8.620970000000000022e-01
7.709999999999999964e+00 8.639329999999999510e-01
7.719999999999999751e+00 8.657249999999999668e-01
7.730000000000000426e+00 8.674749999999999961e-01
7.740000000000000213e+00 8.691849999999999854e-01
7.750000000000000000e+00 8.708559999999999635e-01
7.759999999999999787e+00 8.724889999999999590e-01
7.769999999999999574e+00 8.740860000000000296e-01
7.780000000000000249e+00 8.756469999999999532e-01
7.790000000000000036e+00 8.771740000000000093e-01
7.799999999999999822e+00 8.786690000000000333e-01
7.809999999999999609e+00 8.801320000000000254e-01
7.820000000000000284e+00 8.815629999999999855e-01
7.830000000000000071e+00 8.829660000000000286e-01
7.839999999999999858e+00 8.843389999999999862e-01
7.849999999999999645e+00 8.856849999999999445e-01
7.860000000000000320e+00 8.870040000000000147e-01
7.870000000000000107e+00 8.882959999999999745e-01
7.879999999999999893e+00 8.895640000000000214e-01
7.889999999999999680e+00 8.908070000000000155e-01
7.900000000000000355e+00 8.920259999999999856e-01
7.910000000000000142e+00 8.932229999999999892e-01
7.919999999999999929e+00 8.943969999999999976e-01
7.929999999999999716e+00 8.955499999999999572e-01
7.940000000000000391e+00 8.966819999999999791e-01
7.950000000000000178e+00 8.977939999999999809e-01
7.959999999999999964e+00 8.988859999999999628e-01
7.969999999999999751e+00 8.999589999999999534e-01
7.980000000000000426e+00 9.010139999999999816e-01
7.990000000000000213e+00 9.020500000000000185e-01
8.000000000000000000e+00 9.030700000000000394e-01
8.009999999999999787e+00 9.040730000000000155e-01
8.019999999999999574e+00 9.050589999999999469e-01
8.029999999999999361e+00 9.060289999999999733e-01
8.039999999999999147e+00 9.069850000000000412e-01
8.050000000000000711e+00 9.079249999999999821e-01
8.060000000000000497e+00 9.088500000000000467e-01
8.070000000000000284e+00 9.097619999999999596e-01
8.080000000000000071e+00 9.106600000000000250e-01
8.089999999999999858e+00 9.115440000000000209e-01
8.099999999999999645e+00 9.124160000000000048e-01
8.109999999999999432e+00 9.132749999999999480e-01
8.119999999999999218e+00 9.141219999999999901e-01
8.130000000000000782e+00 9.149570000000000203e-01
8.140000000000000568e+00 9.157809999999999562e-01
8.150000000000000355e+00 9.165929999999999911e-01
8.160000000000000142e+00 9.173949999999999605e-01
8.169999999999999929e+00 9.181859999999999467e-01
8.179999999999999716e+00 9.189669999999999783e-01
8.189999999999999503e+00 9.197380000000000555e-01
8.199999999999999289e+00 9.204989999999999561e-01
8.210000000000000853e+00 9.212500000000000133e-01
8.220000000000000639e+00 9.219929999999999515e-01
8.230000000000000426e+00 9.227260000000000462e-01
8.240000000000000213e+00 9.234510000000000218e-01
8.250000000000000000e+00 9.241669999999999607e-01
8.259999999999999787e+00 9.248750000000000027e-01
8.269999999999999574e+00 9.255750000000000366e-01
8.279999999999999361e+00 9.262679999999999803e-01
8.289999999999999147e+00 9.269519999999999982e-01
8.300000000000000711e+00 9.276299999999999546e-01
8.310000000000000497e+00 9.283000000000000140e-01
8.320000000000000284e+00 9.289629999999999832e-01
8.330000000000000071e+00 9.296200000000000019e-01
8.339999999999999858e+00 9.302700000000000413e-01
8.349999999999999645e+00 9.309129999999999905e-01
8.359999999999999432e+00 9.315510000000000179e-01
8.369999999999999218e+00 9.321819999999999551e-01
8.380000000000000782e+00 9.328070000000000528e-01
8.390000000000000568e+00 9.334270000000000067e-01
8.400000000000000355e+00 9.340410000000000101e-01
8.410000000000000142e+00 9.346489999999999521e-01
8.419999999999999929e+00 9.352530000000000010e-01
8.429999999999999716e+00 9.358509999999999884e-01
8.439999999999999503e+00 9.364440000000000541e-01
8.449999999999999289e+00 9.370319999999999760e-01
8.460000000000000853e+00 9.376149999999999762e-01
8.470000000000000639e+00 9.381939999999999724e-01
8.480000000000000426e+00 9.387680000000000469e-01
8.490000000000000213e+00 9.393380000000000063e-01
8.500000000000000000e+00 9.399039999999999617e-01
8.509999999999999787e+00 9.404660000000000242e-01
8.519999999999999574e+00 9.410230000000000539e-01
8.529999999999999361e+00 9.415769999999999973e-01
8.539999999999999147e+00 9.421270000000000477e-01
8.550000000000000711e+00 9.426729999999999832e-01
8.560000000000000497e+00 9.432150000000000256e-01
8.570000000000000284e+00 9.437539999999999818e-01
8.580000000000000071e+00 9.442890000000000450e-01
8.589999999999999858e+00 9.448220000000000507e-01
8.599999999999999645e+00 9.453500000000000236e-01
8.609999999999999432e+00 9.458760000000000501e-01
8.619999999999999218e+00 9.463989999999999903e-01
8.630000000000000782e+00 9.469189999999999552e-01
8.640000000000000568e+00 9.474350000000000271e-01
8.650000000000000355e+00 9.479490000000000416e-01
8.660000000000000142e+00 9.484599999999999698e-01
8.669999999999999929e+00 9.489689999999999515e-01
8.679999999999999716e+00 9.494749999999999579e-01
8.689999999999999503e+00 9.499779999999999891e-01
8.699999999999999289e+00 9.504789999999999628e-01
8.710000000000000853e+00 9.509769999999999612e-01
8.720000000000000639e+00 9.514730000000000132e-01
8.730000000000000426e+00 9.519670000000000076e-01
8.740000000000000213e+00 9.524580000000000268e-01
8.750000000000000000e+00 9.529469999999999885e-01
8.759999999999999787e+00 9.534340000000000037e-01
8.769999999999999574e+00 9.539189999999999614e-01
8.779999999999999361e+00 9.544019999999999726e-01
8.789999999999999147e+00 9.548830000000000373e-01
8.800000000000000711e+00 9.553620000000000445e-01
8.810000000000000497e+00 9.558389999999999942e-01
8.820000000000000284e+00 9.563150000000000261e-01
8.830000000000000071e+00 9.567879999999999718e-01
8.839999999999999858e+00 9.572599999999999998e-01
8.849999999999999645e+00 9.577290000000000525e-01
8.859999999999999432e+00 9.581969999999999654e-01
8.869999999999999218e+00 9.586639999999999606e-01
8.880000000000000782e+00 9.591290000000000093e-01
8.890000000000000568e+00 9.595920000000000005e-01
8.900000000000000355e+00 9.600530000000000452e-01
8.910000000000000142e+00 9.605129999999999502e-01
8.919999999999999929e+00 9.609720000000000484e-01
8.929999999999999716e+00 9.614289999999999781e-01
8.939999999999999503e+00 9.618839999999999613e-01
8.949999999999999289e+00 9.623380000000000267e-01
8.960000000000000853e+00 9.627900000000000347e-01
8.970000000000000639e+00 9.632410000000000139e-01
8.980000000000000426e+00 9.636909999999999643e-01
8.990000000000000213e+00 9.641389999999999683e-01
9.000000000000000000e+00 9.645850000000000257e-01
