3.503000000000000114e+00 8.304699999999999582e-02
3.506810000000000205e+00 1.072310000000000069e-01
3.520809999999999995e+00 1.209179999999999977e-01
3.534809999999999786e+00 1.307780000000000054e-01
3.548810000000000020e+00 1.385570000000000135e-01
3.562810000000000255e+00 1.450049999999999950e-01
3.576809999999999601e+00 1.505170000000000119e-01
3.590809999999999835e+00 1.553299999999999959e-01
3.604810000000000070e+00 1.595979999999999899e-01
3.618810000000000304e+00 1.634299999999999919e-01
3.632809999999999651e+00 1.669019999999999948e-01
3.646809999999999885e+00 1.700720000000000010e-01
3.660810000000000120e+00 1.729849999999999999e-01
3.674810000000000354e+00 1.756759999999999988e-01
3.688809999999999700e+00 1.781729999999999980e-01
3.702809999999999935e+00 1.804989999999999928e-01
3.716810000000000169e+00 1.826730000000000020e-01
3.730810000000000404e+00 1.847109999999999863e-01
3.744809999999999750e+00 1.866269999999999873e-01
3.758809999999999985e+00 1.884329999999999894e-01
3.772810000000000219e+00 1.901380000000000015e-01
3.786810000000000009e+00 1.917510000000000048e-01
3.800809999999999800e+00 1.932790000000000064e-01
3.814810000000000034e+00 1.947299999999999864e-01
3.828810000000000269e+00 1.961090000000000055e-01
3.842809999999999615e+00 1.974210000000000131e-01
3.856809999999999850e+00 1.986719999999999875e-01
3.870810000000000084e+00 1.998649999999999871e-01
3.884810000000000318e+00 2.010049999999999892e-01
3.898809999999999665e+00 2.020939999999999959e-01
3.912809999999999899e+00 2.031360000000000110e-01
3.926810000000000134e+00 2.041330000000000089e-01
3.940810000000000368e+00 2.050889999999999935e-01
3.954809999999999715e+00 2.060059999999999947e-01
3.968809999999999949e+00 2.068850000000000133e-01
3.982810000000000183e+00 2.077289999999999970e-01
3.996810000000000418e+00 2.085400000000000031e-01
4.010810000000000208e+00 2.093190000000000051e-01
4.024810000000000443e+00 2.100670000000000037e-01
4.038809999999999789e+00 2.107880000000000031e-01
4.052810000000000024e+00 2.114810000000000023e-01
4.066810000000000258e+00 2.121470000000000022e-01
4.080809999999999604e+00 2.127890000000000059e-01
4.094809999999999839e+00 2.134079999999999866e-01
4.108810000000000073e+00 2.140029999999999988e-01
4.122810000000000308e+00 2.145769999999999900e-01
4.136809999999999654e+00 2.151299999999999879e-01
4.150809999999999889e+00 2.156629999999999936e-01
4.164810000000000123e+00 2.161760000000000070e-01
4.178810000000000358e+00 2.166710000000000025e-01
4.192809999999999704e+00 2.171480000000000077e-01
4.206809999999999938e+00 2.176079999999999959e-01
4.220810000000000173e+00 2.180519999999999958e-01
4.234810000000000407e+00 2.184790000000000065e-01
4.248809999999999754e+00 2.188910000000000022e-01
4.262809999999999988e+00 2.192880000000000107e-01
4.276810000000000223e+00 2.196710000000000051e-01
4.290810000000000457e+00 2.200400000000000134e-01
4.304809999999999803e+00 2.203960000000000086e-01
4.318810000000000038e+00 2.207379999999999898e-01
4.332810000000000272e+00 2.210679999999999867e-01
4.346809999999999619e+00 2.213849999999999985e-01
4.360809999999999853e+00 2.216909999999999992e-01
4.374810000000000088e+00 2.219849999999999879e-01
4.388810000000000322e+00 2.222679999999999934e-01
4.402809999999999668e+00 2.225399999999999878e-01
4.416809999999999903e+00 2.228020000000000000e-01
4.430810000000000137e+00 2.230530000000000013e-01
4.444810000000000372e+00 2.232939999999999925e-01
4.458809999999999718e+00 2.235260000000000025e-01
4.472809999999999953e+00 2.237480000000000024e-01
4.486810000000000187e+00 2.239609999999999934e-01
4.500809999999999533e+00 2.241650000000000031e-01
4.514809999999999768e+00 2.243600000000000039e-01
4.528810000000000002e+00 2.245459999999999956e-01
4.542810000000000237e+00 2.247250000000000081e-01
4.556809999999999583e+00 2.248950000000000116e-01
4.570809999999999818e+00 2.250570000000000070e-01
4.584810000000000052e+00 2.252119999999999955e-01
4.598810000000000286e+00 2.253580000000000028e-01
4.612809999999999633e+00 2.254980000000000040e-01
4.626809999999999867e+00 2.256299999999999972e-01
4.640810000000000102e+00 2.257550000000000112e-01
4.654810000000000336e+00 2.258739999999999915e-01
4.668809999999999683e+00 2.259849999999999914e-01
4.682809999999999917e+00 2.260900000000000132e-01
4.696810000000000151e+00 2.261890000000000012e-01
4.710810000000000386e+00 2.262810000000000099e-01
4.724809999999999732e+00 2.263670000000000126e-01
4.738809999999999967e+00 2.264470000000000094e-01
4.752810000000000201e+00 2.265199999999999991e-01
4.766809999999999548e+00 2.265880000000000116e-01
4.780809999999999782e+00 2.266509999999999914e-01
4.794810000000000016e+00 2.267069999999999919e-01
4.808810000000000251e+00 2.267589999999999884e-01
4.822809999999999597e+00 2.268040000000000056e-01
4.836809999999999832e+00 2.268449999999999911e-01
4.850810000000000066e+00 2.268799999999999983e-01
4.864810000000000301e+00 2.269100000000000006e-01
4.878809999999999647e+00 2.269349999999999978e-01
4.892809999999999881e+00 2.269539999999999891e-01
4.906810000000000116e+00 2.269690000000000041e-01
4.920810000000000350e+00 2.269799999999999873e-01
4.934809999999999697e+00 2.269849999999999923e-01
4.948809999999999931e+00 2.269859999999999933e-01
4.962810000000000166e+00 2.269819999999999893e-01
4.976810000000000400e+00 2.269740000000000091e-01
4.990809999999999746e+00 2.269609999999999961e-01
5.004809999999999981e+00 2.269440000000000068e-01
5.018810000000000215e+00 2.269220000000000126e-01
5.032809999999999562e+00 2.268959999999999866e-01
5.046809999999999796e+00 2.268660000000000121e-01
5.060810000000000031e+00 2.268320000000000058e-01
5.074810000000000265e+00 2.267929999999999946e-01
5.088809999999999611e+00 2.267500000000000071e-01
5.102809999999999846e+00 2.267039999999999889e-01
5.116810000000000080e+00 2.266529999999999934e-01
5.130810000000000315e+00 2.265979999999999939e-01
5.144809999999999661e+00 2.265399999999999914e-01
5.158809999999999896e+00 2.264770000000000116e-01
5.172810000000000130e+00 2.264110000000000011e-01
5.186809999999999476e+00 2.263400000000000134e-01
5.200809999999999711e+00 2.262659999999999949e-01
5.214809999999999945e+00 2.261880000000000002e-01
5.228810000000000180e+00 2.261060000000000014e-01
5.242810000000000414e+00 2.260209999999999997e-01
5.256809999999999761e+00 2.259319999999999939e-01
5.270809999999999995e+00 2.258390000000000120e-01
5.284810000000000230e+00 2.257419999999999982e-01
5.298809999999999576e+00 2.256420000000000092e-01
5.312809999999999810e+00 2.255379999999999885e-01
5.326810000000000045e+00 2.254299999999999915e-01
5.340810000000000279e+00 2.253189999999999915e-01
5.354809999999999626e+00 2.252039999999999875e-01
5.368809999999999860e+00 2.250850000000000073e-01
5.382810000000000095e+00 2.249629999999999963e-01
5.396810000000000329e+00 2.248370000000000091e-01
5.410809999999999675e+00 2.247079999999999911e-01
5.424809999999999910e+00 2.245749999999999968e-01
5.438810000000000144e+00 2.244379999999999986e-01
5.452809999999999491e+00 2.242979999999999974e-01
5.466809999999999725e+00 2.241539999999999921e-01
5.480809999999999960e+00 2.240070000000000117e-01
5.494810000000000194e+00 2.238559999999999994e-01
5.508809999999999540e+00 2.237010000000000109e-01
5.522809999999999775e+00 2.235429999999999917e-01
5.536810000000000009e+00 2.233809999999999962e-01
5.550810000000000244e+00 2.232159999999999977e-01
5.564809999999999590e+00 2.230469999999999953e-01
5.578809999999999825e+00 2.228739999999999888e-01
5.592810000000000059e+00 2.226980000000000071e-01
5.606809999999999405e+00 2.225179999999999936e-01
5.620809999999999640e+00 2.223340000000000038e-01
5.634809999999999874e+00 2.221470000000000111e-01
5.648810000000000109e+00 2.219559999999999866e-01
5.662810000000000343e+00 2.217610000000000137e-01
5.676809999999999690e+00 2.215630000000000099e-01
5.690809999999999924e+00 2.213610000000000022e-01
5.704810000000000159e+00 2.211549999999999905e-01
5.718809999999999505e+00 2.209450000000000025e-01
5.732809999999999739e+00 2.207320000000000115e-01
5.746809999999999974e+00 2.205149999999999888e-01
5.760810000000000208e+00 2.202939999999999898e-01
5.774809999999999555e+00 2.200699999999999878e-01
5.788809999999999789e+00 2.198420000000000096e-01
5.802810000000000024e+00 2.196099999999999997e-01
5.816810000000000258e+00 2.193740000000000134e-01
5.830809999999999604e+00 2.191339999999999955e-01
5.844809999999999839e+00 2.188910000000000022e-01
5.858810000000000073e+00 2.186440000000000050e-01
5.872809999999999420e+00 2.183930000000000038e-01
5.886809999999999654e+00 2.181379999999999986e-01
5.900809999999999889e+00 2.178789999999999893e-01
5.914810000000000123e+00 2.176160000000000039e-01
5.928810000000000358e+00 2.173489999999999867e-01
5.942809999999999704e+00 2.170789999999999942e-01
5.956809999999999938e+00 2.168049999999999977e-01
5.970810000000000173e+00 2.165259999999999962e-01
5.984809999999999519e+00 2.162439999999999918e-01
5.998809999999999754e+00 2.159580000000000111e-01
6.012809999999999988e+00 2.156669999999999976e-01
6.026810000000000223e+00 2.153730000000000089e-01
6.040809999999999569e+00 2.150749999999999884e-01
6.054809999999999803e+00 2.147729999999999917e-01
6.068810000000000038e+00 2.144669999999999910e-01
6.082810000000000272e+00 2.141560000000000130e-01
6.096809999999999619e+00 2.138420000000000043e-01
6.110809999999999853e+00 2.135239999999999916e-01
6.124810000000000088e+00 2.132010000000000016e-01
6.138809999999999434e+00 2.128750000000000087e-01
6.152809999999999668e+00 2.125440000000000107e-01
6.166809999999999903e+00 2.122100000000000097e-01
6.180810000000000137e+00 2.118710000000000038e-01
6.194810000000000372e+00 2.115279999999999938e-01
6.208809999999999718e+00 2.111810000000000076e-01
6.222809999999999953e+00 2.108299999999999896e-01
6.236810000000000187e+00 2.104739999999999944e-01
6.250809999999999533e+00 2.101139999999999952e-01
6.264809999999999768e+00 2.097509999999999930e-01
6.278810000000000002e+00 2.093820000000000126e-01
6.292810000000000237e+00 2.090100000000000013e-01
6.306809999999999583e+00 2.086339999999999861e-01
6.320809999999999818e+00 2.082529999999999937e-01
6.334810000000000052e+00 2.078679999999999972e-01
6.348810000000000286e+00 2.074779999999999958e-01
6.362809999999999633e+00 2.070839999999999903e-01
6.376809999999999867e+00 2.066860000000000086e-01
6.390810000000000102e+00 2.062839999999999951e-01
6.404809999999999448e+00 2.058770000000000044e-01
6.418809999999999683e+00 2.054650000000000087e-01
6.432809999999999917e+00 2.050500000000000100e-01
6.446810000000000151e+00 2.046300000000000063e-01
6.460810000000000386e+00 2.042049999999999976e-01
6.474809999999999732e+00 2.037760000000000127e-01
6.488809999999999967e+00 2.033419999999999950e-01
6.502810000000000201e+00 2.029040000000000010e-01
6.516809999999999548e+00 2.024620000000000031e-01
6.530809999999999782e+00 2.020139999999999991e-01
6.544810000000000016e+00 2.015619999999999912e-01
6.558809999999999363e+00 2.011060000000000070e-01
6.572809999999999597e+00 2.006449999999999900e-01
6.586809999999999832e+00 2.001789999999999958e-01
6.600810000000000066e+00 1.997079999999999966e-01
6.614810000000000301e+00 1.992329999999999934e-01
6.628809999999999647e+00 1.987530000000000130e-01
6.642809999999999881e+00 1.982679999999999998e-01
6.656810000000000116e+00 1.977790000000000104e-01
6.670809999999999462e+00 1.972839999999999872e-01
6.684809999999999697e+00 1.967849999999999877e-01
6.698809999999999931e+00 1.962810000000000110e-01
6.712810000000000166e+00 1.957710000000000006e-01
6.726810000000000400e+00 1.952569999999999861e-01
6.740809999999999746e+00 1.947379999999999944e-01
6.754809999999999981e+00 1.942129999999999967e-01
6.768810000000000215e+00 1.936839999999999951e-01
6.782809999999999562e+00 1.931489999999999874e-01
6.796809999999999796e+00 1.926100000000000034e-01
6.810810000000000031e+00 1.920650000000000135e-01
6.824809999999999377e+00 1.915139999999999898e-01
6.838809999999999611e+00 1.909589999999999899e-01
6.852809999999999846e+00 1.903980000000000117e-01
6.866810000000000080e+00 1.898320000000000007e-01
6.880810000000000315e+00 1.892600000000000116e-01
6.894809999999999661e+00 1.886829999999999896e-01
6.908809999999999896e+00 1.880999999999999894e-01
6.922810000000000130e+00 1.875120000000000120e-01
6.936809999999999476e+00 1.869180000000000008e-01
6.950809999999999711e+00 1.863180000000000114e-01
6.964809999999999945e+00 1.857119999999999882e-01
6.978810000000000180e+00 1.851009999999999878e-01
6.992810000000000414e+00 1.844840000000000091e-01
7.006809999999999761e+00 1.838609999999999967e-01
7.020809999999999995e+00 1.832320000000000060e-01
7.034810000000000230e+00 1.825970000000000093e-01
7.048809999999999576e+00 1.819560000000000066e-01
7.062809999999999810e+00 1.813089999999999979e-01
7.076810000000000045e+00 1.806550000000000100e-01
7.090809999999999391e+00 1.799959999999999893e-01
7.104809999999999626e+00 1.793299999999999894e-01
7.118809999999999860e+00 1.786570000000000102e-01
7.132810000000000095e+00 1.779779999999999973e-01
7.146810000000000329e+00 1.772930000000000061e-01
7.160809999999999675e+00 1.766000000000000070e-01
7.174809999999999910e+00 1.759020000000000028e-01
7.188810000000000144e+00 1.751959999999999906e-01
7.202809999999999491e+00 1.744829999999999992e-01
7.216809999999999725e+00 1.737640000000000018e-01
7.230809999999999960e+00 1.730379999999999974e-01
7.244810000000000194e+00 1.723040000000000127e-01
7.258809999999999540e+00 1.715629999999999933e-01
7.272809999999999775e+00 1.708149999999999946e-01
7.286810000000000009e+00 1.700599999999999890e-01
7.300810000000000244e+00 1.692970000000000030e-01
7.314809999999999590e+00 1.685270000000000101e-01
7.328809999999999825e+00 1.677490000000000092e-01
7.342810000000000059e+00 1.669630000000000003e-01
7.356809999999999405e+00 1.661700000000000121e-01
7.370809999999999640e+00 1.653689999999999882e-01
7.384809999999999874e+00 1.645590000000000108e-01
7.398810000000000109e+00 1.637419999999999987e-01
7.412810000000000343e+00 1.629160000000000053e-01
7.426809999999999690e+00 1.620820000000000038e-01
7.440809999999999924e+00 1.612399999999999944e-01
7.454810000000000159e+00 1.603890000000000038e-01
7.468809999999999505e+00 1.595290000000000041e-01
7.482809999999999739e+00 1.586609999999999965e-01
7.496809999999999974e+00 1.577830000000000066e-01
7.510809999999999320e+00 1.568970000000000087e-01
7.524809999999999555e+00 1.560010000000000008e-01
7.538809999999999789e+00 1.550970000000000126e-01
7.552809999999999135e+00 1.541829999999999867e-01
7.566810000000000258e+00 1.532590000000000063e-01
7.580809999999999604e+00 1.523259999999999892e-01
7.594809999999999839e+00 1.513819999999999888e-01
7.608810000000000073e+00 1.504290000000000072e-01
7.622809999999999420e+00 1.494659999999999878e-01
7.636809999999999654e+00 1.484930000000000139e-01
7.650809999999999889e+00 1.475090000000000012e-01
7.664809999999999235e+00 1.465150000000000063e-01
7.678810000000000358e+00 1.455100000000000005e-01
7.692809999999999704e+00 1.444940000000000113e-01
7.706809999999999938e+00 1.434680000000000122e-01
7.720810000000000173e+00 1.424300000000000010e-01
7.734809999999999519e+00 1.413810000000000067e-01
7.748809999999999754e+00 1.403200000000000003e-01
7.762809999999999988e+00 1.392480000000000107e-01
7.776809999999999334e+00 1.381630000000000080e-01
7.790809999999999569e+00 1.370669999999999944e-01
7.804809999999999803e+00 1.359589999999999965e-01
7.818809999999999150e+00 1.348380000000000134e-01
7.832810000000000272e+00 1.337039999999999895e-01
7.846809999999999619e+00 1.325580000000000092e-01
7.860809999999999853e+00 1.313989999999999880e-01
7.874810000000000088e+00 1.302270000000000094e-01
7.888809999999999434e+00 1.290409999999999890e-01
7.902809999999999668e+00 1.278410000000000102e-01
7.916809999999999903e+00 1.266279999999999906e-01
7.930809999999999249e+00 1.254000000000000115e-01
7.944810000000000372e+00 1.241590000000000055e-01
7.958809999999999718e+00 1.229019999999999974e-01
7.972809999999999953e+00 1.216310000000000030e-01
7.986810000000000187e+00 1.203449999999999936e-01
8.000809999999999533e+00 1.190439999999999970e-01
8.014810000000000656e+00 1.177269999999999983e-01
8.028810000000000002e+00 1.163939999999999975e-01
8.042809999999999349e+00 1.150449999999999945e-01
8.056809999999998695e+00 1.136800000000000033e-01
8.070809999999999818e+00 1.122979999999999950e-01
8.084809999999999164e+00 1.108999999999999986e-01
8.098810000000000286e+00 1.094839999999999980e-01
8.112809999999999633e+00 1.080499999999999933e-01
8.126809999999998979e+00 1.065989999999999993e-01
8.140810000000000102e+00 1.051300000000000012e-01
8.154809999999999448e+00 1.036419999999999980e-01
8.168810000000000571e+00 1.021350000000000036e-01
8.182809999999999917e+00 1.006090000000000040e-01
8.196809999999999263e+00 9.906399999999999928e-02
8.210810000000000386e+00 9.749900000000000233e-02
8.224809999999999732e+00 9.591399999999999926e-02
8.238810000000000855e+00 9.430800000000000294e-02
8.252810000000000201e+00 9.268099999999999949e-02
8.266809999999999548e+00 9.103300000000000280e-02
8.280809999999998894e+00 8.936299999999999799e-02
8.294810000000000016e+00 8.767099999999999893e-02
8.308809999999999363e+00 8.595700000000000562e-02
8.322810000000000485e+00 8.421900000000000219e-02
8.336809999999999832e+00 8.245800000000000352e-02
8.350809999999999178e+00 8.067299999999999471e-02
8.364810000000000301e+00 7.886400000000000354e-02
8.378809999999999647e+00 7.703000000000000125e-02
8.392810000000000770e+00 7.517000000000000071e-02
8.406810000000000116e+00 7.328500000000000292e-02
8.420809999999999462e+00 7.137400000000000688e-02
8.434809999999998809e+00 6.943599999999999772e-02
8.448809999999999931e+00 6.747000000000000219e-02
8.462809999999999278e+00 6.547600000000000642e-02
8.476810000000000400e+00 6.345399999999999652e-02
8.490809999999999746e+00 6.140299999999999925e-02
8.504809999999999093e+00 5.932199999999999973e-02
8.518810000000000215e+00 5.721099999999999797e-02
8.532809999999999562e+00 5.506899999999999989e-02
8.546810000000000684e+00 5.289599999999999858e-02
8.560810000000000031e+00 5.068999999999999895e-02
8.574809999999999377e+00 4.845200000000000201e-02
8.588809999999998723e+00 4.617899999999999783e-02
8.602809999999999846e+00 4.387300000000000227e-02
8.616809999999999192e+00 4.153199999999999947e-02
8.630810000000000315e+00 3.915400000000000130e-02
8.644809999999999661e+00 3.674100000000000282e-02
8.658809999999999008e+00 3.429000000000000103e-02
8.672810000000000130e+00 3.180000000000000188e-02
8.686809999999999476e+00 2.927199999999999941e-02
8.700810000000000599e+00 2.670399999999999857e-02
8.714809999999999945e+00 2.409499999999999836e-02
8.728809999999999292e+00 2.144499999999999879e-02
8.742810000000000414e+00 1.875200000000000131e-02
8.756809999999999761e+00 1.601500000000000146e-02
8.770810000000000883e+00 1.323399999999999924e-02
8.784810000000000230e+00 1.040699999999999958e-02
8.798809999999999576e+00 7.533999999999999898e-03
8.812809999999998922e+00 4.612999999999999913e-03
8.826810000000000045e+00 1.642999999999999929e-03
8.840809999999999391e+00 1.376000000000000053e-03
8.854810000000000514e+00 4.447000000000000432e-03
8.868809999999999860e+00 7.570000000000000340e-03
8.882809999999999206e+00 1.074699999999999961e-02
8.896810000000000329e+00 1.397800000000000084e-02
8.910809999999999675e+00 1.726600000000000010e-02
8.924810000000000798e+00 2.061100000000000085e-02
8.938810000000000144e+00 2.401500000000000162e-02
8.952809999999999491e+00 2.747899999999999995e-02
8.966809999999998837e+00 3.100500000000000131e-02
8.980809999999999960e+00 3.459500000000000075e-02
8.994809999999999306e+00 3.824899999999999828e-02
9.008810000000000429e+00 4.197000000000000036e-02
9.022809999999999775e+00 4.575900000000000106e-02
9.036809999999999121e+00 4.961700000000000138e-02
9.050810000000000244e+00 5.354799999999999838e-02
9.064809999999999590e+00 5.755099999999999799e-02
9.078810000000000713e+00 6.162999999999999728e-02
9.092810000000000059e+00 6.578599999999999726e-02
