3.506810000000000205e+00 9.965469999999999606e-01
3.520809999999999995e+00 9.942370000000000374e-01
3.534809999999999786e+00 9.926650000000000196e-01
3.548810000000000020e+00 9.914150000000000462e-01
3.562810000000000255e+00 9.903579999999999606e-01
3.576809999999999601e+00 9.894340000000000357e-01
3.590809999999999835e+00 9.886110000000000175e-01
3.604810000000000070e+00 9.878660000000000219e-01
3.618810000000000304e+00 9.871860000000000079e-01
3.632809999999999651e+00 9.865589999999999637e-01
3.646809999999999885e+00 9.859780000000000211e-01
3.660810000000000120e+00 9.854359999999999786e-01
3.674810000000000354e+00 9.849290000000000544e-01
3.688809999999999700e+00 9.844519999999999937e-01
3.702809999999999935e+00 9.840029999999999610e-01
3.716810000000000169e+00 9.835800000000000098e-01
3.730810000000000404e+00 9.831779999999999964e-01
3.744809999999999750e+00 9.827979999999999494e-01
3.758809999999999985e+00 9.824359999999999760e-01
3.772810000000000219e+00 9.820910000000000473e-01
3.786810000000000009e+00 9.817620000000000235e-01
3.800809999999999800e+00 9.814490000000000158e-01
3.814810000000000034e+00 9.811490000000000489e-01
3.828810000000000269e+00 9.808620000000000116e-01
3.842809999999999615e+00 9.805869999999999864e-01
3.856809999999999850e+00 9.803239999999999732e-01
3.870810000000000084e+00 9.800710000000000255e-01
3.884810000000000318e+00 9.798289999999999500e-01
3.898809999999999665e+00 9.795960000000000223e-01
3.912809999999999899e+00 9.793720000000000203e-01
3.926810000000000134e+00 9.791560000000000263e-01
3.940810000000000368e+00 9.789489999999999581e-01
3.954809999999999715e+00 9.787489999999999801e-01
3.968809999999999949e+00 9.785570000000000102e-01
3.982810000000000183e+00 9.783709999999999907e-01
3.996810000000000418e+00 9.781929999999999792e-01
4.010810000000000208e+00 9.780200000000000005e-01
4.024810000000000443e+00 9.778529999999999722e-01
4.038809999999999789e+00 9.776930000000000343e-01
4.052810000000000024e+00 9.775369999999999893e-01
4.066810000000000258e+00 9.773880000000000345e-01
4.080809999999999604e+00 9.772429999999999728e-01
4.094809999999999839e+00 9.771030000000000548e-01
4.108810000000000073e+00 9.769679999999999476e-01
4.122810000000000308e+00 9.768379999999999841e-01
4.136809999999999654e+00 9.767120000000000246e-01
4.150809999999999889e+00 9.765899999999999581e-01
4.164810000000000123e+00 9.764730000000000354e-01
4.178810000000000358e+00 9.763589999999999769e-01
4.192809999999999704e+00 9.762499999999999512e-01
4.206809999999999938e+00 9.761440000000000117e-01
4.220810000000000173e+00 9.760410000000000474e-01
4.234810000000000407e+00 9.759419999999999762e-01
4.248809999999999754e+00 9.758470000000000200e-01
4.262809999999999988e+00 9.757540000000000102e-01
4.276810000000000223e+00 9.756650000000000045e-01
4.290810000000000457e+00 9.755789999999999740e-01
4.304809999999999803e+00 9.754960000000000298e-01
4.318810000000000038e+00 9.754159999999999497e-01
4.332810000000000272e+00 9.753380000000000383e-01
4.346809999999999619e+00 9.752640000000000198e-01
4.360809999999999853e+00 9.751910000000000300e-01
4.374810000000000088e+00 9.751220000000000443e-01
4.388810000000000322e+00 9.750550000000000050e-01
4.402809999999999668e+00 9.749910000000000521e-01
4.416809999999999903e+00 9.749280000000000168e-01
4.430810000000000137e+00 9.748689999999999856e-01
4.444810000000000372e+00 9.748109999999999831e-01
4.458809999999999718e+00 9.747559999999999558e-01
4.472809999999999953e+00 9.747029999999999861e-01
4.486810000000000187e+00 9.746519999999999628e-01
4.500809999999999533e+00 9.746029999999999971e-01
4.514809999999999768e+00 9.745559999999999778e-01
4.528810000000000002e+00 9.745110000000000161e-01
4.542810000000000237e+00 9.744680000000000009e-01
4.556809999999999583e+00 9.744270000000000431e-01
4.570809999999999818e+00 9.743880000000000319e-01
4.584810000000000052e+00 9.743509999999999671e-01
4.598810000000000286e+00 9.743150000000000421e-01
4.612809999999999633e+00 9.742809999999999526e-01
4.626809999999999867e+00 9.742490000000000316e-01
4.640810000000000102e+00 9.742189999999999461e-01
4.654810000000000336e+00 9.741900000000000004e-01
4.668809999999999683e+00 9.741630000000000011e-01
4.682809999999999917e+00 9.741370000000000307e-01
4.696810000000000151e+00 9.741130000000000067e-01
4.710810000000000386e+00 9.740900000000000114e-01
4.724809999999999732e+00 9.740680000000000449e-01
4.738809999999999967e+00 9.740490000000000537e-01
4.752810000000000201e+00 9.740299999999999514e-01
4.766809999999999548e+00 9.740130000000000177e-01
4.780809999999999782e+00 9.739970000000000017e-01
4.794810000000000016e+00 9.739830000000000432e-01
4.808810000000000251e+00 9.739700000000000024e-01
4.822809999999999597e+00 9.739579999999999904e-01
4.836809999999999832e+00 9.739470000000000072e-01
4.850810000000000066e+00 9.739379999999999704e-01
4.864810000000000301e+00 9.739299999999999624e-01
4.878809999999999647e+00 9.739229999999999832e-01
4.892809999999999881e+00 9.739170000000000327e-01
4.906810000000000116e+00 9.739119999999999999e-01
4.920810000000000350e+00 9.739090000000000247e-01
4.934809999999999697e+00 9.739060000000000494e-01
4.948809999999999931e+00 9.739050000000000207e-01
4.962810000000000166e+00 9.739050000000000207e-01
4.976810000000000400e+00 9.739060000000000494e-01
4.990809999999999746e+00 9.739079999999999959e-01
5.004809999999999981e+00 9.739100000000000534e-01
5.018810000000000215e+00 9.739139999999999464e-01
5.032809999999999562e+00 9.739189999999999792e-01
5.046809999999999796e+00 9.739250000000000407e-01
5.060810000000000031e+00 9.739320000000000199e-01
5.074810000000000265e+00 9.739400000000000279e-01
5.088809999999999611e+00 9.739489999999999537e-01
5.102809999999999846e+00 9.739590000000000192e-01
5.116810000000000080e+00 9.739700000000000024e-01
5.130810000000000315e+00 9.739820000000000144e-01
5.144809999999999661e+00 9.739940000000000264e-01
5.158809999999999896e+00 9.740079999999999849e-01
5.172810000000000130e+00 9.740220000000000544e-01
5.186809999999999476e+00 9.740379999999999594e-01
5.200809999999999711e+00 9.740539999999999754e-01
5.214809999999999945e+00 9.740710000000000202e-01
5.228810000000000180e+00 9.740889999999999826e-01
5.242810000000000414e+00 9.741079999999999739e-01
5.256809999999999761e+00 9.741279999999999939e-01
5.270809999999999995e+00 9.741490000000000427e-01
5.284810000000000230e+00 9.741699999999999804e-01
5.298809999999999576e+00 9.741929999999999756e-01
5.312809999999999810e+00 9.742159999999999709e-01
5.326810000000000045e+00 9.742399999999999949e-01
5.340810000000000279e+00 9.742650000000000476e-01
5.354809999999999626e+00 9.742910000000000181e-01
5.368809999999999860e+00 9.743169999999999886e-01
5.382810000000000095e+00 9.743439999999999879e-01
5.396810000000000329e+00 9.743730000000000446e-01
5.410809999999999675e+00 9.744019999999999904e-01
5.424809999999999910e+00 9.744319999999999649e-01
5.438810000000000144e+00 9.744620000000000504e-01
5.452809999999999491e+00 9.744939999999999714e-01
5.466809999999999725e+00 9.745260000000000034e-01
5.480809999999999960e+00 9.745589999999999531e-01
5.494810000000000194e+00 9.745930000000000426e-01
5.508809999999999540e+00 9.746280000000000499e-01
5.522809999999999775e+00 9.746629999999999461e-01
5.536810000000000009e+00 9.747000000000000108e-01
5.550810000000000244e+00 9.747369999999999646e-01
5.564809999999999590e+00 9.747749999999999471e-01
5.578809999999999825e+00 9.748130000000000406e-01
5.592810000000000059e+00 9.748529999999999696e-01
5.606809999999999405e+00 9.748930000000000096e-01
5.620809999999999640e+00 9.749339999999999673e-01
5.634809999999999874e+00 9.749759999999999538e-01
5.648810000000000109e+00 9.750189999999999690e-01
5.662810000000000343e+00 9.750630000000000130e-01
5.676809999999999690e+00 9.751069999999999460e-01
5.690809999999999924e+00 9.751520000000000188e-01
5.704810000000000159e+00 9.751980000000000093e-01
5.718809999999999505e+00 9.752450000000000285e-01
5.732809999999999739e+00 9.752920000000000478e-01
5.746809999999999974e+00 9.753399999999999848e-01
5.760810000000000208e+00 9.753899999999999793e-01
5.774809999999999555e+00 9.754389999999999450e-01
5.788809999999999789e+00 9.754899999999999682e-01
5.802810000000000024e+00 9.755420000000000202e-01
5.816810000000000258e+00 9.755939999999999612e-01
5.830809999999999604e+00 9.756470000000000420e-01
5.844809999999999839e+00 9.757010000000000405e-01
5.858810000000000073e+00 9.757559999999999567e-01
5.872809999999999420e+00 9.758109999999999840e-01
5.886809999999999654e+00 9.758670000000000400e-01
5.900809999999999889e+00 9.759240000000000137e-01
5.914810000000000123e+00 9.759820000000000162e-01
5.928810000000000358e+00 9.760410000000000474e-01
5.942809999999999704e+00 9.760999999999999677e-01
5.956809999999999938e+00 9.761609999999999454e-01
5.970810000000000173e+00 9.762220000000000342e-01
5.984809999999999519e+00 9.762830000000000119e-01
5.998809999999999754e+00 9.763460000000000472e-01
6.012809999999999988e+00 9.764100000000000001e-01
6.026810000000000223e+00 9.764739999999999531e-01
6.040809999999999569e+00 9.765390000000000459e-01
6.054809999999999803e+00 9.766049999999999454e-01
6.068810000000000038e+00 9.766709999999999559e-01
6.082810000000000272e+00 9.767379999999999951e-01
6.096809999999999619e+00 9.768069999999999808e-01
6.110809999999999853e+00 9.768750000000000488e-01
6.124810000000000088e+00 9.769449999999999523e-01
6.138809999999999434e+00 9.770159999999999956e-01
6.152809999999999668e+00 9.770870000000000388e-01
6.166809999999999903e+00 9.771589999999999998e-01
6.180810000000000137e+00 9.772319999999999895e-01
6.194810000000000372e+00 9.773049999999999793e-01
6.208809999999999718e+00 9.773800000000000265e-01
6.222809999999999953e+00 9.774549999999999628e-01
6.236810000000000187e+00 9.775310000000000388e-01
6.250809999999999533e+00 9.776080000000000325e-01
6.264809999999999768e+00 9.776850000000000263e-01
6.278810000000000002e+00 9.777630000000000488e-01
6.292810000000000237e+00 9.778419999999999890e-01
6.306809999999999583e+00 9.779219999999999580e-01
6.320809999999999818e+00 9.780029999999999557e-01
6.334810000000000052e+00 9.780839999999999534e-01
6.348810000000000286e+00 9.781659999999999799e-01
6.362809999999999633e+00 9.782490000000000352e-01
6.376809999999999867e+00 9.783319999999999794e-01
6.390810000000000102e+00 9.784159999999999524e-01
6.404809999999999448e+00 9.785019999999999829e-01
6.418809999999999683e+00 9.785869999999999846e-01
6.432809999999999917e+00 9.786740000000000439e-01
6.446810000000000151e+00 9.787609999999999921e-01
6.460810000000000386e+00 9.788489999999999691e-01
6.474809999999999732e+00 9.789379999999999749e-01
6.488809999999999967e+00 9.790280000000000094e-01
6.502810000000000201e+00 9.791180000000000438e-01
6.516809999999999548e+00 9.792089999999999961e-01
6.530809999999999782e+00 9.793009999999999771e-01
6.544810000000000016e+00 9.793929999999999580e-01
6.558809999999999363e+00 9.794859999999999678e-01
6.572809999999999597e+00 9.795800000000000063e-01
6.586809999999999832e+00 9.796749999999999625e-01
6.600810000000000066e+00 9.797700000000000298e-01
6.614810000000000301e+00 9.798670000000000435e-01
6.628809999999999647e+00 9.799639999999999462e-01
6.642809999999999881e+00 9.800609999999999600e-01
6.656810000000000116e+00 9.801590000000000025e-01
6.670809999999999462e+00 9.802589999999999915e-01
6.684809999999999697e+00 9.803579999999999517e-01
6.698809999999999931e+00 9.804589999999999694e-01
6.712810000000000166e+00 9.805599999999999872e-01
6.726810000000000400e+00 9.806620000000000337e-01
6.740809999999999746e+00 9.807649999999999979e-01
6.754809999999999981e+00 9.808679999999999621e-01
6.768810000000000215e+00 9.809719999999999551e-01
6.782809999999999562e+00 9.810769999999999769e-01
6.796809999999999796e+00 9.811819999999999986e-01
6.810810000000000031e+00 9.812889999999999668e-01
6.824809999999999377e+00 9.813960000000000461e-01
6.838809999999999611e+00 9.815030000000000143e-01
6.852809999999999846e+00 9.816120000000000401e-01
6.866810000000000080e+00 9.817209999999999548e-01
6.880810000000000315e+00 9.818310000000000093e-01
6.894809999999999661e+00 9.819409999999999528e-01
6.908809999999999896e+00 9.820520000000000360e-01
6.922810000000000130e+00 9.821640000000000370e-01
6.936809999999999476e+00 9.822769999999999557e-01
6.950809999999999711e+00 9.823899999999999855e-01
6.964809999999999945e+00 9.825040000000000440e-01
6.978810000000000180e+00 9.826190000000000202e-01
6.992810000000000414e+00 9.827350000000000252e-01
7.006809999999999761e+00 9.828510000000000302e-01
7.020809999999999995e+00 9.829679999999999529e-01
7.034810000000000230e+00 9.830849999999999866e-01
7.048809999999999576e+00 9.832030000000000491e-01
7.062809999999999810e+00 9.833220000000000294e-01
7.076810000000000045e+00 9.834420000000000384e-01
7.090809999999999391e+00 9.835620000000000474e-01
7.104809999999999626e+00 9.836829999999999741e-01
7.118809999999999860e+00 9.838050000000000406e-01
7.132810000000000095e+00 9.839280000000000248e-01
7.146810000000000329e+00 9.840510000000000090e-01
7.160809999999999675e+00 9.841750000000000220e-01
7.174809999999999910e+00 9.842990000000000350e-01
7.188810000000000144e+00 9.844239999999999657e-01
7.202809999999999491e+00 9.845500000000000362e-01
7.216809999999999725e+00 9.846770000000000245e-01
7.230809999999999960e+00 9.848040000000000127e-01
7.244810000000000194e+00 9.849320000000000297e-01
7.258809999999999540e+00 9.850609999999999644e-01
7.272809999999999775e+00 9.851900000000000102e-01
7.286810000000000009e+00 9.853199999999999736e-01
7.300810000000000244e+00 9.854509999999999659e-01
7.314809999999999590e+00 9.855829999999999869e-01
7.328809999999999825e+00 9.857150000000000079e-01
7.342810000000000059e+00 9.858470000000000288e-01
7.356809999999999405e+00 9.859809999999999963e-01
7.370809999999999640e+00 9.861149999999999638e-01
7.384809999999999874e+00 9.862499999999999600e-01
7.398810000000000109e+00 9.863849999999999563e-01
7.412810000000000343e+00 9.865209999999999813e-01
7.426809999999999690e+00 9.866580000000000350e-01
7.440809999999999924e+00 9.867949999999999777e-01
7.454810000000000159e+00 9.869339999999999780e-01
7.468809999999999505e+00 9.870719999999999494e-01
7.482809999999999739e+00 9.872119999999999784e-01
7.496809999999999974e+00 9.873520000000000074e-01
7.510809999999999320e+00 9.874920000000000364e-01
7.524809999999999555e+00 9.876340000000000119e-01
7.538809999999999789e+00 9.877749999999999586e-01
7.552809999999999135e+00 9.879179999999999628e-01
7.566810000000000258e+00 9.880609999999999671e-01
7.580809999999999604e+00 9.882050000000000001e-01
7.594809999999999839e+00 9.883490000000000331e-01
7.608810000000000073e+00 9.884939999999999838e-01
7.622809999999999420e+00 9.886399999999999633e-01
7.636809999999999654e+00 9.887860000000000538e-01
7.650809999999999889e+00 9.889329999999999510e-01
7.664809999999999235e+00 9.890799999999999592e-01
7.678810000000000358e+00 9.892279999999999962e-01
7.692809999999999704e+00 9.893760000000000332e-01
7.706809999999999938e+00 9.895249999999999879e-01
7.720810000000000173e+00 9.896740000000000537e-01
7.734809999999999519e+00 9.898240000000000371e-01
7.748809999999999754e+00 9.899750000000000494e-01
7.762809999999999988e+00 9.901259999999999506e-01
7.776809999999999334e+00 9.902769999999999628e-01
7.790809999999999569e+00 9.904290000000000038e-01
7.804809999999999803e+00 9.905810000000000448e-01
7.818809999999999150e+00 9.907340000000000035e-01
7.832810000000000272e+00 9.908869999999999623e-01
7.846809999999999619e+00 9.910409999999999497e-01
7.860809999999999853e+00 9.911950000000000482e-01
7.874810000000000088e+00 9.913490000000000357e-01
7.888809999999999434e+00 9.915040000000000520e-01
7.902809999999999668e+00 9.916589999999999572e-01
7.916809999999999903e+00 9.918150000000000022e-01
7.930809999999999249e+00 9.919700000000000184e-01
7.944810000000000372e+00 9.921259999999999524e-01
7.958809999999999718e+00 9.922830000000000261e-01
7.972809999999999953e+00 9.924389999999999601e-01
7.986810000000000187e+00 9.925960000000000338e-01
8.000809999999999533e+00 9.927529999999999966e-01
8.014810000000000656e+00 9.929099999999999593e-01
8.028810000000000002e+00 9.930670000000000330e-01
8.042809999999999349e+00 9.932239999999999958e-01
8.056809999999998695e+00 9.933809999999999585e-01
8.070809999999999818e+00 9.935380000000000322e-01
8.084809999999999164e+00 9.936949999999999950e-01
8.098810000000000286e+00 9.938529999999999864e-01
8.112809999999999633e+00 9.940099999999999492e-01
8.126809999999998979e+00 9.941670000000000229e-01
8.140810000000000102e+00 9.943229999999999569e-01
8.154809999999999448e+00 9.944800000000000306e-01
8.168810000000000571e+00 9.946359999999999646e-01
8.182809999999999917e+00 9.947920000000000096e-01
8.196809999999999263e+00 9.949480000000000546e-01
8.210810000000000386e+00 9.951029999999999598e-01
8.224809999999999732e+00 9.952579999999999760e-01
8.238810000000000855e+00 9.954119999999999635e-01
8.252810000000000201e+00 9.955650000000000333e-01
8.266809999999999548e+00 9.957179999999999920e-01
8.280809999999998894e+00 9.958700000000000330e-01
8.294810000000000016e+00 9.960219999999999629e-01
8.308809999999999363e+00 9.961719999999999464e-01
8.322810000000000485e+00 9.963220000000000409e-01
8.336809999999999832e+00 9.964699999999999669e-01
8.350809999999999178e+00 9.966169999999999751e-01
8.364810000000000301e+00 9.967639999999999834e-01
8.378809999999999647e+00 9.969090000000000451e-01
8.392810000000000770e+00 9.970520000000000493e-01
8.406810000000000116e+00 9.971940000000000248e-01
8.420809999999999462e+00 9.973349999999999715e-01
8.434809999999998809e+00 9.974730000000000540e-01
8.448809999999999931e+00 9.976099999999999968e-01
8.462809999999999278e+00 9.977449999999999930e-01
8.476810000000000400e+00 9.978780000000000427e-01
8.490809999999999746e+00 9.980090000000000350e-01
8.504809999999999093e+00 9.981370000000000520e-01
8.518810000000000215e+00 9.982630000000000114e-01
8.532809999999999562e+00 9.983870000000000244e-01
8.546810000000000684e+00 9.985070000000000334e-01
8.560810000000000031e+00 9.986249999999999849e-01
8.574809999999999377e+00 9.987399999999999611e-01
8.588809999999998723e+00 9.988510000000000444e-01
8.602809999999999846e+00 9.989590000000000414e-01
8.616809999999999192e+00 9.990630000000000344e-01
8.630810000000000315e+00 9.991630000000000233e-01
8.644809999999999661e+00 9.992590000000000083e-01
8.658809999999999008e+00 9.993509999999999893e-01
8.672810000000000130e+00 9.994380000000000486e-01
8.686809999999999476e+00 9.995209999999999928e-01
8.700810000000000599e+00 9.995979999999999865e-01
8.714809999999999945e+00 9.996699999999999475e-01
8.728809999999999292e+00 9.997369999999999868e-01
8.742810000000000414e+00 9.997970000000000468e-01
8.756809999999999761e+00 9.998519999999999630e-01
8.770810000000000883e+00 9.998989999999999823e-01
8.784810000000000230e+00 9.999400000000000510e-01
8.798809999999999576e+00 9.999740000000000295e-01
8.812809999999998922e+00 1.000000000000000000e+00
8.826810000000000045e+00 1.000018000000000074e+00
8.840809999999999391e+00 1.000026999999999999e+00
8.854810000000000514e+00 1.000027999999999917e+00
8.868809999999999860e+00 1.000018999999999991e+00
8.882809999999999206e+00 1.000000999999999918e+00
8.896810000000000329e+00 9.999719999999999720e-01
8.910809999999999675e+00 9.999320000000000430e-01
8.924810000000000798e+00 9.998810000000000198e-01
8.938810000000000144e+00 9.998179999999999845e-01
8.952809999999999491e+00 9.997420000000000195e-01
8.966809999999998837e+00 9.996530000000000138e-01
8.980809999999999960e+00 9.995500000000000496e-01
8.994809999999999306e+00 9.994330000000000158e-01
9.008810000000000429e+00 9.992999999999999661e-01
9.022809999999999775e+00 9.991510000000000113e-01
9.036809999999999121e+00 9.989850000000000119e-01
9.050810000000000244e+00 9.988010000000000499e-01
9.064809999999999590e+00 9.985979999999999857e-01
9.078810000000000713e+00 9.983760000000000412e-01
9.092810000000000059e+00 9.981320000000000192e-01
9.106809999999999405e+00 9.978669999999999485e-01
