3.500000000000000000e+00 9.984709999999999974e-01
3.509999999999999787e+00 9.944870000000000099e-01
3.520000000000000018e+00 9.924429999999999641e-01
3.529999999999999805e+00 9.909130000000000438e-01
3.540000000000000036e+00 9.896599999999999842e-01
3.549999999999999822e+00 9.885899999999999688e-01
3.560000000000000053e+00 9.876540000000000319e-01
3.569999999999999840e+00 9.868200000000000305e-01
3.580000000000000071e+00 9.860670000000000268e-01
3.589999999999999858e+00 9.853819999999999801e-01
3.600000000000000089e+00 9.847529999999999895e-01
3.609999999999999876e+00 9.841739999999999933e-01
3.620000000000000107e+00 9.836380000000000123e-01
3.629999999999999893e+00 9.831379999999999564e-01
3.640000000000000124e+00 9.826709999999999612e-01
3.649999999999999911e+00 9.822340000000000515e-01
3.660000000000000142e+00 9.818240000000000300e-01
3.669999999999999929e+00 9.814380000000000326e-01
3.680000000000000160e+00 9.810729999999999729e-01
3.689999999999999947e+00 9.807299999999999907e-01
3.700000000000000178e+00 9.804040000000000532e-01
3.709999999999999964e+00 9.800959999999999672e-01
3.720000000000000195e+00 9.798040000000000083e-01
3.729999999999999982e+00 9.795260000000000078e-01
3.740000000000000213e+00 9.792610000000000481e-01
3.750000000000000000e+00 9.790090000000000181e-01
3.759999999999999787e+00 9.787690000000000001e-01
3.770000000000000018e+00 9.785409999999999942e-01
3.779999999999999805e+00 9.783220000000000249e-01
3.790000000000000036e+00 9.781140000000000390e-01
3.799999999999999822e+00 9.779149999999999787e-01
3.810000000000000053e+00 9.777249999999999552e-01
3.819999999999999840e+00 9.775439999999999685e-01
3.830000000000000071e+00 9.773709999999999898e-01
3.839999999999999858e+00 9.772049999999999903e-01
3.850000000000000089e+00 9.770459999999999701e-01
3.859999999999999876e+00 9.768949999999999578e-01
3.870000000000000107e+00 9.767500000000000071e-01
3.879999999999999893e+00 9.766110000000000069e-01
3.890000000000000124e+00 9.764789999999999859e-01
3.899999999999999911e+00 9.763519999999999976e-01
3.910000000000000142e+00 9.762309999999999599e-01
3.919999999999999929e+00 9.761149999999999549e-01
3.930000000000000160e+00 9.760039999999999827e-01
3.939999999999999947e+00 9.758980000000000432e-01
3.950000000000000178e+00 9.757980000000000542e-01
3.959999999999999964e+00 9.757010000000000405e-01
3.970000000000000195e+00 9.756099999999999772e-01
3.979999999999999982e+00 9.755230000000000290e-01
3.990000000000000213e+00 9.754399999999999737e-01
4.000000000000000000e+00 9.753610000000000335e-01
4.009999999999999787e+00 9.752859999999999863e-01
4.019999999999999574e+00 9.752150000000000540e-01
4.030000000000000249e+00 9.751469999999999860e-01
4.040000000000000036e+00 9.750839999999999508e-01
4.049999999999999822e+00 9.750240000000000018e-01
4.059999999999999609e+00 9.749670000000000281e-01
4.070000000000000284e+00 9.749139999999999473e-01
4.080000000000000071e+00 9.748649999999999816e-01
4.089999999999999858e+00 9.748179999999999623e-01
4.099999999999999645e+00 9.747749999999999471e-01
4.110000000000000320e+00 9.747339999999999893e-01
4.120000000000000107e+00 9.746970000000000356e-01
4.129999999999999893e+00 9.746620000000000283e-01
4.139999999999999680e+00 9.746310000000000251e-01
4.150000000000000355e+00 9.746019999999999683e-01
4.160000000000000142e+00 9.745759999999999978e-01
4.169999999999999929e+00 9.745530000000000026e-01
4.179999999999999716e+00 9.745319999999999538e-01
4.190000000000000391e+00 9.745139999999999914e-01
4.200000000000000178e+00 9.744990000000000041e-01
4.209999999999999964e+00 9.744859999999999634e-01
4.219999999999999751e+00 9.744760000000000089e-01
4.230000000000000426e+00 9.744680000000000009e-01
4.240000000000000213e+00 9.744620000000000504e-01
4.250000000000000000e+00 9.744589999999999641e-01
4.259999999999999787e+00 9.744580000000000464e-01
4.269999999999999574e+00 9.744589999999999641e-01
4.280000000000000249e+00 9.744629999999999681e-01
4.290000000000000036e+00 9.744690000000000296e-01
4.299999999999999822e+00 9.744770000000000376e-01
4.309999999999999609e+00 9.744869999999999921e-01
4.320000000000000284e+00 9.745000000000000329e-01
4.330000000000000071e+00 9.745139999999999914e-01
4.339999999999999858e+00 9.745310000000000361e-01
4.349999999999999645e+00 9.745500000000000274e-01
4.360000000000000320e+00 9.745709999999999651e-01
4.370000000000000107e+00 9.745939999999999603e-01
4.379999999999999893e+00 9.746179999999999843e-01
4.389999999999999680e+00 9.746449999999999836e-01
4.400000000000000355e+00 9.746740000000000403e-01
4.410000000000000142e+00 9.747050000000000436e-01
4.419999999999999929e+00 9.747379999999999933e-01
4.429999999999999716e+00 9.747719999999999718e-01
4.440000000000000391e+00 9.748090000000000366e-01
4.450000000000000178e+00 9.748470000000000191e-01
4.459999999999999964e+00 9.748879999999999768e-01
4.469999999999999751e+00 9.749299999999999633e-01
4.480000000000000426e+00 9.749740000000000073e-01
4.490000000000000213e+00 9.750189999999999690e-01
4.500000000000000000e+00 9.750670000000000170e-01
4.509999999999999787e+00 9.751159999999999828e-01
4.519999999999999574e+00 9.751680000000000348e-01
4.530000000000000249e+00 9.752210000000000045e-01
4.540000000000000036e+00 9.752750000000000030e-01
4.549999999999999822e+00 9.753319999999999768e-01
4.559999999999999609e+00 9.753899999999999793e-01
4.570000000000000284e+00 9.754500000000000393e-01
4.580000000000000071e+00 9.755110000000000170e-01
4.589999999999999858e+00 9.755749999999999700e-01
4.599999999999999645e+00 9.756399999999999517e-01
4.610000000000000320e+00 9.757059999999999622e-01
4.620000000000000107e+00 9.757749999999999480e-01
4.629999999999999893e+00 9.758449999999999624e-01
4.639999999999999680e+00 9.759170000000000345e-01
4.650000000000000355e+00 9.759900000000000242e-01
4.660000000000000142e+00 9.760649999999999604e-01
4.669999999999999929e+00 9.761419999999999542e-01
4.679999999999999716e+00 9.762199999999999767e-01
4.690000000000000391e+00 9.762999999999999456e-01
4.700000000000000178e+00 9.763819999999999721e-01
4.709999999999999964e+00 9.764650000000000274e-01
4.719999999999999751e+00 9.765500000000000291e-01
4.730000000000000426e+00 9.766369999999999774e-01
4.740000000000000213e+00 9.767249999999999543e-01
4.750000000000000000e+00 9.768149999999999888e-01
4.759999999999999787e+00 9.769060000000000521e-01
4.769999999999999574e+00 9.769999999999999796e-01
4.780000000000000249e+00 9.770940000000000181e-01
4.790000000000000036e+00 9.771910000000000318e-01
4.799999999999999822e+00 9.772889999999999633e-01
4.809999999999999609e+00 9.773880000000000345e-01
4.820000000000000284e+00 9.774899999999999700e-01
4.830000000000000071e+00 9.775930000000000453e-01
4.839999999999999858e+00 9.776970000000000383e-01
4.849999999999999645e+00 9.778029999999999777e-01
4.860000000000000320e+00 9.779109999999999747e-01
4.870000000000000107e+00 9.780200000000000005e-01
4.879999999999999893e+00 9.781309999999999727e-01
4.889999999999999680e+00 9.782440000000000024e-01
4.900000000000000355e+00 9.783579999999999499e-01
4.910000000000000142e+00 9.784739999999999549e-01
4.919999999999999929e+00 9.785909999999999886e-01
4.929999999999999716e+00 9.787109999999999976e-01
4.940000000000000391e+00 9.788310000000000066e-01
4.950000000000000178e+00 9.789539999999999909e-01
4.959999999999999964e+00 9.790780000000000038e-01
4.969999999999999751e+00 9.792030000000000456e-01
4.980000000000000426e+00 9.793300000000000338e-01
4.990000000000000213e+00 9.794589999999999685e-01
5.000000000000000000e+00 9.795899999999999608e-01
5.009999999999999787e+00 9.797219999999999818e-01
5.019999999999999574e+00 9.798559999999999492e-01
5.030000000000000249e+00 9.799909999999999455e-01
5.040000000000000036e+00 9.801279999999999992e-01
5.049999999999999822e+00 9.802669999999999995e-01
5.059999999999999609e+00 9.804070000000000285e-01
5.070000000000000284e+00 9.805490000000000039e-01
5.080000000000000071e+00 9.806930000000000369e-01
5.089999999999999858e+00 9.808379999999999876e-01
5.099999999999999645e+00 9.809849999999999959e-01
5.110000000000000320e+00 9.811330000000000329e-01
5.120000000000000107e+00 9.812830000000000163e-01
5.129999999999999893e+00 9.814349999999999463e-01
5.139999999999999680e+00 9.815890000000000448e-01
5.150000000000000355e+00 9.817439999999999500e-01
5.160000000000000142e+00 9.818999999999999950e-01
5.169999999999999929e+00 9.820590000000000153e-01
5.179999999999999716e+00 9.822189999999999532e-01
5.190000000000000391e+00 9.823800000000000310e-01
5.200000000000000178e+00 9.825439999999999729e-01
5.209999999999999964e+00 9.827080000000000259e-01
5.219999999999999751e+00 9.828750000000000542e-01
5.230000000000000426e+00 9.830430000000000001e-01
5.240000000000000213e+00 9.832130000000000036e-01
5.250000000000000000e+00 9.833840000000000359e-01
5.259999999999999787e+00 9.835570000000000146e-01
5.269999999999999574e+00 9.837320000000000508e-01
5.280000000000000249e+00 9.839080000000000048e-01
5.290000000000000036e+00 9.840860000000000163e-01
5.299999999999999822e+00 9.842649999999999455e-01
5.309999999999999609e+00 9.844460000000000433e-01
5.320000000000000284e+00 9.846289999999999765e-01
5.330000000000000071e+00 9.848130000000000495e-01
5.339999999999999858e+00 9.849989999999999579e-01
5.349999999999999645e+00 9.851860000000000062e-01
5.360000000000000320e+00 9.853750000000000009e-01
5.370000000000000107e+00 9.855650000000000244e-01
5.379999999999999893e+00 9.857569999999999943e-01
5.389999999999999680e+00 9.859510000000000218e-01
5.400000000000000355e+00 9.861450000000000493e-01
5.410000000000000142e+00 9.863420000000000520e-01
5.419999999999999929e+00 9.865399999999999725e-01
5.429999999999999716e+00 9.867390000000000327e-01
5.440000000000000391e+00 9.869400000000000395e-01
5.450000000000000178e+00 9.871419999999999639e-01
5.459999999999999964e+00 9.873450000000000282e-01
5.469999999999999751e+00 9.875500000000000389e-01
5.480000000000000426e+00 9.877559999999999674e-01
5.490000000000000213e+00 9.879639999999999533e-01
5.500000000000000000e+00 9.881729999999999681e-01
5.509999999999999787e+00 9.883830000000000116e-01
5.519999999999999574e+00 9.885939999999999728e-01
5.530000000000000249e+00 9.888069999999999915e-01
5.540000000000000036e+00 9.890210000000000390e-01
5.549999999999999822e+00 9.892360000000000042e-01
5.559999999999999609e+00 9.894519999999999982e-01
5.570000000000000284e+00 9.896690000000000209e-01
5.580000000000000071e+00 9.898869999999999614e-01
5.589999999999999858e+00 9.901060000000000416e-01
5.599999999999999645e+00 9.903260000000000396e-01
5.610000000000000320e+00 9.905469999999999553e-01
5.620000000000000107e+00 9.907690000000000108e-01
5.629999999999999893e+00 9.909919999999999840e-01
5.639999999999999680e+00 9.912149999999999572e-01
5.650000000000000355e+00 9.914389999999999592e-01
5.660000000000000142e+00 9.916639999999999899e-01
5.669999999999999929e+00 9.918890000000000207e-01
5.679999999999999716e+00 9.921140000000000514e-01
5.690000000000000391e+00 9.923399999999999999e-01
5.700000000000000178e+00 9.925659999999999483e-01
5.709999999999999964e+00 9.927930000000000366e-01
5.719999999999999751e+00 9.930200000000000138e-01
5.730000000000000426e+00 9.932459999999999622e-01
5.740000000000000213e+00 9.934730000000000505e-01
5.750000000000000000e+00 9.936989999999999990e-01
5.759999999999999787e+00 9.939249999999999474e-01
5.769999999999999574e+00 9.941510000000000069e-01
5.780000000000000249e+00 9.943760000000000376e-01
5.790000000000000036e+00 9.946009999999999573e-01
5.799999999999999822e+00 9.948249999999999593e-01
5.809999999999999609e+00 9.950480000000000436e-01
5.820000000000000284e+00 9.952689999999999593e-01
5.830000000000000071e+00 9.954899999999999860e-01
5.839999999999999858e+00 9.957089999999999552e-01
5.849999999999999645e+00 9.959259999999999780e-01
5.860000000000000320e+00 9.961419999999999719e-01
5.870000000000000107e+00 9.963560000000000194e-01
5.879999999999999893e+00 9.965669999999999806e-01
5.889999999999999680e+00 9.967759999999999954e-01
5.900000000000000355e+00 9.969820000000000348e-01
5.910000000000000142e+00 9.971849999999999881e-01
5.919999999999999929e+00 9.973849999999999660e-01
5.929999999999999716e+00 9.975819999999999688e-01
5.940000000000000391e+00 9.977749999999999675e-01
5.950000000000000178e+00 9.979630000000000445e-01
5.959999999999999964e+00 9.981470000000000065e-01
5.969999999999999751e+00 9.983260000000000467e-01
5.980000000000000426e+00 9.985000000000000542e-01
5.990000000000000213e+00 9.986680000000000001e-01
6.000000000000000000e+00 9.988310000000000244e-01
6.009999999999999787e+00 9.989860000000000406e-01
6.019999999999999574e+00 9.991349999999999953e-01
6.030000000000000249e+00 9.992760000000000531e-01
6.040000000000000036e+00 9.994089999999999918e-01
6.049999999999999822e+00 9.995330000000000048e-01
6.059999999999999609e+00 9.996479999999999810e-01
6.070000000000000284e+00 9.997519999999999740e-01
6.080000000000000071e+00 9.998470000000000413e-01
6.089999999999999858e+00 9.999289999999999567e-01
6.099999999999999645e+00 1.000000000000000000e+00
6.110000000000000320e+00 1.000056999999999974e+00
6.120000000000000107e+00 1.000099999999999989e+00
6.129999999999999893e+00 1.000127999999999906e+00
6.139999999999999680e+00 1.000140999999999947e+00
6.150000000000000355e+00 1.000135999999999914e+00
6.160000000000000142e+00 1.000113000000000030e+00
6.169999999999999929e+00 1.000070000000000014e+00
6.179999999999999716e+00 1.000007000000000090e+00
6.190000000000000391e+00 9.999209999999999487e-01
6.200000000000000178e+00 9.998110000000000053e-01
6.209999999999999964e+00 9.996760000000000090e-01
6.219999999999999751e+00 9.995140000000000136e-01
6.230000000000000426e+00 9.993229999999999613e-01
6.240000000000000213e+00 9.990999999999999881e-01
6.250000000000000000e+00 9.988449999999999829e-01
6.259999999999999787e+00 9.985540000000000527e-01
6.269999999999999574e+00 9.982250000000000290e-01
6.280000000000000249e+00 9.978550000000000475e-01
6.290000000000000036e+00 9.974429999999999685e-01
6.299999999999999822e+00 9.969829999999999526e-01
6.309999999999999609e+00 9.964749999999999996e-01
6.320000000000000284e+00 9.959130000000000482e-01
6.330000000000000071e+00 9.952950000000000408e-01
6.339999999999999858e+00 9.946159999999999446e-01
6.349999999999999645e+00 9.938719999999999777e-01
6.360000000000000320e+00 9.930579999999999963e-01
6.370000000000000107e+00 9.921699999999999964e-01
6.379999999999999893e+00 9.912020000000000275e-01
6.389999999999999680e+00 9.901489999999999458e-01
6.400000000000000355e+00 9.890039999999999942e-01
6.410000000000000142e+00 9.877610000000000001e-01
6.419999999999999929e+00 9.864119999999999555e-01
6.429999999999999716e+00 9.849510000000000209e-01
6.440000000000000391e+00 9.833690000000000486e-01
6.450000000000000178e+00 9.816570000000000018e-01
6.459999999999999964e+00 9.798050000000000370e-01
6.469999999999999751e+00 9.778050000000000352e-01
6.480000000000000426e+00 9.756439999999999557e-01
6.490000000000000213e+00 9.733119999999999550e-01
6.500000000000000000e+00 9.707949999999999635e-01
6.509999999999999787e+00 9.680800000000000516e-01
6.519999999999999574e+00 9.651539999999999564e-01
6.530000000000000249e+00 9.620009999999999950e-01
6.540000000000000036e+00 9.586040000000000116e-01
6.549999999999999822e+00 9.549459999999999615e-01
6.559999999999999609e+00 9.510089999999999932e-01
6.570000000000000284e+00 9.467729999999999757e-01
6.580000000000000071e+00 9.422169999999999712e-01
6.589999999999999858e+00 9.373200000000000420e-01
6.599999999999999645e+00 9.320589999999999709e-01
6.610000000000000320e+00 9.264090000000000380e-01
6.620000000000000107e+00 9.203459999999999974e-01
6.629999999999999893e+00 9.138439999999999896e-01
6.639999999999999680e+00 9.068760000000000154e-01
6.650000000000000355e+00 8.994149999999999645e-01
6.660000000000000142e+00 8.914349999999999774e-01
6.669999999999999929e+00 8.829069999999999974e-01
6.679999999999999716e+00 8.738070000000000004e-01
6.690000000000000391e+00 8.641090000000000160e-01
6.700000000000000178e+00 8.537890000000000201e-01
6.709999999999999964e+00 8.428259999999999641e-01
6.719999999999999751e+00 8.312049999999999716e-01
6.730000000000000426e+00 8.189109999999999445e-01
6.740000000000000213e+00 8.059389999999999610e-01
6.750000000000000000e+00 7.922890000000000210e-01
6.759999999999999787e+00 7.779690000000000216e-01
6.769999999999999574e+00 7.629979999999999540e-01
6.780000000000000249e+00 7.474060000000000148e-01
6.790000000000000036e+00 7.312380000000000546e-01
6.799999999999999822e+00 7.145500000000000185e-01
6.809999999999999609e+00 6.974179999999999824e-01
6.820000000000000284e+00 6.799340000000000384e-01
6.830000000000000071e+00 6.622059999999999613e-01
6.839999999999999858e+00 6.443630000000000191e-01
6.849999999999999645e+00 6.265519999999999978e-01
6.860000000000000320e+00 6.089369999999999505e-01
6.870000000000000107e+00 5.916970000000000285e-01
6.879999999999999893e+00 5.750239999999999796e-01
6.889999999999999680e+00 5.591190000000000326e-01
6.900000000000000355e+00 5.441840000000000011e-01
6.910000000000000142e+00 5.304179999999999451e-01
6.919999999999999929e+00 5.180120000000000280e-01
6.929999999999999716e+00 5.071320000000000272e-01
6.940000000000000391e+00 4.979199999999999737e-01
6.950000000000000178e+00 4.904819999999999736e-01
6.959999999999999964e+00 4.848819999999999797e-01
6.969999999999999751e+00 4.811400000000000121e-01
6.980000000000000426e+00 4.792330000000000201e-01
6.990000000000000213e+00 4.790920000000000178e-01
7.000000000000000000e+00 4.806150000000000144e-01
7.009999999999999787e+00 4.836690000000000156e-01
7.019999999999999574e+00 4.880999999999999783e-01
7.030000000000000249e+00 4.937420000000000142e-01
7.040000000000000036e+00 5.004260000000000375e-01
7.049999999999999822e+00 5.079850000000000199e-01
7.059999999999999609e+00 5.162600000000000522e-01
7.070000000000000284e+00 5.251019999999999577e-01
7.080000000000000071e+00 5.343769999999999909e-01
7.089999999999999858e+00 5.439650000000000318e-01
7.099999999999999645e+00 5.537609999999999477e-01
7.110000000000000320e+00 5.636740000000000084e-01
7.120000000000000107e+00 5.736289999999999445e-01
7.129999999999999893e+00 5.835590000000000499e-01
7.139999999999999680e+00 5.934099999999999930e-01
7.150000000000000355e+00 6.031410000000000382e-01
7.160000000000000142e+00 6.127139999999999809e-01
7.169999999999999929e+00 6.221020000000000438e-01
7.179999999999999716e+00 6.312839999999999563e-01
7.190000000000000391e+00 6.402430000000000065e-01
7.200000000000000178e+00 6.489690000000000181e-01
7.209999999999999964e+00 6.574529999999999541e-01
7.219999999999999751e+00 6.656910000000000327e-01
7.230000000000000426e+00 6.736809999999999743e-01
7.240000000000000213e+00 6.814230000000000009e-01
7.250000000000000000e+00 6.889189999999999481e-01
7.259999999999999787e+00 6.961730000000000418e-01
7.269999999999999574e+00 7.031880000000000353e-01
7.280000000000000249e+00 7.099699999999999900e-01
7.290000000000000036e+00 7.165240000000000498e-01
7.299999999999999822e+00 7.228580000000000005e-01
7.309999999999999609e+00 7.289769999999999861e-01
7.320000000000000284e+00 7.348879999999999857e-01
7.330000000000000071e+00 7.405990000000000073e-01
7.339999999999999858e+00 7.461160000000000014e-01
7.349999999999999645e+00 7.514459999999999473e-01
7.360000000000000320e+00 7.565969999999999640e-01
7.370000000000000107e+00 7.615739999999999732e-01
7.379999999999999893e+00 7.663849999999999829e-01
7.389999999999999680e+00 7.710360000000000547e-01
7.400000000000000355e+00 7.755330000000000279e-01
7.410000000000000142e+00 7.798819999999999641e-01
7.419999999999999929e+00 7.840899999999999537e-01
7.429999999999999716e+00 7.881620000000000292e-01
7.440000000000000391e+00 7.921030000000000015e-01
7.450000000000000178e+00 7.959190000000000431e-01
7.459999999999999964e+00 7.996149999999999647e-01
7.469999999999999751e+00 8.031949999999999923e-01
7.480000000000000426e+00 8.066640000000000477e-01
7.490000000000000213e+00 8.100270000000000525e-01
7.500000000000000000e+00 8.132890000000000397e-01
7.509999999999999787e+00 8.164519999999999555e-01
7.519999999999999574e+00 8.195219999999999727e-01
7.530000000000000249e+00 8.225010000000000376e-01
7.540000000000000036e+00 8.253930000000000433e-01
7.549999999999999822e+00 8.282019999999999937e-01
7.559999999999999609e+00 8.309320000000000039e-01
7.570000000000000284e+00 8.335839999999999916e-01
7.580000000000000071e+00 8.361629999999999896e-01
7.589999999999999858e+00 8.386700000000000266e-01
7.599999999999999645e+00 8.411100000000000243e-01
7.610000000000000320e+00 8.434829999999999828e-01
7.620000000000000107e+00 8.457940000000000458e-01
7.629999999999999893e+00 8.480429999999999913e-01
7.639999999999999680e+00 8.502340000000000453e-01
7.650000000000000355e+00 8.523690000000000433e-01
7.660000000000000142e+00 8.544500000000000428e-01
7.669999999999999929e+00 8.564779999999999616e-01
7.679999999999999716e+00 8.584559999999999969e-01
7.690000000000000391e+00 8.603849999999999554e-01
7.700000000000000178e+00 8.622680000000000344e-01
7.709999999999999964e+00 8.641050000000000120e-01
7.719999999999999751e+00 8.658989999999999743e-01
7.730000000000000426e+00 8.676509999999999501e-01
7.740000000000000213e+00 8.693619999999999681e-01
7.750000000000000000e+00 8.710339999999999749e-01
7.759999999999999787e+00 8.726690000000000280e-01
7.769999999999999574e+00 8.742670000000000163e-01
7.780000000000000249e+00 8.758299999999999974e-01
7.790000000000000036e+00 8.773579999999999712e-01
7.799999999999999822e+00 8.788540000000000241e-01
7.809999999999999609e+00 8.803180000000000449e-01
7.820000000000000284e+00 8.817509999999999515e-01
7.830000000000000071e+00 8.831550000000000233e-01
7.839999999999999858e+00 8.845290000000000097e-01
7.849999999999999645e+00 8.858759999999999968e-01
7.860000000000000320e+00 8.871959999999999846e-01
7.870000000000000107e+00 8.884900000000000020e-01
7.879999999999999893e+00 8.897589999999999666e-01
7.889999999999999680e+00 8.910029999999999895e-01
7.900000000000000355e+00 8.922229999999999883e-01
7.910000000000000142e+00 8.934210000000000207e-01
7.919999999999999929e+00 8.945959999999999468e-01
7.929999999999999716e+00 8.957500000000000462e-01
7.940000000000000391e+00 8.968829999999999858e-01
7.950000000000000178e+00 8.979949999999999877e-01
7.959999999999999964e+00 8.990879999999999983e-01
7.969999999999999751e+00 9.001620000000000177e-01
7.980000000000000426e+00 9.012179999999999636e-01
7.990000000000000213e+00 9.022550000000000292e-01
8.000000000000000000e+00 9.032759999999999678e-01
8.009999999999999787e+00 9.042790000000000550e-01
8.019999999999999574e+00 9.052660000000000151e-01
8.029999999999999361e+00 9.062369999999999592e-01
8.039999999999999147e+00 9.071930000000000271e-01
8.050000000000000711e+00 9.081339999999999968e-01
8.060000000000000497e+00 9.090599999999999792e-01
8.070000000000000284e+00 9.099720000000000031e-01
8.080000000000000071e+00 9.108699999999999575e-01
8.089999999999999858e+00 9.117549999999999821e-01
8.099999999999999645e+00 9.126269999999999660e-01
8.109999999999999432e+00 9.134870000000000489e-01
8.119999999999999218e+00 9.143339999999999801e-01
8.130000000000000782e+00 9.151690000000000103e-01
8.140000000000000568e+00 9.159929999999999461e-01
8.150000000000000355e+00 9.168049999999999811e-01
8.160000000000000142e+00 9.176069999999999505e-01
8.169999999999999929e+00 9.183980000000000476e-01
8.179999999999999716e+00 9.191789999999999683e-01
8.189999999999999503e+00 9.199490000000000167e-01
8.199999999999999289e+00 9.207100000000000284e-01
8.210000000000000853e+00 9.214620000000000033e-01
8.220000000000000639e+00 9.222040000000000237e-01
8.230000000000000426e+00 9.229370000000000074e-01
8.240000000000000213e+00 9.236609999999999543e-01
8.250000000000000000e+00 9.243770000000000042e-01
8.259999999999999787e+00 9.250850000000000461e-01
8.269999999999999574e+00 9.257849999999999691e-01
8.279999999999999361e+00 9.264759999999999662e-01
8.289999999999999147e+00 9.271599999999999842e-01
8.300000000000000711e+00 9.278370000000000228e-01
8.310000000000000497e+00 9.285069999999999713e-01
8.320000000000000284e+00 9.291690000000000227e-01
8.330000000000000071e+00 9.298250000000000126e-01
8.339999999999999858e+00 9.304740000000000233e-01
8.349999999999999645e+00 9.311160000000000547e-01
8.359999999999999432e+00 9.317520000000000246e-01
8.369999999999999218e+00 9.323829999999999618e-01
8.380000000000000782e+00 9.330070000000000308e-01
8.390000000000000568e+00 9.336250000000000382e-01
8.400000000000000355e+00 9.342369999999999841e-01
8.410000000000000142e+00 9.348450000000000371e-01
8.419999999999999929e+00 9.354459999999999997e-01
8.429999999999999716e+00 9.360429999999999584e-01
8.439999999999999503e+00 9.366339999999999666e-01
8.449999999999999289e+00 9.372209999999999708e-01
8.460000000000000853e+00 9.378020000000000245e-01
8.470000000000000639e+00 9.383789999999999631e-01
8.480000000000000426e+00 9.389520000000000088e-01
8.490000000000000213e+00 9.395189999999999930e-01
8.500000000000000000e+00 9.400830000000000020e-01
8.509999999999999787e+00 9.406419999999999781e-01
8.519999999999999574e+00 9.411979999999999791e-01
8.529999999999999361e+00 9.417489999999999473e-01
8.539999999999999147e+00 9.422960000000000225e-01
8.550000000000000711e+00 9.428400000000000114e-01
8.560000000000000497e+00 9.433789999999999676e-01
8.570000000000000284e+00 9.439159999999999773e-01
8.580000000000000071e+00 9.444479999999999542e-01
8.589999999999999858e+00 9.449769999999999559e-01
8.599999999999999645e+00 9.455029999999999824e-01
8.609999999999999432e+00 9.460260000000000336e-01
8.619999999999999218e+00 9.465459999999999985e-01
8.630000000000000782e+00 9.470619999999999594e-01
8.640000000000000568e+00 9.475749999999999451e-01
8.650000000000000355e+00 9.480859999999999843e-01
8.660000000000000142e+00 9.485930000000000195e-01
8.669999999999999929e+00 9.490979999999999972e-01
8.679999999999999716e+00 9.495999999999999996e-01
8.689999999999999503e+00 9.500990000000000268e-01
8.699999999999999289e+00 9.505959999999999965e-01
8.710000000000000853e+00 9.510910000000000197e-01
8.720000000000000639e+00 9.515820000000000389e-01
8.730000000000000426e+00 9.520720000000000294e-01
8.740000000000000213e+00 9.525590000000000446e-01
8.750000000000000000e+00 9.530429999999999735e-01
8.759999999999999787e+00 9.535259999999999847e-01
8.769999999999999574e+00 9.540060000000000207e-01
8.779999999999999361e+00 9.544839999999999991e-01
8.789999999999999147e+00 9.549600000000000311e-01
8.800000000000000711e+00 9.554340000000000055e-01
8.810000000000000497e+00 9.559060000000000334e-01
8.820000000000000284e+00 9.563760000000000039e-01
8.830000000000000071e+00 9.568440000000000278e-01
8.839999999999999858e+00 9.573099999999999943e-01
8.849999999999999645e+00 9.577740000000000142e-01
8.859999999999999432e+00 9.582370000000000054e-01
8.869999999999999218e+00 9.586970000000000214e-01
8.880000000000000782e+00 9.591560000000000086e-01
8.890000000000000568e+00 9.596130000000000493e-01
8.900000000000000355e+00 9.600680000000000325e-01
8.910000000000000142e+00 9.605219999999999869e-01
8.919999999999999929e+00 9.609739999999999949e-01
8.929999999999999716e+00 9.614239999999999453e-01
8.939999999999999503e+00 9.618719999999999493e-01
8.949999999999999289e+00 9.623190000000000355e-01
8.960000000000000853e+00 9.627649999999999819e-01
8.970000000000000639e+00 9.632089999999999819e-01
8.980000000000000426e+00 9.636510000000000353e-01
8.990000000000000213e+00 9.640910000000000313e-01
9.000000000000000000e+00 9.645310000000000272e-01
