3.506810000000000205e+00 9.963689999999999491e-01
3.520809999999999995e+00 9.939480000000000537e-01
3.534809999999999786e+00 9.923070000000000501e-01
3.548810000000000020e+00 9.910080000000000000e-01
3.562810000000000255e+00 9.899130000000000429e-01
3.576809999999999601e+00 9.889599999999999502e-01
3.590809999999999835e+00 9.881130000000000191e-01
3.604810000000000070e+00 9.873509999999999787e-01
3.618810000000000304e+00 9.866570000000000062e-01
3.632809999999999651e+00 9.860189999999999788e-01
3.646809999999999885e+00 9.854300000000000281e-01
3.660810000000000120e+00 9.848820000000000352e-01
3.674810000000000354e+00 9.843709999999999960e-01
3.688809999999999700e+00 9.838930000000000176e-01
3.702809999999999935e+00 9.834439999999999849e-01
3.716810000000000169e+00 9.830210000000000337e-01
3.730810000000000404e+00 9.826219999999999954e-01
3.744809999999999750e+00 9.822450000000000347e-01
3.758809999999999985e+00 9.818869999999999543e-01
3.772810000000000219e+00 9.815469999999999473e-01
3.786810000000000009e+00 9.812229999999999563e-01
3.800809999999999800e+00 9.809160000000000101e-01
3.814810000000000034e+00 9.806219999999999937e-01
3.828810000000000269e+00 9.803420000000000467e-01
3.842809999999999615e+00 9.800750000000000295e-01
3.856809999999999850e+00 9.798189999999999955e-01
3.870810000000000084e+00 9.795739999999999448e-01
3.884810000000000318e+00 9.793399999999999883e-01
3.898809999999999665e+00 9.791149999999999576e-01
3.912809999999999899e+00 9.788999999999999924e-01
3.926810000000000134e+00 9.786930000000000351e-01
3.940810000000000368e+00 9.784939999999999749e-01
3.954809999999999715e+00 9.783030000000000337e-01
3.968809999999999949e+00 9.781199999999999894e-01
3.982810000000000183e+00 9.779430000000000067e-01
3.996810000000000418e+00 9.777719999999999745e-01
4.010810000000000208e+00 9.776089999999999502e-01
4.024810000000000443e+00 9.774509999999999588e-01
4.038809999999999789e+00 9.772980000000000000e-01
4.052810000000000024e+00 9.771520000000000206e-01
4.066810000000000258e+00 9.770100000000000451e-01
4.080809999999999604e+00 9.768740000000000201e-01
4.094809999999999839e+00 9.767430000000000279e-01
4.108810000000000073e+00 9.766160000000000396e-01
4.122810000000000308e+00 9.764930000000000554e-01
4.136809999999999654e+00 9.763749999999999929e-01
4.150809999999999889e+00 9.762619999999999632e-01
4.164810000000000123e+00 9.761520000000000197e-01
4.178810000000000358e+00 9.760459999999999692e-01
4.192809999999999704e+00 9.759430000000000049e-01
4.206809999999999938e+00 9.758449999999999624e-01
4.220810000000000173e+00 9.757489999999999775e-01
4.234810000000000407e+00 9.756569999999999965e-01
4.248809999999999754e+00 9.755679999999999907e-01
4.262809999999999988e+00 9.754829999999999890e-01
4.276810000000000223e+00 9.754000000000000448e-01
4.290810000000000457e+00 9.753199999999999648e-01
4.304809999999999803e+00 9.752429999999999710e-01
4.318810000000000038e+00 9.751689999999999525e-01
4.332810000000000272e+00 9.750980000000000203e-01
4.346809999999999619e+00 9.750290000000000346e-01
4.360809999999999853e+00 9.749619999999999953e-01
4.374810000000000088e+00 9.748980000000000423e-01
4.388810000000000322e+00 9.748369999999999536e-01
4.402809999999999668e+00 9.747780000000000333e-01
4.416809999999999903e+00 9.747209999999999486e-01
4.430810000000000137e+00 9.746660000000000323e-01
4.444810000000000372e+00 9.746129999999999516e-01
4.458809999999999718e+00 9.745629999999999571e-01
4.472809999999999953e+00 9.745150000000000201e-01
4.486810000000000187e+00 9.744680000000000009e-01
4.500809999999999533e+00 9.744239999999999569e-01
4.514809999999999768e+00 9.743810000000000526e-01
4.528810000000000002e+00 9.743410000000000126e-01
4.542810000000000237e+00 9.743020000000000014e-01
4.556809999999999583e+00 9.742650000000000476e-01
4.570809999999999818e+00 9.742300000000000404e-01
4.584810000000000052e+00 9.741969999999999796e-01
4.598810000000000286e+00 9.741649999999999476e-01
4.612809999999999633e+00 9.741349999999999731e-01
4.626809999999999867e+00 9.741069999999999451e-01
4.640810000000000102e+00 9.740799999999999459e-01
4.654810000000000336e+00 9.740550000000000042e-01
4.668809999999999683e+00 9.740320000000000089e-01
4.682809999999999917e+00 9.740100000000000424e-01
4.696810000000000151e+00 9.739889999999999937e-01
4.710810000000000386e+00 9.739700000000000024e-01
4.724809999999999732e+00 9.739529999999999577e-01
4.738809999999999967e+00 9.739370000000000527e-01
4.752810000000000201e+00 9.739219999999999544e-01
4.766809999999999548e+00 9.739090000000000247e-01
4.780809999999999782e+00 9.738970000000000127e-01
4.794810000000000016e+00 9.738860000000000294e-01
4.808810000000000251e+00 9.738769999999999927e-01
4.822809999999999597e+00 9.738689999999999847e-01
4.836809999999999832e+00 9.738620000000000054e-01
4.850810000000000066e+00 9.738569999999999727e-01
4.864810000000000301e+00 9.738529999999999687e-01
4.878809999999999647e+00 9.738499999999999934e-01
4.892809999999999881e+00 9.738480000000000469e-01
4.906810000000000116e+00 9.738480000000000469e-01
4.920810000000000350e+00 9.738480000000000469e-01
4.934809999999999697e+00 9.738499999999999934e-01
4.948809999999999931e+00 9.738529999999999687e-01
4.962810000000000166e+00 9.738580000000000014e-01
4.976810000000000400e+00 9.738630000000000342e-01
4.990809999999999746e+00 9.738700000000000134e-01
5.004809999999999981e+00 9.738769999999999927e-01
5.018810000000000215e+00 9.738860000000000294e-01
5.032809999999999562e+00 9.738959999999999839e-01
5.046809999999999796e+00 9.739069999999999672e-01
5.060810000000000031e+00 9.739189999999999792e-01
5.074810000000000265e+00 9.739330000000000487e-01
5.088809999999999611e+00 9.739470000000000072e-01
5.102809999999999846e+00 9.739619999999999944e-01
5.116810000000000080e+00 9.739790000000000392e-01
5.130810000000000315e+00 9.739959999999999729e-01
5.144809999999999661e+00 9.740140000000000464e-01
5.158809999999999896e+00 9.740339999999999554e-01
5.172810000000000130e+00 9.740539999999999754e-01
5.186809999999999476e+00 9.740760000000000529e-01
5.200809999999999711e+00 9.740980000000000194e-01
5.214809999999999945e+00 9.741220000000000434e-01
5.228810000000000180e+00 9.741459999999999564e-01
5.242810000000000414e+00 9.741720000000000379e-01
5.256809999999999761e+00 9.741980000000000084e-01
5.270809999999999995e+00 9.742260000000000364e-01
5.284810000000000230e+00 9.742539999999999534e-01
5.298809999999999576e+00 9.742830000000000101e-01
5.312809999999999810e+00 9.743129999999999846e-01
5.326810000000000045e+00 9.743439999999999879e-01
5.340810000000000279e+00 9.743760000000000199e-01
5.354809999999999626e+00 9.744089999999999696e-01
5.368809999999999860e+00 9.744429999999999481e-01
5.382810000000000095e+00 9.744779999999999553e-01
5.396810000000000329e+00 9.745139999999999914e-01
5.410809999999999675e+00 9.745500000000000274e-01
5.424809999999999910e+00 9.745880000000000098e-01
5.438810000000000144e+00 9.746259999999999923e-01
5.452809999999999491e+00 9.746650000000000036e-01
5.466809999999999725e+00 9.747050000000000436e-01
5.480809999999999960e+00 9.747460000000000013e-01
5.494810000000000194e+00 9.747879999999999878e-01
5.508809999999999540e+00 9.748299999999999743e-01
5.522809999999999775e+00 9.748740000000000183e-01
5.536810000000000009e+00 9.749179999999999513e-01
5.550810000000000244e+00 9.749630000000000241e-01
5.564809999999999590e+00 9.750090000000000146e-01
5.578809999999999825e+00 9.750560000000000338e-01
5.592810000000000059e+00 9.751030000000000530e-01
5.606809999999999405e+00 9.751520000000000188e-01
5.620809999999999640e+00 9.752009999999999845e-01
5.634809999999999874e+00 9.752509999999999790e-01
5.648810000000000109e+00 9.753009999999999735e-01
5.662810000000000343e+00 9.753530000000000255e-01
5.676809999999999690e+00 9.754049999999999665e-01
5.690809999999999924e+00 9.754580000000000473e-01
5.704810000000000159e+00 9.755120000000000458e-01
5.718809999999999505e+00 9.755669999999999620e-01
5.732809999999999739e+00 9.756219999999999892e-01
5.746809999999999974e+00 9.756780000000000452e-01
5.760810000000000208e+00 9.757350000000000190e-01
5.774809999999999555e+00 9.757930000000000215e-01
5.788809999999999789e+00 9.758510000000000240e-01
5.802810000000000024e+00 9.759100000000000552e-01
5.816810000000000258e+00 9.759700000000000042e-01
5.830809999999999604e+00 9.760309999999999819e-01
5.844809999999999839e+00 9.760919999999999597e-01
5.858810000000000073e+00 9.761539999999999662e-01
5.872809999999999420e+00 9.762170000000000014e-01
5.886809999999999654e+00 9.762809999999999544e-01
5.900809999999999889e+00 9.763450000000000184e-01
5.914810000000000123e+00 9.764100000000000001e-01
5.928810000000000358e+00 9.764760000000000106e-01
5.942809999999999704e+00 9.765420000000000211e-01
5.956809999999999938e+00 9.766089999999999494e-01
5.970810000000000173e+00 9.766770000000000174e-01
5.984809999999999519e+00 9.767449999999999743e-01
5.998809999999999754e+00 9.768149999999999888e-01
6.012809999999999988e+00 9.768839999999999746e-01
6.026810000000000223e+00 9.769550000000000178e-01
6.040809999999999569e+00 9.770259999999999501e-01
6.054809999999999803e+00 9.770980000000000221e-01
6.068810000000000038e+00 9.771710000000000118e-01
6.082810000000000272e+00 9.772440000000000015e-01
6.096809999999999619e+00 9.773180000000000200e-01
6.110809999999999853e+00 9.773929999999999563e-01
6.124810000000000088e+00 9.774680000000000035e-01
6.138809999999999434e+00 9.775439999999999685e-01
6.152809999999999668e+00 9.776209999999999622e-01
6.166809999999999903e+00 9.776979999999999560e-01
6.180810000000000137e+00 9.777759999999999785e-01
6.194810000000000372e+00 9.778550000000000297e-01
6.208809999999999718e+00 9.779339999999999700e-01
6.222809999999999953e+00 9.780140000000000500e-01
6.236810000000000187e+00 9.780950000000000477e-01
6.250809999999999533e+00 9.781760000000000455e-01
6.264809999999999768e+00 9.782579999999999609e-01
6.278810000000000002e+00 9.783410000000000162e-01
6.292810000000000237e+00 9.784239999999999604e-01
6.306809999999999583e+00 9.785080000000000444e-01
6.320809999999999818e+00 9.785920000000000174e-01
6.334810000000000052e+00 9.786780000000000479e-01
6.348810000000000286e+00 9.787630000000000496e-01
6.362809999999999633e+00 9.788499999999999979e-01
6.376809999999999867e+00 9.789369999999999461e-01
6.390810000000000102e+00 9.790250000000000341e-01
6.404809999999999448e+00 9.791130000000000111e-01
6.418809999999999683e+00 9.792020000000000168e-01
6.432809999999999917e+00 9.792920000000000513e-01
6.446810000000000151e+00 9.793819999999999748e-01
6.460810000000000386e+00 9.794730000000000381e-01
6.474809999999999732e+00 9.795650000000000190e-01
6.488809999999999967e+00 9.796570000000000000e-01
6.502810000000000201e+00 9.797500000000000098e-01
6.516809999999999548e+00 9.798440000000000483e-01
6.530809999999999782e+00 9.799379999999999757e-01
6.544810000000000016e+00 9.800330000000000430e-01
6.558809999999999363e+00 9.801279999999999992e-01
6.572809999999999597e+00 9.802239999999999842e-01
6.586809999999999832e+00 9.803209999999999980e-01
6.600810000000000066e+00 9.804180000000000117e-01
6.614810000000000301e+00 9.805160000000000542e-01
6.628809999999999647e+00 9.806150000000000144e-01
6.642809999999999881e+00 9.807139999999999747e-01
6.656810000000000116e+00 9.808139999999999636e-01
6.670809999999999462e+00 9.809139999999999526e-01
6.684809999999999697e+00 9.810159999999999991e-01
6.698809999999999931e+00 9.811170000000000169e-01
6.712810000000000166e+00 9.812199999999999811e-01
6.726810000000000400e+00 9.813229999999999453e-01
6.740809999999999746e+00 9.814260000000000206e-01
6.754809999999999981e+00 9.815310000000000423e-01
6.768810000000000215e+00 9.816359999999999530e-01
6.782809999999999562e+00 9.817409999999999748e-01
6.796809999999999796e+00 9.818480000000000540e-01
6.810810000000000031e+00 9.819539999999999935e-01
6.824809999999999377e+00 9.820619999999999905e-01
6.838809999999999611e+00 9.821699999999999875e-01
6.852809999999999846e+00 9.822790000000000132e-01
6.866810000000000080e+00 9.823880000000000390e-01
6.880810000000000315e+00 9.824979999999999825e-01
6.894809999999999661e+00 9.826089999999999547e-01
6.908809999999999896e+00 9.827200000000000379e-01
6.922810000000000130e+00 9.828320000000000389e-01
6.936809999999999476e+00 9.829449999999999577e-01
6.950809999999999711e+00 9.830579999999999874e-01
6.964809999999999945e+00 9.831720000000000459e-01
6.978810000000000180e+00 9.832870000000000221e-01
6.992810000000000414e+00 9.834019999999999984e-01
7.006809999999999761e+00 9.835180000000000033e-01
7.020809999999999995e+00 9.836340000000000083e-01
7.034810000000000230e+00 9.837510000000000421e-01
7.048809999999999576e+00 9.838689999999999936e-01
7.062809999999999810e+00 9.839869999999999450e-01
7.076810000000000045e+00 9.841069999999999540e-01
7.090809999999999391e+00 9.842260000000000453e-01
7.104809999999999626e+00 9.843469999999999720e-01
7.118809999999999860e+00 9.844680000000000097e-01
7.132810000000000095e+00 9.845890000000000475e-01
7.146810000000000329e+00 9.847110000000000030e-01
7.160809999999999675e+00 9.848339999999999872e-01
7.174809999999999910e+00 9.849580000000000002e-01
7.188810000000000144e+00 9.850820000000000132e-01
7.202809999999999491e+00 9.852070000000000549e-01
7.216809999999999725e+00 9.853330000000000144e-01
7.230809999999999960e+00 9.854589999999999739e-01
7.244810000000000194e+00 9.855859999999999621e-01
7.258809999999999540e+00 9.857129999999999503e-01
7.272809999999999775e+00 9.858409999999999673e-01
7.286810000000000009e+00 9.859700000000000131e-01
7.300810000000000244e+00 9.860989999999999478e-01
7.314809999999999590e+00 9.862290000000000223e-01
7.328809999999999825e+00 9.863600000000000145e-01
7.342810000000000059e+00 9.864910000000000068e-01
7.356809999999999405e+00 9.866230000000000278e-01
7.370809999999999640e+00 9.867559999999999665e-01
7.384809999999999874e+00 9.868890000000000162e-01
7.398810000000000109e+00 9.870229999999999837e-01
7.412810000000000343e+00 9.871569999999999512e-01
7.426809999999999690e+00 9.872919999999999474e-01
7.440809999999999924e+00 9.874279999999999724e-01
7.454810000000000159e+00 9.875639999999999974e-01
7.468809999999999505e+00 9.877010000000000511e-01
7.482809999999999739e+00 9.878379999999999939e-01
7.496809999999999974e+00 9.879769999999999941e-01
7.510809999999999320e+00 9.881149999999999656e-01
7.524809999999999555e+00 9.882549999999999946e-01
7.538809999999999789e+00 9.883939999999999948e-01
7.552809999999999135e+00 9.885350000000000525e-01
7.566810000000000258e+00 9.886759999999999993e-01
7.580809999999999604e+00 9.888179999999999747e-01
7.594809999999999839e+00 9.889599999999999502e-01
7.608810000000000073e+00 9.891020000000000367e-01
7.622809999999999420e+00 9.892459999999999587e-01
7.636809999999999654e+00 9.893899999999999917e-01
7.650809999999999889e+00 9.895340000000000247e-01
7.664809999999999235e+00 9.896789999999999754e-01
7.678810000000000358e+00 9.898240000000000371e-01
7.692809999999999704e+00 9.899700000000000166e-01
7.706809999999999938e+00 9.901159999999999961e-01
7.720810000000000173e+00 9.902630000000000043e-01
7.734809999999999519e+00 9.904110000000000413e-01
7.748809999999999754e+00 9.905580000000000496e-01
7.762809999999999988e+00 9.907070000000000043e-01
7.776809999999999334e+00 9.908550000000000413e-01
7.790809999999999569e+00 9.910039999999999960e-01
7.804809999999999803e+00 9.911539999999999795e-01
7.818809999999999150e+00 9.913039999999999630e-01
7.832810000000000272e+00 9.914539999999999464e-01
7.846809999999999619e+00 9.916049999999999587e-01
7.860809999999999853e+00 9.917550000000000532e-01
7.874810000000000088e+00 9.919069999999999832e-01
7.888809999999999434e+00 9.920579999999999954e-01
7.902809999999999668e+00 9.922100000000000364e-01
7.916809999999999903e+00 9.923619999999999663e-01
7.930809999999999249e+00 9.925140000000000073e-01
7.944810000000000372e+00 9.926669999999999661e-01
7.958809999999999718e+00 9.928190000000000071e-01
7.972809999999999953e+00 9.929719999999999658e-01
7.986810000000000187e+00 9.931250000000000355e-01
8.000809999999999533e+00 9.932779999999999943e-01
8.014810000000000656e+00 9.934309999999999530e-01
8.028810000000000002e+00 9.935840000000000227e-01
8.042809999999999349e+00 9.937369999999999814e-01
8.056809999999998695e+00 9.938900000000000512e-01
8.070809999999999818e+00 9.940430000000000099e-01
8.084809999999999164e+00 9.941959999999999686e-01
8.098810000000000286e+00 9.943490000000000384e-01
8.112809999999999633e+00 9.945009999999999684e-01
8.126809999999998979e+00 9.946540000000000381e-01
8.140810000000000102e+00 9.948059999999999681e-01
8.154809999999999448e+00 9.949569999999999803e-01
8.168810000000000571e+00 9.951090000000000213e-01
8.182809999999999917e+00 9.952590000000000048e-01
8.196809999999999263e+00 9.954100000000000170e-01
8.210810000000000386e+00 9.955589999999999717e-01
8.224809999999999732e+00 9.957089999999999552e-01
8.238810000000000855e+00 9.958569999999999922e-01
8.252810000000000201e+00 9.960050000000000292e-01
8.266809999999999548e+00 9.961520000000000374e-01
8.280809999999998894e+00 9.962980000000000169e-01
8.294810000000000016e+00 9.964429999999999676e-01
8.308809999999999363e+00 9.965870000000000006e-01
8.322810000000000485e+00 9.967300000000000049e-01
8.336809999999999832e+00 9.968719999999999803e-01
8.350809999999999178e+00 9.970120000000000093e-01
8.364810000000000301e+00 9.971510000000000096e-01
8.378809999999999647e+00 9.972889999999999810e-01
8.392810000000000770e+00 9.974250000000000060e-01
8.406810000000000116e+00 9.975589999999999735e-01
8.420809999999999462e+00 9.976920000000000233e-01
8.434809999999998809e+00 9.978219999999999867e-01
8.448809999999999931e+00 9.979510000000000325e-01
8.462809999999999278e+00 9.980769999999999920e-01
8.476810000000000400e+00 9.982020000000000337e-01
8.490809999999999746e+00 9.983229999999999604e-01
8.504809999999999093e+00 9.984429999999999694e-01
8.518810000000000215e+00 9.985589999999999744e-01
8.532809999999999562e+00 9.986730000000000329e-01
8.546810000000000684e+00 9.987829999999999764e-01
8.560810000000000031e+00 9.988909999999999734e-01
8.574809999999999377e+00 9.989949999999999664e-01
8.588809999999998723e+00 9.990949999999999553e-01
8.602809999999999846e+00 9.991919999999999691e-01
8.616809999999999192e+00 9.992839999999999501e-01
8.630810000000000315e+00 9.993729999999999558e-01
8.644809999999999661e+00 9.994570000000000398e-01
8.658809999999999008e+00 9.995359999999999800e-01
8.672810000000000130e+00 9.996110000000000273e-01
8.686809999999999476e+00 9.996800000000000130e-01
8.700810000000000599e+00 9.997439999999999660e-01
8.714809999999999945e+00 9.998029999999999973e-01
8.728809999999999292e+00 9.998550000000000493e-01
8.742810000000000414e+00 9.999010000000000398e-01
8.756809999999999761e+00 9.999400000000000510e-01
8.770810000000000883e+00 9.999730000000000008e-01
8.784810000000000230e+00 9.999980000000000535e-01
8.798809999999999576e+00 1.000015000000000098e+00
8.812809999999998922e+00 1.000024999999999942e+00
8.826810000000000045e+00 1.000024999999999942e+00
8.840809999999999391e+00 1.000016999999999934e+00
8.854810000000000514e+00 1.000000000000000000e+00
8.868809999999999860e+00 9.999730000000000008e-01
8.882809999999999206e+00 9.999350000000000183e-01
8.896810000000000329e+00 9.998869999999999703e-01
8.910809999999999675e+00 9.998270000000000213e-01
8.924810000000000798e+00 9.997559999999999780e-01
8.938810000000000144e+00 9.996720000000000050e-01
8.952809999999999491e+00 9.995739999999999625e-01
8.966809999999998837e+00 9.994629999999999903e-01
8.980809999999999960e+00 9.993379999999999486e-01
8.994809999999999306e+00 9.991970000000000018e-01
9.008810000000000429e+00 9.990400000000000391e-01
9.022809999999999775e+00 9.988660000000000316e-01
9.036809999999999121e+00 9.986749999999999794e-01
9.050810000000000244e+00 9.984650000000000469e-01
9.064809999999999590e+00 9.982360000000000122e-01
9.078810000000000713e+00 9.979869999999999575e-01
9.092810000000000059e+00 9.977160000000000473e-01
9.106809999999999405e+00 9.974229999999999485e-01
