3.503000000000000114e+00 3.995720000000000027e+01
3.506810000000000205e+00 3.886699999999999733e+01
3.520809999999999995e+00 3.817600000000000193e+01
3.534809999999999786e+00 3.765679999999999694e+01
3.548810000000000020e+00 3.718930000000000291e+01
3.562810000000000255e+00 3.671750000000000114e+01
3.576809999999999601e+00 3.623250000000000171e+01
3.590809999999999835e+00 3.574710000000000321e+01
3.604810000000000070e+00 3.527720000000000056e+01
3.618810000000000304e+00 3.483420000000000272e+01
3.632809999999999651e+00 3.442360000000000042e+01
3.646809999999999885e+00 3.404650000000000176e+01
3.660810000000000120e+00 3.370080000000000098e+01
3.674810000000000354e+00 3.338239999999999696e+01
3.688809999999999700e+00 3.308619999999999806e+01
3.702809999999999935e+00 3.280660000000000309e+01
3.716810000000000169e+00 3.253779999999999717e+01
3.730810000000000404e+00 3.227450000000000330e+01
3.744809999999999750e+00 3.201239999999999952e+01
3.758809999999999985e+00 3.174810000000000088e+01
3.772810000000000219e+00 3.147919999999999874e+01
3.786810000000000009e+00 3.120469999999999899e+01
3.800809999999999800e+00 3.092429999999999879e+01
3.814810000000000034e+00 3.063840000000000074e+01
3.828810000000000269e+00 3.034799999999999898e+01
3.842809999999999615e+00 3.005450000000000088e+01
3.856809999999999850e+00 2.975929999999999964e+01
3.870810000000000084e+00 2.946379999999999910e+01
3.884810000000000318e+00 2.916959999999999908e+01
3.898809999999999665e+00 2.887800000000000011e+01
3.912809999999999899e+00 2.859009999999999962e+01
3.926810000000000134e+00 2.830689999999999884e+01
3.940810000000000368e+00 2.802929999999999922e+01
3.954809999999999715e+00 2.775779999999999959e+01
3.968809999999999949e+00 2.749289999999999878e+01
3.982810000000000183e+00 2.723499999999999943e+01
3.996810000000000418e+00 2.698420000000000130e+01
4.010810000000000208e+00 2.674050000000000082e+01
4.024810000000000443e+00 2.650390000000000157e+01
4.038809999999999789e+00 2.627420000000000044e+01
4.052810000000000024e+00 2.605110000000000170e+01
4.066810000000000258e+00 2.583429999999999893e+01
4.080809999999999604e+00 2.562340000000000018e+01
4.094809999999999839e+00 2.541789999999999949e+01
4.108810000000000073e+00 2.521750000000000114e+01
4.122810000000000308e+00 2.502169999999999916e+01
4.136809999999999654e+00 2.482999999999999829e+01
4.150809999999999889e+00 2.464179999999999993e+01
4.164810000000000123e+00 2.445690000000000097e+01
4.178810000000000358e+00 2.427469999999999928e+01
4.192809999999999704e+00 2.409479999999999933e+01
4.206809999999999938e+00 2.391700000000000159e+01
4.220810000000000173e+00 2.374089999999999989e+01
4.234810000000000407e+00 2.356609999999999872e+01
4.248809999999999754e+00 2.339249999999999829e+01
4.262809999999999988e+00 2.321989999999999910e+01
4.276810000000000223e+00 2.304799999999999827e+01
4.290810000000000457e+00 2.287669999999999959e+01
4.304809999999999803e+00 2.270599999999999952e+01
4.318810000000000038e+00 2.253559999999999874e+01
4.332810000000000272e+00 2.236570000000000036e+01
4.346809999999999619e+00 2.219600000000000151e+01
4.360809999999999853e+00 2.202659999999999840e+01
4.374810000000000088e+00 2.185750000000000171e+01
4.388810000000000322e+00 2.168870000000000076e+01
4.402809999999999668e+00 2.152009999999999934e+01
4.416809999999999903e+00 2.135180000000000078e+01
4.430810000000000137e+00 2.118380000000000152e+01
4.444810000000000372e+00 2.101620000000000132e+01
4.458809999999999718e+00 2.084890000000000043e+01
4.472809999999999953e+00 2.068199999999999861e+01
4.486810000000000187e+00 2.051549999999999940e+01
4.500809999999999533e+00 2.034949999999999903e+01
4.514809999999999768e+00 2.018400000000000105e+01
4.528810000000000002e+00 2.001910000000000167e+01
4.542810000000000237e+00 1.985470000000000113e+01
4.556809999999999583e+00 1.969099999999999895e+01
4.570809999999999818e+00 1.952799999999999869e+01
4.584810000000000052e+00 1.936570000000000036e+01
4.598810000000000286e+00 1.920429999999999993e+01
4.612809999999999633e+00 1.904360000000000142e+01
4.626809999999999867e+00 1.888390000000000057e+01
4.640810000000000102e+00 1.872510000000000119e+01
4.654810000000000336e+00 1.856739999999999924e+01
4.668809999999999683e+00 1.841069999999999851e+01
4.682809999999999917e+00 1.825519999999999854e+01
4.696810000000000151e+00 1.810079999999999956e+01
4.710810000000000386e+00 1.794780000000000086e+01
4.724809999999999732e+00 1.779599999999999937e+01
4.738809999999999967e+00 1.764570000000000149e+01
4.752810000000000201e+00 1.749680000000000035e+01
4.766809999999999548e+00 1.734939999999999927e+01
4.780809999999999782e+00 1.720360000000000156e+01
4.794810000000000016e+00 1.705940000000000012e+01
4.808810000000000251e+00 1.691679999999999851e+01
4.822809999999999597e+00 1.677599999999999980e+01
4.836809999999999832e+00 1.663700000000000045e+01
4.850810000000000066e+00 1.649970000000000070e+01
4.864810000000000301e+00 1.636439999999999984e+01
4.878809999999999647e+00 1.623089999999999833e+01
4.892809999999999881e+00 1.609929999999999950e+01
4.906810000000000116e+00 1.596969999999999956e+01
4.920810000000000350e+00 1.584200000000000053e+01
4.934809999999999697e+00 1.571630000000000038e+01
4.948809999999999931e+00 1.559259999999999913e+01
4.962810000000000166e+00 1.547090000000000032e+01
4.976810000000000400e+00 1.535120000000000040e+01
4.990809999999999746e+00 1.523349999999999937e+01
5.004809999999999981e+00 1.511780000000000079e+01
5.018810000000000215e+00 1.500409999999999933e+01
5.032809999999999562e+00 1.489230000000000054e+01
5.046809999999999796e+00 1.478250000000000064e+01
5.060810000000000031e+00 1.467459999999999987e+01
5.074810000000000265e+00 1.456859999999999999e+01
5.088809999999999611e+00 1.446449999999999925e+01
5.102809999999999846e+00 1.436209999999999987e+01
5.116810000000000080e+00 1.426159999999999961e+01
5.130810000000000315e+00 1.416280000000000072e+01
5.144809999999999661e+00 1.406579999999999941e+01
5.158809999999999896e+00 1.397039999999999971e+01
5.172810000000000130e+00 1.387659999999999982e+01
5.186809999999999476e+00 1.378439999999999976e+01
5.200809999999999711e+00 1.369369999999999976e+01
5.214809999999999945e+00 1.360449999999999982e+01
5.228810000000000180e+00 1.351679999999999993e+01
5.242810000000000414e+00 1.343040000000000056e+01
5.256809999999999761e+00 1.334539999999999971e+01
5.270809999999999995e+00 1.326169999999999938e+01
5.284810000000000230e+00 1.317910000000000004e+01
5.298809999999999576e+00 1.309779999999999944e+01
5.312809999999999810e+00 1.301769999999999960e+01
5.326810000000000045e+00 1.293859999999999921e+01
5.340810000000000279e+00 1.286059999999999981e+01
5.354809999999999626e+00 1.278359999999999985e+01
5.368809999999999860e+00 1.270749999999999957e+01
5.382810000000000095e+00 1.263240000000000052e+01
5.396810000000000329e+00 1.255819999999999936e+01
5.410809999999999675e+00 1.248489999999999966e+01
5.424809999999999910e+00 1.241230000000000011e+01
5.438810000000000144e+00 1.234050000000000047e+01
5.452809999999999491e+00 1.226950000000000074e+01
5.466809999999999725e+00 1.219919999999999938e+01
5.480809999999999960e+00 1.212950000000000017e+01
5.494810000000000194e+00 1.206060000000000088e+01
5.508809999999999540e+00 1.199220000000000041e+01
5.522809999999999775e+00 1.192450000000000010e+01
5.536810000000000009e+00 1.185730000000000040e+01
5.550810000000000244e+00 1.179069999999999929e+01
5.564809999999999590e+00 1.172460000000000058e+01
5.578809999999999825e+00 1.165900000000000070e+01
5.592810000000000059e+00 1.159399999999999942e+01
5.606809999999999405e+00 1.152940000000000076e+01
5.620809999999999640e+00 1.146519999999999939e+01
5.634809999999999874e+00 1.140150000000000041e+01
5.648810000000000109e+00 1.133830000000000027e+01
5.662810000000000343e+00 1.127539999999999942e+01
5.676809999999999690e+00 1.121289999999999942e+01
5.690809999999999924e+00 1.115090000000000003e+01
5.704810000000000159e+00 1.108919999999999995e+01
5.718809999999999505e+00 1.102779999999999916e+01
5.732809999999999739e+00 1.096679999999999922e+01
5.746809999999999974e+00 1.090620000000000012e+01
5.760810000000000208e+00 1.084580000000000055e+01
5.774809999999999555e+00 1.078580000000000005e+01
5.788809999999999789e+00 1.072610000000000063e+01
5.802810000000000024e+00 1.066670000000000051e+01
5.816810000000000258e+00 1.060749999999999993e+01
5.830809999999999604e+00 1.054860000000000042e+01
5.844809999999999839e+00 1.048990000000000045e+01
5.858810000000000073e+00 1.043149999999999977e+01
5.872809999999999420e+00 1.037340000000000018e+01
5.886809999999999654e+00 1.031540000000000035e+01
5.900809999999999889e+00 1.025760000000000005e+01
5.914810000000000123e+00 1.020010000000000083e+01
5.928810000000000358e+00 1.014269999999999960e+01
5.942809999999999704e+00 1.008539999999999992e+01
5.956809999999999938e+00 1.002829999999999977e+01
5.970810000000000173e+00 9.971399999999999153e+00
5.984809999999999519e+00 9.914600000000000080e+00
5.998809999999999754e+00 9.857799999999999230e+00
6.012809999999999988e+00 9.801199999999999690e+00
6.026810000000000223e+00 9.744600000000000151e+00
6.040809999999999569e+00 9.688100000000000378e+00
6.054809999999999803e+00 9.631600000000000605e+00
6.068810000000000038e+00 9.575200000000000600e+00
6.082810000000000272e+00 9.518800000000000594e+00
6.096809999999999619e+00 9.462300000000000821e+00
6.110809999999999853e+00 9.405900000000000816e+00
6.124810000000000088e+00 9.349399999999999267e+00
6.138809999999999434e+00 9.292799999999999727e+00
6.152809999999999668e+00 9.236200000000000188e+00
6.166809999999999903e+00 9.179399999999999338e+00
6.180810000000000137e+00 9.122600000000000264e+00
6.194810000000000372e+00 9.065599999999999881e+00
6.208809999999999718e+00 9.008499999999999730e+00
6.222809999999999953e+00 8.951299999999999812e+00
6.236810000000000187e+00 8.893800000000000594e+00
6.250809999999999533e+00 8.836199999999999832e+00
6.264809999999999768e+00 8.778299999999999770e+00
6.278810000000000002e+00 8.720299999999999940e+00
6.292810000000000237e+00 8.662000000000000810e+00
6.306809999999999583e+00 8.603400000000000603e+00
6.320809999999999818e+00 8.544600000000000861e+00
6.334810000000000052e+00 8.485500000000000043e+00
6.348810000000000286e+00 8.426099999999999923e+00
6.362809999999999633e+00 8.366400000000000503e+00
6.376809999999999867e+00 8.306300000000000239e+00
6.390810000000000102e+00 8.245900000000000674e+00
6.404809999999999448e+00 8.185200000000000031e+00
6.418809999999999683e+00 8.124100000000000321e+00
6.432809999999999917e+00 8.062599999999999767e+00
6.446810000000000151e+00 8.000799999999999912e+00
6.460810000000000386e+00 7.938600000000000101e+00
6.474809999999999732e+00 7.875899999999999679e+00
6.488809999999999967e+00 7.812899999999999956e+00
6.502810000000000201e+00 7.749399999999999622e+00
6.516809999999999548e+00 7.685500000000000220e+00
6.530809999999999782e+00 7.621199999999999974e+00
6.544810000000000016e+00 7.556400000000000006e+00
6.558809999999999363e+00 7.491200000000000081e+00
6.572809999999999597e+00 7.425600000000000200e+00
6.586809999999999832e+00 7.359499999999999709e+00
6.600810000000000066e+00 7.292900000000000382e+00
6.614810000000000301e+00 7.225900000000000212e+00
6.628809999999999647e+00 7.158500000000000085e+00
6.642809999999999881e+00 7.090600000000000236e+00
6.656810000000000116e+00 7.022199999999999775e+00
6.670809999999999462e+00 6.953299999999999592e+00
6.684809999999999697e+00 6.884100000000000108e+00
6.698809999999999931e+00 6.814300000000000246e+00
6.712810000000000166e+00 6.744100000000000428e+00
6.726810000000000400e+00 6.673499999999999766e+00
6.740809999999999746e+00 6.602400000000000269e+00
6.754809999999999981e+00 6.530899999999999928e+00
6.768810000000000215e+00 6.458899999999999864e+00
6.782809999999999562e+00 6.386499999999999844e+00
6.796809999999999796e+00 6.313699999999999868e+00
6.810810000000000031e+00 6.240499999999999936e+00
6.824809999999999377e+00 6.166800000000000281e+00
6.838809999999999611e+00 6.092800000000000438e+00
6.852809999999999846e+00 6.018399999999999750e+00
6.866810000000000080e+00 5.943500000000000227e+00
6.880810000000000315e+00 5.868299999999999628e+00
6.894809999999999661e+00 5.792799999999999727e+00
6.908809999999999896e+00 5.716899999999999871e+00
6.922810000000000130e+00 5.640600000000000058e+00
6.936809999999999476e+00 5.564099999999999824e+00
6.950809999999999711e+00 5.487199999999999633e+00
6.964809999999999945e+00 5.409900000000000375e+00
6.978810000000000180e+00 5.332399999999999807e+00
6.992810000000000414e+00 5.254699999999999704e+00
7.006809999999999761e+00 5.176599999999999646e+00
7.020809999999999995e+00 5.098300000000000054e+00
7.034810000000000230e+00 5.019700000000000273e+00
7.048809999999999576e+00 4.940999999999999837e+00
7.062809999999999810e+00 4.862000000000000099e+00
7.076810000000000045e+00 4.782799999999999940e+00
7.090809999999999391e+00 4.703400000000000247e+00
7.104809999999999626e+00 4.623899999999999899e+00
7.118809999999999860e+00 4.544200000000000017e+00
7.132810000000000095e+00 4.464299999999999713e+00
7.146810000000000329e+00 4.384400000000000297e+00
7.160809999999999675e+00 4.304299999999999571e+00
7.174809999999999910e+00 4.224199999999999733e+00
7.188810000000000144e+00 4.143900000000000361e+00
7.202809999999999491e+00 4.063600000000000101e+00
7.216809999999999725e+00 3.983299999999999841e+00
7.230809999999999960e+00 3.902899999999999814e+00
7.244810000000000194e+00 3.822599999999999998e+00
7.258809999999999540e+00 3.742199999999999971e+00
7.272809999999999775e+00 3.661799999999999944e+00
7.286810000000000009e+00 3.581500000000000128e+00
7.300810000000000244e+00 3.501300000000000079e+00
7.314809999999999590e+00 3.421100000000000030e+00
7.328809999999999825e+00 3.341000000000000192e+00
7.342810000000000059e+00 3.261000000000000121e+00
7.356809999999999405e+00 3.181099999999999817e+00
7.370809999999999640e+00 3.101399999999999935e+00
7.384809999999999874e+00 3.021799999999999820e+00
7.398810000000000109e+00 2.942400000000000126e+00
7.412810000000000343e+00 2.863100000000000200e+00
7.426809999999999690e+00 2.784100000000000019e+00
7.440809999999999924e+00 2.705299999999999816e+00
7.454810000000000159e+00 2.626700000000000035e+00
7.468809999999999505e+00 2.548299999999999788e+00
7.482809999999999739e+00 2.470299999999999940e+00
7.496809999999999974e+00 2.392500000000000071e+00
7.510809999999999320e+00 2.314999999999999947e+00
7.524809999999999555e+00 2.237800000000000011e+00
7.538809999999999789e+00 2.160899999999999821e+00
7.552809999999999135e+00 2.084400000000000031e+00
7.566810000000000258e+00 2.008300000000000196e+00
7.580809999999999604e+00 1.932500000000000107e+00
7.594809999999999839e+00 1.857099999999999973e+00
7.608810000000000073e+00 1.782100000000000017e+00
7.622809999999999420e+00 1.707500000000000018e+00
7.636809999999999654e+00 1.633399999999999963e+00
7.650809999999999889e+00 1.559700000000000086e+00
7.664809999999999235e+00 1.486499999999999932e+00
7.678810000000000358e+00 1.413799999999999946e+00
7.692809999999999704e+00 1.341499999999999915e+00
7.706809999999999938e+00 1.269800000000000040e+00
7.720810000000000173e+00 1.198499999999999899e+00
7.734809999999999519e+00 1.127899999999999903e+00
7.748809999999999754e+00 1.057700000000000085e+00
7.762809999999999988e+00 9.881999999999999673e-01
7.776809999999999334e+00 9.192000000000000171e-01
7.790809999999999569e+00 8.508000000000000007e-01
7.804809999999999803e+00 7.830000000000000293e-01
7.818809999999999150e+00 7.157999999999999918e-01
7.832810000000000272e+00 6.492999999999999883e-01
7.846809999999999619e+00 5.834000000000000297e-01
7.860809999999999853e+00 5.181999999999999940e-01
7.874810000000000088e+00 4.536999999999999922e-01
7.888809999999999434e+00 3.897999999999999798e-01
7.902809999999999668e+00 3.266999999999999904e-01
7.916809999999999903e+00 2.642999999999999794e-01
7.930809999999999249e+00 2.026000000000000023e-01
7.944810000000000372e+00 1.416999999999999926e-01
7.958809999999999718e+00 8.150000000000000300e-02
7.972809999999999953e+00 2.210000000000000159e-02
7.986810000000000187e+00 -3.649999999999999772e-02
8.000809999999999533e+00 -9.429999999999999494e-02
8.014810000000000656e+00 -1.512000000000000011e-01
8.028810000000000002e+00 -2.073000000000000120e-01
8.042809999999999349e+00 -2.626000000000000001e-01
8.056809999999998695e+00 -3.170000000000000040e-01
8.070809999999999818e+00 -3.704999999999999960e-01
8.084809999999999164e+00 -4.230999999999999761e-01
8.098810000000000286e+00 -4.747999999999999998e-01
8.112809999999999633e+00 -5.255999999999999561e-01
8.126809999999998979e+00 -5.754000000000000226e-01
8.140810000000000102e+00 -6.242999999999999661e-01
8.154809999999999448e+00 -6.722000000000000197e-01
8.168810000000000571e+00 -7.190999999999999615e-01
8.182809999999999917e+00 -7.649000000000000243e-01
8.196809999999999263e+00 -8.096999999999999753e-01
8.210810000000000386e+00 -8.535000000000000364e-01
8.224809999999999732e+00 -8.961999999999999966e-01
8.238810000000000855e+00 -9.377999999999999670e-01
8.252810000000000201e+00 -9.782999999999999474e-01
8.266809999999999548e+00 -1.017600000000000060e+00
8.280809999999998894e+00 -1.055800000000000072e+00
8.294810000000000016e+00 -1.092799999999999994e+00
8.308809999999999363e+00 -1.128500000000000059e+00
8.322810000000000485e+00 -1.163100000000000023e+00
8.336809999999999832e+00 -1.196299999999999919e+00
8.350809999999999178e+00 -1.228299999999999947e+00
8.364810000000000301e+00 -1.258899999999999908e+00
8.378809999999999647e+00 -1.288200000000000012e+00
8.392810000000000770e+00 -1.316100000000000048e+00
8.406810000000000116e+00 -1.342500000000000027e+00
8.420809999999999462e+00 -1.367399999999999949e+00
8.434809999999998809e+00 -1.390700000000000047e+00
8.448809999999999931e+00 -1.412400000000000100e+00
8.462809999999999278e+00 -1.432399999999999896e+00
8.476810000000000400e+00 -1.450599999999999890e+00
8.490809999999999746e+00 -1.466800000000000104e+00
8.504809999999999093e+00 -1.481000000000000094e+00
8.518810000000000215e+00 -1.492899999999999894e+00
8.532809999999999562e+00 -1.502299999999999969e+00
8.546810000000000684e+00 -1.508799999999999919e+00
8.560810000000000031e+00 -1.511700000000000044e+00
8.574809999999999377e+00 -1.510399999999999965e+00
8.588809999999998723e+00 -1.503300000000000081e+00
8.602809999999999846e+00 -1.487999999999999989e+00
8.616809999999999192e+00 -1.459300000000000042e+00
8.630810000000000315e+00 -1.405499999999999972e+00
8.644809999999999661e+00 -1.290899999999999936e+00
8.658809999999999008e+00 -9.314000000000000057e-01
8.672810000000000130e+00 7.175620000000000687e+01
8.686809999999999476e+00 8.770659999999999457e+01
8.700810000000000599e+00 8.803440000000000509e+01
8.714809999999999945e+00 8.815139999999999532e+01
8.728809999999999292e+00 8.821569999999999823e+01
8.742810000000000414e+00 8.825979999999999848e+01
8.756809999999999761e+00 8.829489999999999839e+01
8.770810000000000883e+00 8.832569999999999766e+01
8.784810000000000230e+00 8.835460000000000491e+01
8.798809999999999576e+00 8.838299999999999557e+01
8.812809999999998922e+00 8.841169999999999618e+01
8.826810000000000045e+00 8.844140000000000157e+01
8.840809999999999391e+00 8.847230000000000416e+01
8.854810000000000514e+00 8.850480000000000302e+01
8.868809999999999860e+00 8.853910000000000480e+01
8.882809999999999206e+00 8.857540000000000191e+01
8.896810000000000329e+00 8.861379999999999768e+01
8.910809999999999675e+00 8.865439999999999543e+01
8.924810000000000798e+00 8.869740000000000180e+01
8.938810000000000144e+00 8.874290000000000589e+01
8.952809999999999491e+00 8.879089999999999350e+01
8.966809999999998837e+00 8.884159999999999968e+01
8.980809999999999960e+00 8.889509999999999934e+01
8.994809999999999306e+00 8.895140000000000668e+01
9.008810000000000429e+00 8.901059999999999661e+01
9.022809999999999775e+00 8.907280000000000086e+01
9.036809999999999121e+00 8.913809999999999434e+01
9.050810000000000244e+00 8.920659999999999457e+01
9.064809999999999590e+00 8.927840000000000487e+01
9.078810000000000713e+00 8.935349999999999682e+01
9.092810000000000059e+00 8.943210000000000548e+01
