 10  8  9  3 00  0  0  0
nn_pot
  8
  8 34
                                                17.513480   17.513480   
                                                17.513480   5.710342    
                                                17.513480   1.534465    
                                                17.513480   0.412252    
                                                17.513480   0.110679    
                                                17.513480   0.029796    
                                                17.513480   0.008071    
                                                5.710342    5.710342    
   32.362772   13.239012    5.415835    4.692969    2.580357    2.215518
    1.418769    0.906327    0.780089    0.428920    0.370762    0.235835
    0.151672    0.129670    0.071297    0.062046    0.039202    0.025382
    0.021554    0.011851    0.010383    0.006516    0.004248    0.003583
    0.001970    0.001738    0.001083    0.000711    0.000596    0.000327
    0.000291    0.000119    0.000049    0.000020
  1  1
          1.

  1  1
                      1.

  1  1
                                  1.

  1  1
                                              1.

  1  1
                                                          1.

  1  1
                                                                      1.

  1  1

          1.
  1  1

                      1.
  8
  8 34
                                                5.710342    1.534465    
                                                5.710342    0.412252    
                                                5.710342    0.110679    
                                                5.710342    0.029796    
                                                5.710342    0.008071    
                                                1.534465    1.534465    
                                                1.534465    0.412252    
                                                1.534465    0.110679    
   32.362772   13.239012    5.415835    4.692969    2.580357    2.215518
    1.418769    0.906327    0.780089    0.428920    0.370762    0.235835
    0.151672    0.129670    0.071297    0.062046    0.039202    0.025382
    0.021554    0.011851    0.010383    0.006516    0.004248    0.003583
    0.001970    0.001738    0.001083    0.000711    0.000596    0.000327
    0.000291    0.000119    0.000049    0.000020
  1  1
          1.

  1  1
                      1.

  1  1
                                  1.

  1  1
                                              1.

  1  1
                                                          1.

  1  1
                                                                      1.

  1  1

          1.
  1  1

                      1.
  8
  8 34
                                                1.534465    0.029796    
                                                1.534465    0.008071    
                                                0.412252    0.412252    
                                                0.412252    0.110679    
                                                0.412252    0.029796    
                                                0.412252    0.008071    
                                                0.110679    0.110679    
                                                0.110679    0.029796    
   32.362772   13.239012    5.415835    4.692969    2.580357    2.215518
    1.418769    0.906327    0.780089    0.428920    0.370762    0.235835
    0.151672    0.129670    0.071297    0.062046    0.039202    0.025382
    0.021554    0.011851    0.010383    0.006516    0.004248    0.003583
    0.001970    0.001738    0.001083    0.000711    0.000596    0.000327
    0.000291    0.000119    0.000049    0.000020
  1  1
          1.

  1  1
                      1.

  1  1
                                  1.

  1  1
                                              1.

  1  1
                                                          1.

  1  1
                                                                      1.

  1  1

          1.
  1  1

                      1.
  4
  4 34
                                                0.110679    0.008071    
                                                0.029796    0.029796    
                                                0.029796    0.008071    
                                                0.008071    0.008071    
   32.362772   13.239012    5.415835    4.692969    2.580357    2.215518
    1.418769    0.906327    0.780089    0.428920    0.370762    0.235835
    0.151672    0.129670    0.071297    0.062046    0.039202    0.025382
    0.021554    0.011851    0.010383    0.006516    0.004248    0.003583
    0.001970    0.001738    0.001083    0.000711    0.000596    0.000327
    0.000291    0.000119    0.000049    0.000020
  1  1
          1.
  1  1
                      1.
  1  1
                                  1.
  1  1
                                              1.
  8
  8 34
                                                28.627829   12.792949   
                                                28.627829   0.344327    
                                                28.627829   0.030028    
                                                6.476484    12.792949   
                                                6.476484    0.344327    
                                                6.476484    0.030028    
                                                4.917891    12.792949   
                                                4.917891    0.344327    
   32.362772   13.239012    5.415835    4.692969    2.580357    2.215518
    1.418769    0.906327    0.780089    0.428920    0.370762    0.235835
    0.151672    0.129670    0.071297    0.062046    0.039202    0.025382
    0.021554    0.011851    0.010383    0.006516    0.004248    0.003583
    0.001970    0.001738    0.001083    0.000711    0.000596    0.000327
    0.000291    0.000119    0.000049    0.000020
  1  1
          1.

  1  1
                      1.

  1  1
                                  1.

  1  1
                                              1.

  1  1
                                                          1.

  1  1
                                                                      1.

  1  1

          1.
  1  1

                      1.
  8
  8 34
                                                4.917891    0.030028    
                                                0.847763    12.792949   
                                                0.847763    0.344327    
                                                0.847763    0.030028    
                                                0.205434    12.792949   
                                                0.205434    0.344327    
                                                0.205434    0.030028    
                                                0.094997    12.792949   
   32.362772   13.239012    5.415835    4.692969    2.580357    2.215518
    1.418769    0.906327    0.780089    0.428920    0.370762    0.235835
    0.151672    0.129670    0.071297    0.062046    0.039202    0.025382
    0.021554    0.011851    0.010383    0.006516    0.004248    0.003583
    0.001970    0.001738    0.001083    0.000711    0.000596    0.000327
    0.000291    0.000119    0.000049    0.000020
  1  1
          1.

  1  1
                      1.

  1  1
                                  1.

  1  1
                                              1.

  1  1
                                                          1.

  1  1
                                                                      1.

  1  1

          1.
  1  1

                      1.
  8
  8 34
                                                0.094997    0.344327    
                                                0.094997    0.030028    
                                                0.007304    12.792949   
                                                0.007304    0.344327    
                                                0.007304    0.030028    
                                                15.981592   4.019727    
                                                15.981592   0.096736    
                                                15.981592   0.009415    
   32.362772   13.239012    5.415835    4.692969    2.580357    2.215518
    1.418769    0.906327    0.780089    0.428920    0.370762    0.235835
    0.151672    0.129670    0.071297    0.062046    0.039202    0.025382
    0.021554    0.011851    0.010383    0.006516    0.004248    0.003583
    0.001970    0.001738    0.001083    0.000711    0.000596    0.000327
    0.000291    0.000119    0.000049    0.000020
  1  1
          1.

  1  1
                      1.

  1  1
                                  1.

  1  1
                                              1.

  1  1
                                                          1.

  1  1
                                                                      1.

  1  1

          1.
  1  1

                      1.
  8
  8 34
                                                7.311588    4.019727    
                                                7.311588    0.096736    
                                                7.311588    0.009415    
                                                2.299065    4.019727    
                                                2.299065    0.096736    
                                                2.299065    0.009415    
                                                1.601462    4.019727    
                                                1.601462    0.096736    
   32.362772   13.239012    5.415835    4.692969    2.580357    2.215518
    1.418769    0.906327    0.780089    0.428920    0.370762    0.235835
    0.151672    0.129670    0.071297    0.062046    0.039202    0.025382
    0.021554    0.011851    0.010383    0.006516    0.004248    0.003583
    0.001970    0.001738    0.001083    0.000711    0.000596    0.000327
    0.000291    0.000119    0.000049    0.000020
  1  1
          1.

  1  1
                      1.

  1  1
                                  1.

  1  1
                                              1.

  1  1
                                                          1.

  1  1
                                                                      1.

  1  1

          1.
  1  1

                      1.
  8
  8 34
                                                1.601462    0.009415    
                                                0.433906    4.019727    
                                                0.433906    0.096736    
                                                0.433906    0.009415    
                                                0.091122    4.019727    
                                                0.091122    0.096736    
                                                0.091122    0.009415    
                                                0.029254    4.019727    
   32.362772   13.239012    5.415835    4.692969    2.580357    2.215518
    1.418769    0.906327    0.780089    0.428920    0.370762    0.235835
    0.151672    0.129670    0.071297    0.062046    0.039202    0.025382
    0.021554    0.011851    0.010383    0.006516    0.004248    0.003583
    0.001970    0.001738    0.001083    0.000711    0.000596    0.000327
    0.000291    0.000119    0.000049    0.000020
  1  1
          1.

  1  1
                      1.

  1  1
                                  1.

  1  1
                                              1.

  1  1
                                                          1.

  1  1
                                                                      1.

  1  1

          1.
  1  1

                      1.
  2
  2 34
                                                0.029254    0.096736    
                                                0.029254    0.009415    
   32.362772   13.239012    5.415835    4.692969    2.580357    2.215518
    1.418769    0.906327    0.780089    0.428920    0.370762    0.235835
    0.151672    0.129670    0.071297    0.062046    0.039202    0.025382
    0.021554    0.011851    0.010383    0.006516    0.004248    0.003583
    0.001970    0.001738    0.001083    0.000711    0.000596    0.000327
    0.000291    0.000119    0.000049    0.000020
  1  1
          1.
  1  1
                      1.
  8                                                            Z1  BVs 1 - 8
  8 12
                                                29.717739   7.120847    
                                                22.842772   4.888563    
                                                15.725178   3.965763    
                                                12.873803   3.653243    
                                                12.757713   0.875911    
                                                11.518788   0.423330    
                                                7.860974    0.358733    
                                                7.122304    0.342913    
   30.208977   17.338087    5.680051    5.000106    1.686367    0.385120
    0.156729    0.090006    0.029656    0.015818    0.012753    0.001088
  1  1
          1.

  1  1
                      1.

  1  1
                                  1.

  1  1
                                              1.

  1  1
                                                          1.

  1  1
                                                                      1.

  1  1

          1.
  1  1

                      1.
  8                                                            Z2  BVs 9 - 16
  8 12
                                                36.235396   0.144034    
                                                32.430519   0.077571    
                                                15.853290   0.059073    
                                                3.405478    0.026744    
                                                0.702932    0.026256    
                                                0.458005    0.025873    
                                                0.448857    0.025812    
                                                0.170750    0.005970    
   31.582674    9.223044    5.523105    3.008537    2.615355    1.555961
    0.491641    0.386401    0.111496    0.016401    0.012827    0.008658
  1  1
          1.

  1  1
                      1.

  1  1
                                  1.

  1  1
                                              1.

  1  1
                                                          1.

  1  1
                                                                      1.

  1  1

          1.
  1  1

                      1.
  8                                                            Z3  BVs 17 - 24
  8 12
                                                21.825733   0.058740    
                                                13.996616   0.046721    
                                                1.815468    0.037831    
                                                1.224399    0.030463    
                                                0.205826    0.018780    
                                                0.101634    0.010070    
                                                0.084718    0.008987    
                                                0.078539    0.003933    
   67.357338   24.830500   17.587873   15.076954    8.823934    3.684051
    3.647329    1.545567    0.097658    0.095878    0.056603    0.008847
  1  1
          1.

  1  1
                      1.

  1  1
                                  1.

  1  1
                                              1.

  1  1
                                                          1.

  1  1
                                                                      1.

  1  1

          1.
  1  1

                      1.
  8                                                            Z4  BVs 25 - 32
  8 12
                                                34.778648   12.661575   
                                                28.309515   12.584127   
                                                22.522621   7.538624    
                                                18.388883   6.859995    
                                                17.509365   5.867121    
                                                14.592170   1.304358    
                                                14.549224   1.216271    
                                                13.128191   0.961753    
   23.551653   21.565659   16.487566    7.338179    1.934246    0.717123
    0.109492    0.103307    0.103297    0.029043    0.009517    0.005459
  1  1
          1.

  1  1
                      1.

  1  1
                                  1.

  1  1
                                              1.

  1  1
                                                          1.

  1  1
                                                                      1.

  1  1

          1.
  1  1

                      1.
  8                                                            Z5  BVs 33 - 40
  8 12
                                                28.890858   0.142924    
                                                23.291973   0.113198    
                                                17.887007   0.063080    
                                                0.521367    0.043308    
                                                0.465255    0.028217    
                                                0.433348    0.027922    
                                                0.232281    0.015152    
                                                0.199092    0.007563    
   18.313738   18.121115   18.036484    1.934229    1.345287    0.872811
    0.247361    0.186985    0.079222    0.013874    0.006669    0.002600
  1  1
          1.

  1  1
                      1.

  1  1
                                  1.

  1  1
                                              1.

  1  1
                                                          1.

  1  1
                                                                      1.

  1  1

          1.
  1  1

                      1.
  8                                                            Z6  BVs 41 - 48
  8 12
                                                31.623188   0.038948    
                                                13.133559   0.017565    
                                                3.585959    0.011363    
                                                0.465209    0.010816    
                                                0.278852    0.009443    
                                                0.278806    0.006716    
                                                0.068174    0.006140    
                                                0.043064    0.001489    
   26.810108   24.369389   18.298710   14.140839    4.715132    1.349013
    0.675119    0.085978    0.071404    0.011093    0.004330    0.004325
  1  1
          1.

  1  1
                      1.

  1  1
                                  1.

  1  1
                                              1.

  1  1
                                                          1.

  1  1
                                                                      1.

  1  1

          1.
  1  1

                      1.
