1.000000000000000021e-03 1.000005999999999950e+00
8.000000000000000167e-03 1.000027999999999917e+00
1.499999999999999944e-02 1.000053999999999998e+00
2.199999999999999872e-02 1.000016999999999934e+00
2.900000000000000147e-02 1.000005999999999950e+00
3.599999999999999728e-02 1.000003999999999893e+00
4.299999999999999656e-02 1.000002999999999975e+00
5.000000000000000278e-02 1.000002999999999975e+00
5.700000000000000205e-02 1.000007000000000090e+00
6.400000000000000133e-02 1.000018000000000074e+00
7.099999999999999367e-02 1.000040000000000040e+00
7.799999999999999989e-02 1.000067000000000039e+00
8.500000000000000611e-02 1.000091000000000063e+00
9.199999999999999845e-02 1.000102000000000046e+00
9.900000000000000466e-02 1.000099999999999989e+00
1.059999999999999970e-01 1.000086999999999948e+00
1.130000000000000032e-01 1.000070999999999932e+00
1.199999999999999956e-01 1.000054999999999916e+00
1.270000000000000018e-01 1.000040999999999958e+00
1.340000000000000080e-01 1.000030999999999892e+00
1.409999999999999865e-01 1.000023000000000106e+00
1.479999999999999927e-01 1.000016999999999934e+00
1.549999999999999989e-01 1.000013000000000041e+00
1.620000000000000051e-01 1.000010000000000066e+00
1.690000000000000113e-01 1.000007000000000090e+00
1.759999999999999898e-01 1.000005000000000033e+00
1.829999999999999960e-01 1.000003999999999893e+00
1.900000000000000022e-01 1.000002000000000058e+00
1.970000000000000084e-01 1.000000999999999918e+00
2.039999999999999869e-01 1.000000999999999918e+00
2.109999999999999931e-01 1.000000000000000000e+00
2.179999999999999993e-01 1.000000000000000000e+00
2.250000000000000056e-01 1.000000000000000000e+00
2.320000000000000118e-01 1.000000000000000000e+00
2.389999999999999902e-01 1.000000000000000000e+00
2.459999999999999964e-01 1.000000000000000000e+00
2.530000000000000027e-01 1.000000000000000000e+00
2.600000000000000089e-01 1.000000000000000000e+00
2.670000000000000151e-01 1.000000000000000000e+00
2.740000000000000213e-01 1.000000000000000000e+00
2.810000000000000275e-01 1.000000999999999918e+00
2.879999999999999782e-01 1.000000999999999918e+00
2.949999999999999845e-01 1.000002000000000058e+00
3.019999999999999907e-01 1.000002999999999975e+00
3.089999999999999969e-01 1.000005000000000033e+00
3.160000000000000031e-01 1.000005999999999950e+00
3.230000000000000093e-01 1.000008000000000008e+00
3.300000000000000155e-01 1.000008999999999926e+00
3.370000000000000218e-01 1.000010999999999983e+00
3.439999999999999725e-01 1.000013000000000041e+00
3.509999999999999787e-01 1.000013999999999958e+00
3.579999999999999849e-01 1.000016000000000016e+00
3.649999999999999911e-01 1.000016999999999934e+00
3.719999999999999973e-01 1.000018000000000074e+00
3.790000000000000036e-01 1.000019999999999909e+00
3.860000000000000098e-01 1.000021000000000049e+00
3.930000000000000160e-01 1.000021999999999966e+00
4.000000000000000222e-01 1.000023000000000106e+00
4.069999999999999729e-01 1.000024000000000024e+00
4.139999999999999791e-01 1.000024999999999942e+00
4.209999999999999853e-01 1.000026000000000082e+00
4.279999999999999916e-01 1.000026999999999999e+00
4.349999999999999978e-01 1.000027999999999917e+00
4.420000000000000040e-01 1.000029999999999974e+00
4.490000000000000102e-01 1.000030999999999892e+00
4.560000000000000164e-01 1.000032000000000032e+00
4.630000000000000226e-01 1.000032999999999950e+00
4.699999999999999734e-01 1.000034000000000090e+00
4.769999999999999796e-01 1.000035999999999925e+00
4.839999999999999858e-01 1.000037000000000065e+00
4.909999999999999920e-01 1.000037999999999982e+00
4.979999999999999982e-01 1.000037999999999982e+00
5.050000000000000044e-01 1.000038999999999900e+00
5.120000000000000107e-01 1.000038999999999900e+00
5.190000000000000169e-01 1.000040000000000040e+00
5.260000000000000231e-01 1.000038999999999900e+00
5.330000000000000293e-01 1.000038999999999900e+00
5.400000000000000355e-01 1.000037999999999982e+00
5.470000000000000417e-01 1.000037000000000065e+00
5.540000000000000480e-01 1.000035000000000007e+00
5.610000000000000542e-01 1.000034000000000090e+00
5.679999999999999494e-01 1.000032000000000032e+00
5.749999999999999556e-01 1.000029000000000057e+00
5.819999999999999618e-01 1.000026999999999999e+00
5.889999999999999680e-01 1.000024000000000024e+00
5.959999999999999742e-01 1.000021000000000049e+00
6.029999999999999805e-01 1.000018000000000074e+00
6.099999999999999867e-01 1.000015000000000098e+00
6.169999999999999929e-01 1.000011999999999901e+00
6.239999999999999991e-01 1.000008999999999926e+00
6.310000000000000053e-01 1.000007000000000090e+00
6.380000000000000115e-01 1.000005000000000033e+00
6.450000000000000178e-01 1.000002999999999975e+00
6.520000000000000240e-01 1.000000999999999918e+00
6.590000000000000302e-01 1.000000999999999918e+00
6.660000000000000364e-01 1.000000000000000000e+00
6.730000000000000426e-01 1.000000000000000000e+00
6.800000000000000488e-01 1.000000999999999918e+00
6.870000000000000551e-01 1.000002999999999975e+00
6.939999999999999503e-01 1.000005000000000033e+00
7.009999999999999565e-01 1.000008000000000008e+00
7.079999999999999627e-01 1.000010999999999983e+00
7.149999999999999689e-01 1.000016000000000016e+00
7.219999999999999751e-01 1.000021000000000049e+00
7.289999999999999813e-01 1.000026000000000082e+00
7.359999999999999876e-01 1.000032000000000032e+00
7.429999999999999938e-01 1.000038999999999900e+00
7.500000000000000000e-01 1.000045999999999990e+00
7.570000000000000062e-01 1.000053999999999998e+00
7.640000000000000124e-01 1.000062000000000006e+00
7.710000000000000187e-01 1.000070999999999932e+00
7.780000000000000249e-01 1.000080000000000080e+00
7.850000000000000311e-01 1.000089000000000006e+00
7.920000000000000373e-01 1.000097999999999931e+00
7.990000000000000435e-01 1.000107000000000079e+00
8.060000000000000497e-01 1.000116000000000005e+00
8.129999999999999449e-01 1.000124999999999931e+00
8.199999999999999512e-01 1.000134000000000079e+00
8.269999999999999574e-01 1.000142000000000087e+00
8.339999999999999636e-01 1.000151000000000012e+00
8.409999999999999698e-01 1.000159000000000020e+00
8.479999999999999760e-01 1.000167000000000028e+00
8.549999999999999822e-01 1.000173999999999896e+00
8.619999999999999885e-01 1.000180999999999987e+00
8.689999999999999947e-01 1.000186999999999937e+00
8.760000000000000009e-01 1.000191999999999970e+00
8.830000000000000071e-01 1.000197999999999920e+00
8.900000000000000133e-01 1.000202000000000035e+00
8.970000000000000195e-01 1.000205999999999928e+00
9.040000000000000258e-01 1.000208999999999904e+00
9.110000000000000320e-01 1.000212000000000101e+00
9.180000000000000382e-01 1.000213999999999936e+00
9.250000000000000444e-01 1.000215000000000076e+00
9.320000000000000506e-01 1.000215000000000076e+00
9.389999999999999458e-01 1.000215000000000076e+00
9.459999999999999520e-01 1.000213999999999936e+00
9.529999999999999583e-01 1.000213000000000019e+00
9.599999999999999645e-01 1.000210999999999961e+00
9.669999999999999707e-01 1.000208999999999904e+00
9.739999999999999769e-01 1.000205999999999928e+00
9.809999999999999831e-01 1.000202000000000035e+00
9.879999999999999893e-01 1.000197999999999920e+00
9.949999999999999956e-01 1.000193000000000110e+00
1.002000000000000002e+00 1.000188000000000077e+00
1.008999999999999897e+00 9.622560000000000002e-01
1.016000000000000014e+00 9.312399999999999567e-01
1.022999999999999909e+00 9.127809999999999535e-01
1.030000000000000027e+00 9.017009999999999748e-01
1.036999999999999922e+00 8.940439999999999499e-01
1.044000000000000039e+00 8.874239999999999906e-01
1.050999999999999934e+00 8.806119999999999504e-01
1.058000000000000052e+00 8.731240000000000112e-01
1.064999999999999947e+00 8.649259999999999726e-01
1.072000000000000064e+00 8.562149999999999483e-01
1.078999999999999959e+00 8.472809999999999508e-01
1.086000000000000076e+00 8.384160000000000501e-01
1.092999999999999972e+00 8.298720000000000541e-01
1.100000000000000089e+00 8.218360000000000110e-01
1.106999999999999984e+00 8.144339999999999913e-01
1.114000000000000101e+00 8.077260000000000550e-01
1.120999999999999996e+00 8.017300000000000537e-01
1.127999999999999892e+00 7.964240000000000208e-01
1.135000000000000009e+00 7.917610000000000481e-01
1.141999999999999904e+00 7.876809999999999645e-01
1.149000000000000021e+00 7.841139999999999777e-01
1.155999999999999917e+00 7.809880000000000155e-01
1.163000000000000034e+00 7.782299999999999773e-01
1.169999999999999929e+00 7.757709999999999884e-01
1.177000000000000046e+00 7.735450000000000381e-01
1.183999999999999941e+00 7.714929999999999843e-01
1.191000000000000059e+00 7.695610000000000506e-01
1.197999999999999954e+00 7.677040000000000530e-01
1.205000000000000071e+00 7.658829999999999805e-01
1.211999999999999966e+00 7.640660000000000229e-01
1.219000000000000083e+00 7.622299999999999631e-01
1.225999999999999979e+00 7.603560000000000318e-01
1.233000000000000096e+00 7.584319999999999951e-01
1.239999999999999991e+00 7.564499999999999558e-01
1.247000000000000108e+00 7.544079999999999675e-01
1.254000000000000004e+00 7.523050000000000015e-01
1.260999999999999899e+00 7.501430000000000042e-01
1.268000000000000016e+00 7.479280000000000372e-01
1.274999999999999911e+00 7.456639999999999935e-01
1.282000000000000028e+00 7.433579999999999632e-01
1.288999999999999924e+00 7.410170000000000368e-01
1.296000000000000041e+00 7.386470000000000535e-01
1.302999999999999936e+00 7.362570000000000503e-01
1.310000000000000053e+00 7.338519999999999488e-01
1.316999999999999948e+00 7.314399999999999791e-01
1.324000000000000066e+00 7.290259999999999518e-01
1.330999999999999961e+00 7.266160000000000396e-01
1.338000000000000078e+00 7.242150000000000531e-01
1.344999999999999973e+00 7.218280000000000252e-01
1.352000000000000091e+00 7.194599999999999884e-01
1.358999999999999986e+00 7.171149999999999469e-01
1.366000000000000103e+00 7.147959999999999869e-01
1.372999999999999998e+00 7.125080000000000302e-01
1.379999999999999893e+00 7.102540000000000520e-01
1.387000000000000011e+00 7.080370000000000275e-01
1.393999999999999906e+00 7.058609999999999607e-01
1.401000000000000023e+00 7.037280000000000202e-01
1.407999999999999918e+00 7.016409999999999592e-01
1.415000000000000036e+00 6.996029999999999749e-01
1.421999999999999931e+00 6.976170000000000426e-01
1.429000000000000048e+00 6.956849999999999978e-01
1.435999999999999943e+00 6.938109999999999555e-01
1.443000000000000060e+00 6.919950000000000268e-01
1.449999999999999956e+00 6.902409999999999934e-01
1.457000000000000073e+00 6.885499999999999954e-01
1.463999999999999968e+00 6.869250000000000078e-01
1.471000000000000085e+00 6.853660000000000307e-01
1.477999999999999980e+00 6.838760000000000394e-01
1.485000000000000098e+00 6.824550000000000338e-01
1.491999999999999993e+00 6.811049999999999605e-01
1.499000000000000110e+00 6.798260000000000414e-01
1.506000000000000005e+00 6.786180000000000545e-01
1.512999999999999901e+00 6.774809999999999999e-01
1.520000000000000018e+00 6.764160000000000172e-01
1.526999999999999913e+00 6.754210000000000491e-01
1.534000000000000030e+00 6.744959999999999845e-01
1.540999999999999925e+00 6.736389999999999878e-01
1.548000000000000043e+00 6.728480000000000016e-01
1.554999999999999938e+00 6.721230000000000260e-01
1.562000000000000055e+00 6.714609999999999745e-01
1.568999999999999950e+00 6.708600000000000119e-01
1.576000000000000068e+00 6.703170000000000517e-01
1.582999999999999963e+00 6.698300000000000365e-01
1.590000000000000080e+00 6.693959999999999910e-01
1.596999999999999975e+00 6.690120000000000511e-01
1.604000000000000092e+00 6.686739999999999906e-01
1.610999999999999988e+00 6.683810000000000029e-01
1.618000000000000105e+00 6.681289999999999729e-01
1.625000000000000000e+00 6.679140000000000077e-01
1.631999999999999895e+00 6.677330000000000210e-01
1.639000000000000012e+00 6.675839999999999552e-01
1.645999999999999908e+00 6.674630000000000285e-01
1.653000000000000025e+00 6.673679999999999612e-01
1.659999999999999920e+00 6.672940000000000538e-01
1.667000000000000037e+00 6.672400000000000553e-01
1.673999999999999932e+00 6.672029999999999905e-01
1.681000000000000050e+00 6.671789999999999665e-01
1.687999999999999945e+00 6.671669999999999545e-01
1.695000000000000062e+00 6.671639999999999793e-01
1.701999999999999957e+00 6.671679999999999833e-01
1.709000000000000075e+00 6.671770000000000200e-01
1.715999999999999970e+00 6.671890000000000320e-01
1.723000000000000087e+00 6.672019999999999618e-01
1.729999999999999982e+00 6.672139999999999738e-01
1.737000000000000099e+00 6.672240000000000393e-01
1.743999999999999995e+00 6.672310000000000185e-01
1.750999999999999890e+00 6.672329999999999650e-01
1.758000000000000007e+00 6.672289999999999610e-01
1.764999999999999902e+00 6.672179999999999778e-01
1.772000000000000020e+00 6.671989999999999865e-01
1.778999999999999915e+00 6.671719999999999873e-01
1.786000000000000032e+00 6.671359999999999513e-01
1.792999999999999927e+00 6.670909999999999895e-01
1.800000000000000044e+00 6.670350000000000446e-01
1.806999999999999940e+00 6.669690000000000341e-01
1.814000000000000057e+00 6.668920000000000403e-01
1.820999999999999952e+00 6.668039999999999523e-01
1.828000000000000069e+00 6.667039999999999633e-01
1.834999999999999964e+00 6.665940000000000198e-01
1.842000000000000082e+00 6.664719999999999533e-01
1.848999999999999977e+00 6.663400000000000434e-01
1.856000000000000094e+00 6.661960000000000104e-01
1.862999999999999989e+00 6.660409999999999942e-01
1.870000000000000107e+00 6.658749999999999947e-01
1.877000000000000002e+00 6.656980000000000119e-01
1.883999999999999897e+00 6.655100000000000460e-01
1.891000000000000014e+00 6.653130000000000432e-01
1.897999999999999909e+00 6.651049999999999462e-01
1.905000000000000027e+00 6.648870000000000058e-01
1.911999999999999922e+00 6.646589999999999998e-01
1.919000000000000039e+00 6.644219999999999571e-01
1.925999999999999934e+00 6.641759999999999886e-01
1.933000000000000052e+00 6.639209999999999834e-01
1.939999999999999947e+00 6.636560000000000237e-01
1.947000000000000064e+00 6.633839999999999737e-01
1.953999999999999959e+00 6.631029999999999980e-01
1.961000000000000076e+00 6.628140000000000143e-01
1.967999999999999972e+00 6.625170000000000226e-01
1.975000000000000089e+00 6.622130000000000516e-01
1.981999999999999984e+00 6.619009999999999616e-01
1.989000000000000101e+00 6.615820000000000034e-01
1.995999999999999996e+00 6.612550000000000372e-01
2.003000000000000114e+00 6.609220000000000095e-01
2.009999999999999787e+00 6.605820000000000025e-01
2.016999999999999904e+00 6.602360000000000451e-01
2.024000000000000021e+00 6.598819999999999686e-01
2.031000000000000139e+00 6.595229999999999704e-01
2.037999999999999812e+00 6.591569999999999929e-01
2.044999999999999929e+00 6.587849999999999540e-01
2.052000000000000046e+00 6.584079999999999933e-01
2.059000000000000163e+00 6.580240000000000533e-01
2.065999999999999837e+00 6.576340000000000519e-01
2.072999999999999954e+00 6.572379999999999889e-01
2.080000000000000071e+00 6.568370000000000042e-01
2.087000000000000188e+00 6.564299999999999580e-01
2.093999999999999861e+00 6.560179999999999900e-01
2.100999999999999979e+00 6.555999999999999606e-01
2.108000000000000096e+00 6.551759999999999806e-01
2.115000000000000213e+00 6.547469999999999679e-01
2.121999999999999886e+00 6.543130000000000335e-01
2.129000000000000004e+00 6.538730000000000375e-01
2.136000000000000121e+00 6.534280000000000088e-01
2.142999999999999794e+00 6.529779999999999474e-01
2.149999999999999911e+00 6.525220000000000464e-01
2.157000000000000028e+00 6.520620000000000305e-01
2.164000000000000146e+00 6.515959999999999530e-01
2.170999999999999819e+00 6.511259999999999826e-01
2.177999999999999936e+00 6.506509999999999794e-01
2.185000000000000053e+00 6.501700000000000257e-01
2.192000000000000171e+00 6.496859999999999857e-01
2.198999999999999844e+00 6.491959999999999953e-01
2.205999999999999961e+00 6.487020000000000008e-01
2.213000000000000078e+00 6.482040000000000024e-01
2.220000000000000195e+00 6.477009999999999712e-01
2.226999999999999869e+00 6.471940000000000470e-01
2.233999999999999986e+00 6.466830000000000078e-01
2.241000000000000103e+00 6.461679999999999646e-01
2.248000000000000220e+00 6.456490000000000284e-01
2.254999999999999893e+00 6.451259999999999772e-01
2.262000000000000011e+00 6.445999999999999508e-01
2.269000000000000128e+00 6.440709999999999491e-01
2.275999999999999801e+00 6.435389999999999722e-01
2.282999999999999918e+00 6.430029999999999912e-01
2.290000000000000036e+00 6.424649999999999528e-01
2.297000000000000153e+00 6.419240000000000501e-01
2.303999999999999826e+00 6.413799999999999502e-01
2.310999999999999943e+00 6.408340000000000147e-01
2.318000000000000060e+00 6.402870000000000505e-01
2.325000000000000178e+00 6.397370000000000001e-01
2.331999999999999851e+00 6.391860000000000319e-01
2.338999999999999968e+00 6.386330000000000062e-01
2.346000000000000085e+00 6.380799999999999805e-01
2.353000000000000203e+00 6.375250000000000083e-01
2.359999999999999876e+00 6.369700000000000362e-01
2.366999999999999993e+00 6.364149999999999530e-01
2.374000000000000110e+00 6.358589999999999520e-01
2.380999999999999783e+00 6.353029999999999511e-01
2.387999999999999901e+00 6.347479999999999789e-01
2.395000000000000018e+00 6.341930000000000067e-01
2.402000000000000135e+00 6.336389999999999523e-01
2.408999999999999808e+00 6.330869999999999553e-01
2.415999999999999925e+00 6.325349999999999584e-01
2.423000000000000043e+00 6.319860000000000477e-01
2.430000000000000160e+00 6.314380000000000548e-01
2.436999999999999833e+00 6.308930000000000371e-01
2.443999999999999950e+00 6.303499999999999659e-01
2.451000000000000068e+00 6.298099999999999810e-01
2.458000000000000185e+00 6.292729999999999713e-01
2.464999999999999858e+00 6.287390000000000478e-01
2.471999999999999975e+00 6.282090000000000174e-01
2.479000000000000092e+00 6.276819999999999622e-01
2.486000000000000210e+00 6.271600000000000508e-01
2.492999999999999883e+00 6.266420000000000323e-01
2.500000000000000000e+00 6.261290000000000466e-01
2.507000000000000117e+00 6.256199999999999539e-01
2.513999999999999790e+00 6.251170000000000337e-01
2.520999999999999908e+00 6.246190000000000353e-01
2.528000000000000025e+00 6.241259999999999586e-01
2.535000000000000142e+00 6.236399999999999721e-01
2.541999999999999815e+00 6.231590000000000185e-01
2.548999999999999932e+00 6.226850000000000440e-01
2.556000000000000050e+00 6.222180000000000488e-01
2.563000000000000167e+00 6.217570000000000041e-01
2.569999999999999840e+00 6.213030000000000497e-01
2.576999999999999957e+00 6.208559999999999635e-01
2.584000000000000075e+00 6.204169999999999963e-01
2.591000000000000192e+00 6.199850000000000083e-01
2.597999999999999865e+00 6.195610000000000284e-01
2.604999999999999982e+00 6.191449999999999454e-01
2.612000000000000099e+00 6.187369999999999814e-01
2.619000000000000217e+00 6.183370000000000255e-01
2.625999999999999890e+00 6.179459999999999953e-01
2.633000000000000007e+00 6.175629999999999731e-01
2.640000000000000124e+00 6.171889999999999876e-01
2.646999999999999797e+00 6.168240000000000389e-01
2.653999999999999915e+00 6.164680000000000160e-01
2.661000000000000032e+00 6.161200000000000010e-01
2.668000000000000149e+00 6.157820000000000515e-01
2.674999999999999822e+00 6.154530000000000278e-01
2.681999999999999940e+00 6.151330000000000409e-01
2.689000000000000057e+00 6.148230000000000084e-01
2.696000000000000174e+00 6.145230000000000414e-01
2.702999999999999847e+00 6.142309999999999715e-01
2.709999999999999964e+00 6.139499999999999957e-01
2.717000000000000082e+00 6.136779999999999458e-01
2.724000000000000199e+00 6.134150000000000436e-01
2.730999999999999872e+00 6.131619999999999848e-01
2.737999999999999989e+00 6.129189999999999916e-01
2.745000000000000107e+00 6.126859999999999529e-01
2.751999999999999780e+00 6.124619999999999509e-01
2.758999999999999897e+00 6.122469999999999857e-01
2.766000000000000014e+00 6.120430000000000037e-01
2.773000000000000131e+00 6.118479999999999475e-01
2.779999999999999805e+00 6.116620000000000390e-01
2.786999999999999922e+00 6.114859999999999740e-01
2.794000000000000039e+00 6.113189999999999458e-01
2.801000000000000156e+00 6.111609999999999543e-01
2.807999999999999829e+00 6.110130000000000283e-01
2.814999999999999947e+00 6.108729999999999993e-01
2.822000000000000064e+00 6.107430000000000359e-01
2.829000000000000181e+00 6.106219999999999981e-01
2.835999999999999854e+00 6.105089999999999684e-01
2.842999999999999972e+00 6.104049999999999754e-01
2.850000000000000089e+00 6.103100000000000191e-01
2.857000000000000206e+00 6.102220000000000422e-01
2.863999999999999879e+00 6.101429999999999909e-01
2.870999999999999996e+00 6.100719999999999477e-01
2.878000000000000114e+00 6.100090000000000234e-01
2.884999999999999787e+00 6.099539999999999962e-01
2.891999999999999904e+00 6.099059999999999482e-01
2.899000000000000021e+00 6.098649999999999904e-01
2.906000000000000139e+00 6.098310000000000120e-01
2.912999999999999812e+00 6.098050000000000415e-01
2.919999999999999929e+00 6.097850000000000215e-01
2.927000000000000046e+00 6.097709999999999519e-01
2.934000000000000163e+00 6.097639999999999727e-01
2.940999999999999837e+00 6.097620000000000262e-01
2.947999999999999954e+00 6.097669999999999479e-01
2.955000000000000071e+00 6.097770000000000135e-01
2.962000000000000188e+00 6.097920000000000007e-01
2.968999999999999861e+00 6.098120000000000207e-01
2.975999999999999979e+00 6.098369999999999624e-01
2.983000000000000096e+00 6.098670000000000480e-01
2.990000000000000213e+00 6.098999999999999977e-01
2.996999999999999886e+00 6.099379999999999802e-01
3.004000000000000004e+00 6.099799999999999667e-01
3.011000000000000121e+00 6.100250000000000394e-01
3.017999999999999794e+00 6.100729999999999764e-01
3.024999999999999911e+00 6.101239999999999997e-01
3.032000000000000028e+00 6.101779999999999982e-01
3.039000000000000146e+00 6.102340000000000542e-01
3.045999999999999819e+00 6.102919999999999456e-01
3.052999999999999936e+00 6.103520000000000056e-01
3.060000000000000053e+00 6.104129999999999834e-01
3.067000000000000171e+00 6.104760000000000186e-01
3.073999999999999844e+00 6.105390000000000539e-01
3.080999999999999961e+00 6.106030000000000069e-01
3.088000000000000078e+00 6.106679999999999886e-01
3.095000000000000195e+00 6.107329999999999703e-01
3.101999999999999869e+00 6.107970000000000343e-01
3.108999999999999986e+00 6.108609999999999873e-01
3.116000000000000103e+00 6.109240000000000226e-01
3.123000000000000220e+00 6.109860000000000291e-01
3.129999999999999893e+00 6.110470000000000068e-01
3.137000000000000011e+00 6.111060000000000381e-01
3.144000000000000128e+00 6.111640000000000406e-01
3.150999999999999801e+00 6.112189999999999568e-01
3.157999999999999918e+00 6.112720000000000375e-01
3.165000000000000036e+00 6.113220000000000320e-01
3.172000000000000153e+00 6.113699999999999690e-01
3.178999999999999826e+00 6.114140000000000130e-01
3.185999999999999943e+00 6.114540000000000530e-01
3.193000000000000060e+00 6.114910000000000068e-01
3.200000000000000178e+00 6.115239999999999565e-01
3.206999999999999851e+00 6.115530000000000133e-01
3.213999999999999968e+00 6.115779999999999550e-01
3.221000000000000085e+00 6.115979999999999750e-01
3.228000000000000203e+00 6.116120000000000445e-01
3.234999999999999876e+00 6.116219999999999990e-01
3.241999999999999993e+00 6.116270000000000318e-01
3.249000000000000110e+00 6.116260000000000030e-01
3.255999999999999783e+00 6.116190000000000238e-01
3.262999999999999901e+00 6.116059999999999830e-01
3.270000000000000018e+00 6.115869999999999918e-01
3.277000000000000135e+00 6.115610000000000213e-01
3.283999999999999808e+00 6.115289999999999893e-01
3.290999999999999925e+00 6.114910000000000068e-01
3.298000000000000043e+00 6.114450000000000163e-01
3.305000000000000160e+00 6.113920000000000465e-01
3.311999999999999833e+00 6.113319999999999865e-01
3.318999999999999950e+00 6.112649999999999473e-01
3.326000000000000068e+00 6.111900000000000110e-01
3.333000000000000185e+00 6.111069999999999558e-01
3.339999999999999858e+00 6.110160000000000036e-01
3.346999999999999975e+00 6.109170000000000433e-01
3.354000000000000092e+00 6.108099999999999641e-01
3.361000000000000210e+00 6.106949999999999878e-01
3.367999999999999883e+00 6.105720000000000036e-01
3.375000000000000000e+00 6.104389999999999539e-01
3.382000000000000117e+00 6.102980000000000071e-01
3.388999999999999790e+00 6.101490000000000524e-01
3.395999999999999908e+00 6.099900000000000322e-01
3.403000000000000025e+00 6.098230000000000040e-01
3.410000000000000142e+00 6.096460000000000212e-01
3.416999999999999815e+00 6.094600000000000017e-01
3.423999999999999932e+00 6.092649999999999455e-01
3.431000000000000050e+00 6.090609999999999635e-01
3.438000000000000167e+00 6.088479999999999448e-01
3.444999999999999840e+00 6.086249999999999716e-01
3.451999999999999957e+00 6.083920000000000439e-01
3.459000000000000075e+00 6.081499999999999684e-01
3.466000000000000192e+00 6.078989999999999672e-01
3.472999999999999865e+00 6.076369999999999827e-01
3.479999999999999982e+00 6.073669999999999902e-01
3.487000000000000099e+00 6.070860000000000145e-01
3.494000000000000217e+00 6.067960000000000020e-01
3.500999999999999890e+00 6.064960000000000351e-01
3.508000000000000007e+00 6.061870000000000314e-01
3.515000000000000124e+00 6.058670000000000444e-01
3.521999999999999797e+00 6.055380000000000207e-01
3.528999999999999915e+00 6.051990000000000425e-01
3.536000000000000032e+00 6.048510000000000275e-01
3.543000000000000149e+00 6.044929999999999470e-01
3.549999999999999822e+00 6.041250000000000231e-01
3.556999999999999940e+00 6.037479999999999514e-01
3.564000000000000057e+00 6.033600000000000074e-01
3.571000000000000174e+00 6.029640000000000555e-01
3.577999999999999847e+00 6.025570000000000093e-01
3.584999999999999964e+00 6.021419999999999551e-01
3.592000000000000082e+00 6.017160000000000286e-01
3.599000000000000199e+00 6.012819999999999832e-01
3.605999999999999872e+00 6.008369999999999544e-01
3.612999999999999989e+00 6.003840000000000288e-01
3.620000000000000107e+00 5.999210000000000376e-01
3.626999999999999780e+00 5.994500000000000384e-01
3.633999999999999897e+00 5.989689999999999737e-01
3.641000000000000014e+00 5.984789999999999832e-01
3.648000000000000131e+00 5.979799999999999560e-01
3.654999999999999805e+00 5.974720000000000031e-01
3.661999999999999922e+00 5.969550000000000134e-01
3.669000000000000039e+00 5.964300000000000157e-01
3.676000000000000156e+00 5.958959999999999813e-01
3.682999999999999829e+00 5.953540000000000498e-01
3.689999999999999947e+00 5.948029999999999706e-01
3.697000000000000064e+00 5.942429999999999657e-01
3.704000000000000181e+00 5.936759999999999815e-01
3.710999999999999854e+00 5.931009999999999893e-01
3.717999999999999972e+00 5.925169999999999604e-01
3.725000000000000089e+00 5.919259999999999522e-01
3.732000000000000206e+00 5.913270000000000470e-01
3.738999999999999879e+00 5.907200000000000228e-01
3.745999999999999996e+00 5.901060000000000194e-01
3.753000000000000114e+00 5.894840000000000080e-01
3.759999999999999787e+00 5.888560000000000461e-01
3.766999999999999904e+00 5.882199999999999651e-01
3.774000000000000021e+00 5.875770000000000159e-01
3.781000000000000139e+00 5.869269999999999765e-01
3.787999999999999812e+00 5.862709999999999866e-01
3.794999999999999929e+00 5.856080000000000174e-01
3.802000000000000046e+00 5.849379999999999580e-01
3.809000000000000163e+00 5.842629999999999768e-01
3.815999999999999837e+00 5.835810000000000164e-01
3.822999999999999954e+00 5.828929999999999945e-01
3.830000000000000071e+00 5.822000000000000508e-01
3.837000000000000188e+00 5.815010000000000456e-01
3.843999999999999861e+00 5.807959999999999789e-01
3.850999999999999979e+00 5.800859999999999905e-01
3.858000000000000096e+00 5.793709999999999694e-01
3.865000000000000213e+00 5.786510000000000264e-01
3.871999999999999886e+00 5.779260000000000508e-01
3.879000000000000004e+00 5.771960000000000424e-01
3.886000000000000121e+00 5.764620000000000299e-01
3.892999999999999794e+00 5.757229999999999848e-01
3.899999999999999911e+00 5.749800000000000466e-01
3.907000000000000028e+00 5.742340000000000222e-01
3.914000000000000146e+00 5.734829999999999650e-01
3.920999999999999819e+00 5.727290000000000436e-01
3.927999999999999936e+00 5.719710000000000072e-01
3.935000000000000053e+00 5.712099999999999955e-01
3.942000000000000171e+00 5.704449999999999799e-01
3.948999999999999844e+00 5.696780000000000177e-01
3.955999999999999961e+00 5.689079999999999693e-01
3.963000000000000078e+00 5.681359999999999744e-01
3.970000000000000195e+00 5.673610000000000042e-01
3.976999999999999869e+00 5.665829999999999478e-01
3.983999999999999986e+00 5.658039999999999736e-01
3.991000000000000103e+00 5.650230000000000530e-01
3.998000000000000220e+00 5.642399999999999638e-01
4.004999999999999893e+00 5.634550000000000392e-01
4.011999999999999567e+00 5.626689999999999747e-01
4.019000000000000128e+00 5.618819999999999926e-01
4.025999999999999801e+00 5.610939999999999817e-01
4.033000000000000362e+00 5.603050000000000530e-01
4.040000000000000036e+00 5.595160000000000133e-01
4.046999999999999709e+00 5.587259999999999449e-01
4.054000000000000270e+00 5.579359999999999875e-01
4.060999999999999943e+00 5.571460000000000301e-01
4.067999999999999616e+00 5.563559999999999617e-01
4.075000000000000178e+00 5.555660000000000043e-01
4.081999999999999851e+00 5.547769999999999646e-01
4.089000000000000412e+00 5.539880000000000360e-01
4.096000000000000085e+00 5.532000000000000250e-01
4.102999999999999758e+00 5.524130000000000429e-01
4.110000000000000320e+00 5.516280000000000072e-01
4.116999999999999993e+00 5.508440000000000003e-01
4.123999999999999666e+00 5.500610000000000221e-01
4.131000000000000227e+00 5.492799999999999905e-01
4.137999999999999901e+00 5.485010000000000163e-01
4.144999999999999574e+00 5.477239999999999887e-01
4.152000000000000135e+00 5.469500000000000473e-01
4.158999999999999808e+00 5.461770000000000236e-01
4.166000000000000369e+00 5.454080000000000039e-01
4.173000000000000043e+00 5.446410000000000418e-01
4.179999999999999716e+00 5.438770000000000548e-01
4.187000000000000277e+00 5.431160000000000432e-01
4.193999999999999950e+00 5.423590000000000355e-01
4.200999999999999623e+00 5.416050000000000031e-01
4.208000000000000185e+00 5.408549999999999747e-01
4.214999999999999858e+00 5.401080000000000325e-01
4.222000000000000419e+00 5.393660000000000121e-01
4.229000000000000092e+00 5.386279999999999957e-01
4.235999999999999766e+00 5.378939999999999833e-01
4.243000000000000327e+00 5.371639999999999748e-01
4.250000000000000000e+00 5.364389999999999992e-01
4.256999999999999673e+00 5.357189999999999452e-01
4.264000000000000234e+00 5.350040000000000351e-01
4.270999999999999908e+00 5.342940000000000467e-01
4.277999999999999581e+00 5.335889999999999800e-01
4.285000000000000142e+00 5.328899999999999748e-01
4.291999999999999815e+00 5.321960000000000024e-01
4.299000000000000377e+00 5.315079999999999805e-01
4.306000000000000050e+00 5.308260000000000201e-01
4.312999999999999723e+00 5.301489999999999814e-01
4.320000000000000284e+00 5.294790000000000330e-01
4.326999999999999957e+00 5.288159999999999528e-01
4.333999999999999631e+00 5.281580000000000163e-01
4.341000000000000192e+00 5.275079999999999769e-01
4.347999999999999865e+00 5.268639999999999990e-01
4.355000000000000426e+00 5.262270000000000003e-01
4.362000000000000099e+00 5.255959999999999521e-01
4.368999999999999773e+00 5.249730000000000230e-01
4.376000000000000334e+00 5.243579999999999908e-01
4.383000000000000007e+00 5.237490000000000201e-01
4.389999999999999680e+00 5.231489999999999752e-01
4.397000000000000242e+00 5.225549999999999917e-01
4.403999999999999915e+00 5.219700000000000450e-01
4.410999999999999588e+00 5.213919999999999666e-01
4.418000000000000149e+00 5.208230000000000359e-01
4.424999999999999822e+00 5.202609999999999735e-01
4.432000000000000384e+00 5.197079999999999478e-01
4.439000000000000057e+00 5.191630000000000411e-01
4.445999999999999730e+00 5.186269999999999492e-01
4.453000000000000291e+00 5.180989999999999762e-01
4.459999999999999964e+00 5.175800000000000400e-01
4.466999999999999638e+00 5.170700000000000296e-01
4.474000000000000199e+00 5.165680000000000271e-01
4.480999999999999872e+00 5.160749999999999504e-01
4.488000000000000433e+00 5.155920000000000503e-01
4.495000000000000107e+00 5.151170000000000471e-01
4.501999999999999780e+00 5.146519999999999984e-01
4.509000000000000341e+00 5.141970000000000152e-01
4.516000000000000014e+00 5.137500000000000400e-01
4.522999999999999687e+00 5.133130000000000193e-01
4.530000000000000249e+00 5.128859999999999530e-01
4.536999999999999922e+00 5.124689999999999523e-01
4.543999999999999595e+00 5.120609999999999884e-01
4.551000000000000156e+00 5.116629999999999789e-01
4.557999999999999829e+00 5.112750000000000350e-01
4.565000000000000391e+00 5.108960000000000168e-01
4.572000000000000064e+00 5.105279999999999818e-01
4.578999999999999737e+00 5.101700000000000124e-01
4.586000000000000298e+00 5.098219999999999974e-01
4.592999999999999972e+00 5.094849999999999657e-01
4.599999999999999645e+00 5.091569999999999707e-01
4.607000000000000206e+00 5.088399999999999590e-01
4.613999999999999879e+00 5.085340000000000416e-01
4.621000000000000441e+00 5.082370000000000498e-01
4.628000000000000114e+00 5.079519999999999591e-01
4.634999999999999787e+00 5.076760000000000161e-01
4.642000000000000348e+00 5.074119999999999742e-01
4.649000000000000021e+00 5.071579999999999977e-01
4.655999999999999694e+00 5.069139999999999757e-01
4.663000000000000256e+00 5.066819999999999657e-01
4.669999999999999929e+00 5.064600000000000213e-01
4.676999999999999602e+00 5.062480000000000313e-01
4.684000000000000163e+00 5.060480000000000533e-01
4.690999999999999837e+00 5.058580000000000298e-01
4.698000000000000398e+00 5.056789999999999896e-01
4.705000000000000071e+00 5.055110000000000436e-01
4.711999999999999744e+00 5.053539999999999699e-01
4.719000000000000306e+00 5.052069999999999617e-01
4.725999999999999979e+00 5.050719999999999654e-01
4.732999999999999652e+00 5.049470000000000347e-01
4.740000000000000213e+00 5.048329999999999762e-01
4.746999999999999886e+00 5.047300000000000120e-01
4.753999999999999559e+00 5.046380000000000310e-01
4.761000000000000121e+00 5.045570000000000332e-01
4.767999999999999794e+00 5.044870000000000188e-01
4.775000000000000355e+00 5.044279999999999875e-01
4.782000000000000028e+00 5.043790000000000218e-01
4.788999999999999702e+00 5.043410000000000393e-01
4.796000000000000263e+00 5.043149999999999578e-01
4.802999999999999936e+00 5.042990000000000528e-01
4.809999999999999609e+00 5.042929999999999913e-01
4.817000000000000171e+00 5.042990000000000528e-01
4.823999999999999844e+00 5.043149999999999578e-01
4.831000000000000405e+00 5.043419999999999570e-01
4.838000000000000078e+00 5.043800000000000505e-01
4.844999999999999751e+00 5.044279999999999875e-01
4.852000000000000313e+00 5.044870000000000188e-01
4.858999999999999986e+00 5.045560000000000045e-01
4.865999999999999659e+00 5.046370000000000022e-01
4.873000000000000220e+00 5.047270000000000367e-01
4.879999999999999893e+00 5.048280000000000545e-01
4.886999999999999567e+00 5.049390000000000267e-01
4.894000000000000128e+00 5.050609999999999822e-01
4.900999999999999801e+00 5.051930000000000032e-01
4.908000000000000362e+00 5.053349999999999786e-01
4.915000000000000036e+00 5.054880000000000484e-01
4.921999999999999709e+00 5.056500000000000439e-01
4.929000000000000270e+00 5.058230000000000226e-01
4.935999999999999943e+00 5.060050000000000381e-01
4.942999999999999616e+00 5.061980000000000368e-01
4.950000000000000178e+00 5.063999999999999613e-01
4.956999999999999851e+00 5.066119999999999512e-01
4.964000000000000412e+00 5.068340000000000067e-01
4.971000000000000085e+00 5.070649999999999880e-01
4.977999999999999758e+00 5.073060000000000347e-01
4.985000000000000320e+00 5.075560000000000072e-01
4.991999999999999993e+00 5.078160000000000451e-01
4.998999999999999666e+00 5.080850000000000088e-01
5.006000000000000227e+00 5.083640000000000381e-01
5.012999999999999901e+00 5.086509999999999643e-01
5.019999999999999574e+00 5.089470000000000383e-01
5.027000000000000135e+00 5.092529999999999557e-01
5.033999999999999808e+00 5.095669999999999922e-01
5.041000000000000369e+00 5.098899999999999544e-01
5.048000000000000043e+00 5.102210000000000356e-01
5.054999999999999716e+00 5.105610000000000426e-01
5.062000000000000277e+00 5.109099999999999753e-01
5.068999999999999950e+00 5.112659999999999982e-01
5.075999999999999623e+00 5.116309999999999469e-01
5.083000000000000185e+00 5.120040000000000147e-01
5.089999999999999858e+00 5.123849999999999794e-01
5.097000000000000419e+00 5.127739999999999521e-01
5.104000000000000092e+00 5.131710000000000438e-01
5.110999999999999766e+00 5.135760000000000325e-01
5.118000000000000327e+00 5.139869999999999717e-01
5.125000000000000000e+00 5.144069999999999476e-01
5.131999999999999673e+00 5.148329999999999851e-01
5.139000000000000234e+00 5.152670000000000305e-01
5.145999999999999908e+00 5.157080000000000553e-01
5.152999999999999581e+00 5.161559999999999482e-01
5.160000000000000142e+00 5.166100000000000136e-01
5.166999999999999815e+00 5.170719999999999761e-01
5.174000000000000377e+00 5.175389999999999713e-01
5.181000000000000050e+00 5.180139999999999745e-01
5.187999999999999723e+00 5.184940000000000104e-01
5.195000000000000284e+00 5.189810000000000256e-01
5.201999999999999957e+00 5.194739999999999913e-01
5.208999999999999631e+00 5.199719999999999898e-01
5.216000000000000192e+00 5.204760000000000497e-01
5.222999999999999865e+00 5.209859999999999491e-01
5.230000000000000426e+00 5.215020000000000211e-01
5.237000000000000099e+00 5.220230000000000148e-01
5.243999999999999773e+00 5.225490000000000412e-01
5.251000000000000334e+00 5.230799999999999894e-01
5.258000000000000007e+00 5.236159999999999703e-01
5.264999999999999680e+00 5.241569999999999840e-01
5.272000000000000242e+00 5.247020000000000017e-01
5.278999999999999915e+00 5.252529999999999699e-01
5.285999999999999588e+00 5.258070000000000244e-01
5.293000000000000149e+00 5.263660000000000005e-01
5.299999999999999822e+00 5.269289999999999807e-01
5.307000000000000384e+00 5.274950000000000472e-01
5.314000000000000057e+00 5.280660000000000354e-01
5.320999999999999730e+00 5.286399999999999988e-01
5.328000000000000291e+00 5.292179999999999662e-01
5.334999999999999964e+00 5.297990000000000199e-01
5.341999999999999638e+00 5.303839999999999666e-01
5.349000000000000199e+00 5.309719999999999995e-01
5.355999999999999872e+00 5.315619999999999790e-01
5.363000000000000433e+00 5.321559999999999624e-01
5.370000000000000107e+00 5.327520000000000033e-01
5.376999999999999780e+00 5.333510000000000195e-01
5.384000000000000341e+00 5.339519999999999822e-01
5.391000000000000014e+00 5.345550000000000024e-01
5.397999999999999687e+00 5.351609999999999978e-01
5.405000000000000249e+00 5.357680000000000220e-01
5.411999999999999922e+00 5.363780000000000214e-01
5.418999999999999595e+00 5.369890000000000496e-01
5.426000000000000156e+00 5.376020000000000243e-01
5.432999999999999829e+00 5.382160000000000277e-01
5.440000000000000391e+00 5.388319999999999776e-01
5.447000000000000064e+00 5.394480000000000386e-01
5.453999999999999737e+00 5.400660000000000460e-01
5.461000000000000298e+00 5.406849999999999712e-01
5.467999999999999972e+00 5.413040000000000074e-01
5.474999999999999645e+00 5.419239999999999613e-01
5.482000000000000206e+00 5.425450000000000550e-01
5.488999999999999879e+00 5.431660000000000377e-01
5.496000000000000441e+00 5.437870000000000203e-01
5.503000000000000114e+00 5.444080000000000030e-01
5.509999999999999787e+00 5.450300000000000145e-01
5.517000000000000348e+00 5.456509999999999971e-01
5.524000000000000021e+00 5.462719999999999798e-01
5.530999999999999694e+00 5.468920000000000448e-01
5.538000000000000256e+00 5.475119999999999987e-01
5.544999999999999929e+00 5.481319999999999526e-01
5.551999999999999602e+00 5.487499999999999600e-01
5.559000000000000163e+00 5.493679999999999675e-01
5.565999999999999837e+00 5.499849999999999461e-01
5.573000000000000398e+00 5.505999999999999783e-01
5.580000000000000071e+00 5.512150000000000105e-01
5.586999999999999744e+00 5.518279999999999852e-01
5.594000000000000306e+00 5.524390000000000134e-01
5.600999999999999979e+00 5.530490000000000128e-01
5.607999999999999652e+00 5.536579999999999835e-01
5.615000000000000213e+00 5.542639999999999789e-01
5.621999999999999886e+00 5.548689999999999456e-01
5.628999999999999559e+00 5.554710000000000480e-01
5.636000000000000121e+00 5.560720000000000107e-01
5.642999999999999794e+00 5.566699999999999982e-01
5.650000000000000355e+00 5.572660000000000391e-01
5.657000000000000028e+00 5.578589999999999938e-01
5.663999999999999702e+00 5.584500000000000020e-01
5.671000000000000263e+00 5.590380000000000349e-01
5.677999999999999936e+00 5.596229999999999816e-01
5.684999999999999609e+00 5.602059999999999818e-01
5.692000000000000171e+00 5.607860000000000067e-01
5.698999999999999844e+00 5.613620000000000276e-01
5.706000000000000405e+00 5.619359999999999911e-01
5.713000000000000078e+00 5.625059999999999505e-01
5.719999999999999751e+00 5.630730000000000457e-01
5.727000000000000313e+00 5.636360000000000259e-01
5.733999999999999986e+00 5.641969999999999485e-01
5.740999999999999659e+00 5.647529999999999495e-01
5.748000000000000220e+00 5.653059999999999752e-01
5.754999999999999893e+00 5.658549999999999969e-01
5.761999999999999567e+00 5.664000000000000146e-01
5.769000000000000128e+00 5.669419999999999460e-01
5.775999999999999801e+00 5.674789999999999557e-01
5.783000000000000362e+00 5.680129999999999901e-01
5.790000000000000036e+00 5.685419999999999918e-01
5.796999999999999709e+00 5.690669999999999895e-01
5.804000000000000270e+00 5.695879999999999832e-01
5.810999999999999943e+00 5.701049999999999729e-01
5.817999999999999616e+00 5.706170000000000408e-01
5.825000000000000178e+00 5.711239999999999650e-01
5.831999999999999851e+00 5.716280000000000250e-01
5.839000000000000412e+00 5.721260000000000234e-01
5.846000000000000085e+00 5.726200000000000179e-01
5.852999999999999758e+00 5.731089999999999796e-01
5.860000000000000320e+00 5.735940000000000483e-01
5.866999999999999993e+00 5.740739999999999732e-01
5.873999999999999666e+00 5.745479999999999476e-01
5.881000000000000227e+00 5.750180000000000291e-01
5.887999999999999901e+00 5.754829999999999668e-01
5.894999999999999574e+00 5.759429999999999827e-01
5.902000000000000135e+00 5.763979999999999659e-01
5.908999999999999808e+00 5.768469999999999986e-01
5.916000000000000369e+00 5.772920000000000273e-01
5.923000000000000043e+00 5.777309999999999945e-01
5.929999999999999716e+00 5.781650000000000400e-01
5.937000000000000277e+00 5.785940000000000527e-01
5.943999999999999950e+00 5.790180000000000327e-01
5.950999999999999623e+00 5.794359999999999511e-01
5.958000000000000185e+00 5.798489999999999478e-01
5.964999999999999858e+00 5.802559999999999940e-01
5.972000000000000419e+00 5.806580000000000075e-01
5.979000000000000092e+00 5.810549999999999882e-01
5.985999999999999766e+00 5.814460000000000184e-01
5.993000000000000327e+00 5.818309999999999871e-01
6.000000000000000000e+00 5.822110000000000340e-01
6.006999999999999673e+00 5.825860000000000483e-01
6.014000000000000234e+00 5.829539999999999722e-01
6.020999999999999908e+00 5.833180000000000032e-01
6.027999999999999581e+00 5.836759999999999726e-01
6.035000000000000142e+00 5.840279999999999916e-01
6.041999999999999815e+00 5.843739999999999490e-01
6.049000000000000377e+00 5.847149999999999848e-01
6.056000000000000050e+00 5.850499999999999590e-01
6.062999999999999723e+00 5.853800000000000114e-01
6.070000000000000284e+00 5.857040000000000024e-01
6.076999999999999957e+00 5.860229999999999606e-01
6.083999999999999631e+00 5.863350000000000506e-01
6.091000000000000192e+00 5.866430000000000256e-01
6.097999999999999865e+00 5.869440000000000213e-01
6.105000000000000426e+00 5.872399999999999842e-01
6.112000000000000099e+00 5.875310000000000255e-01
6.118999999999999773e+00 5.878160000000000052e-01
6.126000000000000334e+00 5.880959999999999521e-01
6.133000000000000007e+00 5.883699999999999486e-01
6.139999999999999680e+00 5.886379999999999946e-01
6.147000000000000242e+00 5.889010000000000078e-01
6.153999999999999915e+00 5.891589999999999883e-01
6.160999999999999588e+00 5.894120000000000470e-01
6.168000000000000149e+00 5.896590000000000442e-01
6.174999999999999822e+00 5.899010000000000087e-01
6.182000000000000384e+00 5.901380000000000514e-01
6.189000000000000057e+00 5.903690000000000326e-01
6.195999999999999730e+00 5.905960000000000099e-01
6.203000000000000291e+00 5.908170000000000366e-01
6.209999999999999964e+00 5.910339999999999483e-01
6.216999999999999638e+00 5.912450000000000205e-01
6.224000000000000199e+00 5.914519999999999778e-01
6.230999999999999872e+00 5.916540000000000132e-01
6.238000000000000433e+00 5.918520000000000447e-01
6.245000000000000107e+00 5.920450000000000434e-01
6.251999999999999780e+00 5.922330000000000094e-01
6.259000000000000341e+00 5.924169999999999714e-01
6.266000000000000014e+00 5.925970000000000404e-01
6.272999999999999687e+00 5.927729999999999944e-01
6.280000000000000249e+00 5.929450000000000554e-01
6.286999999999999922e+00 5.931130000000000013e-01
6.293999999999999595e+00 5.932779999999999720e-01
6.301000000000000156e+00 5.934380000000000210e-01
6.307999999999999829e+00 5.935960000000000125e-01
6.315000000000000391e+00 5.937500000000000000e-01
6.322000000000000064e+00 5.939020000000000410e-01
6.328999999999999737e+00 5.940499999999999670e-01
6.336000000000000298e+00 5.941959999999999464e-01
6.342999999999999972e+00 5.943389999999999507e-01
6.349999999999999645e+00 5.944800000000000084e-01
6.357000000000000206e+00 5.946190000000000087e-01
6.363999999999999879e+00 5.947569999999999801e-01
6.371000000000000441e+00 5.948930000000000051e-01
6.378000000000000114e+00 5.950280000000000014e-01
6.384999999999999787e+00 5.951619999999999688e-01
6.392000000000000348e+00 5.952960000000000473e-01
6.399000000000000021e+00 5.954289999999999861e-01
6.405999999999999694e+00 5.955620000000000358e-01
6.413000000000000256e+00 5.956960000000000033e-01
6.419999999999999929e+00 5.958309999999999995e-01
6.426999999999999602e+00 5.959680000000000533e-01
6.434000000000000163e+00 5.961060000000000247e-01
6.440999999999999837e+00 5.962460000000000537e-01
6.448000000000000398e+00 5.963889999999999469e-01
6.455000000000000071e+00 5.965359999999999552e-01
6.461999999999999744e+00 5.966860000000000497e-01
6.469000000000000306e+00 5.968409999999999549e-01
6.475999999999999979e+00 5.970010000000000039e-01
6.482999999999999652e+00 5.971670000000000034e-01
6.490000000000000213e+00 5.973389999999999533e-01
6.496999999999999886e+00 5.975190000000000223e-01
6.503999999999999559e+00 5.977059999999999595e-01
6.511000000000000121e+00 5.979029999999999623e-01
6.517999999999999794e+00 5.981100000000000305e-01
6.525000000000000355e+00 5.983270000000000532e-01
6.532000000000000028e+00 5.985570000000000057e-01
6.538999999999999702e+00 5.987989999999999702e-01
6.546000000000000263e+00 5.990560000000000329e-01
6.552999999999999936e+00 5.993290000000000006e-01
6.559999999999999609e+00 5.996179999999999843e-01
6.567000000000000171e+00 5.999259999999999593e-01
6.573999999999999844e+00 6.002530000000000365e-01
6.581000000000000405e+00 6.006019999999999692e-01
6.588000000000000078e+00 6.009750000000000369e-01
6.594999999999999751e+00 6.013730000000000464e-01
6.602000000000000313e+00 6.017980000000000551e-01
6.608999999999999986e+00 6.022520000000000095e-01
6.615999999999999659e+00 6.027379999999999960e-01
6.623000000000000220e+00 6.032589999999999897e-01
6.629999999999999893e+00 6.038160000000000194e-01
6.636999999999999567e+00 6.044129999999999781e-01
6.644000000000000128e+00 6.050529999999999520e-01
6.650999999999999801e+00 6.057390000000000274e-01
6.658000000000000362e+00 6.064749999999999863e-01
6.665000000000000036e+00 6.072640000000000260e-01
6.671999999999999709e+00 6.081109999999999571e-01
6.679000000000000270e+00 6.090200000000000058e-01
6.685999999999999943e+00 6.099949999999999539e-01
6.692999999999999616e+00 6.110419999999999741e-01
6.700000000000000178e+00 6.121659999999999879e-01
6.706999999999999851e+00 6.133729999999999460e-01
6.714000000000000412e+00 6.146700000000000497e-01
6.721000000000000085e+00 6.160619999999999985e-01
6.727999999999999758e+00 6.175580000000000513e-01
6.735000000000000320e+00 6.191649999999999654e-01
6.741999999999999993e+00 6.208919999999999995e-01
6.748999999999999666e+00 6.227470000000000505e-01
6.756000000000000227e+00 6.247399999999999620e-01
6.762999999999999901e+00 6.268829999999999680e-01
6.769999999999999574e+00 6.291849999999999943e-01
6.777000000000000135e+00 6.316589999999999705e-01
6.783999999999999808e+00 6.343180000000000485e-01
6.791000000000000369e+00 6.371759999999999646e-01
6.798000000000000043e+00 6.402470000000000105e-01
6.804999999999999716e+00 6.435469999999999802e-01
6.812000000000000277e+00 6.470920000000000005e-01
6.818999999999999950e+00 6.509009999999999518e-01
6.825999999999999623e+00 6.549920000000000186e-01
6.833000000000000185e+00 6.593860000000000277e-01
6.839999999999999858e+00 6.641019999999999701e-01
6.847000000000000419e+00 6.691620000000000346e-01
6.854000000000000092e+00 6.745900000000000230e-01
6.860999999999999766e+00 6.804080000000000128e-01
6.868000000000000327e+00 6.866400000000000281e-01
6.875000000000000000e+00 6.933099999999999818e-01
6.881999999999999673e+00 7.004420000000000091e-01
6.889000000000000234e+00 7.080600000000000227e-01
6.895999999999999908e+00 7.161859999999999893e-01
6.902999999999999581e+00 7.248409999999999576e-01
6.910000000000000142e+00 7.340410000000000545e-01
6.916999999999999815e+00 7.438029999999999919e-01
6.924000000000000377e+00 7.541360000000000285e-01
