1.010999999999999899e+00 9.528400000000000203e-01
1.018000000000000016e+00 9.324200000000000266e-01
1.024999999999999911e+00 9.174149999999999805e-01
1.032000000000000028e+00 9.051369999999999694e-01
1.038999999999999924e+00 8.945830000000000171e-01
1.046000000000000041e+00 8.852449999999999486e-01
1.052999999999999936e+00 8.768270000000000231e-01
1.060000000000000053e+00 8.691360000000000197e-01
1.066999999999999948e+00 8.620409999999999462e-01
1.074000000000000066e+00 8.554439999999999822e-01
1.080999999999999961e+00 8.492709999999999981e-01
1.088000000000000078e+00 8.434639999999999915e-01
1.094999999999999973e+00 8.379790000000000294e-01
1.102000000000000091e+00 8.327790000000000470e-01
1.108999999999999986e+00 8.278330000000000410e-01
1.116000000000000103e+00 8.231169999999999876e-01
1.122999999999999998e+00 8.186090000000000311e-01
1.129999999999999893e+00 8.142909999999999870e-01
1.137000000000000011e+00 8.101469999999999505e-01
1.143999999999999906e+00 8.061629999999999630e-01
1.151000000000000023e+00 8.023270000000000124e-01
1.157999999999999918e+00 7.986290000000000333e-01
1.165000000000000036e+00 7.950580000000000425e-01
1.171999999999999931e+00 7.916069999999999496e-01
1.179000000000000048e+00 7.882670000000000510e-01
1.185999999999999943e+00 7.850310000000000343e-01
1.193000000000000060e+00 7.818950000000000067e-01
1.199999999999999956e+00 7.788509999999999600e-01
1.207000000000000073e+00 7.758939999999999726e-01
1.213999999999999968e+00 7.730209999999999582e-01
1.221000000000000085e+00 7.702269999999999950e-01
1.227999999999999980e+00 7.675070000000000503e-01
1.235000000000000098e+00 7.648580000000000378e-01
1.241999999999999993e+00 7.622769999999999824e-01
1.249000000000000110e+00 7.597599999999999909e-01
1.256000000000000005e+00 7.573050000000000059e-01
1.262999999999999901e+00 7.549090000000000522e-01
1.270000000000000018e+00 7.525690000000000435e-01
1.276999999999999913e+00 7.502830000000000332e-01
1.284000000000000030e+00 7.480480000000000462e-01
1.290999999999999925e+00 7.458630000000000537e-01
1.298000000000000043e+00 7.437259999999999982e-01
1.304999999999999938e+00 7.416340000000000154e-01
1.312000000000000055e+00 7.395869999999999944e-01
1.318999999999999950e+00 7.375810000000000421e-01
1.326000000000000068e+00 7.356160000000000476e-01
1.332999999999999963e+00 7.336909999999999821e-01
1.340000000000000080e+00 7.318029999999999813e-01
1.346999999999999975e+00 7.299520000000000453e-01
1.354000000000000092e+00 7.281370000000000342e-01
1.360999999999999988e+00 7.263549999999999729e-01
1.368000000000000105e+00 7.246059999999999723e-01
1.375000000000000000e+00 7.228900000000000325e-01
1.381999999999999895e+00 7.212039999999999562e-01
1.389000000000000012e+00 7.195479999999999654e-01
1.395999999999999908e+00 7.179219999999999491e-01
1.403000000000000025e+00 7.163230000000000430e-01
1.409999999999999920e+00 7.147520000000000540e-01
1.417000000000000037e+00 7.132070000000000354e-01
1.423999999999999932e+00 7.116890000000000160e-01
1.431000000000000050e+00 7.101950000000000207e-01
1.437999999999999945e+00 7.087250000000000494e-01
1.445000000000000062e+00 7.072800000000000198e-01
1.451999999999999957e+00 7.058569999999999567e-01
1.459000000000000075e+00 7.044559999999999711e-01
1.465999999999999970e+00 7.030779999999999808e-01
1.473000000000000087e+00 7.017210000000000392e-01
1.479999999999999982e+00 7.003840000000000066e-01
1.487000000000000099e+00 6.990680000000000227e-01
1.493999999999999995e+00 6.977710000000000301e-01
1.500999999999999890e+00 6.964939999999999465e-01
1.508000000000000007e+00 6.952350000000000474e-01
1.514999999999999902e+00 6.939939999999999998e-01
1.522000000000000020e+00 6.927720000000000544e-01
1.528999999999999915e+00 6.915660000000000140e-01
1.536000000000000032e+00 6.903780000000000472e-01
1.542999999999999927e+00 6.892070000000000141e-01
1.550000000000000044e+00 6.880509999999999682e-01
1.556999999999999940e+00 6.869119999999999671e-01
1.564000000000000057e+00 6.857879999999999532e-01
1.570999999999999952e+00 6.846790000000000376e-01
1.578000000000000069e+00 6.835849999999999982e-01
1.584999999999999964e+00 6.825059999999999460e-01
1.592000000000000082e+00 6.814409999999999634e-01
1.598999999999999977e+00 6.803900000000000503e-01
1.606000000000000094e+00 6.793529999999999847e-01
1.612999999999999989e+00 6.783289999999999598e-01
1.620000000000000107e+00 6.773179999999999756e-01
1.627000000000000002e+00 6.763200000000000323e-01
1.633999999999999897e+00 6.753339999999999899e-01
1.641000000000000014e+00 6.743609999999999882e-01
1.647999999999999909e+00 6.733999999999999986e-01
1.655000000000000027e+00 6.724510000000000209e-01
1.661999999999999922e+00 6.715130000000000265e-01
1.669000000000000039e+00 6.705870000000000442e-01
1.675999999999999934e+00 6.696729999999999627e-01
1.683000000000000052e+00 6.687689999999999468e-01
1.689999999999999947e+00 6.678760000000000252e-01
1.697000000000000064e+00 6.669929999999999470e-01
1.703999999999999959e+00 6.661209999999999631e-01
1.711000000000000076e+00 6.652599999999999625e-01
1.717999999999999972e+00 6.644079999999999986e-01
1.725000000000000089e+00 6.635659999999999892e-01
1.731999999999999984e+00 6.627340000000000453e-01
1.739000000000000101e+00 6.619119999999999449e-01
1.745999999999999996e+00 6.610979999999999634e-01
1.752999999999999892e+00 6.602940000000000476e-01
1.760000000000000009e+00 6.594999999999999751e-01
1.766999999999999904e+00 6.587140000000000217e-01
1.774000000000000021e+00 6.579359999999999653e-01
1.780999999999999917e+00 6.571679999999999744e-01
1.788000000000000034e+00 6.564069999999999627e-01
1.794999999999999929e+00 6.556549999999999878e-01
1.802000000000000046e+00 6.549120000000000497e-01
1.808999999999999941e+00 6.541759999999999797e-01
1.816000000000000059e+00 6.534480000000000288e-01
1.822999999999999954e+00 6.527279999999999749e-01
1.830000000000000071e+00 6.520160000000000400e-01
1.836999999999999966e+00 6.513109999999999733e-01
1.844000000000000083e+00 6.506140000000000256e-01
1.850999999999999979e+00 6.499239999999999462e-01
1.858000000000000096e+00 6.492409999999999570e-01
1.864999999999999991e+00 6.485649999999999471e-01
1.872000000000000108e+00 6.478960000000000274e-01
1.879000000000000004e+00 6.472339999999999760e-01
1.885999999999999899e+00 6.465790000000000148e-01
1.893000000000000016e+00 6.459300000000000042e-01
1.899999999999999911e+00 6.452879999999999727e-01
1.907000000000000028e+00 6.446520000000000028e-01
1.913999999999999924e+00 6.440230000000000121e-01
1.921000000000000041e+00 6.433990000000000542e-01
1.927999999999999936e+00 6.427819999999999645e-01
1.935000000000000053e+00 6.421710000000000473e-01
1.941999999999999948e+00 6.415659999999999696e-01
1.949000000000000066e+00 6.409669999999999535e-01
1.955999999999999961e+00 6.403729999999999700e-01
1.963000000000000078e+00 6.397850000000000481e-01
1.969999999999999973e+00 6.392029999999999657e-01
1.977000000000000091e+00 6.386260000000000270e-01
1.983999999999999986e+00 6.380550000000000388e-01
1.991000000000000103e+00 6.374889999999999723e-01
1.997999999999999998e+00 6.369280000000000497e-01
2.004999999999999893e+00 6.363729999999999665e-01
2.012000000000000011e+00 6.358219999999999983e-01
2.019000000000000128e+00 6.352769999999999806e-01
2.025999999999999801e+00 6.347359999999999669e-01
2.032999999999999918e+00 6.341999999999999860e-01
2.040000000000000036e+00 6.336699999999999555e-01
2.047000000000000153e+00 6.331430000000000113e-01
2.053999999999999826e+00 6.326220000000000176e-01
2.060999999999999943e+00 6.321050000000000280e-01
2.068000000000000060e+00 6.315929999999999600e-01
2.075000000000000178e+00 6.310850000000000071e-01
2.081999999999999851e+00 6.305809999999999471e-01
2.088999999999999968e+00 6.300820000000000309e-01
2.096000000000000085e+00 6.295870000000000077e-01
2.103000000000000203e+00 6.290959999999999885e-01
2.109999999999999876e+00 6.286089999999999733e-01
2.116999999999999993e+00 6.281259999999999621e-01
2.124000000000000110e+00 6.276479999999999837e-01
2.130999999999999783e+00 6.271729999999999805e-01
2.137999999999999901e+00 6.267019999999999813e-01
2.145000000000000018e+00 6.262349999999999861e-01
2.152000000000000135e+00 6.257719999999999949e-01
2.158999999999999808e+00 6.253130000000000077e-01
2.165999999999999925e+00 6.248569999999999958e-01
2.173000000000000043e+00 6.244049999999999878e-01
2.180000000000000160e+00 6.239559999999999551e-01
2.186999999999999833e+00 6.235110000000000374e-01
2.193999999999999950e+00 6.230689999999999840e-01
2.201000000000000068e+00 6.226310000000000455e-01
2.208000000000000185e+00 6.221959999999999713e-01
2.214999999999999858e+00 6.217650000000000121e-01
2.221999999999999975e+00 6.213370000000000282e-01
2.229000000000000092e+00 6.209120000000000195e-01
2.236000000000000210e+00 6.204899999999999860e-01
2.242999999999999883e+00 6.200710000000000388e-01
2.250000000000000000e+00 6.196559999999999846e-01
2.257000000000000117e+00 6.192429999999999879e-01
2.263999999999999790e+00 6.188339999999999952e-01
2.270999999999999908e+00 6.184269999999999490e-01
2.278000000000000025e+00 6.180240000000000178e-01
2.285000000000000142e+00 6.176230000000000331e-01
2.291999999999999815e+00 6.172250000000000236e-01
2.298999999999999932e+00 6.168310000000000182e-01
2.306000000000000050e+00 6.164380000000000415e-01
2.313000000000000167e+00 6.160489999999999577e-01
2.319999999999999840e+00 6.156620000000000426e-01
2.326999999999999957e+00 6.152779999999999916e-01
2.334000000000000075e+00 6.148970000000000269e-01
2.341000000000000192e+00 6.145180000000000087e-01
2.347999999999999865e+00 6.141419999999999657e-01
2.354999999999999982e+00 6.137690000000000090e-01
2.362000000000000099e+00 6.133979999999999988e-01
2.369000000000000217e+00 6.130290000000000461e-01
2.375999999999999890e+00 6.126629999999999576e-01
2.383000000000000007e+00 6.122990000000000377e-01
2.390000000000000124e+00 6.119379999999999820e-01
2.396999999999999797e+00 6.115789999999999837e-01
2.403999999999999915e+00 6.112229999999999608e-01
2.411000000000000032e+00 6.108689999999999953e-01
2.418000000000000149e+00 6.105169999999999764e-01
2.424999999999999822e+00 6.101670000000000149e-01
2.431999999999999940e+00 6.098200000000000287e-01
2.439000000000000057e+00 6.094749999999999890e-01
2.446000000000000174e+00 6.091320000000000068e-01
2.452999999999999847e+00 6.087909999999999711e-01
2.459999999999999964e+00 6.084530000000000216e-01
2.467000000000000082e+00 6.081159999999999899e-01
2.474000000000000199e+00 6.077820000000000444e-01
2.480999999999999872e+00 6.074500000000000455e-01
2.487999999999999989e+00 6.071199999999999930e-01
2.495000000000000107e+00 6.067919999999999980e-01
2.501999999999999780e+00 6.064659999999999496e-01
2.508999999999999897e+00 6.061419999999999586e-01
2.516000000000000014e+00 6.058200000000000252e-01
2.523000000000000131e+00 6.055000000000000382e-01
2.529999999999999805e+00 6.051819999999999977e-01
2.536999999999999922e+00 6.048649999999999860e-01
2.544000000000000039e+00 6.045509999999999495e-01
2.551000000000000156e+00 6.042389999999999706e-01
2.557999999999999829e+00 6.039290000000000491e-01
2.564999999999999947e+00 6.036200000000000454e-01
2.572000000000000064e+00 6.033140000000000169e-01
2.579000000000000181e+00 6.030090000000000172e-01
2.585999999999999854e+00 6.027059999999999640e-01
2.592999999999999972e+00 6.024049999999999683e-01
2.600000000000000089e+00 6.021050000000000013e-01
2.607000000000000206e+00 6.018080000000000096e-01
2.613999999999999879e+00 6.015120000000000466e-01
2.620999999999999996e+00 6.012180000000000302e-01
2.628000000000000114e+00 6.009259999999999602e-01
2.634999999999999787e+00 6.006350000000000300e-01
2.641999999999999904e+00 6.003469999999999640e-01
2.649000000000000021e+00 6.000600000000000378e-01
2.656000000000000139e+00 5.997740000000000293e-01
2.662999999999999812e+00 5.994909999999999961e-01
2.669999999999999929e+00 5.992089999999999916e-01
2.677000000000000046e+00 5.989290000000000447e-01
2.684000000000000163e+00 5.986500000000000155e-01
2.690999999999999837e+00 5.983730000000000437e-01
2.697999999999999954e+00 5.980980000000000185e-01
2.705000000000000071e+00 5.978240000000000220e-01
2.712000000000000188e+00 5.975519999999999721e-01
2.718999999999999861e+00 5.972819999999999796e-01
2.725999999999999979e+00 5.970130000000000159e-01
2.733000000000000096e+00 5.967459999999999987e-01
2.740000000000000213e+00 5.964800000000000102e-01
2.746999999999999886e+00 5.962169999999999970e-01
2.754000000000000004e+00 5.959539999999999837e-01
2.761000000000000121e+00 5.956930000000000280e-01
2.767999999999999794e+00 5.954340000000000188e-01
2.774999999999999911e+00 5.951760000000000383e-01
2.782000000000000028e+00 5.949200000000000044e-01
2.789000000000000146e+00 5.946649999999999991e-01
2.795999999999999819e+00 5.944120000000000514e-01
2.802999999999999936e+00 5.941610000000000502e-01
2.810000000000000053e+00 5.939109999999999667e-01
2.817000000000000171e+00 5.936620000000000230e-01
2.823999999999999844e+00 5.934150000000000258e-01
2.830999999999999961e+00 5.931689999999999463e-01
2.838000000000000078e+00 5.929250000000000353e-01
2.845000000000000195e+00 5.926829999999999599e-01
2.851999999999999869e+00 5.924409999999999954e-01
2.858999999999999986e+00 5.922020000000000062e-01
2.866000000000000103e+00 5.919640000000000457e-01
2.873000000000000220e+00 5.917270000000000030e-01
2.879999999999999893e+00 5.914909999999999890e-01
2.887000000000000011e+00 5.912579999999999503e-01
2.894000000000000128e+00 5.910250000000000226e-01
2.900999999999999801e+00 5.907940000000000413e-01
2.907999999999999918e+00 5.905639999999999779e-01
2.915000000000000036e+00 5.903359999999999719e-01
2.922000000000000153e+00 5.901089999999999947e-01
2.928999999999999826e+00 5.898839999999999639e-01
2.935999999999999943e+00 5.896599999999999620e-01
2.943000000000000060e+00 5.894369999999999887e-01
2.950000000000000178e+00 5.892159999999999620e-01
2.956999999999999851e+00 5.889959999999999640e-01
2.963999999999999968e+00 5.887780000000000236e-01
2.971000000000000085e+00 5.885610000000000008e-01
2.978000000000000203e+00 5.883450000000000069e-01
2.984999999999999876e+00 5.881309999999999594e-01
2.991999999999999993e+00 5.879170000000000229e-01
2.999000000000000110e+00 5.877059999999999507e-01
3.005999999999999783e+00 5.874949999999999894e-01
3.012999999999999901e+00 5.872859999999999747e-01
3.020000000000000018e+00 5.870790000000000175e-01
3.027000000000000135e+00 5.868719999999999493e-01
3.033999999999999808e+00 5.866670000000000496e-01
3.040999999999999925e+00 5.864629999999999566e-01
3.048000000000000043e+00 5.862610000000000321e-01
3.055000000000000160e+00 5.860589999999999966e-01
3.061999999999999833e+00 5.858590000000000186e-01
3.068999999999999950e+00 5.856609999999999872e-01
3.076000000000000068e+00 5.854629999999999557e-01
3.083000000000000185e+00 5.852669999999999817e-01
3.089999999999999858e+00 5.850720000000000365e-01
3.096999999999999975e+00 5.848780000000000090e-01
3.104000000000000092e+00 5.846860000000000390e-01
3.111000000000000210e+00 5.844949999999999868e-01
3.117999999999999883e+00 5.843049999999999633e-01
3.125000000000000000e+00 5.841159999999999686e-01
3.132000000000000117e+00 5.839280000000000026e-01
3.138999999999999790e+00 5.837419999999999831e-01
3.145999999999999908e+00 5.835569999999999924e-01
3.153000000000000025e+00 5.833730000000000304e-01
3.160000000000000142e+00 5.831899999999999862e-01
3.166999999999999815e+00 5.830089999999999995e-01
3.173999999999999932e+00 5.828280000000000127e-01
3.181000000000000050e+00 5.826489999999999725e-01
3.188000000000000167e+00 5.824709999999999610e-01
3.194999999999999840e+00 5.822939999999999783e-01
3.201999999999999957e+00 5.821180000000000243e-01
3.209000000000000075e+00 5.819429999999999881e-01
3.216000000000000192e+00 5.817700000000000093e-01
3.222999999999999865e+00 5.815970000000000306e-01
3.229999999999999982e+00 5.814259999999999984e-01
3.237000000000000099e+00 5.812559999999999949e-01
3.244000000000000217e+00 5.810870000000000202e-01
3.250999999999999890e+00 5.809180000000000454e-01
3.258000000000000007e+00 5.807510000000000172e-01
3.265000000000000124e+00 5.805850000000000177e-01
3.271999999999999797e+00 5.804209999999999647e-01
3.278999999999999915e+00 5.802570000000000228e-01
3.286000000000000032e+00 5.800939999999999985e-01
3.293000000000000149e+00 5.799320000000000030e-01
3.299999999999999822e+00 5.797719999999999541e-01
3.306999999999999940e+00 5.796120000000000161e-01
3.314000000000000057e+00 5.794529999999999959e-01
3.321000000000000174e+00 5.792950000000000044e-01
3.327999999999999847e+00 5.791389999999999594e-01
3.334999999999999964e+00 5.789830000000000254e-01
3.342000000000000082e+00 5.788280000000000092e-01
3.349000000000000199e+00 5.786740000000000217e-01
3.355999999999999872e+00 5.785219999999999807e-01
3.362999999999999989e+00 5.783700000000000507e-01
3.370000000000000107e+00 5.782190000000000385e-01
3.376999999999999780e+00 5.780690000000000550e-01
3.383999999999999897e+00 5.779199999999999893e-01
3.391000000000000014e+00 5.777719999999999523e-01
3.398000000000000131e+00 5.776240000000000263e-01
3.404999999999999805e+00 5.774780000000000468e-01
3.411999999999999922e+00 5.773329999999999851e-01
3.419000000000000039e+00 5.771880000000000344e-01
3.426000000000000156e+00 5.770440000000000014e-01
3.432999999999999829e+00 5.769020000000000259e-01
3.439999999999999947e+00 5.767600000000000504e-01
3.447000000000000064e+00 5.766179999999999639e-01
3.454000000000000181e+00 5.764780000000000459e-01
3.460999999999999854e+00 5.763390000000000457e-01
3.467999999999999972e+00 5.762000000000000455e-01
3.475000000000000089e+00 5.760619999999999630e-01
3.482000000000000206e+00 5.759250000000000203e-01
3.488999999999999879e+00 5.757889999999999953e-01
3.495999999999999996e+00 5.756529999999999703e-01
3.503000000000000114e+00 5.755190000000000028e-01
3.509999999999999787e+00 5.753850000000000353e-01
3.516999999999999904e+00 5.752509999999999568e-01
3.524000000000000021e+00 5.751190000000000468e-01
3.531000000000000139e+00 5.749870000000000259e-01
3.537999999999999812e+00 5.748560000000000336e-01
3.544999999999999929e+00 5.747259999999999591e-01
3.552000000000000046e+00 5.745970000000000244e-01
3.559000000000000163e+00 5.744679999999999787e-01
3.565999999999999837e+00 5.743399999999999617e-01
3.572999999999999954e+00 5.742119999999999447e-01
3.580000000000000071e+00 5.740849999999999564e-01
3.587000000000000188e+00 5.739589999999999970e-01
3.593999999999999861e+00 5.738339999999999552e-01
3.600999999999999979e+00 5.737090000000000245e-01
3.608000000000000096e+00 5.735850000000000115e-01
3.615000000000000213e+00 5.734609999999999985e-01
3.621999999999999886e+00 5.733380000000000143e-01
3.629000000000000004e+00 5.732159999999999478e-01
3.636000000000000121e+00 5.730939999999999923e-01
3.642999999999999794e+00 5.729729999999999546e-01
3.649999999999999911e+00 5.728529999999999456e-01
3.657000000000000028e+00 5.727330000000000476e-01
3.664000000000000146e+00 5.726130000000000386e-01
3.670999999999999819e+00 5.724949999999999761e-01
3.677999999999999936e+00 5.723759999999999959e-01
3.685000000000000053e+00 5.722589999999999621e-01
3.692000000000000171e+00 5.721410000000000107e-01
3.698999999999999844e+00 5.720250000000000057e-01
3.705999999999999961e+00 5.719090000000000007e-01
3.713000000000000078e+00 5.717929999999999957e-01
3.720000000000000195e+00 5.716780000000000195e-01
3.726999999999999869e+00 5.715639999999999610e-01
3.733999999999999986e+00 5.714489999999999847e-01
3.741000000000000103e+00 5.713359999999999550e-01
3.748000000000000220e+00 5.712230000000000363e-01
3.754999999999999893e+00 5.711100000000000065e-01
3.762000000000000011e+00 5.709980000000000055e-01
3.769000000000000128e+00 5.708860000000000046e-01
3.775999999999999801e+00 5.707750000000000323e-01
3.782999999999999918e+00 5.706639999999999491e-01
3.790000000000000036e+00 5.705529999999999768e-01
3.797000000000000153e+00 5.704430000000000334e-01
3.803999999999999826e+00 5.703340000000000076e-01
3.810999999999999943e+00 5.702249999999999819e-01
3.818000000000000060e+00 5.701159999999999561e-01
3.825000000000000178e+00 5.700070000000000414e-01
3.831999999999999851e+00 5.698990000000000444e-01
3.838999999999999968e+00 5.697919999999999652e-01
3.846000000000000085e+00 5.696849999999999969e-01
3.853000000000000203e+00 5.695780000000000287e-01
3.859999999999999876e+00 5.694709999999999495e-01
3.866999999999999993e+00 5.693650000000000100e-01
3.874000000000000110e+00 5.692589999999999595e-01
3.880999999999999783e+00 5.691540000000000488e-01
3.887999999999999901e+00 5.690479999999999983e-01
3.895000000000000018e+00 5.689440000000000053e-01
3.902000000000000135e+00 5.688389999999999835e-01
3.908999999999999808e+00 5.687349999999999905e-01
3.915999999999999925e+00 5.686309999999999976e-01
3.923000000000000043e+00 5.685270000000000046e-01
3.930000000000000160e+00 5.684240000000000403e-01
3.936999999999999833e+00 5.683209999999999651e-01
3.943999999999999950e+00 5.682180000000000009e-01
3.951000000000000068e+00 5.681159999999999544e-01
3.958000000000000185e+00 5.680140000000000189e-01
3.964999999999999858e+00 5.679119999999999724e-01
3.971999999999999975e+00 5.678100000000000369e-01
3.979000000000000092e+00 5.677090000000000192e-01
3.986000000000000210e+00 5.676080000000000014e-01
3.992999999999999883e+00 5.675069999999999837e-01
4.000000000000000000e+00 5.674059999999999659e-01
4.006999999999999673e+00 5.673059999999999770e-01
4.014000000000000234e+00 5.672059999999999880e-01
4.020999999999999908e+00 5.671059999999999990e-01
4.027999999999999581e+00 5.670060000000000100e-01
4.035000000000000142e+00 5.669070000000000498e-01
4.041999999999999815e+00 5.668069999999999498e-01
4.049000000000000377e+00 5.667079999999999895e-01
4.056000000000000050e+00 5.666099999999999470e-01
4.062999999999999723e+00 5.665109999999999868e-01
4.070000000000000284e+00 5.664120000000000266e-01
4.076999999999999957e+00 5.663139999999999841e-01
4.083999999999999631e+00 5.662160000000000526e-01
4.091000000000000192e+00 5.661180000000000101e-01
4.097999999999999865e+00 5.660199999999999676e-01
4.105000000000000426e+00 5.659229999999999539e-01
4.112000000000000099e+00 5.658260000000000511e-01
4.118999999999999773e+00 5.657280000000000086e-01
4.126000000000000334e+00 5.656309999999999949e-01
4.133000000000000007e+00 5.655339999999999812e-01
4.139999999999999680e+00 5.654379999999999962e-01
4.147000000000000242e+00 5.653409999999999824e-01
4.153999999999999915e+00 5.652449999999999974e-01
4.160999999999999588e+00 5.651490000000000125e-01
4.168000000000000149e+00 5.650519999999999987e-01
4.174999999999999822e+00 5.649560000000000137e-01
4.182000000000000384e+00 5.648609999999999465e-01
4.189000000000000057e+00 5.647649999999999615e-01
4.195999999999999730e+00 5.646689999999999765e-01
4.203000000000000291e+00 5.645740000000000203e-01
4.209999999999999964e+00 5.644789999999999530e-01
4.216999999999999638e+00 5.643829999999999680e-01
4.224000000000000199e+00 5.642880000000000118e-01
4.230999999999999872e+00 5.641929999999999445e-01
4.238000000000000433e+00 5.640979999999999883e-01
4.245000000000000107e+00 5.640039999999999498e-01
4.251999999999999780e+00 5.639089999999999936e-01
4.259000000000000341e+00 5.638149999999999551e-01
4.266000000000000014e+00 5.637199999999999989e-01
4.272999999999999687e+00 5.636259999999999604e-01
4.280000000000000249e+00 5.635320000000000329e-01
4.286999999999999922e+00 5.634379999999999944e-01
4.293999999999999595e+00 5.633439999999999559e-01
4.301000000000000156e+00 5.632500000000000284e-01
4.307999999999999829e+00 5.631559999999999899e-01
4.315000000000000391e+00 5.630619999999999514e-01
4.322000000000000064e+00 5.629680000000000240e-01
4.328999999999999737e+00 5.628750000000000142e-01
4.336000000000000298e+00 5.627809999999999757e-01
4.342999999999999972e+00 5.626879999999999660e-01
4.349999999999999645e+00 5.625949999999999562e-01
4.357000000000000206e+00 5.625010000000000288e-01
4.363999999999999879e+00 5.624080000000000190e-01
4.371000000000000441e+00 5.623150000000000093e-01
4.378000000000000114e+00 5.622219999999999995e-01
4.384999999999999787e+00 5.621289999999999898e-01
4.392000000000000348e+00 5.620359999999999800e-01
4.399000000000000021e+00 5.619429999999999703e-01
4.405999999999999694e+00 5.618509999999999893e-01
4.413000000000000256e+00 5.617579999999999796e-01
4.419999999999999929e+00 5.616649999999999698e-01
4.426999999999999602e+00 5.615729999999999889e-01
4.434000000000000163e+00 5.614799999999999791e-01
4.440999999999999837e+00 5.613879999999999981e-01
4.448000000000000398e+00 5.612960000000000171e-01
4.455000000000000071e+00 5.612030000000000074e-01
4.461999999999999744e+00 5.611110000000000264e-01
4.469000000000000306e+00 5.610190000000000454e-01
4.475999999999999979e+00 5.609269999999999534e-01
4.482999999999999652e+00 5.608349999999999724e-01
4.490000000000000213e+00 5.607429999999999914e-01
4.496999999999999886e+00 5.606510000000000105e-01
4.503999999999999559e+00 5.605590000000000295e-01
4.511000000000000121e+00 5.604670000000000485e-01
4.517999999999999794e+00 5.603749999999999565e-01
4.525000000000000355e+00 5.602829999999999755e-01
4.532000000000000028e+00 5.601909999999999945e-01
4.538999999999999702e+00 5.601000000000000423e-01
4.546000000000000263e+00 5.600079999999999503e-01
4.552999999999999936e+00 5.599159999999999693e-01
4.559999999999999609e+00 5.598250000000000171e-01
4.567000000000000171e+00 5.597330000000000361e-01
4.573999999999999844e+00 5.596419999999999728e-01
4.581000000000000405e+00 5.595499999999999918e-01
4.588000000000000078e+00 5.594590000000000396e-01
4.594999999999999751e+00 5.593669999999999476e-01
4.602000000000000313e+00 5.592759999999999954e-01
4.608999999999999986e+00 5.591850000000000431e-01
4.615999999999999659e+00 5.590929999999999511e-01
4.623000000000000220e+00 5.590019999999999989e-01
4.629999999999999893e+00 5.589110000000000467e-01
4.636999999999999567e+00 5.588199999999999834e-01
4.644000000000000128e+00 5.587280000000000024e-01
4.650999999999999801e+00 5.586370000000000502e-01
4.658000000000000362e+00 5.585459999999999869e-01
4.665000000000000036e+00 5.584550000000000347e-01
4.671999999999999709e+00 5.583639999999999715e-01
4.679000000000000270e+00 5.582730000000000192e-01
4.685999999999999943e+00 5.581819999999999560e-01
4.692999999999999616e+00 5.580910000000000037e-01
4.700000000000000178e+00 5.580000000000000515e-01
4.706999999999999851e+00 5.579089999999999883e-01
4.714000000000000412e+00 5.578180000000000360e-01
4.721000000000000085e+00 5.577269999999999728e-01
4.727999999999999758e+00 5.576360000000000205e-01
4.735000000000000320e+00 5.575449999999999573e-01
4.741999999999999993e+00 5.574540000000000051e-01
4.748999999999999666e+00 5.573630000000000528e-01
4.756000000000000227e+00 5.572719999999999896e-01
4.762999999999999901e+00 5.571810000000000374e-01
4.769999999999999574e+00 5.570899999999999741e-01
4.777000000000000135e+00 5.570000000000000506e-01
4.783999999999999808e+00 5.569089999999999874e-01
4.791000000000000369e+00 5.568180000000000351e-01
4.798000000000000043e+00 5.567269999999999719e-01
4.804999999999999716e+00 5.566360000000000197e-01
4.812000000000000277e+00 5.565449999999999564e-01
4.818999999999999950e+00 5.564540000000000042e-01
4.825999999999999623e+00 5.563630000000000519e-01
4.833000000000000185e+00 5.562719999999999887e-01
4.839999999999999858e+00 5.561810000000000365e-01
4.847000000000000419e+00 5.560899999999999732e-01
4.854000000000000092e+00 5.560000000000000497e-01
4.860999999999999766e+00 5.559089999999999865e-01
4.868000000000000327e+00 5.558180000000000343e-01
4.875000000000000000e+00 5.557269999999999710e-01
4.881999999999999673e+00 5.556360000000000188e-01
4.889000000000000234e+00 5.555449999999999555e-01
4.895999999999999908e+00 5.554529999999999745e-01
4.902999999999999581e+00 5.553620000000000223e-01
4.910000000000000142e+00 5.552709999999999591e-01
4.916999999999999815e+00 5.551800000000000068e-01
4.924000000000000377e+00 5.550890000000000546e-01
4.931000000000000050e+00 5.549979999999999913e-01
4.937999999999999723e+00 5.549070000000000391e-01
4.945000000000000284e+00 5.548149999999999471e-01
4.951999999999999957e+00 5.547239999999999949e-01
4.958999999999999631e+00 5.546330000000000426e-01
4.966000000000000192e+00 5.545409999999999506e-01
4.972999999999999865e+00 5.544499999999999984e-01
4.980000000000000426e+00 5.543580000000000174e-01
4.987000000000000099e+00 5.542669999999999542e-01
4.993999999999999773e+00 5.541749999999999732e-01
5.001000000000000334e+00 5.540840000000000209e-01
5.008000000000000007e+00 5.539920000000000400e-01
5.014999999999999680e+00 5.538999999999999480e-01
5.022000000000000242e+00 5.538079999999999670e-01
5.028999999999999915e+00 5.537159999999999860e-01
5.035999999999999588e+00 5.536240000000000050e-01
5.043000000000000149e+00 5.535320000000000240e-01
5.049999999999999822e+00 5.534400000000000430e-01
5.057000000000000384e+00 5.533479999999999510e-01
5.064000000000000057e+00 5.532559999999999700e-01
5.070999999999999730e+00 5.531639999999999890e-01
5.078000000000000291e+00 5.530709999999999793e-01
5.084999999999999964e+00 5.529789999999999983e-01
5.091999999999999638e+00 5.528859999999999886e-01
5.099000000000000199e+00 5.527940000000000076e-01
5.105999999999999872e+00 5.527009999999999978e-01
5.113000000000000433e+00 5.526079999999999881e-01
5.120000000000000107e+00 5.525149999999999784e-01
5.126999999999999780e+00 5.524219999999999686e-01
5.134000000000000341e+00 5.523289999999999589e-01
5.141000000000000014e+00 5.522359999999999491e-01
5.147999999999999687e+00 5.521430000000000504e-01
5.155000000000000249e+00 5.520490000000000119e-01
5.161999999999999922e+00 5.519560000000000022e-01
5.168999999999999595e+00 5.518619999999999637e-01
5.176000000000000156e+00 5.517680000000000362e-01
5.182999999999999829e+00 5.516739999999999977e-01
5.190000000000000391e+00 5.515799999999999592e-01
5.197000000000000064e+00 5.514860000000000317e-01
5.203999999999999737e+00 5.513919999999999932e-01
5.211000000000000298e+00 5.512970000000000370e-01
5.217999999999999972e+00 5.512029999999999985e-01
5.224999999999999645e+00 5.511080000000000423e-01
5.232000000000000206e+00 5.510129999999999750e-01
5.238999999999999879e+00 5.509180000000000188e-01
5.246000000000000441e+00 5.508229999999999515e-01
5.253000000000000114e+00 5.507279999999999953e-01
5.259999999999999787e+00 5.506330000000000391e-01
5.267000000000000348e+00 5.505370000000000541e-01
5.274000000000000021e+00 5.504409999999999581e-01
5.280999999999999694e+00 5.503449999999999731e-01
5.288000000000000256e+00 5.502489999999999881e-01
5.294999999999999929e+00 5.501530000000000031e-01
5.301999999999999602e+00 5.500570000000000181e-01
5.309000000000000163e+00 5.499600000000000044e-01
5.315999999999999837e+00 5.498629999999999907e-01
5.323000000000000398e+00 5.497659999999999769e-01
5.330000000000000071e+00 5.496689999999999632e-01
5.336999999999999744e+00 5.495719999999999494e-01
5.344000000000000306e+00 5.494750000000000467e-01
5.350999999999999979e+00 5.493770000000000042e-01
5.357999999999999652e+00 5.492789999999999617e-01
5.365000000000000213e+00 5.491810000000000302e-01
5.371999999999999886e+00 5.490829999999999878e-01
5.378999999999999559e+00 5.489840000000000275e-01
5.386000000000000121e+00 5.488859999999999850e-01
5.392999999999999794e+00 5.487870000000000248e-01
5.400000000000000355e+00 5.486879999999999535e-01
5.407000000000000028e+00 5.485879999999999646e-01
5.413999999999999702e+00 5.484890000000000043e-01
5.421000000000000263e+00 5.483890000000000153e-01
5.427999999999999936e+00 5.482890000000000263e-01
5.434999999999999609e+00 5.481890000000000374e-01
5.442000000000000171e+00 5.480880000000000196e-01
5.448999999999999844e+00 5.479880000000000306e-01
5.456000000000000405e+00 5.478870000000000129e-01
5.463000000000000078e+00 5.477859999999999951e-01
5.469999999999999751e+00 5.476839999999999486e-01
5.477000000000000313e+00 5.475830000000000419e-01
5.483999999999999986e+00 5.474809999999999954e-01
5.490999999999999659e+00 5.473789999999999489e-01
5.498000000000000220e+00 5.472759999999999847e-01
5.504999999999999893e+00 5.471740000000000492e-01
5.511999999999999567e+00 5.470709999999999740e-01
5.519000000000000128e+00 5.469680000000000097e-01
5.525999999999999801e+00 5.468650000000000455e-01
5.533000000000000362e+00 5.467610000000000525e-01
5.540000000000000036e+00 5.466569999999999485e-01
5.546999999999999709e+00 5.465529999999999555e-01
5.554000000000000270e+00 5.464489999999999625e-01
5.560999999999999943e+00 5.463440000000000518e-01
5.567999999999999616e+00 5.462390000000000301e-01
5.575000000000000178e+00 5.461340000000000083e-01
5.581999999999999851e+00 5.460279999999999578e-01
5.589000000000000412e+00 5.459230000000000471e-01
5.596000000000000085e+00 5.458169999999999966e-01
5.602999999999999758e+00 5.457100000000000284e-01
5.610000000000000320e+00 5.456039999999999779e-01
5.616999999999999993e+00 5.454970000000000097e-01
5.623999999999999666e+00 5.453900000000000414e-01
5.631000000000000227e+00 5.452820000000000444e-01
5.637999999999999901e+00 5.451749999999999652e-01
5.644999999999999574e+00 5.450669999999999682e-01
5.652000000000000135e+00 5.449589999999999712e-01
5.658999999999999808e+00 5.448499999999999455e-01
5.666000000000000369e+00 5.447410000000000307e-01
5.673000000000000043e+00 5.446320000000000050e-01
5.679999999999999716e+00 5.445229999999999793e-01
5.687000000000000277e+00 5.444130000000000358e-01
5.693999999999999950e+00 5.443040000000000100e-01
5.700999999999999623e+00 5.441930000000000378e-01
5.708000000000000185e+00 5.440829999999999833e-01
5.714999999999999858e+00 5.439720000000000111e-01
5.722000000000000419e+00 5.438610000000000388e-01
5.729000000000000092e+00 5.437499999999999556e-01
5.735999999999999766e+00 5.436389999999999834e-01
5.743000000000000327e+00 5.435269999999999824e-01
5.750000000000000000e+00 5.434149999999999814e-01
5.756999999999999673e+00 5.433029999999999804e-01
5.764000000000000234e+00 5.431899999999999507e-01
5.770999999999999908e+00 5.430770000000000319e-01
5.777999999999999581e+00 5.429640000000000022e-01
5.785000000000000142e+00 5.428509999999999724e-01
5.791999999999999815e+00 5.427370000000000250e-01
5.799000000000000377e+00 5.426229999999999665e-01
5.806000000000000050e+00 5.425090000000000190e-01
5.812999999999999723e+00 5.423949999999999605e-01
5.820000000000000284e+00 5.422799999999999843e-01
5.826999999999999957e+00 5.421650000000000080e-01
5.833999999999999631e+00 5.420500000000000318e-01
5.841000000000000192e+00 5.419349999999999445e-01
5.847999999999999865e+00 5.418199999999999683e-01
5.855000000000000426e+00 5.417039999999999633e-01
5.862000000000000099e+00 5.415879999999999583e-01
5.868999999999999773e+00 5.414719999999999533e-01
5.876000000000000334e+00 5.413550000000000306e-01
5.883000000000000007e+00 5.412390000000000256e-01
5.889999999999999680e+00 5.411219999999999919e-01
5.897000000000000242e+00 5.410049999999999581e-01
5.903999999999999915e+00 5.408880000000000354e-01
5.910999999999999588e+00 5.407710000000000017e-01
5.918000000000000149e+00 5.406539999999999679e-01
5.924999999999999822e+00 5.405360000000000165e-01
5.932000000000000384e+00 5.404189999999999827e-01
5.939000000000000057e+00 5.403010000000000312e-01
5.945999999999999730e+00 5.401829999999999687e-01
5.953000000000000291e+00 5.400650000000000173e-01
5.959999999999999964e+00 5.399469999999999548e-01
5.966999999999999638e+00 5.398290000000000033e-01
5.974000000000000199e+00 5.397110000000000518e-01
5.980999999999999872e+00 5.395919999999999606e-01
5.988000000000000433e+00 5.394740000000000091e-01
5.995000000000000107e+00 5.393559999999999466e-01
6.001999999999999780e+00 5.392369999999999663e-01
6.009000000000000341e+00 5.391190000000000149e-01
6.016000000000000014e+00 5.390000000000000346e-01
6.022999999999999687e+00 5.388819999999999721e-01
6.030000000000000249e+00 5.387640000000000207e-01
6.036999999999999922e+00 5.386450000000000404e-01
6.043999999999999595e+00 5.385269999999999779e-01
6.051000000000000156e+00 5.384090000000000265e-01
6.057999999999999829e+00 5.382909999999999640e-01
6.065000000000000391e+00 5.381730000000000125e-01
6.072000000000000064e+00 5.380549999999999500e-01
6.078999999999999737e+00 5.379380000000000273e-01
6.086000000000000298e+00 5.378199999999999648e-01
6.092999999999999972e+00 5.377030000000000420e-01
6.099999999999999645e+00 5.375860000000000083e-01
6.107000000000000206e+00 5.374689999999999745e-01
6.113999999999999879e+00 5.373529999999999696e-01
6.121000000000000441e+00 5.372360000000000468e-01
6.128000000000000114e+00 5.371209999999999596e-01
6.134999999999999787e+00 5.370049999999999546e-01
6.142000000000000348e+00 5.368899999999999784e-01
6.149000000000000021e+00 5.367750000000000021e-01
6.155999999999999694e+00 5.366610000000000547e-01
6.163000000000000256e+00 5.365469999999999962e-01
6.169999999999999929e+00 5.364339999999999664e-01
6.176999999999999602e+00 5.363210000000000477e-01
6.184000000000000163e+00 5.362090000000000467e-01
6.190999999999999837e+00 5.360970000000000457e-01
6.198000000000000398e+00 5.359859999999999625e-01
6.205000000000000071e+00 5.358760000000000190e-01
6.211999999999999744e+00 5.357659999999999645e-01
6.219000000000000306e+00 5.356570000000000498e-01
6.225999999999999979e+00 5.355490000000000528e-01
6.232999999999999652e+00 5.354419999999999735e-01
6.240000000000000213e+00 5.353360000000000340e-01
6.246999999999999886e+00 5.352299999999999836e-01
6.253999999999999559e+00 5.351259999999999906e-01
6.261000000000000121e+00 5.350219999999999976e-01
6.267999999999999794e+00 5.349199999999999511e-01
6.275000000000000355e+00 5.348180000000000156e-01
6.282000000000000028e+00 5.347180000000000266e-01
6.288999999999999702e+00 5.346189999999999554e-01
6.296000000000000263e+00 5.345220000000000526e-01
6.302999999999999936e+00 5.344250000000000389e-01
6.309999999999999609e+00 5.343299999999999716e-01
6.317000000000000171e+00 5.342369999999999619e-01
6.323999999999999844e+00 5.341449999999999809e-01
6.331000000000000405e+00 5.340549999999999464e-01
6.338000000000000078e+00 5.339660000000000517e-01
6.344999999999999751e+00 5.338789999999999925e-01
6.352000000000000313e+00 5.337939999999999907e-01
6.358999999999999986e+00 5.337110000000000465e-01
6.365999999999999659e+00 5.336290000000000200e-01
6.373000000000000220e+00 5.335499999999999687e-01
6.379999999999999893e+00 5.334729999999999750e-01
6.386999999999999567e+00 5.333980000000000388e-01
6.394000000000000128e+00 5.333250000000000490e-01
6.400999999999999801e+00 5.332550000000000345e-01
6.408000000000000362e+00 5.331879999999999953e-01
6.415000000000000036e+00 5.331219999999999848e-01
6.421999999999999709e+00 5.330599999999999783e-01
6.429000000000000270e+00 5.330000000000000293e-01
6.435999999999999943e+00 5.329439999999999733e-01
6.442999999999999616e+00 5.328899999999999748e-01
6.450000000000000178e+00 5.328399999999999803e-01
6.456999999999999851e+00 5.327920000000000433e-01
6.464000000000000412e+00 5.327479999999999993e-01
6.471000000000000085e+00 5.327079999999999593e-01
6.477999999999999758e+00 5.326710000000000056e-01
6.485000000000000320e+00 5.326389999999999736e-01
6.491999999999999993e+00 5.326100000000000279e-01
6.498999999999999666e+00 5.325849999999999751e-01
6.506000000000000227e+00 5.325640000000000374e-01
6.512999999999999901e+00 5.325480000000000214e-01
6.519999999999999574e+00 5.325360000000000094e-01
6.527000000000000135e+00 5.325299999999999478e-01
6.533999999999999808e+00 5.325280000000000014e-01
6.541000000000000369e+00 5.325309999999999766e-01
6.548000000000000043e+00 5.325389999999999846e-01
6.554999999999999716e+00 5.325539999999999718e-01
6.562000000000000277e+00 5.325729999999999631e-01
6.568999999999999950e+00 5.325990000000000446e-01
6.575999999999999623e+00 5.326309999999999656e-01
6.583000000000000185e+00 5.326689999999999481e-01
6.589999999999999858e+00 5.327140000000000208e-01
6.597000000000000419e+00 5.327650000000000441e-01
6.604000000000000092e+00 5.328239999999999643e-01
6.610999999999999766e+00 5.328899999999999748e-01
6.618000000000000327e+00 5.329639999999999933e-01
6.625000000000000000e+00 5.330460000000000198e-01
6.631999999999999673e+00 5.331360000000000543e-01
6.639000000000000234e+00 5.332350000000000145e-01
6.645999999999999908e+00 5.333419999999999828e-01
6.652999999999999581e+00 5.334590000000000165e-01
6.660000000000000142e+00 5.335849999999999760e-01
6.666999999999999815e+00 5.337210000000000010e-01
6.674000000000000377e+00 5.338669999999999805e-01
6.681000000000000050e+00 5.340240000000000542e-01
6.687999999999999723e+00 5.341920000000000002e-01
6.695000000000000284e+00 5.343710000000000404e-01
6.701999999999999957e+00 5.345619999999999816e-01
6.708999999999999631e+00 5.347659999999999636e-01
6.716000000000000192e+00 5.349819999999999576e-01
6.722999999999999865e+00 5.352120000000000211e-01
6.730000000000000426e+00 5.354550000000000143e-01
6.737000000000000099e+00 5.357129999999999947e-01
6.743999999999999773e+00 5.359859999999999625e-01
6.751000000000000334e+00 5.362729999999999997e-01
6.758000000000000007e+00 5.365769999999999706e-01
6.764999999999999680e+00 5.368979999999999864e-01
6.772000000000000242e+00 5.372350000000000181e-01
6.778999999999999915e+00 5.375910000000000410e-01
6.785999999999999588e+00 5.379650000000000265e-01
6.793000000000000149e+00 5.383580000000000032e-01
6.799999999999999822e+00 5.387709999999999999e-01
6.807000000000000384e+00 5.392050000000000454e-01
6.814000000000000057e+00 5.396600000000000286e-01
6.820999999999999730e+00 5.401380000000000070e-01
6.828000000000000291e+00 5.406389999999999807e-01
6.834999999999999964e+00 5.411639999999999784e-01
6.841999999999999638e+00 5.417140000000000288e-01
6.849000000000000199e+00 5.422900000000000498e-01
6.855999999999999872e+00 5.428929999999999589e-01
6.863000000000000433e+00 5.435240000000000071e-01
6.870000000000000107e+00 5.441840000000000011e-01
6.876999999999999780e+00 5.448749999999999982e-01
6.884000000000000341e+00 5.455959999999999699e-01
6.891000000000000014e+00 5.463510000000000311e-01
6.897999999999999687e+00 5.471390000000000420e-01
6.905000000000000249e+00 5.479629999999999779e-01
6.911999999999999922e+00 5.488229999999999498e-01
6.918999999999999595e+00 5.497220000000000439e-01
6.926000000000000156e+00 5.506600000000000383e-01
6.932999999999999829e+00 5.516389999999999905e-01
