# Energy/B2 CrossSection/a^2
1.000000000000000021e-02 1.451000482357109149e+02
1.700000000000000122e-02 8.535296955041819444e+01
2.400000000000000050e-02 6.045835343154622876e+01
3.099999999999999978e-02 4.680646717280998814e+01
3.799999999999999906e-02 3.818422321992392909e+01
4.499999999999999833e-02 3.224445516349131680e+01
5.199999999999999761e-02 2.790385542994441082e+01
5.899999999999999689e-02 2.459322851452727932e+01
6.600000000000000311e-02 2.198485579328953676e+01
7.299999999999999545e-02 1.987671893639875975e+01
8.000000000000000167e-02 1.813750602946386437e+01
8.699999999999999400e-02 1.667819982022442815e+01
9.400000000000000022e-02 1.543620621659069059e+01
1.010000000000000064e-01 1.436634140947632865e+01
1.079999999999999988e-01 1.343518965145471533e+01
1.150000000000000050e-01 1.261739549875747279e+01
1.219999999999999973e-01 1.189344657669761673e+01
1.290000000000000036e-01 1.124806575470627301e+01
1.360000000000000098e-01 1.066912119380227431e+01
1.429999999999999882e-01 1.014685651997978688e+01
1.499999999999999944e-01 9.673336549047396815e+00
1.570000000000000007e-01 9.242041288898786178e+00
1.640000000000000069e-01 8.847563916811642670e+00
1.710000000000000131e-01 8.485382937760872935e+00
1.779999999999999916e-01 8.151688103129828278e+00
1.849999999999999978e-01 7.843245850578970391e+00
1.920000000000000040e-01 7.557294178943278595e+00
1.990000000000000102e-01 7.291459710337232281e+00
2.059999999999999887e-01 7.043691661927716119e+00
2.129999999999999949e-01 6.812208837357321300e+00
2.200000000000000011e-01 6.595456737986860496e+00
2.270000000000000073e-01 6.392072609502683633e+00
2.340000000000000135e-01 6.200856762209868478e+00
2.409999999999999920e-01 6.020748889448587882e+00
2.479999999999999982e-01 5.850808396601248518e+00
2.550000000000000044e-01 5.690197970027880636e+00
2.620000000000000107e-01 5.538169779988966646e+00
2.690000000000000169e-01 5.394053837758770342e+00
2.760000000000000231e-01 5.257248124482280183e+00
2.829999999999999738e-01 5.127210185007454513e+00
2.899999999999999800e-01 5.003449939162446292e+00
2.969999999999999862e-01 4.885523509619897453e+00
3.039999999999999925e-01 4.773037448551069595e+00
3.109999999999999987e-01 4.665605737490434279e+00
3.180000000000000049e-01 4.562903724401022210e+00
3.250000000000000111e-01 4.464625798029307369e+00
3.320000000000000173e-01 4.370492121564834243e+00
3.390000000000000235e-01 4.280245971562020912e+00
3.459999999999999742e-01 4.193651399883020936e+00
3.529999999999999805e-01 4.110491173823016986e+00
3.599999999999999867e-01 4.030564956554236744e+00
3.669999999999999929e-01 3.953687695802519997e+00
3.739999999999999991e-01 3.879688193474665425e+00
3.810000000000000053e-01 3.808407832964632256e+00
3.880000000000000115e-01 3.739699444225579761e+00
3.950000000000000178e-01 3.673426289517784937e+00
4.020000000000000240e-01 3.609461155123196097e+00
4.089999999999999747e-01 3.547685536331357969e+00
4.159999999999999809e-01 3.487988904710396909e+00
4.229999999999999871e-01 3.430268048131264624e+00
4.299999999999999933e-01 3.374426475254709512e+00
4.369999999999999996e-01 3.320373877252917438e+00
4.440000000000000058e-01 3.268025640449380376e+00
4.510000000000000120e-01 3.217302404344844824e+00
4.580000000000000182e-01 3.168129660173635287e+00
4.650000000000000244e-01 3.120431144853998084e+00
4.719999999999999751e-01 3.074153564315909914e+00
4.789999999999999813e-01 3.029228564419852887e+00
4.859999999999999876e-01 2.985597700323270320e+00
4.929999999999999938e-01 2.943205846566144590e+00
5.000000000000000000e-01 2.902000964714218423e+00
5.070000000000000062e-01 2.861933890250708767e+00
5.140000000000000124e-01 2.822958136881535740e+00
5.210000000000000187e-01 2.785029716616332696e+00
5.280000000000000249e-01 2.748106974161192095e+00
5.350000000000000311e-01 2.712150434312354363e+00
5.420000000000000373e-01 2.677122661175478147e+00
5.490000000000000435e-01 2.642988128155026484e+00
5.560000000000000497e-01 2.609713097764585044e+00
5.629999999999999449e-01 2.577265510403391691e+00
5.699999999999999512e-01 2.545614881328262413e+00
5.769999999999999574e-01 2.514732205124972975e+00
5.839999999999999636e-01 2.484589867049844969e+00
5.909999999999999698e-01 2.455161560671928367e+00
5.979999999999999760e-01 2.426422211299513965e+00
6.049999999999999822e-01 2.398347904722494928e+00
6.119999999999999885e-01 2.370915820844949895e+00
6.189999999999999947e-01 2.344104171820855509e+00
6.260000000000000009e-01 2.317892144340430782e+00
6.330000000000000071e-01 2.292259845745828528e+00
6.400000000000000133e-01 2.267188253682983046e+00
6.470000000000000195e-01 2.242659169021807397e+00
6.540000000000000258e-01 2.218655171799861492e+00
6.610000000000000320e-01 2.195159579965369367e+00
6.680000000000000382e-01 2.172156410714235264e+00
6.750000000000000444e-01 2.149630344232754453e+00
6.820000000000000506e-01 2.127566689673181077e+00
6.889999999999999458e-01 2.105951353203352028e+00
6.959999999999999520e-01 2.084770807984352547e+00
7.029999999999999583e-01 2.064012065941834617e+00
7.099999999999999645e-01 2.043662651207196479e+00
7.169999999999999707e-01 2.023710575114518573e+00
7.239999999999999769e-01 2.004144312647941462e+00
7.309999999999999831e-01 1.984952780242283943e+00
7.379999999999999893e-01 1.966125314847031680e+00
7.449999999999999956e-01 1.947651654170616808e+00
7.520000000000000018e-01 1.929521918028070715e+00
7.590000000000000080e-01 1.911726590720829178e+00
7.660000000000000142e-01 1.894256504382649808e+00
7.730000000000000204e-01 1.877102823230413220e+00
7.800000000000000266e-01 1.860257028662960499e+00
7.870000000000000329e-01 1.843710905155158120e+00
7.940000000000000391e-01 1.827456526898122657e+00
8.010000000000000453e-01 1.811486245139961593e+00
8.080000000000000515e-01 1.795792676184541081e+00
8.149999999999999467e-01 1.780368690008723220e+00
8.219999999999999529e-01 1.765207399461203641e+00
8.289999999999999591e-01 1.750302150008575808e+00
8.359999999999999654e-01 1.735646509996542353e+00
8.429999999999999716e-01 1.721234261396333620e+00
8.499999999999999778e-01 1.707062805128852778e+00
8.569999999999999840e-01 1.693119468330834376e+00
8.639999999999999902e-01 1.679402065230931385e+00
8.709999999999999964e-01 1.665905148518398438e+00
8.780000000000000027e-01 1.652623444600825886e+00
8.850000000000000089e-01 1.639551846733926732e+00
8.920000000000000151e-01 1.626685408474803918e+00
8.990000000000000213e-01 1.614019337441073620e+00
9.060000000000000275e-01 1.601548989359299124e+00
9.130000000000000338e-01 1.589269862387212573e+00
9.200000000000000400e-01 1.577177591695135606e+00
9.270000000000000462e-01 1.565267944292906943e+00
9.340000000000000524e-01 1.553536814089426787e+00
9.409999999999999476e-01 1.541980217172715273e+00
9.479999999999999538e-01 1.530594287299076983e+00
9.549999999999999600e-01 1.519375271580654552e+00
9.619999999999999662e-01 1.508319526361252549e+00
9.689999999999999725e-01 1.497423513270923712e+00
9.759999999999999787e-01 1.486683795450332912e+00
9.829999999999999849e-01 1.476097033936444536e+00
9.899999999999999911e-01 1.465659984201540533e+00
9.969999999999999973e-01 1.455372403575569296e+00
1.004000000000000004e+00 1.445225384825540749e+00
1.010999999999999899e+00 1.303038577906658002e+00
1.018000000000000016e+00 1.239204379372371934e+00
1.024999999999999911e+00 1.191451344219647268e+00
1.032000000000000028e+00 1.151909646616926519e+00
1.038999999999999924e+00 1.117620249745198135e+00
1.046000000000000041e+00 1.087085788941606124e+00
1.052999999999999936e+00 1.059419604451774299e+00
1.060000000000000053e+00 1.034046734802439804e+00
1.066999999999999948e+00 1.010557423301981395e+00
1.074000000000000066e+00 9.886611301364300886e-01
1.080999999999999961e+00 9.681317250012707598e-01
1.088000000000000078e+00 9.487936375574883563e-01
1.094999999999999973e+00 9.305071360358905252e-01
1.102000000000000091e+00 9.131570839446548904e-01
1.108999999999999986e+00 8.966491257452547936e-01
1.116000000000000103e+00 8.809019272758750185e-01
1.122999999999999998e+00 8.658505812322634387e-01
1.129999999999999893e+00 8.514330736362106800e-01
1.137000000000000011e+00 8.376024997706448261e-01
1.143999999999999906e+00 8.243098474312826607e-01
1.151000000000000023e+00 8.115182587691537330e-01
1.157999999999999918e+00 7.991943646717561966e-01
1.165000000000000036e+00 7.873041354486768340e-01
1.171999999999999931e+00 7.758207508130628982e-01
1.179000000000000048e+00 7.647203489915956887e-01
1.185999999999999943e+00 7.539799564280055266e-01
1.193000000000000060e+00 7.435774432497143094e-01
1.199999999999999956e+00 7.334952485268897426e-01
1.207000000000000073e+00 7.237164297634059995e-01
1.213999999999999968e+00 7.142246342504406931e-01
1.221000000000000085e+00 7.050040719996352179e-01
1.227999999999999980e+00 6.960449315048651275e-01
1.235000000000000098e+00 6.873305271656977578e-01
1.241999999999999993e+00 6.788518589066269149e-01
1.249000000000000110e+00 6.705966787005188667e-01
1.256000000000000005e+00 6.625566337570841791e-01
1.262999999999999901e+00 6.547218940998127401e-01
1.270000000000000018e+00 6.470829368677029070e-01
1.276999999999999913e+00 6.396322390124046242e-01
1.284000000000000030e+00 6.323608124513911966e-01
1.290999999999999925e+00 6.252632957933207392e-01
1.298000000000000043e+00 6.183311542539422501e-01
1.304999999999999938e+00 6.115594070372886160e-01
1.312000000000000055e+00 6.049415765116287202e-01
1.318999999999999950e+00 5.984713717755228979e-01
1.326000000000000068e+00 5.921459016979484513e-01
1.332999999999999963e+00 5.859559582583659942e-01
1.340000000000000080e+00 5.798989420281648322e-01
1.346999999999999975e+00 5.739707443209088877e-01
1.354000000000000092e+00 5.681658056451956984e-01
1.360999999999999988e+00 5.624818175563476297e-01
1.368000000000000105e+00 5.569119152190481481e-01
1.375000000000000000e+00 5.514540018635866181e-01
1.381999999999999895e+00 5.461060296525954705e-01
1.389000000000000012e+00 5.408614884345663842e-01
1.395999999999999908e+00 5.357200152179893982e-01
1.403000000000000025e+00 5.306753195974990289e-01
1.409999999999999920e+00 5.257271647068996190e-01
1.417000000000000037e+00 5.208723889021257270e-01
1.423999999999999932e+00 5.161064594917538217e-01
1.431000000000000050e+00 5.114278416157255203e-01
1.437999999999999945e+00 5.068350340838955193e-01
1.445000000000000062e+00 5.023237276843077748e-01
1.451999999999999957e+00 4.978939550161538552e-01
1.459000000000000075e+00 4.935415364947686734e-01
1.465999999999999970e+00 4.892637893628126733e-01
1.473000000000000087e+00 4.850608603840708688e-01
1.479999999999999982e+00 4.809301390075783611e-01
1.487000000000000099e+00 4.768677126410704736e-01
1.493999999999999995e+00 4.728751862579866350e-01
1.500999999999999890e+00 4.689473842743976939e-01
1.508000000000000007e+00 4.650859483823525098e-01
1.514999999999999902e+00 4.612858259852138931e-01
1.522000000000000020e+00 4.575486922522968847e-01
1.528999999999999915e+00 4.538696121197040578e-01
1.536000000000000032e+00 4.502502912190849971e-01
1.542999999999999927e+00 4.466884993478646426e-01
1.550000000000000044e+00 4.431807688334207240e-01
1.556999999999999940e+00 4.397288341648984411e-01
1.564000000000000057e+00 4.363292934080328922e-01
1.570999999999999952e+00 4.329813527656548033e-01
1.578000000000000069e+00 4.296854909118605903e-01
1.584999999999999964e+00 4.264371729295982072e-01
1.592000000000000082e+00 4.232381792478275284e-01
1.598999999999999977e+00 4.200865402659856862e-01
1.606000000000000094e+00 4.169815570122014647e-01
1.612999999999999989e+00 4.139213232957694166e-01
1.620000000000000107e+00 4.109051874903956181e-01
1.627000000000000002e+00 4.079325100883191002e-01
1.633999999999999897e+00 4.050026634407323800e-01
1.641000000000000014e+00 4.021138389336543773e-01
1.647999999999999909e+00 3.992654521518907429e-01
1.655000000000000027e+00 3.964569293251352655e-01
1.661999999999999922e+00 3.936865345740562239e-01
1.669000000000000039e+00 3.909549003349333529e-01
1.675999999999999934e+00 3.882614832236049307e-01
1.683000000000000052e+00 3.856034433038202924e-01
1.689999999999999947e+00 3.829814412641386889e-01
1.697000000000000064e+00 3.803949807494926283e-01
1.703999999999999959e+00 3.778424397308853822e-01
1.711000000000000076e+00 3.753233575269827593e-01
1.717999999999999972e+00 3.728384037797304318e-01
1.725000000000000089e+00 3.703848830875914877e-01
1.731999999999999984e+00 3.679634866743065058e-01
1.739000000000000101e+00 3.655737849574721143e-01
1.745999999999999996e+00 3.632142569302922452e-01
1.752999999999999892e+00 3.608845047893974867e-01
1.760000000000000009e+00 3.585841374607828813e-01
1.766999999999999904e+00 3.563127704665151052e-01
1.774000000000000021e+00 3.540700257945951224e-01
1.780999999999999917e+00 3.518555317718915498e-01
1.788000000000000034e+00 3.496678575510675513e-01
1.794999999999999929e+00 3.475066598739966484e-01
1.802000000000000046e+00 3.453716011254002183e-01
1.808999999999999941e+00 3.432633986643822133e-01
1.816000000000000059e+00 3.411796217463758385e-01
1.822999999999999954e+00 3.391210037416250711e-01
1.830000000000000071e+00 3.370872285387883638e-01
1.836999999999999966e+00 3.350779851480819582e-01
1.844000000000000083e+00 3.330909197671164113e-01
1.850999999999999979e+00 3.311288179701051271e-01
1.858000000000000096e+00 3.291883263674254545e-01
1.864999999999999991e+00 3.272701916972757252e-01
1.872000000000000108e+00 3.253741411538927930e-01
1.879000000000000004e+00 3.235009058503608981e-01
1.885999999999999899e+00 3.216472226060160811e-01
1.893000000000000016e+00 3.198158301344409815e-01
1.899999999999999911e+00 3.180044870940650359e-01
1.907000000000000028e+00 3.162129551138455064e-01
1.913999999999999924e+00 3.144419759522275593e-01
1.921000000000000041e+00 3.126903329945775467e-01
1.927999999999999936e+00 3.109577987495459883e-01
1.935000000000000053e+00 3.092441491796197317e-01
1.941999999999999948e+00 3.075491636388751338e-01
1.949000000000000066e+00 3.058726248120718361e-01
1.955999999999999961e+00 3.042143186550548273e-01
1.963000000000000078e+00 3.025730884933036102e-01
1.969999999999999973e+00 3.009496809291756225e-01
1.977000000000000091e+00 2.993429538268324031e-01
1.983999999999999986e+00 2.977536512690260317e-01
1.991000000000000103e+00 2.961806452953008040e-01
1.997999999999999998e+00 2.946246774135596880e-01
2.004999999999999893e+00 2.930837123959375567e-01
2.012000000000000011e+00 2.915594182114512600e-01
2.019000000000000128e+00 2.900506941032670594e-01
2.025999999999999801e+00 2.885564577731522529e-01
2.032999999999999918e+00 2.870783609105028167e-01
2.040000000000000036e+00 2.856144207837298943e-01
2.047000000000000153e+00 2.841653807415726596e-01
2.053999999999999826e+00 2.827310772988483878e-01
2.060999999999999943e+00 2.813104592395347936e-01
2.068000000000000060e+00 2.799042652109746121e-01
2.075000000000000178e+00 2.785114558683632335e-01
2.081999999999999851e+00 2.771318877107388778e-01
2.088999999999999968e+00 2.757662945431088031e-01
2.096000000000000085e+00 2.744136542769589626e-01
2.103000000000000203e+00 2.730746975007624644e-01
2.109999999999999876e+00 2.717475487557967639e-01
2.116999999999999993e+00 2.704338070206378508e-01
2.124000000000000110e+00 2.691316147218696941e-01
2.130999999999999783e+00 2.678425603840665081e-01
2.137999999999999901e+00 2.665648039684591630e-01
2.145000000000000018e+00 2.652990763928589901e-01
2.152000000000000135e+00 2.640452527183932419e-01
2.158999999999999808e+00 2.628032096910367099e-01
2.165999999999999925e+00 2.615719885118931720e-01
2.173000000000000043e+00 2.603523130177630707e-01
2.180000000000000160e+00 2.591440647683534437e-01
2.186999999999999833e+00 2.579462995246600276e-01
2.193999999999999950e+00 2.567589116505685221e-01
2.201000000000000068e+00 2.555826178438630469e-01
2.208000000000000185e+00 2.544173056822915946e-01
2.214999999999999858e+00 2.532612349617474612e-01
2.221999999999999975e+00 2.521159379666405020e-01
2.229000000000000092e+00 2.509804981029745696e-01
2.236000000000000210e+00 2.498556231572200970e-01
2.242999999999999883e+00 2.487396031329716373e-01
2.250000000000000000e+00 2.476339506206743923e-01
2.257000000000000117e+00 2.465377665209988189e-01
2.263999999999999790e+00 2.454501650102110244e-01
2.270999999999999908e+00 2.443726441406575411e-01
2.278000000000000025e+00 2.433035300980387894e-01
2.285000000000000142e+00 2.422443113751056309e-01
2.291999999999999815e+00 2.411933281914545035e-01
2.298999999999999932e+00 2.401520595860931473e-01
2.306000000000000050e+00 2.391188595701984609e-01
2.313000000000000167e+00 2.380936519371621984e-01
2.319999999999999840e+00 2.370779016771505654e-01
2.326999999999999957e+00 2.360699829896987789e-01
2.334000000000000075e+00 2.350705871070865316e-01
2.341000000000000192e+00 2.340788715183009794e-01
2.347999999999999865e+00 2.330955237910775912e-01
2.354999999999999982e+00 2.321204651375335659e-01
2.362000000000000099e+00 2.311528640797936573e-01
2.369000000000000217e+00 2.301926517831741903e-01
2.375999999999999890e+00 2.292405085562987388e-01
2.383000000000000007e+00 2.282963592797148389e-01
2.390000000000000124e+00 2.273586436357629414e-01
2.396999999999999797e+00 2.264295252922558788e-01
2.403999999999999915e+00 2.255067103648399629e-01
2.411000000000000032e+00 2.245916132498428364e-01
2.418000000000000149e+00 2.236834303503464905e-01
2.424999999999999822e+00 2.227828294742933701e-01
2.431999999999999940e+00 2.218890137074575331e-01
2.439000000000000057e+00 2.210019221522338262e-01
2.446000000000000174e+00 2.201214946223646329e-01
2.452999999999999847e+00 2.192476716327907693e-01
2.459999999999999964e+00 2.183811121895861129e-01
2.467000000000000082e+00 2.175203201473586423e-01
2.474000000000000199e+00 2.166666712655396232e-01
2.480999999999999872e+00 2.158193910137946314e-01
2.487999999999999989e+00 2.149784233141420753e-01
2.495000000000000107e+00 2.141437127318903122e-01
2.501999999999999780e+00 2.133152044666383751e-01
2.508999999999999897e+00 2.124928443434276892e-01
2.516000000000000014e+00 2.116765788040417817e-01
2.523000000000000131e+00 2.108663548984504033e-01
2.529999999999999805e+00 2.100621202763962303e-01
2.536999999999999922e+00 2.092638231791198178e-01
2.544000000000000039e+00 2.084714124312225803e-01
2.551000000000000156e+00 2.076841500309958566e-01
2.557999999999999829e+00 2.069033629819884423e-01
2.564999999999999947e+00 2.061276292130550525e-01
2.572000000000000064e+00 2.053582679064896721e-01
2.579000000000000181e+00 2.045938669641518270e-01
2.585999999999999854e+00 2.038350614544881811e-01
2.592999999999999972e+00 2.030818040269688207e-01
2.600000000000000089e+00 2.023340478543865784e-01
2.607000000000000206e+00 2.015910766960697376e-01
2.613999999999999879e+00 2.008535189243614294e-01
2.620999999999999996e+00 2.001213291996690180e-01
2.628000000000000114e+00 1.993944626787209629e-01
2.634999999999999787e+00 1.986728750079751193e-01
2.641999999999999904e+00 1.979558628670679554e-01
2.649000000000000021e+00 1.972440464255449666e-01
2.656000000000000139e+00 1.965373827214588753e-01
2.662999999999999812e+00 1.958351759407430115e-01
2.669999999999999929e+00 1.951380413994233676e-01
2.677000000000000046e+00 1.944459374735877377e-01
2.684000000000000163e+00 1.937581756905628616e-01
2.690999999999999837e+00 1.930753665749262993e-01
2.697999999999999954e+00 1.923974697897096464e-01
2.705000000000000071e+00 1.917238040437646007e-01
2.712000000000000188e+00 1.910549751320026468e-01
2.718999999999999861e+00 1.903909439556436822e-01
2.725999999999999979e+00 1.897310362500221892e-01
2.733000000000000096e+00 1.890758531418327004e-01
2.740000000000000213e+00 1.884253567239396743e-01
2.746999999999999886e+00 1.877788796077455025e-01
2.754000000000000004e+00 1.871363903104175941e-01
2.761000000000000121e+00 1.864984838063764583e-01
2.767999999999999794e+00 1.858651236855091704e-01
2.774999999999999911e+00 1.852356514813027488e-01
2.782000000000000028e+00 1.846106576404159538e-01
2.789000000000000146e+00 1.839894880642477248e-01
2.795999999999999819e+00 1.833727302031546436e-01
2.802999999999999936e+00 1.827603494330717615e-01
2.810000000000000053e+00 1.821510847340720718e-01
2.817000000000000171e+00 1.815467476598150720e-01
2.823999999999999844e+00 1.809460796192685628e-01
2.830999999999999961e+00 1.803490526364202040e-01
2.838000000000000078e+00 1.797562453305875663e-01
2.845000000000000195e+00 1.791670204838535507e-01
2.851999999999999869e+00 1.785819538233371639e-01
2.858999999999999986e+00 1.780010133384737347e-01
2.866000000000000103e+00 1.774229685032910897e-01
2.873000000000000220e+00 1.768495913085279536e-01
2.879999999999999893e+00 1.762790574854913583e-01
2.887000000000000011e+00 1.757125350481191783e-01
2.894000000000000128e+00 1.751499934803407432e-01
2.900999999999999801e+00 1.745908115542706140e-01
2.907999999999999918e+00 1.740349643168267735e-01
2.915000000000000036e+00 1.734830147804924394e-01
2.922000000000000153e+00 1.729343474839264705e-01
2.928999999999999826e+00 1.723895226856568264e-01
2.935999999999999943e+00 1.718479287155385005e-01
2.943000000000000060e+00 1.713095418571136397e-01
2.950000000000000178e+00 1.707749182701127633e-01
2.956999999999999851e+00 1.702434518662016838e-01
2.963999999999999968e+00 1.697156961118943264e-01
2.971000000000000085e+00 1.691904736781032481e-01
2.978000000000000203e+00 1.686694867456892677e-01
2.984999999999999876e+00 1.681509882427721925e-01
2.991999999999999993e+00 1.676361012056686306e-01
2.999000000000000110e+00 1.671247991090235308e-01
3.005999999999999783e+00 1.666159213069021150e-01
3.012999999999999901e+00 1.661105822397849208e-01
3.020000000000000018e+00 1.656081919364938981e-01
3.027000000000000135e+00 1.651092919975610807e-01
3.033999999999999808e+00 1.646132959192897760e-01
3.040999999999999925e+00 1.641201830618231605e-01
3.048000000000000043e+00 1.636299329777657907e-01
3.055000000000000160e+00 1.631430821367778894e-01
3.061999999999999833e+00 1.626590508175036198e-01
3.068999999999999950e+00 1.621783729704868449e-01
3.076000000000000068e+00 1.616999198503569768e-01
3.083000000000000185e+00 1.612247781524784873e-01
3.089999999999999858e+00 1.607523747727671870e-01
3.096999999999999975e+00 1.602832386662310094e-01
3.104000000000000092e+00 1.598162533335754365e-01
3.111000000000000210e+00 1.593524947484849519e-01
3.117999999999999883e+00 1.588913962654955048e-01
3.125000000000000000e+00 1.584329394793960732e-01
3.132000000000000117e+00 1.579776472184244995e-01
3.138999999999999790e+00 1.575249575860173112e-01
3.145999999999999908e+00 1.570743143784285867e-01
3.153000000000000025e+00 1.566267778663125720e-01
3.160000000000000142e+00 1.561823263900444514e-01
3.166999999999999815e+00 1.557398700026767779e-01
3.173999999999999932e+00 1.553004613047292981e-01
3.181000000000000050e+00 1.548635476253463483e-01
3.188000000000000167e+00 1.544291120405114348e-01
3.194999999999999840e+00 1.539971377772499372e-01
3.201999999999999957e+00 1.535676082119779295e-01
3.209000000000000075e+00 1.531405068688730109e-01
3.216000000000000192e+00 1.527163424047685292e-01
3.222999999999999865e+00 1.522940473655739202e-01
3.229999999999999982e+00 1.518746544001382814e-01
3.237000000000000099e+00 1.514576226407236548e-01
3.244000000000000217e+00 1.510429363458543894e-01
3.250999999999999890e+00 1.506305799123100753e-01
3.258000000000000007e+00 1.502205378736398977e-01
3.265000000000000124e+00 1.498127948986969771e-01
3.271999999999999797e+00 1.494073357901907484e-01
3.278999999999999915e+00 1.490041454832581325e-01
3.286000000000000032e+00 1.486037213677723623e-01
3.293000000000000149e+00 1.482050227602520476e-01
3.299999999999999822e+00 1.478085485463720428e-01
3.306999999999999940e+00 1.474147928244217420e-01
3.314000000000000057e+00 1.470227226623971040e-01
3.321000000000000174e+00 1.466328336279836553e-01
3.327999999999999847e+00 1.462456165700699862e-01
3.334999999999999964e+00 1.458600461873905685e-01
3.342000000000000082e+00 1.454766147724731173e-01
3.349000000000000199e+00 1.450958099664187706e-01
3.355999999999999872e+00 1.447166139804553497e-01
3.362999999999999989e+00 1.443395158741932194e-01
3.370000000000000107e+00 1.439645021821170101e-01
3.376999999999999780e+00 1.435915595529373978e-01
3.383999999999999897e+00 1.432211703718409279e-01
3.391000000000000014e+00 1.428518346421652763e-01
3.398000000000000131e+00 1.424850262185630434e-01
3.404999999999999805e+00 1.421202365715474036e-01
3.411999999999999922e+00 1.417574529035261210e-01
3.419000000000000039e+00 1.413961725949440529e-01
3.426000000000000156e+00 1.410373640426000885e-01
3.432999999999999829e+00 1.406800360212059064e-01
3.439999999999999947e+00 1.403246660691979675e-01
3.447000000000000064e+00 1.399712418988739993e-01
3.454000000000000181e+00 1.396197513246632271e-01
3.460999999999999854e+00 1.392696989900532034e-01
3.467999999999999972e+00 1.389220405456700336e-01
3.475000000000000089e+00 1.385757986434244526e-01
3.482000000000000206e+00 1.382314447525058165e-01
3.488999999999999879e+00 1.378889671672791639e-01
3.495999999999999996e+00 1.375478764131746190e-01
3.503000000000000114e+00 1.372091177723575584e-01
3.509999999999999787e+00 1.368717251512842070e-01
3.516999999999999904e+00 1.365361650735945898e-01
3.524000000000000021e+00 1.362019526617910814e-01
3.531000000000000139e+00 1.358700250622826011e-01
3.537999999999999812e+00 1.355394249889560476e-01
3.544999999999999929e+00 1.352106150788934535e-01
3.552000000000000046e+00 1.348831149612174374e-01
3.559000000000000163e+00 1.345578537865423085e-01
3.565999999999999837e+00 1.342338829099123942e-01
3.572999999999999954e+00 1.339111947477119591e-01
3.580000000000000071e+00 1.335907125397580442e-01
3.587000000000000188e+00 1.332714940126177583e-01
3.593999999999999861e+00 1.329535317825134566e-01
3.600999999999999979e+00 1.326372808877491483e-01
3.608000000000000096e+00 1.323227310660485823e-01
3.615000000000000213e+00 1.320098721370304706e-01
3.621999999999999886e+00 1.316982346131418125e-01
3.629000000000000004e+00 1.313882698302542562e-01
3.636000000000000121e+00 1.310795104104972575e-01
3.642999999999999794e+00 1.307724058541656909e-01
3.649999999999999911e+00 1.304669463515175099e-01
3.657000000000000028e+00 1.301626676587820941e-01
3.664000000000000146e+00 1.298600165563560949e-01
3.670999999999999819e+00 1.295585308613584341e-01
3.677999999999999936e+00 1.292586555544991411e-01
3.685000000000000053e+00 1.289599304950638792e-01
3.692000000000000171e+00 1.286627988779174836e-01
3.698999999999999844e+00 1.283672513813809701e-01
3.705999999999999961e+00 1.280728308989504127e-01
3.713000000000000078e+00 1.277795310564549536e-01
3.720000000000000195e+00 1.274877915188332156e-01
3.726999999999999869e+00 1.271976032258242961e-01
3.733999999999999986e+00 1.269085130448953658e-01
3.741000000000000103e+00 1.266205148118246526e-01
3.748000000000000220e+00 1.263340447154315260e-01
3.754999999999999893e+00 1.260490939475539529e-01
3.762000000000000011e+00 1.257652132789454646e-01
3.769000000000000128e+00 1.254823967472593893e-01
3.775999999999999801e+00 1.252010771179963289e-01
3.782999999999999918e+00 1.249208080386575853e-01
3.790000000000000036e+00 1.246420205822022786e-01
3.797000000000000153e+00 1.243642702968298513e-01
3.803999999999999826e+00 1.240875514568326315e-01
3.810999999999999943e+00 1.238122926145463765e-01
3.818000000000000060e+00 1.235380521333039744e-01
3.825000000000000178e+00 1.232652569040829510e-01
3.831999999999999851e+00 1.229934671503704197e-01
3.838999999999999968e+00 1.227231081143270452e-01
3.846000000000000085e+00 1.224533119858206009e-01
3.853000000000000203e+00 1.221853629865799762e-01
3.859999999999999876e+00 1.219179661121766456e-01
3.866999999999999993e+00 1.216519732102938622e-01
3.874000000000000110e+00 1.213869499799416218e-01
3.880999999999999783e+00 1.211233167780025877e-01
3.887999999999999901e+00 1.208606411016262677e-01
3.895000000000000018e+00 1.205989177882871577e-01
3.902000000000000135e+00 1.203385647921912938e-01
3.908999999999999808e+00 1.200791522744755480e-01
3.915999999999999925e+00 1.198206751917165191e-01
3.923000000000000043e+00 1.195631285364876367e-01
3.930000000000000160e+00 1.193069270959715711e-01
3.936999999999999833e+00 1.190516445295970865e-01
3.943999999999999950e+00 1.187976940628555911e-01
3.951000000000000068e+00 1.185442337852463252e-01
3.958000000000000185e+00 1.182920942994510199e-01
3.964999999999999858e+00 1.180408527065230778e-01
3.971999999999999975e+00 1.177909191318222554e-01
3.979000000000000092e+00 1.175418723812877014e-01
3.986000000000000210e+00 1.172932945144321559e-01
3.992999999999999883e+00 1.170464206967619797e-01
4.000000000000000000e+00 1.168000065164129381e-01
4.006999999999999673e+00 1.165548715506651012e-01
4.014000000000000234e+00 1.163105987945660391e-01
4.020999999999999908e+00 1.160671837451556360e-01
4.027999999999999581e+00 1.158246219307753760e-01
4.035000000000000142e+00 1.155833166563165065e-01
4.041999999999999815e+00 1.153428542112376054e-01
4.049000000000000377e+00 1.151032302242329525e-01
4.056000000000000050e+00 1.148644403541734110e-01
4.062999999999999723e+00 1.146268849432755810e-01
4.070000000000000284e+00 1.143897496365753608e-01
4.076999999999999957e+00 1.141538387282054895e-01
4.083999999999999631e+00 1.139187433495942314e-01
4.091000000000000192e+00 1.136844593144485938e-01
4.097999999999999865e+00 1.134513833154695006e-01
4.105000000000000426e+00 1.132187087697195393e-01
4.112000000000000099e+00 1.129872325297742730e-01
4.118999999999999773e+00 1.127565496795561867e-01
4.126000000000000334e+00 1.125266561809692006e-01
4.133000000000000007e+00 1.122975480232744627e-01
4.139999999999999680e+00 1.120692212228586448e-01
4.147000000000000242e+00 1.118420674618870181e-01
4.153999999999999915e+00 1.116156857032010175e-01
4.160999999999999588e+00 1.113896778767920481e-01
4.168000000000000149e+00 1.111648291891211698e-01
4.174999999999999822e+00 1.109411336096042255e-01
4.182000000000000384e+00 1.107178011588026978e-01
4.189000000000000057e+00 1.104952214888921258e-01
4.195999999999999730e+00 1.102737813870033057e-01
4.203000000000000291e+00 1.100526952847517698e-01
4.209999999999999964e+00 1.098327398625929263e-01
4.216999999999999638e+00 1.096135208801942568e-01
4.224000000000000199e+00 1.093950346762786185e-01
4.230999999999999872e+00 1.091772776137984874e-01
4.238000000000000433e+00 1.089602460797358258e-01
4.245000000000000107e+00 1.087443220767461971e-01
4.251999999999999780e+00 1.085287301559628714e-01
4.259000000000000341e+00 1.083142372646091062e-01
4.266000000000000014e+00 1.081000707976474268e-01
4.272999999999999687e+00 1.078869949605732181e-01
4.280000000000000249e+00 1.076746220916764141e-01
4.286999999999999922e+00 1.074629487474460660e-01
4.293999999999999595e+00 1.072519715068254165e-01
4.301000000000000156e+00 1.070416869710289903e-01
4.307999999999999829e+00 1.068324711457608739e-01
4.315000000000000391e+00 1.066235612327689347e-01
4.322000000000000064e+00 1.064157119901987664e-01
4.328999999999999737e+00 1.062081633764085098e-01
4.336000000000000298e+00 1.060016674878718063e-01
4.342999999999999972e+00 1.057954670213259035e-01
4.349999999999999645e+00 1.055903114283349570e-01
4.357000000000000206e+00 1.053858208061285023e-01
4.363999999999999879e+00 1.051819919548013793e-01
4.371000000000000441e+00 1.049788216949464198e-01
4.378000000000000114e+00 1.047763068674908010e-01
4.384999999999999787e+00 1.045744443335336338e-01
4.392000000000000348e+00 1.043732309741852160e-01
4.399000000000000021e+00 1.041730344258140067e-01
4.405999999999999694e+00 1.039731094880070178e-01
4.413000000000000256e+00 1.037741939262971785e-01
4.419999999999999929e+00 1.035755451788867021e-01
4.426999999999999602e+00 1.033778984583976351e-01
4.434000000000000163e+00 1.031805138245788511e-01
4.440999999999999837e+00 1.029841239529128427e-01
4.448000000000000398e+00 1.027883577369886198e-01
4.455000000000000071e+00 1.025932122370148414e-01
4.461999999999999744e+00 1.023986845316479377e-01
4.469000000000000306e+00 1.022044073888021404e-01
4.475999999999999979e+00 1.020111072111092865e-01
4.482999999999999652e+00 1.018184161712758495e-01
4.490000000000000213e+00 1.016266938669982273e-01
4.496999999999999886e+00 1.014352119501478466e-01
4.503999999999999559e+00 1.012443306792503855e-01
4.511000000000000121e+00 1.010540472581265281e-01
4.517999999999999794e+00 1.008643589079260688e-01
4.525000000000000355e+00 1.006756222158410596e-01
4.532000000000000028e+00 1.004871151256333112e-01
4.538999999999999702e+00 1.002995529978108202e-01
4.546000000000000263e+00 1.001122162643732494e-01
4.552999999999999936e+00 9.992581787229430634e-02
4.559999999999999609e+00 9.973964072618900223e-02
4.567000000000000171e+00 9.955439537402209493e-02
4.573999999999999844e+00 9.936936717754984993e-02
4.581000000000000405e+00 9.918526430012492012e-02
4.588000000000000078e+00 9.900172843921126176e-02
4.594999999999999751e+00 9.881875700343864533e-02
4.602000000000000313e+00 9.863599471467776603e-02
4.608999999999999986e+00 9.845414501099332416e-02
4.615999999999999659e+00 9.827285205066280116e-02
4.623000000000000220e+00 9.809211330467673684e-02
4.629999999999999893e+00 9.791192625932006177e-02
4.636999999999999567e+00 9.773228841605631489e-02
4.644000000000000128e+00 9.755319729141344320e-02
4.650999999999999801e+00 9.737465041687062839e-02
4.658000000000000362e+00 9.719664533874544654e-02
4.665000000000000036e+00 9.701917961808306790e-02
4.671999999999999709e+00 9.684225083054549821e-02
4.679000000000000270e+00 9.666585656630255485e-02
4.685999999999999943e+00 9.648999442992335640e-02
4.692999999999999616e+00 9.631466204026888078e-02
4.700000000000000178e+00 9.614020159206088101e-02
4.706999999999999851e+00 9.596592104055774730e-02
4.714000000000000412e+00 9.579216317874292286e-02
4.721000000000000085e+00 9.561892568158295025e-02
4.727999999999999758e+00 9.544654853613135370e-02
4.735000000000000320e+00 9.527434428634547203e-02
4.741999999999999993e+00 9.510265350998159395e-02
4.748999999999999666e+00 9.493147393646864107e-02
4.756000000000000227e+00 9.476114337021378231e-02
4.762999999999999901e+00 9.459097888884142324e-02
4.769999999999999574e+00 9.442131888004957896e-02
4.777000000000000135e+00 9.425249952758373018e-02
4.783999999999999808e+00 9.408384127349703197e-02
4.791000000000000369e+00 9.391568087936180698e-02
4.798000000000000043e+00 9.374835292193352265e-02
4.804999999999999716e+00 9.358118117771231648e-02
4.812000000000000277e+00 9.341450079589526390e-02
4.818999999999999950e+00 9.324864475975230826e-02
4.825999999999999623e+00 9.308294015065160520e-02
4.833000000000000185e+00 9.291772051899710450e-02
4.839999999999999858e+00 9.275331726791218034e-02
4.847000000000000419e+00 9.258906075445039185e-02
4.854000000000000092e+00 9.242528294363766550e-02
4.860999999999999766e+00 9.226231367162784913e-02
4.868000000000000327e+00 9.209948654236584098e-02
4.875000000000000000e+00 9.193713194875098582e-02
4.881999999999999673e+00 9.177557817298445664e-02
4.889000000000000234e+00 9.161416203749073173e-02
4.895999999999999908e+00 9.145321237613236731e-02
4.902999999999999581e+00 9.129272719095780919e-02
4.910000000000000142e+00 9.113270449540893103e-02
4.916999999999999815e+00 9.097347000987728027e-02
4.924000000000000377e+00 9.081436585958899133e-02
4.931000000000000050e+00 9.065571830828152156e-02
4.937999999999999723e+00 9.049752541416078433e-02
4.945000000000000284e+00 9.033978524642787000e-02
4.951999999999999957e+00 9.018249588520105275e-02
4.958999999999999631e+00 9.002565542143887989e-02
4.966000000000000192e+00 8.986926195686369134e-02
4.972999999999999865e+00 8.971331360388594411e-02
4.980000000000000426e+00 8.955780848552900852e-02
4.987000000000000099e+00 8.940242216895701033e-02
4.993999999999999773e+00 8.924779843600727514e-02
5.001000000000000334e+00 8.909361236827076369e-02
5.008000000000000007e+00 8.893986213048997447e-02
5.014999999999999680e+00 8.878622534343773298e-02
5.022000000000000242e+00 8.863334180010636054e-02
5.028999999999999915e+00 8.848056908452350822e-02
5.035999999999999588e+00 8.832854501109702050e-02
5.043000000000000149e+00 8.817662917705877679e-02
5.049999999999999822e+00 8.802513935969633052e-02
5.057000000000000384e+00 8.787439136619663860e-02
5.064000000000000057e+00 8.772374779295097347e-02
5.070999999999999730e+00 8.757352495970956163e-02
5.078000000000000291e+00 8.742372112650781402e-02
5.084999999999999964e+00 8.727433456296215808e-02
5.091999999999999638e+00 8.712536354820393791e-02
5.099000000000000199e+00 8.697649172453268684e-02
5.105999999999999872e+00 8.682834716612619630e-02
5.113000000000000433e+00 8.668061304901716890e-02
5.120000000000000107e+00 8.653297449101747529e-02
5.126999999999999780e+00 8.638605669503617024e-02
5.134000000000000341e+00 8.623923207611249031e-02
5.141000000000000014e+00 8.609281217301673061e-02
5.147999999999999687e+00 8.594679533481021372e-02
5.155000000000000249e+00 8.580117991952149192e-02
5.161999999999999922e+00 8.565596429408559032e-02
5.168999999999999595e+00 8.551114683428376329e-02
5.176000000000000156e+00 8.536672592468352860e-02
5.182999999999999829e+00 8.522239103545363459e-02
5.190000000000000391e+00 8.507875888346901061e-02
5.197000000000000064e+00 8.493521049974438186e-02
5.203999999999999737e+00 8.479205322275544521e-02
5.211000000000000298e+00 8.464959253073470191e-02
5.217999999999999972e+00 8.450721228307384036e-02
5.224999999999999645e+00 8.436491231308054783e-02
5.232000000000000206e+00 8.422330378597393807e-02
5.238999999999999879e+00 8.408207856893799848e-02
5.246000000000000441e+00 8.394093038233484128e-02
5.253000000000000114e+00 8.380016336176468461e-02
5.259999999999999787e+00 8.365977598546195382e-02
5.267000000000000348e+00 8.351976673975096410e-02
5.274000000000000021e+00 8.338013411899236615e-02
5.280999999999999694e+00 8.324087662552955014e-02
5.288000000000000256e+00 8.310199276963621540e-02
5.294999999999999929e+00 8.296317950936242525e-02
5.301999999999999602e+00 8.282473783160178293e-02
5.309000000000000163e+00 8.268666626654208596e-02
5.315999999999999837e+00 8.254896335211289737e-02
5.323000000000000398e+00 8.241162763393448942e-02
5.330000000000000071e+00 8.227435834727993280e-02
5.336999999999999744e+00 8.213745426110137526e-02
5.344000000000000306e+00 8.200121236878851749e-02
5.350999999999999979e+00 8.186503394275125578e-02
5.357999999999999652e+00 8.172891889185292247e-02
5.365000000000000213e+00 8.159346133136102797e-02
5.371999999999999886e+00 8.145806520753468005e-02
5.378999999999999559e+00 8.132332288648984331e-02
5.386000000000000121e+00 8.118864008833857893e-02
5.392999999999999794e+00 8.105401673950550501e-02
5.400000000000000355e+00 8.092004259473084549e-02
5.407000000000000028e+00 8.078612601620734079e-02
5.413999999999999702e+00 8.065256098452730504e-02
5.421000000000000263e+00 8.051934613786021488e-02
5.427999999999999936e+00 8.038648012140031662e-02
5.434999999999999609e+00 8.025396158732167606e-02
5.442000000000000171e+00 8.012149687412808974e-02
5.448999999999999844e+00 7.998937782545909037e-02
5.456000000000000405e+00 7.985760311086101404e-02
5.463000000000000078e+00 7.972617140669935321e-02
5.469999999999999751e+00 7.959479078459223700e-02
5.477000000000000313e+00 7.946375139528069620e-02
5.483999999999999986e+00 7.933305193207458583e-02
5.490999999999999659e+00 7.920269109494691706e-02
5.498000000000000220e+00 7.907237867275425380e-02
5.504999999999999893e+00 7.894269163476569373e-02
5.511999999999999567e+00 7.881305128422831652e-02
5.519000000000000128e+00 7.868345760439554581e-02
5.525999999999999801e+00 7.855448505768736212e-02
5.533000000000000362e+00 7.842555748138864413e-02
5.540000000000000036e+00 7.829696127212899814e-02
5.546999999999999709e+00 7.816869517540903090e-02
5.554000000000000270e+00 7.804047236740102589e-02
5.560999999999999943e+00 7.791257800883637230e-02
5.567999999999999616e+00 7.778501086095103434e-02
5.575000000000000178e+00 7.765776969120251338e-02
5.581999999999999851e+00 7.753085327323094855e-02
5.589000000000000412e+00 7.740397687004918481e-02
5.596000000000000085e+00 7.727742360200061389e-02
5.602999999999999758e+00 7.715090955890324675e-02
5.610000000000000320e+00 7.702499934090134559e-02
5.616999999999999993e+00 7.689912675633785166e-02
5.623999999999999666e+00 7.677357330816600434e-02
5.631000000000000227e+00 7.664805673136587671e-02
5.637999999999999901e+00 7.652313839490508529e-02
5.644999999999999574e+00 7.639825537275012068e-02
5.652000000000000135e+00 7.627368756420438434e-02
5.658999999999999808e+00 7.614915433489911900e-02
5.666000000000000369e+00 7.602493478617089462e-02
5.673000000000000043e+00 7.590102775685417247e-02
5.679999999999999716e+00 7.577743209150748782e-02
5.687000000000000277e+00 7.565414664037813097e-02
5.693999999999999950e+00 7.553089278827070097e-02
5.700999999999999623e+00 7.540794765965090629e-02
5.708000000000000185e+00 7.528503343950838922e-02
5.714999999999999858e+00 7.516270275024239389e-02
5.722000000000000419e+00 7.504040150155230626e-02
5.729000000000000092e+00 7.491840525053956867e-02
5.735999999999999766e+00 7.479643777458266918e-02
5.743000000000000327e+00 7.467504856540281566e-02
5.750000000000000000e+00 7.455368669474068954e-02
5.756999999999999673e+00 7.443262616535756271e-02
5.764000000000000234e+00 7.431159233331101344e-02
5.770999999999999908e+00 7.419113158579777878e-02
5.777999999999999581e+00 7.407069612967397132e-02
5.785000000000000142e+00 7.395055842620115727e-02
5.791999999999999815e+00 7.383044539661093308e-02
5.799000000000000377e+00 7.371090034935544322e-02
5.806000000000000050e+00 7.359137859987659180e-02
5.812999999999999723e+00 7.347215108059609867e-02
5.820000000000000284e+00 7.335294626461526246e-02
5.826999999999999957e+00 7.323430440705494537e-02
5.833999999999999631e+00 7.311568390580147625e-02
5.841000000000000192e+00 7.299735417691952111e-02
5.847999999999999865e+00 7.287931417625387320e-02
5.855000000000000426e+00 7.276129429870319132e-02
5.862000000000000099e+00 7.264383101908734874e-02
5.868999999999999773e+00 7.252638655209747709e-02
5.876000000000000334e+00 7.240922843662228603e-02
5.883000000000000007e+00 7.229235565049943468e-02
5.889999999999999680e+00 7.217576717642552875e-02
5.897000000000000242e+00 7.205919568834530387e-02
5.903999999999999915e+00 7.194290723721596947e-02
5.910999999999999588e+00 7.182716638642021312e-02
5.918000000000000149e+00 7.171144062630929739e-02
5.924999999999999822e+00 7.159599490163583158e-02
5.932000000000000384e+00 7.148056376250444544e-02
5.939000000000000057e+00 7.136567550768682655e-02
5.945999999999999730e+00 7.125106432735502093e-02
5.953000000000000291e+00 7.113646588860113307e-02
5.959999999999999964e+00 7.102240629537340255e-02
5.966999999999999638e+00 7.090835823299199148e-02
5.974000000000000199e+00 7.079458409065821078e-02
5.980999999999999872e+00 7.068108290660635173e-02
5.988000000000000433e+00 7.056811525671202734e-02
5.995000000000000107e+00 7.045515675987658322e-02
6.001999999999999780e+00 7.034246836374873080e-02
6.009000000000000341e+00 7.023004912439191616e-02
6.016000000000000014e+00 7.011789810226283504e-02
6.022999999999999687e+00 7.000627409416330937e-02
6.030000000000000249e+00 6.989465634748524836e-02
6.036999999999999922e+00 6.978330402634050356e-02
6.043999999999999595e+00 6.967247486998501271e-02
6.051000000000000156e+00 6.956165028215492707e-02
6.057999999999999829e+00 6.945134631887968368e-02
6.065000000000000391e+00 6.934104581275371548e-02
6.072000000000000064e+00 6.923126341108153115e-02
6.078999999999999737e+00 6.912199715793453103e-02
6.086000000000000298e+00 6.901273201821189751e-02
6.092999999999999972e+00 6.890372434792652045e-02
6.099999999999999645e+00 6.879522910610846864e-02
6.107000000000000206e+00 6.868698886876858922e-02
6.113999999999999879e+00 6.857900276003280060e-02
6.121000000000000441e+00 6.847152471258417805e-02
6.128000000000000114e+00 6.836429836341700872e-02
6.134999999999999787e+00 6.825732285097239893e-02
6.142000000000000348e+00 6.815085108985467766e-02
6.149000000000000021e+00 6.804462776918357436e-02
6.155999999999999694e+00 6.793890513049112567e-02
6.163000000000000256e+00 6.783342856021368217e-02
6.169999999999999929e+00 6.772844963072367774e-02
6.176999999999999602e+00 6.762371442157802393e-02
6.184000000000000163e+00 6.751922210513641720e-02
6.190999999999999837e+00 6.741547465412961460e-02
6.198000000000000398e+00 6.731196711002623845e-02
6.205000000000000071e+00 6.720869866089324018e-02
6.211999999999999744e+00 6.710616929169960221e-02
6.219000000000000306e+00 6.700387607561382464e-02
6.225999999999999979e+00 6.690206795062507428e-02
6.232999999999999652e+00 6.680074313432533828e-02
6.240000000000000213e+00 6.669965077667761033e-02
6.246999999999999886e+00 6.659928759499994522e-02
6.253999999999999559e+00 6.649940242974014537e-02
6.261000000000000121e+00 6.639974543645471572e-02
6.267999999999999794e+00 6.630081140115023919e-02
6.275000000000000355e+00 6.620235017314572701e-02
6.282000000000000028e+00 6.610436003470032684e-02
6.288999999999999702e+00 6.600683927710539189e-02
6.296000000000000263e+00 6.591003269487216709e-02
6.302999999999999936e+00 6.581369146844485984e-02
6.309999999999999609e+00 6.571781391940255401e-02
6.317000000000000171e+00 6.562264392523188550e-02
6.323999999999999844e+00 6.552817888581506656e-02
6.331000000000000405e+00 6.543417129460772641e-02
6.338000000000000078e+00 6.534061951504610555e-02
6.344999999999999751e+00 6.524801052739374885e-02
6.352000000000000313e+00 6.515585287358112432e-02
6.358999999999999986e+00 6.506438864112726317e-02
6.365999999999999659e+00 6.497361532104360682e-02
6.373000000000000220e+00 6.488377350655533116e-02
6.379999999999999893e+00 6.479437424928369271e-02
6.386999999999999567e+00 6.470590096365208543e-02
6.394000000000000128e+00 6.461810812504353851e-02
6.400999999999999801e+00 6.453099331067600752e-02
6.408000000000000362e+00 6.444479571329385370e-02
6.415000000000000036e+00 6.435951206567545879e-02
6.421999999999999709e+00 6.427489810890592292e-02
6.429000000000000270e+00 6.419119222250700696e-02
6.435999999999999943e+00 6.410839121222694503e-02
6.442999999999999616e+00 6.402649190985669481e-02
6.450000000000000178e+00 6.394549117308856445e-02
6.456999999999999851e+00 6.386562548247659565e-02
6.464000000000000412e+00 6.378665159380274285e-02
6.471000000000000085e+00 6.370856644746589192e-02
6.477999999999999758e+00 6.363184454916767652e-02
6.485000000000000320e+00 6.355600426341138920e-02
6.491999999999999993e+00 6.348128084798196347e-02
6.498999999999999666e+00 6.340767055465644508e-02
6.506000000000000227e+00 6.333516967275353016e-02
6.512999999999999901e+00 6.326401196746050948e-02
6.519999999999999574e+00 6.319419302580207842e-02
6.527000000000000135e+00 6.312547156273283500e-02
6.533999999999999808e+00 6.305808070021005907e-02
6.541000000000000369e+00 6.299225259332424942e-02
6.548000000000000043e+00 6.292774611265103402e-02
6.554999999999999716e+00 6.286455710383641315e-02
6.562000000000000277e+00 6.280291715016815546e-02
6.568999999999999950e+00 6.274282148246834723e-02
6.575999999999999623e+00 6.268426539952641485e-02
6.583000000000000185e+00 6.262747924936389043e-02
6.589999999999999858e+00 6.257222302662926450e-02
6.597000000000000419e+00 6.251872676949195295e-02
6.604000000000000092e+00 6.246721969635166127e-02
6.610999999999999766e+00 6.241722797181647325e-02
6.618000000000000327e+00 6.236944895919455112e-02
6.625000000000000000e+00 6.232340923325938725e-02
6.631999999999999673e+00 6.227957098879519093e-02
6.639000000000000234e+00 6.223769511199436777e-02
6.645999999999999908e+00 6.219800953309075064e-02
6.652999999999999581e+00 6.216074151529467351e-02
6.660000000000000142e+00 6.212565233551613914e-02
6.666999999999999815e+00 6.209296915665643568e-02
6.674000000000000377e+00 6.206268623439208099e-02
6.681000000000000050e+00 6.203503012474409495e-02
6.687999999999999723e+00 6.200999488501896667e-02
6.695000000000000284e+00 6.198780656955012874e-02
6.701999999999999957e+00 6.196822746845694757e-02
6.708999999999999631e+00 6.195171520843950619e-02
6.716000000000000192e+00 6.193826370512748453e-02
6.722999999999999865e+00 6.192786711833880853e-02
6.730000000000000426e+00 6.192075093697387012e-02
6.737000000000000099e+00 6.191690942238464029e-02
6.743999999999999773e+00 6.191656795115484113e-02
6.751000000000000334e+00 6.191972099410833485e-02
6.758000000000000007e+00 6.192682457091463338e-02
6.764999999999999680e+00 6.193764265898736576e-02
6.772000000000000242e+00 6.195240085198867180e-02
6.778999999999999915e+00 6.197155509835393372e-02
6.785999999999999588e+00 6.199487032486904192e-02
6.793000000000000149e+00 6.202257261250664760e-02
6.799999999999999822e+00 6.205488823712346919e-02
6.807000000000000384e+00 6.209204375159169814e-02
6.814000000000000057e+00 6.213426607168331950e-02
6.820999999999999730e+00 6.218155254285546302e-02
6.828000000000000291e+00 6.223413114021197207e-02
6.834999999999999964e+00 6.229223041899312890e-02
6.841999999999999638e+00 6.235630960291735359e-02
6.849000000000000199e+00 6.242613872910496992e-02
6.855999999999999872e+00 6.250240870561402096e-02
6.863000000000000433e+00 6.258512145535065352e-02
6.870000000000000107e+00 6.267450999425175362e-02
6.876999999999999780e+00 6.277080855431040052e-02
6.884000000000000341e+00 6.287448294142521099e-02
6.891000000000000014e+00 6.298577043625269711e-02
6.897999999999999687e+00 6.310467955699933240e-02
6.905000000000000249e+00 6.323191178453006767e-02
6.911999999999999922e+00 6.336771013929295981e-02
6.918999999999999595e+00 6.351231980479989103e-02
6.926000000000000156e+00 6.366598827382113912e-02
6.932999999999999829e+00 6.382942781806878740e-02
