3.509999999999999787e+00 7.849799999999999833e-02
3.514279999999999848e+00 9.980200000000000182e-02
3.528280000000000083e+00 1.122029999999999972e-01
3.542279999999999873e+00 1.213319999999999954e-01
3.556280000000000108e+00 1.286450000000000093e-01
3.570279999999999898e+00 1.347279999999999867e-01
3.584280000000000133e+00 1.399050000000000016e-01
3.598279999999999923e+00 1.444030000000000036e-01
3.612280000000000157e+00 1.483919999999999961e-01
3.626279999999999948e+00 1.520060000000000022e-01
3.640279999999999738e+00 1.553440000000000099e-01
3.654279999999999973e+00 1.584740000000000038e-01
3.668280000000000207e+00 1.614379999999999982e-01
3.682279999999999998e+00 1.642579999999999874e-01
3.696279999999999788e+00 1.669440000000000091e-01
3.710280000000000022e+00 1.694960000000000078e-01
3.724280000000000257e+00 1.719100000000000072e-01
3.738280000000000047e+00 1.741830000000000045e-01
3.752279999999999838e+00 1.763099999999999945e-01
3.766280000000000072e+00 1.782930000000000070e-01
3.780279999999999863e+00 1.801319999999999866e-01
3.794280000000000097e+00 1.818319999999999936e-01
3.808279999999999887e+00 1.834010000000000085e-01
3.822280000000000122e+00 1.848450000000000093e-01
3.836279999999999912e+00 1.861740000000000061e-01
3.850279999999999703e+00 1.873980000000000090e-01
3.864279999999999937e+00 1.885259999999999991e-01
3.878280000000000172e+00 1.895670000000000133e-01
3.892279999999999962e+00 1.905310000000000059e-01
3.906279999999999752e+00 1.914260000000000128e-01
3.920279999999999987e+00 1.922619999999999885e-01
3.934280000000000221e+00 1.930459999999999954e-01
3.948280000000000012e+00 1.937850000000000128e-01
3.962279999999999802e+00 1.944869999999999932e-01
3.976280000000000037e+00 1.951600000000000001e-01
3.990280000000000271e+00 1.958090000000000108e-01
4.004279999999999617e+00 1.964400000000000035e-01
4.018279999999999852e+00 1.970590000000000119e-01
4.032280000000000086e+00 1.976700000000000124e-01
4.046279999999999433e+00 1.982780000000000098e-01
4.060279999999999667e+00 1.988860000000000072e-01
4.074279999999999902e+00 1.994970000000000077e-01
4.088280000000000136e+00 2.001120000000000121e-01
4.102279999999999482e+00 2.007329999999999948e-01
4.116279999999999717e+00 2.013610000000000122e-01
4.130279999999999951e+00 2.019960000000000089e-01
4.144280000000000186e+00 2.026360000000000106e-01
4.158279999999999532e+00 2.032819999999999905e-01
4.172279999999999767e+00 2.039310000000000012e-01
4.186280000000000001e+00 2.045820000000000138e-01
4.200280000000000236e+00 2.052319999999999978e-01
4.214279999999999582e+00 2.058780000000000054e-01
4.228279999999999816e+00 2.065180000000000071e-01
4.242280000000000051e+00 2.071500000000000008e-01
4.256279999999999397e+00 2.077690000000000092e-01
4.270279999999999632e+00 2.083750000000000047e-01
4.284279999999999866e+00 2.089630000000000098e-01
4.298280000000000101e+00 2.095329999999999970e-01
4.312279999999999447e+00 2.100799999999999890e-01
4.326279999999999681e+00 2.106040000000000134e-01
4.340279999999999916e+00 2.111010000000000109e-01
4.354280000000000150e+00 2.115720000000000101e-01
4.368279999999999497e+00 2.120150000000000090e-01
4.382279999999999731e+00 2.124280000000000057e-01
4.396279999999999966e+00 2.128099999999999992e-01
4.410280000000000200e+00 2.131629999999999914e-01
4.424279999999999546e+00 2.134840000000000071e-01
4.438279999999999781e+00 2.137749999999999928e-01
4.452280000000000015e+00 2.140350000000000030e-01
4.466280000000000250e+00 2.142650000000000110e-01
4.480279999999999596e+00 2.144659999999999900e-01
4.494279999999999831e+00 2.146379999999999955e-01
4.508279999999999177e+00 2.147830000000000017e-01
4.522280000000000300e+00 2.149000000000000077e-01
4.536279999999999646e+00 2.149929999999999897e-01
4.550279999999999880e+00 2.150610000000000022e-01
4.564280000000000115e+00 2.151059999999999917e-01
4.578279999999999461e+00 2.151289999999999869e-01
4.592280000000000584e+00 2.151309999999999889e-01
4.606279999999999930e+00 2.151139999999999997e-01
4.620279999999999276e+00 2.150789999999999924e-01
4.634280000000000399e+00 2.150279999999999969e-01
4.648279999999999745e+00 2.149600000000000122e-01
4.662279999999999980e+00 2.148780000000000134e-01
4.676280000000000214e+00 2.147830000000000017e-01
4.690279999999999561e+00 2.146760000000000057e-01
4.704280000000000683e+00 2.145569999999999977e-01
4.718280000000000030e+00 2.144270000000000065e-01
4.732279999999999376e+00 2.142890000000000073e-01
4.746280000000000499e+00 2.141409999999999980e-01
4.760279999999999845e+00 2.139860000000000095e-01
4.774279999999999191e+00 2.138239999999999863e-01
4.788280000000000314e+00 2.136550000000000116e-01
4.802279999999999660e+00 2.134800000000000031e-01
4.816279999999999895e+00 2.133009999999999906e-01
4.830280000000000129e+00 2.131159999999999999e-01
4.844279999999999475e+00 2.129280000000000062e-01
4.858280000000000598e+00 2.127350000000000074e-01
4.872279999999999944e+00 2.125400000000000067e-01
4.886279999999999291e+00 2.123420000000000030e-01
4.900280000000000413e+00 2.121409999999999962e-01
4.914279999999999760e+00 2.119389999999999885e-01
4.928279999999999994e+00 2.117340000000000055e-01
4.942280000000000229e+00 2.115289999999999948e-01
4.956279999999999575e+00 2.113220000000000098e-01
4.970280000000000697e+00 2.111149999999999971e-01
4.984280000000000044e+00 2.109070000000000111e-01
4.998279999999999390e+00 2.106999999999999984e-01
5.012280000000000513e+00 2.104920000000000124e-01
5.026279999999999859e+00 2.102860000000000007e-01
5.040279999999999205e+00 2.100799999999999890e-01
5.054280000000000328e+00 2.098750000000000060e-01
5.068279999999999674e+00 2.096719999999999973e-01
5.082279999999999909e+00 2.094699999999999895e-01
5.096280000000000143e+00 2.092710000000000126e-01
5.110279999999999490e+00 2.090740000000000098e-01
5.124280000000000612e+00 2.088800000000000101e-01
5.138279999999999959e+00 2.086880000000000124e-01
5.152279999999999305e+00 2.084999999999999909e-01
5.166280000000000427e+00 2.083160000000000012e-01
5.180279999999999774e+00 2.081349999999999867e-01
5.194280000000000008e+00 2.079580000000000040e-01
5.208280000000000243e+00 2.077859999999999985e-01
5.222279999999999589e+00 2.076179999999999970e-01
5.236280000000000712e+00 2.074550000000000005e-01
5.250280000000000058e+00 2.072980000000000100e-01
5.264279999999999404e+00 2.071449999999999958e-01
5.278280000000000527e+00 2.069979999999999876e-01
5.292279999999999873e+00 2.068579999999999863e-01
5.306279999999999220e+00 2.067229999999999901e-01
5.320280000000000342e+00 2.065939999999999999e-01
5.334279999999999688e+00 2.064719999999999889e-01
5.348279999999999923e+00 2.063560000000000116e-01
5.362280000000000157e+00 2.062470000000000137e-01
5.376279999999999504e+00 2.061449999999999949e-01
5.390280000000000626e+00 2.060490000000000099e-01
5.404279999999999973e+00 2.059610000000000052e-01
5.418279999999999319e+00 2.058800000000000074e-01
5.432280000000000442e+00 2.058069999999999899e-01
5.446279999999999788e+00 2.057400000000000062e-01
5.460280000000000022e+00 2.056810000000000027e-01
5.474280000000000257e+00 2.056290000000000062e-01
5.488279999999999603e+00 2.055849999999999900e-01
5.502279999999999838e+00 2.055480000000000085e-01
5.516280000000000072e+00 2.055190000000000072e-01
5.530279999999999418e+00 2.054960000000000120e-01
5.544280000000000541e+00 2.054809999999999970e-01
5.558279999999999887e+00 2.054739999999999900e-01
5.572279999999999234e+00 2.054729999999999890e-01
5.586280000000000356e+00 2.054789999999999950e-01
5.600279999999999703e+00 2.054930000000000090e-01
5.614279999999999937e+00 2.055130000000000012e-01
5.628280000000000172e+00 2.055400000000000005e-01
5.642279999999999518e+00 2.055730000000000057e-01
5.656280000000000641e+00 2.056129999999999902e-01
5.670279999999999987e+00 2.056590000000000085e-01
5.684279999999999333e+00 2.057110000000000050e-01
5.698280000000000456e+00 2.057690000000000075e-01
5.712279999999999802e+00 2.058319999999999872e-01
5.726279999999999148e+00 2.059010000000000007e-01
5.740280000000000271e+00 2.059759999999999924e-01
5.754279999999999617e+00 2.060549999999999882e-01
5.768279999999999852e+00 2.061389999999999889e-01
5.782280000000000086e+00 2.062279999999999947e-01
5.796279999999999433e+00 2.063220000000000054e-01
5.810280000000000555e+00 2.064199999999999924e-01
5.824279999999999902e+00 2.065210000000000101e-01
5.838279999999999248e+00 2.066270000000000051e-01
5.852280000000000371e+00 2.067360000000000031e-01
5.866279999999999717e+00 2.068480000000000041e-01
5.880279999999999063e+00 2.069640000000000091e-01
5.894280000000000186e+00 2.070819999999999883e-01
5.908279999999999532e+00 2.072029999999999983e-01
5.922280000000000655e+00 2.073260000000000103e-01
5.936280000000000001e+00 2.074509999999999965e-01
5.950279999999999347e+00 2.075790000000000135e-01
5.964280000000000470e+00 2.077080000000000037e-01
5.978279999999999816e+00 2.078389999999999960e-01
5.992279999999999163e+00 2.079709999999999892e-01
6.006280000000000285e+00 2.081040000000000112e-01
6.020279999999999632e+00 2.082380000000000064e-01
6.034279999999999866e+00 2.083730000000000027e-01
6.048280000000000101e+00 2.085079999999999989e-01
6.062279999999999447e+00 2.086439999999999961e-01
6.076280000000000570e+00 2.087799999999999934e-01
6.090279999999999916e+00 2.089149999999999896e-01
6.104279999999999262e+00 2.090509999999999868e-01
6.118280000000000385e+00 2.091870000000000118e-01
6.132279999999999731e+00 2.093210000000000071e-01
6.146279999999999077e+00 2.094560000000000033e-01
6.160280000000000200e+00 2.095889999999999975e-01
6.174279999999999546e+00 2.097219999999999918e-01
6.188280000000000669e+00 2.098540000000000127e-01
6.202280000000000015e+00 2.099850000000000050e-01
6.216279999999999362e+00 2.101139999999999952e-01
6.230280000000000484e+00 2.102430000000000132e-01
6.244279999999999831e+00 2.103690000000000004e-01
6.258279999999999177e+00 2.104949999999999877e-01
6.272280000000000300e+00 2.106190000000000007e-01
6.286279999999999646e+00 2.107410000000000116e-01
6.300279999999999880e+00 2.108619999999999939e-01
6.314280000000000115e+00 2.109810000000000019e-01
6.328279999999999461e+00 2.110990000000000089e-01
6.342280000000000584e+00 2.112150000000000138e-01
6.356279999999999930e+00 2.113289999999999891e-01
6.370279999999999276e+00 2.114409999999999901e-01
6.384280000000000399e+00 2.115509999999999891e-01
6.398279999999999745e+00 2.116599999999999870e-01
6.412279999999999092e+00 2.117670000000000108e-01
6.426280000000000214e+00 2.118720000000000048e-01
6.440279999999999561e+00 2.119749999999999968e-01
6.454280000000000683e+00 2.120769999999999877e-01
6.468280000000000030e+00 2.121770000000000045e-01
6.482279999999999376e+00 2.122759999999999925e-01
6.496280000000000499e+00 2.123720000000000052e-01
6.510279999999999845e+00 2.124679999999999902e-01
6.524279999999999191e+00 2.125620000000000009e-01
6.538280000000000314e+00 2.126540000000000097e-01
6.552279999999999660e+00 2.127449999999999897e-01
6.566279999999999895e+00 2.128349999999999964e-01
6.580280000000000129e+00 2.129230000000000012e-01
6.594279999999999475e+00 2.130100000000000049e-01
6.608280000000000598e+00 2.130960000000000076e-01
6.622279999999999944e+00 2.131820000000000104e-01
6.636279999999999291e+00 2.132660000000000111e-01
6.650280000000000413e+00 2.133490000000000109e-01
6.664279999999999760e+00 2.134320000000000106e-01
6.678279999999999106e+00 2.135140000000000093e-01
6.692280000000000229e+00 2.135950000000000071e-01
6.706279999999999575e+00 2.136760000000000048e-01
6.720280000000000697e+00 2.137570000000000026e-01
6.734280000000000044e+00 2.138369999999999993e-01
6.748279999999999390e+00 2.139169999999999960e-01
6.762280000000000513e+00 2.139969999999999928e-01
6.776279999999999859e+00 2.140769999999999895e-01
6.790279999999999205e+00 2.141569999999999863e-01
6.804280000000000328e+00 2.142380000000000118e-01
6.818279999999999674e+00 2.143180000000000085e-01
6.832279999999999909e+00 2.143990000000000062e-01
6.846280000000000143e+00 2.144810000000000050e-01
6.860279999999999490e+00 2.145630000000000037e-01
6.874280000000000612e+00 2.146460000000000035e-01
6.888279999999999959e+00 2.147290000000000032e-01
6.902279999999999305e+00 2.148140000000000049e-01
6.916280000000000427e+00 2.148990000000000067e-01
6.930279999999999774e+00 2.149860000000000104e-01
6.944279999999999120e+00 2.150729999999999864e-01
6.958280000000000243e+00 2.151619999999999922e-01
6.972279999999999589e+00 2.152519999999999989e-01
6.986280000000000712e+00 2.153440000000000076e-01
7.000280000000000058e+00 2.154369999999999896e-01
7.014279999999999404e+00 2.155310000000000004e-01
7.028280000000000527e+00 2.156279999999999863e-01
7.042279999999999873e+00 2.157260000000000011e-01
7.056279999999999220e+00 2.158249999999999891e-01
7.070280000000000342e+00 2.159270000000000078e-01
7.084279999999999688e+00 2.160299999999999998e-01
7.098279999999999923e+00 2.161359999999999948e-01
7.112280000000000157e+00 2.162439999999999918e-01
7.126279999999999504e+00 2.163529999999999898e-01
7.140280000000000626e+00 2.164649999999999908e-01
7.154279999999999973e+00 2.165789999999999937e-01
7.168279999999999319e+00 2.166959999999999997e-01
7.182280000000000442e+00 2.168140000000000067e-01
7.196279999999999788e+00 2.169349999999999890e-01
7.210279999999999134e+00 2.170590000000000019e-01
7.224280000000000257e+00 2.171849999999999892e-01
7.238279999999999603e+00 2.173130000000000062e-01
7.252279999999999838e+00 2.174439999999999984e-01
7.266280000000000072e+00 2.175779999999999936e-01
7.280279999999999418e+00 2.177139999999999909e-01
7.294280000000000541e+00 2.178529999999999911e-01
7.308279999999999887e+00 2.179939999999999933e-01
7.322279999999999234e+00 2.181379999999999986e-01
7.336280000000000356e+00 2.182850000000000068e-01
7.350279999999999703e+00 2.184339999999999893e-01
7.364279999999999937e+00 2.185860000000000025e-01
7.378280000000000172e+00 2.187409999999999910e-01
7.392279999999999518e+00 2.188990000000000102e-01
7.406280000000000641e+00 2.190590000000000037e-01
7.420279999999999987e+00 2.192220000000000002e-01
7.434279999999999333e+00 2.193879999999999997e-01
7.448280000000000456e+00 2.195560000000000012e-01
7.462279999999999802e+00 2.197270000000000056e-01
7.476279999999999148e+00 2.199010000000000131e-01
7.490280000000000271e+00 2.200769999999999949e-01
7.504279999999999617e+00 2.202570000000000083e-01
7.518279999999998964e+00 2.204379999999999951e-01
7.532280000000000086e+00 2.206230000000000135e-01
7.546279999999999433e+00 2.208100000000000063e-01
7.560280000000000555e+00 2.209990000000000010e-01
7.574279999999999902e+00 2.211919999999999997e-01
7.588279999999999248e+00 2.213859999999999995e-01
7.602280000000000371e+00 2.215840000000000032e-01
7.616279999999999717e+00 2.217830000000000079e-01
7.630279999999999063e+00 2.219849999999999879e-01
7.644280000000000186e+00 2.221899999999999986e-01
7.658279999999999532e+00 2.223970000000000113e-01
7.672280000000000655e+00 2.226059999999999983e-01
7.686280000000000001e+00 2.228169999999999873e-01
7.700279999999999347e+00 2.230310000000000070e-01
7.714280000000000470e+00 2.232460000000000000e-01
7.728279999999999816e+00 2.234639999999999960e-01
7.742279999999999163e+00 2.236839999999999939e-01
7.756280000000000285e+00 2.239059999999999939e-01
7.770279999999999632e+00 2.241299999999999959e-01
7.784279999999998978e+00 2.243559999999999999e-01
7.798280000000000101e+00 2.245840000000000058e-01
7.812279999999999447e+00 2.248130000000000128e-01
7.826280000000000570e+00 2.250439999999999940e-01
7.840279999999999916e+00 2.252770000000000050e-01
7.854279999999999262e+00 2.255109999999999892e-01
7.868280000000000385e+00 2.257470000000000032e-01
7.882279999999999731e+00 2.259849999999999914e-01
7.896279999999999077e+00 2.262230000000000074e-01
7.910280000000000200e+00 2.264639999999999986e-01
7.924279999999999546e+00 2.267049999999999899e-01
7.938280000000000669e+00 2.269470000000000098e-01
7.952280000000000015e+00 2.271910000000000041e-01
7.966279999999999362e+00 2.274359999999999993e-01
7.980280000000000484e+00 2.276809999999999945e-01
7.994279999999999831e+00 2.279279999999999917e-01
8.008279999999999177e+00 2.281749999999999889e-01
8.022280000000000300e+00 2.284229999999999872e-01
8.036279999999999646e+00 2.286719999999999864e-01
8.050279999999998992e+00 2.289210000000000134e-01
8.064280000000000115e+00 2.291710000000000136e-01
8.078279999999999461e+00 2.294219999999999871e-01
8.092280000000000584e+00 2.296719999999999873e-01
8.106279999999999930e+00 2.299229999999999885e-01
8.120279999999999276e+00 2.301739999999999897e-01
8.134280000000000399e+00 2.304249999999999909e-01
8.148279999999999745e+00 2.306759999999999922e-01
8.162279999999999092e+00 2.309279999999999944e-01
8.176280000000000214e+00 2.311789999999999956e-01
8.190279999999999561e+00 2.314289999999999958e-01
8.204280000000000683e+00 2.316799999999999971e-01
8.218280000000000030e+00 2.319299999999999973e-01
8.232279999999999376e+00 2.321789999999999965e-01
8.246280000000000499e+00 2.324279999999999957e-01
8.260279999999999845e+00 2.326769999999999949e-01
8.274279999999999191e+00 2.329249999999999932e-01
8.288280000000000314e+00 2.331719999999999904e-01
8.302279999999999660e+00 2.334179999999999866e-01
8.316279999999999006e+00 2.336630000000000096e-01
8.330280000000000129e+00 2.339070000000000038e-01
8.344279999999999475e+00 2.341499999999999970e-01
8.358280000000000598e+00 2.343909999999999882e-01
8.372279999999999944e+00 2.346320000000000072e-01
8.386279999999999291e+00 2.348709999999999964e-01
8.400280000000000413e+00 2.351090000000000124e-01
8.414279999999999760e+00 2.353449999999999986e-01
8.428279999999999106e+00 2.355790000000000106e-01
8.442280000000000229e+00 2.358119999999999938e-01
8.456279999999999575e+00 2.360430000000000028e-01
8.470280000000000697e+00 2.362730000000000108e-01
8.484280000000000044e+00 2.364999999999999880e-01
8.498279999999999390e+00 2.367249999999999910e-01
8.512280000000000513e+00 2.369489999999999930e-01
8.526279999999999859e+00 2.371699999999999919e-01
8.540279999999999205e+00 2.373889999999999889e-01
8.554280000000000328e+00 2.376060000000000116e-01
8.568279999999999674e+00 2.378210000000000046e-01
8.582279999999999021e+00 2.380329999999999946e-01
8.596280000000000143e+00 2.382420000000000093e-01
8.610279999999999490e+00 2.384489999999999943e-01
8.624280000000000612e+00 2.386540000000000050e-01
8.638279999999999959e+00 2.388560000000000128e-01
8.652279999999999305e+00 2.390549999999999897e-01
8.666280000000000427e+00 2.392509999999999915e-01
8.680279999999999774e+00 2.394439999999999902e-01
8.694279999999999120e+00 2.396349999999999869e-01
8.708280000000000243e+00 2.398220000000000074e-01
8.722279999999999589e+00 2.400069999999999981e-01
8.736280000000000712e+00 2.401880000000000126e-01
8.750280000000000058e+00 2.403659999999999963e-01
8.764279999999999404e+00 2.405410000000000048e-01
8.778280000000000527e+00 2.407130000000000103e-01
8.792279999999999873e+00 2.408810000000000118e-01
8.806279999999999220e+00 2.410460000000000103e-01
8.820280000000000342e+00 2.412080000000000057e-01
8.834279999999999688e+00 2.413659999999999972e-01
8.848279999999999035e+00 2.415200000000000125e-01
8.862280000000000157e+00 2.416709999999999969e-01
8.876279999999999504e+00 2.418190000000000062e-01
8.890280000000000626e+00 2.419620000000000104e-01
8.904279999999999973e+00 2.421020000000000116e-01
8.918279999999999319e+00 2.422380000000000089e-01
8.932280000000000442e+00 2.423710000000000031e-01
8.946279999999999788e+00 2.424999999999999933e-01
8.960279999999999134e+00 2.426240000000000063e-01
8.974280000000000257e+00 2.427449999999999886e-01
8.988279999999999603e+00 2.428619999999999945e-01
9.002279999999998950e+00 2.429749999999999965e-01
9.016280000000000072e+00 2.430839999999999945e-01
9.030279999999999418e+00 2.431889999999999885e-01
9.044280000000000541e+00 2.432890000000000053e-01
9.058279999999999887e+00 2.433859999999999912e-01
9.072279999999999234e+00 2.434790000000000010e-01
9.086280000000000356e+00 2.435670000000000057e-01
