3.509999999999999787e+00 -5.343919999999999959e+01
3.514279999999999848e+00 -5.463600000000000279e+01
3.528280000000000083e+00 -5.549689999999999657e+01
3.542279999999999873e+00 -5.620980000000000132e+01
3.556280000000000108e+00 -5.683379999999999654e+01
3.570279999999999898e+00 -5.739690000000000225e+01
3.584280000000000133e+00 -5.791479999999999961e+01
3.598279999999999923e+00 -5.839750000000000085e+01
3.612280000000000157e+00 -5.885179999999999723e+01
3.626279999999999948e+00 -5.928240000000000265e+01
3.640279999999999738e+00 -5.969299999999999784e+01
3.654279999999999973e+00 -6.008639999999999759e+01
3.668280000000000207e+00 -6.046470000000000056e+01
3.682279999999999998e+00 -6.082970000000000255e+01
3.696279999999999788e+00 -6.118289999999999651e+01
3.710280000000000022e+00 -6.152530000000000143e+01
3.724280000000000257e+00 -6.185810000000000031e+01
3.738280000000000047e+00 -6.218209999999999837e+01
3.752279999999999838e+00 -6.249790000000000134e+01
3.766280000000000072e+00 -6.280639999999999645e+01
3.780279999999999863e+00 -6.310790000000000077e+01
3.794280000000000097e+00 -6.340299999999999869e+01
3.808279999999999887e+00 -6.369210000000000349e+01
3.822280000000000122e+00 -6.397570000000000334e+01
3.836279999999999912e+00 -6.425390000000000157e+01
3.850279999999999703e+00 -6.452729999999999677e+01
3.864279999999999937e+00 -6.479600000000000648e+01
3.878280000000000172e+00 -6.506029999999999802e+01
3.892279999999999962e+00 -6.532040000000000646e+01
3.906279999999999752e+00 -6.557659999999999911e+01
3.920279999999999987e+00 -6.582899999999999352e+01
3.934280000000000221e+00 -6.607779999999999632e+01
3.948280000000000012e+00 -6.632309999999999661e+01
3.962279999999999802e+00 -6.656520000000000437e+01
3.976280000000000037e+00 -6.680419999999999447e+01
3.990280000000000271e+00 -6.704009999999999536e+01
4.004279999999999617e+00 -6.727309999999999945e+01
4.018279999999999852e+00 -6.750339999999999918e+01
4.032280000000000086e+00 -6.773099999999999454e+01
4.046279999999999433e+00 -6.795600000000000307e+01
4.060279999999999667e+00 -6.817849999999999966e+01
4.074279999999999902e+00 -6.839870000000000516e+01
4.088280000000000136e+00 -6.861650000000000205e+01
4.102279999999999482e+00 -6.883209999999999695e+01
4.116279999999999717e+00 -6.904550000000000409e+01
4.130279999999999951e+00 -6.925679999999999836e+01
4.144280000000000186e+00 -6.946599999999999397e+01
4.158279999999999532e+00 -6.967329999999999757e+01
4.172279999999999767e+00 -6.987869999999999493e+01
4.186280000000000001e+00 -7.008220000000000027e+01
4.200280000000000236e+00 -7.028390000000000271e+01
4.214279999999999582e+00 -7.048380000000000223e+01
4.228279999999999816e+00 -7.068200000000000216e+01
4.242280000000000051e+00 -7.087860000000000582e+01
4.256279999999999397e+00 -7.107349999999999568e+01
4.270279999999999632e+00 -7.126680000000000348e+01
4.284279999999999866e+00 -7.145860000000000412e+01
4.298280000000000101e+00 -7.164889999999999759e+01
4.312279999999999447e+00 -7.183759999999999479e+01
4.326279999999999681e+00 -7.202500000000000568e+01
4.340279999999999916e+00 -7.221089999999999520e+01
4.354280000000000150e+00 -7.239549999999999841e+01
4.368279999999999497e+00 -7.257869999999999777e+01
4.382279999999999731e+00 -7.276049999999999329e+01
4.396279999999999966e+00 -7.294110000000000582e+01
4.410280000000000200e+00 -7.312050000000000693e+01
4.424279999999999546e+00 -7.329850000000000421e+01
4.438279999999999781e+00 -7.347539999999999338e+01
4.452280000000000015e+00 -7.365109999999999957e+01
4.466280000000000250e+00 -7.382559999999999434e+01
4.480279999999999596e+00 -7.399890000000000612e+01
4.494279999999999831e+00 -7.417119999999999891e+01
4.508279999999999177e+00 -7.434229999999999450e+01
4.522280000000000300e+00 -7.451229999999999620e+01
4.536279999999999646e+00 -7.468129999999999313e+01
4.550279999999999880e+00 -7.484919999999999618e+01
4.564280000000000115e+00 -7.501609999999999445e+01
4.578279999999999461e+00 -7.518200000000000216e+01
4.592280000000000584e+00 -7.534690000000000509e+01
4.606279999999999930e+00 -7.551080000000000325e+01
4.620279999999999276e+00 -7.567379999999999995e+01
4.634280000000000399e+00 -7.583580000000000609e+01
4.648279999999999745e+00 -7.599679999999999325e+01
4.662279999999999980e+00 -7.615699999999999648e+01
4.676280000000000214e+00 -7.631619999999999493e+01
4.690279999999999561e+00 -7.647459999999999525e+01
4.704280000000000683e+00 -7.663209999999999411e+01
4.718280000000000030e+00 -7.678870000000000573e+01
4.732279999999999376e+00 -7.694450000000000500e+01
4.746280000000000499e+00 -7.709940000000000282e+01
4.760279999999999845e+00 -7.725350000000000250e+01
4.774279999999999191e+00 -7.740680000000000405e+01
4.788280000000000314e+00 -7.755920000000000414e+01
4.802279999999999660e+00 -7.771089999999999520e+01
4.816279999999999895e+00 -7.786180000000000234e+01
4.830280000000000129e+00 -7.801189999999999714e+01
4.844279999999999475e+00 -7.816129999999999711e+01
4.858280000000000598e+00 -7.830989999999999895e+01
4.872279999999999944e+00 -7.845780000000000598e+01
4.886279999999999291e+00 -7.860490000000000066e+01
4.900280000000000413e+00 -7.875130000000000052e+01
4.914279999999999760e+00 -7.889700000000000557e+01
4.928279999999999994e+00 -7.904200000000000159e+01
4.942280000000000229e+00 -7.918630000000000280e+01
4.956279999999999575e+00 -7.932989999999999498e+01
4.970280000000000697e+00 -7.947280000000000655e+01
4.984280000000000044e+00 -7.961499999999999488e+01
4.998279999999999390e+00 -7.975660000000000593e+01
5.012280000000000513e+00 -7.989749999999999375e+01
5.026279999999999859e+00 -8.003780000000000427e+01
5.040279999999999205e+00 -8.017740000000000578e+01
5.054280000000000328e+00 -8.031640000000000157e+01
5.068279999999999674e+00 -8.045470000000000255e+01
5.082279999999999909e+00 -8.059250000000000114e+01
5.096280000000000143e+00 -8.072960000000000491e+01
5.110279999999999490e+00 -8.086610000000000298e+01
5.124280000000000612e+00 -8.100199999999999534e+01
5.138279999999999959e+00 -8.113729999999999620e+01
5.152279999999999305e+00 -8.127200000000000557e+01
5.166280000000000427e+00 -8.140609999999999502e+01
5.180279999999999774e+00 -8.153969999999999629e+01
5.194280000000000008e+00 -8.167270000000000607e+01
5.208280000000000243e+00 -8.180509999999999593e+01
5.222279999999999589e+00 -8.193689999999999429e+01
5.236280000000000712e+00 -8.206820000000000448e+01
5.250280000000000058e+00 -8.219899999999999807e+01
5.264279999999999404e+00 -8.232920000000000016e+01
5.278280000000000527e+00 -8.245879999999999654e+01
5.292279999999999873e+00 -8.258790000000000475e+01
5.306279999999999220e+00 -8.271649999999999636e+01
5.320280000000000342e+00 -8.284459999999999980e+01
5.334279999999999688e+00 -8.297209999999999752e+01
5.348279999999999923e+00 -8.309919999999999618e+01
5.362280000000000157e+00 -8.322570000000000334e+01
5.376279999999999504e+00 -8.335169999999999391e+01
5.390280000000000626e+00 -8.347719999999999629e+01
5.404279999999999973e+00 -8.360219999999999629e+01
5.418279999999999319e+00 -8.372679999999999723e+01
5.432280000000000442e+00 -8.385080000000000666e+01
5.446279999999999788e+00 -8.397440000000000282e+01
5.460280000000000022e+00 -8.409739999999999327e+01
5.474280000000000257e+00 -8.421999999999999886e+01
5.488279999999999603e+00 -8.434210000000000207e+01
5.502279999999999838e+00 -8.446380000000000621e+01
5.516280000000000072e+00 -8.458499999999999375e+01
5.530279999999999418e+00 -8.470569999999999311e+01
5.544280000000000541e+00 -8.482599999999999341e+01
5.558279999999999887e+00 -8.494580000000000553e+01
5.572279999999999234e+00 -8.506520000000000437e+01
5.586280000000000356e+00 -8.518410000000000082e+01
5.600279999999999703e+00 -8.530259999999999820e+01
5.614279999999999937e+00 -8.542069999999999652e+01
5.628280000000000172e+00 -8.553830000000000666e+01
5.642279999999999518e+00 -8.565550000000000352e+01
5.656280000000000641e+00 -8.577219999999999800e+01
5.670279999999999987e+00 -8.588859999999999673e+01
5.684279999999999333e+00 -8.600449999999999307e+01
5.698280000000000456e+00 -8.612000000000000455e+01
5.712279999999999802e+00 -8.623499999999999943e+01
5.726279999999999148e+00 -8.634969999999999857e+01
5.740280000000000271e+00 -8.646399999999999864e+01
5.754279999999999617e+00 -8.657779999999999632e+01
5.768279999999999852e+00 -8.669129999999999825e+01
5.782280000000000086e+00 -8.680429999999999779e+01
5.796279999999999433e+00 -8.691700000000000159e+01
5.810280000000000555e+00 -8.702920000000000300e+01
5.824279999999999902e+00 -8.714109999999999445e+01
5.838279999999999248e+00 -8.725260000000000105e+01
5.852280000000000371e+00 -8.736369999999999436e+01
5.866279999999999717e+00 -8.747440000000000282e+01
5.880279999999999063e+00 -8.758469999999999800e+01
5.894280000000000186e+00 -8.769469999999999743e+01
5.908279999999999532e+00 -8.780429999999999779e+01
5.922280000000000655e+00 -8.791349999999999909e+01
5.936280000000000001e+00 -8.802230000000000132e+01
5.950279999999999347e+00 -8.813079999999999359e+01
5.964280000000000470e+00 -8.823890000000000100e+01
5.978279999999999816e+00 -8.834669999999999845e+01
5.992279999999999163e+00 -8.845409999999999684e+01
6.006280000000000285e+00 -8.856109999999999616e+01
6.020279999999999632e+00 -8.866779999999999973e+01
6.034279999999999866e+00 -8.877410000000000423e+01
6.048280000000000101e+00 -8.888009999999999877e+01
6.062279999999999447e+00 -8.898569999999999425e+01
6.076280000000000570e+00 -8.909099999999999397e+01
6.090279999999999916e+00 -8.919599999999999795e+01
6.104279999999999262e+00 -8.930060000000000286e+01
6.118280000000000385e+00 -8.940479999999999450e+01
6.132279999999999731e+00 -8.950879999999999370e+01
6.146279999999999077e+00 -8.961239999999999384e+01
6.160280000000000200e+00 -8.971559999999999491e+01
6.174279999999999546e+00 -8.981860000000000355e+01
6.188280000000000669e+00 -8.992119999999999891e+01
6.202280000000000015e+00 8.997650000000000148e+01
6.216279999999999362e+00 8.987460000000000093e+01
6.230280000000000484e+00 8.977290000000000703e+01
6.244279999999999831e+00 8.967159999999999798e+01
6.258279999999999177e+00 8.957059999999999889e+01
6.272280000000000300e+00 8.946989999999999554e+01
6.286279999999999646e+00 8.936950000000000216e+01
6.300279999999999880e+00 8.926949999999999363e+01
6.314280000000000115e+00 8.916970000000000596e+01
6.328279999999999461e+00 8.907030000000000314e+01
6.342280000000000584e+00 8.897110000000000696e+01
6.356279999999999930e+00 8.887229999999999563e+01
6.370279999999999276e+00 8.877379999999999427e+01
6.384280000000000399e+00 8.867549999999999955e+01
6.398279999999999745e+00 8.857760000000000389e+01
6.412279999999999092e+00 8.848000000000000398e+01
6.426280000000000214e+00 8.838259999999999650e+01
6.440279999999999561e+00 8.828560000000000230e+01
6.454280000000000683e+00 8.818880000000000052e+01
6.468280000000000030e+00 8.809229999999999450e+01
6.482279999999999376e+00 8.799609999999999843e+01
6.496280000000000499e+00 8.790019999999999811e+01
6.510279999999999845e+00 8.780459999999999354e+01
6.524279999999999191e+00 8.770929999999999893e+01
6.538280000000000314e+00 8.761430000000000007e+01
6.552279999999999660e+00 8.751949999999999363e+01
6.566279999999999895e+00 8.742499999999999716e+01
6.580280000000000129e+00 8.733079999999999643e+01
6.594279999999999475e+00 8.723690000000000566e+01
6.608280000000000598e+00 8.714319999999999311e+01
6.622279999999999944e+00 8.704980000000000473e+01
6.636279999999999291e+00 8.695669999999999789e+01
6.650280000000000413e+00 8.686379999999999768e+01
6.664279999999999760e+00 8.677119999999999322e+01
6.678279999999999106e+00 8.667889999999999873e+01
6.692280000000000229e+00 8.658689999999999998e+01
6.706279999999999575e+00 8.649509999999999366e+01
6.720280000000000697e+00 8.640359999999999729e+01
6.734280000000000044e+00 8.631229999999999336e+01
6.748279999999999390e+00 8.622129999999999939e+01
6.762280000000000513e+00 8.613049999999999784e+01
6.776279999999999859e+00 8.604000000000000625e+01
6.790279999999999205e+00 8.594979999999999620e+01
6.804280000000000328e+00 8.585980000000000700e+01
6.818279999999999674e+00 8.577009999999999934e+01
6.832279999999999909e+00 8.568059999999999832e+01
6.846280000000000143e+00 8.559139999999999304e+01
6.860279999999999490e+00 8.550239999999999441e+01
6.874280000000000612e+00 8.541360000000000241e+01
6.888279999999999959e+00 8.532510000000000616e+01
6.902279999999999305e+00 8.523690000000000566e+01
6.916280000000000427e+00 8.514889999999999759e+01
6.930279999999999774e+00 8.506109999999999616e+01
6.944279999999999120e+00 8.497360000000000468e+01
6.958280000000000243e+00 8.488630000000000564e+01
6.972279999999999589e+00 8.479930000000000234e+01
6.986280000000000712e+00 8.471250000000000568e+01
7.000280000000000058e+00 8.462590000000000146e+01
7.014279999999999404e+00 8.453950000000000387e+01
7.028280000000000527e+00 8.445340000000000202e+01
7.042279999999999873e+00 8.436759999999999593e+01
7.056279999999999220e+00 8.428189999999999316e+01
7.070280000000000342e+00 8.419650000000000034e+01
7.084279999999999688e+00 8.411129999999999995e+01
7.098279999999999923e+00 8.402639999999999532e+01
7.112280000000000157e+00 8.394159999999999400e+01
7.126279999999999504e+00 8.385710000000000264e+01
7.140280000000000626e+00 8.377280000000000371e+01
7.154279999999999973e+00 8.368880000000000052e+01
7.168279999999999319e+00 8.360500000000000398e+01
7.182280000000000442e+00 8.352129999999999654e+01
7.196279999999999788e+00 8.343789999999999907e+01
7.210279999999999134e+00 8.335479999999999734e+01
7.224280000000000257e+00 8.327179999999999893e+01
7.238279999999999603e+00 8.318909999999999627e+01
7.252279999999999838e+00 8.310649999999999693e+01
7.266280000000000072e+00 8.302419999999999334e+01
7.280279999999999418e+00 8.294209999999999638e+01
7.294280000000000541e+00 8.286029999999999518e+01
7.308279999999999887e+00 8.277859999999999729e+01
7.322279999999999234e+00 8.269710000000000605e+01
7.336280000000000356e+00 8.261589999999999634e+01
7.350279999999999703e+00 8.253480000000000416e+01
7.364279999999999937e+00 8.245399999999999352e+01
7.378280000000000172e+00 8.237340000000000373e+01
7.392279999999999518e+00 8.229290000000000305e+01
7.406280000000000641e+00 8.221269999999999811e+01
7.420279999999999987e+00 8.213269999999999982e+01
7.434279999999999333e+00 8.205289999999999395e+01
7.448280000000000456e+00 8.197329999999999472e+01
7.462279999999999802e+00 8.189390000000000214e+01
7.476279999999999148e+00 8.181470000000000198e+01
7.490280000000000271e+00 8.173569999999999425e+01
7.504279999999999617e+00 8.165689999999999316e+01
7.518279999999998964e+00 8.157829999999999870e+01
7.532280000000000086e+00 8.149989999999999668e+01
7.546279999999999433e+00 8.142159999999999798e+01
7.560280000000000555e+00 8.134359999999999502e+01
7.574279999999999902e+00 8.126579999999999870e+01
7.588279999999999248e+00 8.118819999999999482e+01
7.602280000000000371e+00 8.111069999999999425e+01
7.616279999999999717e+00 8.103350000000000364e+01
7.630279999999999063e+00 8.095640000000000214e+01
7.644280000000000186e+00 8.087949999999999307e+01
7.658279999999999532e+00 8.080289999999999395e+01
7.672280000000000655e+00 8.072639999999999816e+01
7.686280000000000001e+00 8.065009999999999479e+01
7.700279999999999347e+00 8.057399999999999807e+01
7.714280000000000470e+00 8.049800000000000466e+01
7.728279999999999816e+00 8.042230000000000700e+01
7.742279999999999163e+00 8.034669999999999845e+01
7.756280000000000285e+00 8.027129999999999654e+01
7.770279999999999632e+00 8.019610000000000127e+01
7.784279999999998978e+00 8.012109999999999843e+01
7.798280000000000101e+00 8.004630000000000223e+01
7.812279999999999447e+00 7.997169999999999845e+01
7.826280000000000570e+00 7.989719999999999800e+01
7.840279999999999916e+00 7.982290000000000418e+01
7.854279999999999262e+00 7.974880000000000280e+01
7.868280000000000385e+00 7.967489999999999384e+01
7.882279999999999731e+00 7.960110000000000241e+01
7.896279999999999077e+00 7.952750000000000341e+01
7.910280000000000200e+00 7.945409999999999684e+01
7.924279999999999546e+00 7.938089999999999691e+01
7.938280000000000669e+00 7.930780000000000030e+01
7.952280000000000015e+00 7.923499999999999943e+01
7.966279999999999362e+00 7.916230000000000189e+01
7.980280000000000484e+00 7.908969999999999345e+01
7.994279999999999831e+00 7.901739999999999498e+01
8.008279999999999177e+00 7.894519999999999982e+01
8.022280000000000300e+00 7.887309999999999377e+01
8.036279999999999646e+00 7.880129999999999768e+01
8.050279999999998992e+00 7.872960000000000491e+01
8.064280000000000115e+00 7.865810000000000457e+01
8.078279999999999461e+00 7.858669999999999334e+01
8.092280000000000584e+00 7.851560000000000628e+01
8.106279999999999930e+00 7.844450000000000500e+01
8.120279999999999276e+00 7.837369999999999948e+01
8.134280000000000399e+00 7.830299999999999727e+01
8.148279999999999745e+00 7.823250000000000171e+01
8.162279999999999092e+00 7.816209999999999525e+01
8.176280000000000214e+00 7.809189999999999543e+01
8.190279999999999561e+00 7.802190000000000225e+01
8.204280000000000683e+00 7.795210000000000150e+01
8.218280000000000030e+00 7.788230000000000075e+01
8.232279999999999376e+00 7.781279999999999575e+01
8.246280000000000499e+00 7.774339999999999407e+01
8.260279999999999845e+00 7.767419999999999902e+01
8.274279999999999191e+00 7.760509999999999309e+01
8.288280000000000314e+00 7.753619999999999379e+01
8.302279999999999660e+00 7.746750000000000114e+01
8.316279999999999006e+00 7.739889999999999759e+01
8.330280000000000129e+00 7.733050000000000068e+01
8.344279999999999475e+00 7.726220000000000709e+01
8.358280000000000598e+00 7.719410000000000593e+01
8.372279999999999944e+00 7.712609999999999388e+01
8.386279999999999291e+00 7.705830000000000268e+01
8.400280000000000413e+00 7.699060000000000059e+01
8.414279999999999760e+00 7.692310000000000514e+01
8.428279999999999106e+00 7.685580000000000211e+01
8.442280000000000229e+00 7.678860000000000241e+01
8.456279999999999575e+00 7.672150000000000603e+01
8.470280000000000697e+00 7.665460000000000207e+01
8.484280000000000044e+00 7.658790000000000475e+01
8.498279999999999390e+00 7.652129999999999654e+01
8.512280000000000513e+00 7.645480000000000587e+01
8.526279999999999859e+00 7.638859999999999673e+01
8.540279999999999205e+00 7.632240000000000180e+01
8.554280000000000328e+00 7.625639999999999930e+01
8.568279999999999674e+00 7.619060000000000343e+01
8.582279999999999021e+00 7.612489999999999668e+01
8.596280000000000143e+00 7.605929999999999325e+01
8.610279999999999490e+00 7.599389999999999645e+01
8.624280000000000612e+00 7.592870000000000630e+01
8.638279999999999959e+00 7.586350000000000193e+01
8.652279999999999305e+00 7.579859999999999332e+01
8.666280000000000427e+00 7.573380000000000223e+01
8.680279999999999774e+00 7.566910000000000025e+01
8.694279999999999120e+00 7.560450000000000159e+01
8.708280000000000243e+00 7.554009999999999536e+01
8.722279999999999589e+00 7.547589999999999577e+01
8.736280000000000712e+00 7.541179999999999950e+01
8.750280000000000058e+00 7.534780000000000655e+01
8.764279999999999404e+00 7.528400000000000603e+01
8.778280000000000527e+00 7.522029999999999461e+01
8.792279999999999873e+00 7.515680000000000405e+01
8.806279999999999220e+00 7.509340000000000259e+01
8.820280000000000342e+00 7.503010000000000446e+01
8.834279999999999688e+00 7.496699999999999875e+01
8.848279999999999035e+00 7.490399999999999636e+01
8.862280000000000157e+00 7.484120000000000061e+01
8.876279999999999504e+00 7.477849999999999397e+01
8.890280000000000626e+00 7.471590000000000487e+01
8.904279999999999973e+00 7.465349999999999397e+01
8.918279999999999319e+00 7.459120000000000061e+01
8.932280000000000442e+00 7.452899999999999636e+01
8.946279999999999788e+00 7.446699999999999875e+01
8.960279999999999134e+00 7.440510000000000446e+01
8.974280000000000257e+00 7.434340000000000259e+01
8.988279999999999603e+00 7.428180000000000405e+01
9.002279999999998950e+00 7.422029999999999461e+01
9.016280000000000072e+00 7.415900000000000603e+01
9.030279999999999418e+00 7.409770000000000323e+01
9.044280000000000541e+00 7.403669999999999618e+01
9.058279999999999887e+00 7.397570000000000334e+01
9.072279999999999234e+00 7.391490000000000293e+01
9.086280000000000356e+00 7.385420000000000584e+01
