 10  8  9  3 00  0  0  0  0
nnn_pot
  8                                                            Z1  BVs 1 - 8
  8  7
                                    10.593522   
                                    3.033429    
                                    1.692933    
                                    1.683973    
                                    0.236830    
                                    0.036097    
                                    0.014589    
                                    0.001218    
   24.180578   17.799969    3.061905    0.421499    0.149796    0.037580
    0.021972
  1  1
          1.

  1  1
                      1.

  1  1
                                  1.

  1  1
                                              1.

  1  1
                                                          1.

  1  1
                                                                      1.

  1  1

          1.
  1  1

                      1.
  8                                                            Z2  BVs 9 - 16
  8  7
                                    28.995028   
                                    16.927835   
                                    4.776132    
                                    1.831213    
                                    0.619523    
                                    0.430829    
                                    0.075937    
                                    0.070001    
   28.559685    5.198437    0.866925    0.246730    0.093027    0.066326
    0.002463
  1  1
          1.

  1  1
                      1.

  1  1
                                  1.

  1  1
                                              1.

  1  1
                                                          1.

  1  1
                                                                      1.

  1  1

          1.
  1  1

                      1.
eob-tni/123_123
elu-tni/000_000
eob-tni/123_123
elu-tni/000_000
eob-tni/123_123
elu-tni/000_000
