1.000000000000000021e-03 1.000000000000000000e+00
2.000000000000000042e-03 1.000000000000000000e+00
3.000000000000000062e-03 1.000000000000000000e+00
4.000000000000000083e-03 1.000000999999999918e+00
5.000000000000000104e-03 1.000000999999999918e+00
6.000000000000000125e-03 1.000000000000000000e+00
7.000000000000000146e-03 1.000000000000000000e+00
8.000000000000000167e-03 1.000000000000000000e+00
8.999999999999999320e-03 1.000000000000000000e+00
1.000000000000000021e-02 1.000000000000000000e+00
1.099999999999999936e-02 1.000000000000000000e+00
1.200000000000000025e-02 1.000000000000000000e+00
1.299999999999999940e-02 1.000000999999999918e+00
1.400000000000000029e-02 1.000000999999999918e+00
1.499999999999999944e-02 1.000000999999999918e+00
1.600000000000000033e-02 1.000000999999999918e+00
1.700000000000000122e-02 1.000000999999999918e+00
1.799999999999999864e-02 1.000000999999999918e+00
1.899999999999999953e-02 1.000000999999999918e+00
2.000000000000000042e-02 1.000000000000000000e+00
2.100000000000000130e-02 1.000000000000000000e+00
2.199999999999999872e-02 1.000000000000000000e+00
2.299999999999999961e-02 1.000000000000000000e+00
2.400000000000000050e-02 1.000000000000000000e+00
2.500000000000000139e-02 1.000000000000000000e+00
2.599999999999999881e-02 1.000000000000000000e+00
2.699999999999999969e-02 1.000000000000000000e+00
2.800000000000000058e-02 1.000000000000000000e+00
2.900000000000000147e-02 1.000000000000000000e+00
2.999999999999999889e-02 1.000000000000000000e+00
3.099999999999999978e-02 1.000000000000000000e+00
3.200000000000000067e-02 1.000000000000000000e+00
3.300000000000000155e-02 1.000000000000000000e+00
3.400000000000000244e-02 1.000000000000000000e+00
3.500000000000000333e-02 1.000000000000000000e+00
3.599999999999999728e-02 1.000000999999999918e+00
3.699999999999999817e-02 1.000000999999999918e+00
3.799999999999999906e-02 1.000000999999999918e+00
3.899999999999999994e-02 1.000000999999999918e+00
4.000000000000000083e-02 1.000000999999999918e+00
4.100000000000000172e-02 1.000000999999999918e+00
4.200000000000000261e-02 1.000000999999999918e+00
4.299999999999999656e-02 1.000000999999999918e+00
4.399999999999999745e-02 1.000000000000000000e+00
4.499999999999999833e-02 1.000000000000000000e+00
4.599999999999999922e-02 1.000000000000000000e+00
4.700000000000000011e-02 1.000000000000000000e+00
4.800000000000000100e-02 1.000000000000000000e+00
4.900000000000000189e-02 1.000000000000000000e+00
5.000000000000000278e-02 1.000000000000000000e+00
5.099999999999999672e-02 1.000000000000000000e+00
5.199999999999999761e-02 1.000000000000000000e+00
5.299999999999999850e-02 1.000000000000000000e+00
5.399999999999999939e-02 1.000000000000000000e+00
5.500000000000000028e-02 1.000000000000000000e+00
5.600000000000000117e-02 1.000000000000000000e+00
5.700000000000000205e-02 1.000000000000000000e+00
5.800000000000000294e-02 1.000000000000000000e+00
5.899999999999999689e-02 1.000000000000000000e+00
5.999999999999999778e-02 1.000000000000000000e+00
6.099999999999999867e-02 1.000000000000000000e+00
6.199999999999999956e-02 1.000000000000000000e+00
6.300000000000000044e-02 1.000000000000000000e+00
6.400000000000000133e-02 1.000000000000000000e+00
6.500000000000000222e-02 1.000000000000000000e+00
6.600000000000000311e-02 1.000000000000000000e+00
6.700000000000000400e-02 1.000000000000000000e+00
6.800000000000000488e-02 1.000000000000000000e+00
6.900000000000000577e-02 1.000000000000000000e+00
7.000000000000000666e-02 1.000000000000000000e+00
7.099999999999999367e-02 1.000000000000000000e+00
7.199999999999999456e-02 1.000000000000000000e+00
7.299999999999999545e-02 1.000000999999999918e+00
7.399999999999999634e-02 1.000000999999999918e+00
7.499999999999999722e-02 1.000000999999999918e+00
7.599999999999999811e-02 1.000000999999999918e+00
7.699999999999999900e-02 1.000000999999999918e+00
7.799999999999999989e-02 1.000000999999999918e+00
7.900000000000000078e-02 1.000000999999999918e+00
8.000000000000000167e-02 1.000000999999999918e+00
8.100000000000000255e-02 1.000000999999999918e+00
8.200000000000000344e-02 1.000000999999999918e+00
8.300000000000000433e-02 1.000000999999999918e+00
8.400000000000000522e-02 1.000000999999999918e+00
8.500000000000000611e-02 1.000000999999999918e+00
8.599999999999999312e-02 1.000000999999999918e+00
8.699999999999999400e-02 1.000000999999999918e+00
8.799999999999999489e-02 1.000000999999999918e+00
8.899999999999999578e-02 1.000000999999999918e+00
8.999999999999999667e-02 1.000000999999999918e+00
9.099999999999999756e-02 1.000000999999999918e+00
9.199999999999999845e-02 1.000000999999999918e+00
9.299999999999999933e-02 1.000000000000000000e+00
9.400000000000000022e-02 1.000000000000000000e+00
9.500000000000000111e-02 1.000000000000000000e+00
9.600000000000000200e-02 1.000000000000000000e+00
9.700000000000000289e-02 1.000000000000000000e+00
9.800000000000000377e-02 1.000000000000000000e+00
9.900000000000000466e-02 1.000000000000000000e+00
1.000000000000000056e-01 1.000000000000000000e+00
1.010000000000000064e-01 1.000000000000000000e+00
1.019999999999999934e-01 1.000000000000000000e+00
1.029999999999999943e-01 1.000000000000000000e+00
1.039999999999999952e-01 1.000000000000000000e+00
1.049999999999999961e-01 1.000000000000000000e+00
1.059999999999999970e-01 1.000000000000000000e+00
1.069999999999999979e-01 1.000000000000000000e+00
1.079999999999999988e-01 1.000000000000000000e+00
1.089999999999999997e-01 1.000000000000000000e+00
1.100000000000000006e-01 1.000000000000000000e+00
1.110000000000000014e-01 1.000000000000000000e+00
1.120000000000000023e-01 1.000000000000000000e+00
1.130000000000000032e-01 1.000000000000000000e+00
1.140000000000000041e-01 1.000000000000000000e+00
1.150000000000000050e-01 1.000000000000000000e+00
1.160000000000000059e-01 1.000000000000000000e+00
1.170000000000000068e-01 1.000000000000000000e+00
1.179999999999999938e-01 1.000000000000000000e+00
1.189999999999999947e-01 1.000000000000000000e+00
1.199999999999999956e-01 1.000000000000000000e+00
1.209999999999999964e-01 1.000000000000000000e+00
1.219999999999999973e-01 1.000000000000000000e+00
1.229999999999999982e-01 1.000000000000000000e+00
1.239999999999999991e-01 1.000000000000000000e+00
1.250000000000000000e-01 1.000000000000000000e+00
1.260000000000000009e-01 1.000000000000000000e+00
1.270000000000000018e-01 1.000000000000000000e+00
1.280000000000000027e-01 1.000000000000000000e+00
1.290000000000000036e-01 1.000000000000000000e+00
1.300000000000000044e-01 1.000000000000000000e+00
1.310000000000000053e-01 1.000000000000000000e+00
1.320000000000000062e-01 1.000000000000000000e+00
1.330000000000000071e-01 1.000000000000000000e+00
1.340000000000000080e-01 1.000000000000000000e+00
1.350000000000000089e-01 1.000000000000000000e+00
1.360000000000000098e-01 1.000000000000000000e+00
1.370000000000000107e-01 1.000000000000000000e+00
1.380000000000000115e-01 1.000000000000000000e+00
1.390000000000000124e-01 1.000000000000000000e+00
1.400000000000000133e-01 1.000000000000000000e+00
1.409999999999999865e-01 1.000000000000000000e+00
1.419999999999999873e-01 1.000000000000000000e+00
1.429999999999999882e-01 1.000000000000000000e+00
1.439999999999999891e-01 1.000000000000000000e+00
1.449999999999999900e-01 1.000000000000000000e+00
1.459999999999999909e-01 1.000000000000000000e+00
1.469999999999999918e-01 1.000000000000000000e+00
1.479999999999999927e-01 1.000000000000000000e+00
1.489999999999999936e-01 1.000000000000000000e+00
1.499999999999999944e-01 1.000000000000000000e+00
1.509999999999999953e-01 1.000000000000000000e+00
1.519999999999999962e-01 1.000000000000000000e+00
1.529999999999999971e-01 1.000000000000000000e+00
1.539999999999999980e-01 1.000000000000000000e+00
1.549999999999999989e-01 1.000000000000000000e+00
1.559999999999999998e-01 1.000000000000000000e+00
1.570000000000000007e-01 1.000000000000000000e+00
1.580000000000000016e-01 1.000000000000000000e+00
1.590000000000000024e-01 1.000000000000000000e+00
1.600000000000000033e-01 1.000000000000000000e+00
1.610000000000000042e-01 1.000000000000000000e+00
1.620000000000000051e-01 1.000000000000000000e+00
1.630000000000000060e-01 1.000000000000000000e+00
1.640000000000000069e-01 1.000000000000000000e+00
1.650000000000000078e-01 1.000000000000000000e+00
1.660000000000000087e-01 1.000000000000000000e+00
1.670000000000000095e-01 1.000000000000000000e+00
1.680000000000000104e-01 1.000000000000000000e+00
1.690000000000000113e-01 1.000000000000000000e+00
1.700000000000000122e-01 1.000000000000000000e+00
1.710000000000000131e-01 1.000000000000000000e+00
1.719999999999999862e-01 1.000000000000000000e+00
1.729999999999999871e-01 1.000000000000000000e+00
1.739999999999999880e-01 1.000000000000000000e+00
1.749999999999999889e-01 1.000000000000000000e+00
1.759999999999999898e-01 1.000000000000000000e+00
1.769999999999999907e-01 1.000000000000000000e+00
1.779999999999999916e-01 1.000000000000000000e+00
1.789999999999999925e-01 1.000000000000000000e+00
1.799999999999999933e-01 1.000000000000000000e+00
1.809999999999999942e-01 1.000000000000000000e+00
1.819999999999999951e-01 1.000000000000000000e+00
1.829999999999999960e-01 1.000000000000000000e+00
1.839999999999999969e-01 1.000000000000000000e+00
1.849999999999999978e-01 1.000000000000000000e+00
1.859999999999999987e-01 1.000000000000000000e+00
1.869999999999999996e-01 1.000000000000000000e+00
1.880000000000000004e-01 1.000000000000000000e+00
1.890000000000000013e-01 1.000000000000000000e+00
1.900000000000000022e-01 1.000000000000000000e+00
1.910000000000000031e-01 1.000000000000000000e+00
1.920000000000000040e-01 1.000000000000000000e+00
1.930000000000000049e-01 1.000000000000000000e+00
1.940000000000000058e-01 1.000000000000000000e+00
1.950000000000000067e-01 1.000000000000000000e+00
1.960000000000000075e-01 1.000000000000000000e+00
1.970000000000000084e-01 1.000000000000000000e+00
1.980000000000000093e-01 1.000000000000000000e+00
1.990000000000000102e-01 1.000000000000000000e+00
2.000000000000000111e-01 1.000000000000000000e+00
2.010000000000000120e-01 1.000000000000000000e+00
2.020000000000000129e-01 1.000000000000000000e+00
2.030000000000000138e-01 1.000000000000000000e+00
2.039999999999999869e-01 1.000000000000000000e+00
2.049999999999999878e-01 1.000000000000000000e+00
2.059999999999999887e-01 1.000000000000000000e+00
2.069999999999999896e-01 1.000000000000000000e+00
2.079999999999999905e-01 1.000000000000000000e+00
2.089999999999999913e-01 1.000000000000000000e+00
2.099999999999999922e-01 1.000000000000000000e+00
2.109999999999999931e-01 1.000000000000000000e+00
2.119999999999999940e-01 1.000000000000000000e+00
2.129999999999999949e-01 1.000000000000000000e+00
2.139999999999999958e-01 1.000000000000000000e+00
2.149999999999999967e-01 1.000000000000000000e+00
2.159999999999999976e-01 1.000000000000000000e+00
2.169999999999999984e-01 1.000000000000000000e+00
2.179999999999999993e-01 1.000000000000000000e+00
2.190000000000000002e-01 1.000000000000000000e+00
2.200000000000000011e-01 1.000000000000000000e+00
2.210000000000000020e-01 1.000000000000000000e+00
2.220000000000000029e-01 1.000000000000000000e+00
2.230000000000000038e-01 1.000000000000000000e+00
2.240000000000000047e-01 1.000000000000000000e+00
2.250000000000000056e-01 1.000000000000000000e+00
2.260000000000000064e-01 1.000000000000000000e+00
2.270000000000000073e-01 1.000000000000000000e+00
2.280000000000000082e-01 1.000000000000000000e+00
2.290000000000000091e-01 1.000000000000000000e+00
2.300000000000000100e-01 1.000000000000000000e+00
2.310000000000000109e-01 1.000000000000000000e+00
2.320000000000000118e-01 1.000000000000000000e+00
2.330000000000000127e-01 1.000000000000000000e+00
2.340000000000000135e-01 1.000000000000000000e+00
2.349999999999999867e-01 1.000000000000000000e+00
2.359999999999999876e-01 1.000000000000000000e+00
2.369999999999999885e-01 1.000000000000000000e+00
2.379999999999999893e-01 1.000000000000000000e+00
2.389999999999999902e-01 1.000000000000000000e+00
2.399999999999999911e-01 1.000000000000000000e+00
2.409999999999999920e-01 1.000000000000000000e+00
2.419999999999999929e-01 1.000000000000000000e+00
2.429999999999999938e-01 1.000000000000000000e+00
2.439999999999999947e-01 1.000000000000000000e+00
2.449999999999999956e-01 1.000000000000000000e+00
2.459999999999999964e-01 1.000000000000000000e+00
2.469999999999999973e-01 9.174949999999999495e-01
2.479999999999999982e-01 8.732750000000000234e-01
2.489999999999999991e-01 8.438989999999999547e-01
2.500000000000000000e-01 8.212739999999999485e-01
2.510000000000000009e-01 8.027560000000000251e-01
2.520000000000000018e-01 7.870759999999999978e-01
2.530000000000000027e-01 7.735079999999999734e-01
2.540000000000000036e-01 7.615880000000000427e-01
2.550000000000000044e-01 7.510000000000000009e-01
2.560000000000000053e-01 7.415129999999999777e-01
2.570000000000000062e-01 7.329550000000000232e-01
2.580000000000000071e-01 7.251919999999999478e-01
2.590000000000000080e-01 7.181199999999999806e-01
2.600000000000000089e-01 7.116519999999999513e-01
2.610000000000000098e-01 7.057189999999999852e-01
2.620000000000000107e-01 7.002629999999999688e-01
2.630000000000000115e-01 6.952329999999999899e-01
2.640000000000000124e-01 6.905879999999999797e-01
2.650000000000000133e-01 6.862920000000000131e-01
2.660000000000000142e-01 6.823129999999999473e-01
2.670000000000000151e-01 6.786240000000000050e-01
2.680000000000000160e-01 6.752000000000000224e-01
2.690000000000000169e-01 6.720199999999999507e-01
2.700000000000000178e-01 6.690639999999999921e-01
2.710000000000000187e-01 6.663160000000000194e-01
2.720000000000000195e-01 6.637610000000000454e-01
2.730000000000000204e-01 6.613839999999999719e-01
2.740000000000000213e-01 6.591730000000000089e-01
2.750000000000000222e-01 6.571169999999999511e-01
2.760000000000000231e-01 6.552040000000000086e-01
2.770000000000000240e-01 6.534259999999999513e-01
2.780000000000000249e-01 6.517749999999999932e-01
2.790000000000000258e-01 6.502409999999999579e-01
2.800000000000000266e-01 6.488180000000000058e-01
2.810000000000000275e-01 6.474990000000000467e-01
2.819999999999999729e-01 6.462780000000000191e-01
2.829999999999999738e-01 6.451489999999999725e-01
2.839999999999999747e-01 6.441059999999999564e-01
2.849999999999999756e-01 6.431449999999999667e-01
2.859999999999999765e-01 6.422609999999999708e-01
2.869999999999999774e-01 6.414499999999999647e-01
2.879999999999999782e-01 6.407070000000000265e-01
2.889999999999999791e-01 6.400299999999999878e-01
2.899999999999999800e-01 6.394140000000000379e-01
2.909999999999999809e-01 6.388559999999999794e-01
2.919999999999999818e-01 6.383539999999999770e-01
2.929999999999999827e-01 6.379029999999999978e-01
2.939999999999999836e-01 6.375020000000000131e-01
2.949999999999999845e-01 6.371489999999999654e-01
2.959999999999999853e-01 6.368390000000000439e-01
2.969999999999999862e-01 6.365720000000000267e-01
2.979999999999999871e-01 6.363459999999999672e-01
2.989999999999999880e-01 6.361569999999999725e-01
2.999999999999999889e-01 6.360050000000000425e-01
3.009999999999999898e-01 6.358880000000000088e-01
3.019999999999999907e-01 6.358030000000000070e-01
3.029999999999999916e-01 6.357500000000000373e-01
3.039999999999999925e-01 6.357260000000000133e-01
3.049999999999999933e-01 6.357310000000000461e-01
3.059999999999999942e-01 6.357620000000000493e-01
3.069999999999999951e-01 6.358200000000000518e-01
3.079999999999999960e-01 6.359010000000000495e-01
3.089999999999999969e-01 6.360059999999999603e-01
3.099999999999999978e-01 6.361329999999999485e-01
3.109999999999999987e-01 6.362820000000000142e-01
3.119999999999999996e-01 6.364499999999999602e-01
3.130000000000000004e-01 6.366380000000000372e-01
3.140000000000000013e-01 6.368430000000000479e-01
3.150000000000000022e-01 6.370670000000000499e-01
3.160000000000000031e-01 6.373060000000000391e-01
3.170000000000000040e-01 6.375619999999999621e-01
3.180000000000000049e-01 6.378329999999999833e-01
3.190000000000000058e-01 6.381179999999999630e-01
3.200000000000000067e-01 6.384170000000000122e-01
3.210000000000000075e-01 6.387289999999999912e-01
3.220000000000000084e-01 6.390529999999999822e-01
3.230000000000000093e-01 6.393889999999999851e-01
3.240000000000000102e-01 6.397370000000000001e-01
3.250000000000000111e-01 6.400949999999999696e-01
3.260000000000000120e-01 6.404640000000000333e-01
3.270000000000000129e-01 6.408420000000000227e-01
3.280000000000000138e-01 6.412299999999999667e-01
3.290000000000000147e-01 6.416260000000000296e-01
3.300000000000000155e-01 6.420310000000000183e-01
3.310000000000000164e-01 6.424440000000000150e-01
3.320000000000000173e-01 6.428639999999999910e-01
3.330000000000000182e-01 6.432919999999999749e-01
3.340000000000000191e-01 6.437270000000000492e-01
3.350000000000000200e-01 6.441679999999999628e-01
3.360000000000000209e-01 6.446150000000000491e-01
3.370000000000000218e-01 6.450690000000000035e-01
3.380000000000000226e-01 6.455279999999999907e-01
3.390000000000000235e-01 6.459920000000000107e-01
3.400000000000000244e-01 6.464609999999999523e-01
3.410000000000000253e-01 6.469350000000000378e-01
3.420000000000000262e-01 6.474140000000000450e-01
3.430000000000000271e-01 6.478960000000000274e-01
3.439999999999999725e-01 6.483830000000000426e-01
3.449999999999999734e-01 6.488739999999999508e-01
3.459999999999999742e-01 6.493679999999999453e-01
3.469999999999999751e-01 6.498660000000000547e-01
3.479999999999999760e-01 6.503659999999999997e-01
3.489999999999999769e-01 6.508699999999999486e-01
3.499999999999999778e-01 6.513769999999999838e-01
3.509999999999999787e-01 6.518859999999999655e-01
3.519999999999999796e-01 6.523980000000000334e-01
3.529999999999999805e-01 6.529120000000000479e-01
3.539999999999999813e-01 6.534280000000000088e-01
3.549999999999999822e-01 6.539460000000000273e-01
3.559999999999999831e-01 6.544659999999999922e-01
3.569999999999999840e-01 6.549869999999999859e-01
3.579999999999999849e-01 6.555109999999999548e-01
3.589999999999999858e-01 6.560350000000000348e-01
3.599999999999999867e-01 6.565609999999999502e-01
3.609999999999999876e-01 6.570880000000000054e-01
3.619999999999999885e-01 6.576170000000000071e-01
3.629999999999999893e-01 6.581460000000000088e-01
3.639999999999999902e-01 6.586760000000000392e-01
3.649999999999999911e-01 6.592069999999999874e-01
3.659999999999999920e-01 6.597380000000000466e-01
3.669999999999999929e-01 6.602710000000000523e-01
3.679999999999999938e-01 6.608030000000000292e-01
3.689999999999999947e-01 6.613360000000000349e-01
3.699999999999999956e-01 6.618699999999999584e-01
3.709999999999999964e-01 6.624029999999999641e-01
3.719999999999999973e-01 6.629369999999999985e-01
3.729999999999999982e-01 6.634710000000000329e-01
3.739999999999999991e-01 6.640049999999999564e-01
3.750000000000000000e-01 6.645389999999999908e-01
3.760000000000000009e-01 6.650730000000000253e-01
3.770000000000000018e-01 6.656060000000000310e-01
3.780000000000000027e-01 6.661399999999999544e-01
3.790000000000000036e-01 6.666729999999999601e-01
3.800000000000000044e-01 6.672050000000000480e-01
3.810000000000000053e-01 6.677380000000000537e-01
3.820000000000000062e-01 6.682700000000000307e-01
3.830000000000000071e-01 6.688009999999999788e-01
3.840000000000000080e-01 6.693320000000000380e-01
3.850000000000000089e-01 6.698619999999999575e-01
3.860000000000000098e-01 6.703919999999999879e-01
3.870000000000000107e-01 6.709209999999999896e-01
3.880000000000000115e-01 6.714489999999999625e-01
3.890000000000000124e-01 6.719770000000000465e-01
3.900000000000000133e-01 6.725029999999999619e-01
3.910000000000000142e-01 6.730289999999999884e-01
3.920000000000000151e-01 6.735539999999999861e-01
3.930000000000000160e-01 6.740779999999999550e-01
3.940000000000000169e-01 6.746020000000000350e-01
3.950000000000000178e-01 6.751239999999999464e-01
3.960000000000000187e-01 6.756450000000000511e-01
3.970000000000000195e-01 6.761660000000000448e-01
3.980000000000000204e-01 6.766849999999999810e-01
3.990000000000000213e-01 6.772029999999999994e-01
4.000000000000000222e-01 6.777199999999999891e-01
4.010000000000000231e-01 6.782359999999999500e-01
4.020000000000000240e-01 6.787509999999999932e-01
4.030000000000000249e-01 6.792650000000000077e-01
4.040000000000000258e-01 6.797779999999999934e-01
4.050000000000000266e-01 6.802890000000000326e-01
4.060000000000000275e-01 6.807990000000000430e-01
4.069999999999999729e-01 6.813080000000000247e-01
4.079999999999999738e-01 6.818159999999999776e-01
4.089999999999999747e-01 6.823230000000000128e-01
4.099999999999999756e-01 6.828279999999999905e-01
4.109999999999999765e-01 6.833320000000000505e-01
4.119999999999999774e-01 6.838349999999999707e-01
4.129999999999999782e-01 6.843360000000000554e-01
4.139999999999999791e-01 6.848370000000000291e-01
4.149999999999999800e-01 6.853350000000000275e-01
4.159999999999999809e-01 6.858330000000000259e-01
4.169999999999999818e-01 6.863289999999999669e-01
4.179999999999999827e-01 6.868239999999999901e-01
4.189999999999999836e-01 6.873169999999999558e-01
4.199999999999999845e-01 6.878090000000000037e-01
4.209999999999999853e-01 6.883000000000000229e-01
4.219999999999999862e-01 6.887900000000000134e-01
4.229999999999999871e-01 6.892770000000000286e-01
4.239999999999999880e-01 6.897640000000000438e-01
4.249999999999999889e-01 6.902490000000000014e-01
4.259999999999999898e-01 6.907330000000000414e-01
4.269999999999999907e-01 6.912150000000000238e-01
4.279999999999999916e-01 6.916959999999999775e-01
4.289999999999999925e-01 6.921760000000000135e-01
4.299999999999999933e-01 6.926539999999999919e-01
4.309999999999999942e-01 6.931300000000000239e-01
4.319999999999999951e-01 6.936059999999999448e-01
4.329999999999999960e-01 6.940790000000000015e-01
4.339999999999999969e-01 6.945519999999999472e-01
4.349999999999999978e-01 6.950229999999999464e-01
4.359999999999999987e-01 6.954919999999999991e-01
4.369999999999999996e-01 6.959600000000000231e-01
4.380000000000000004e-01 6.964270000000000183e-01
4.390000000000000013e-01 6.968919999999999559e-01
4.400000000000000022e-01 6.973559999999999759e-01
4.410000000000000031e-01 6.978180000000000494e-01
4.420000000000000040e-01 6.982789999999999830e-01
4.430000000000000049e-01 6.987379999999999702e-01
4.440000000000000058e-01 6.991960000000000397e-01
4.450000000000000067e-01 6.996529999999999694e-01
4.460000000000000075e-01 7.001079999999999526e-01
4.470000000000000084e-01 7.005620000000000180e-01
4.480000000000000093e-01 7.010140000000000260e-01
4.490000000000000102e-01 7.014650000000000052e-01
4.500000000000000111e-01 7.019140000000000379e-01
4.510000000000000120e-01 7.023620000000000418e-01
4.520000000000000129e-01 7.028079999999999883e-01
4.530000000000000138e-01 7.032530000000000170e-01
4.540000000000000147e-01 7.036970000000000169e-01
4.550000000000000155e-01 7.041389999999999594e-01
4.560000000000000164e-01 7.045799999999999841e-01
4.570000000000000173e-01 7.050189999999999513e-01
4.580000000000000182e-01 7.054570000000000007e-01
4.590000000000000191e-01 7.058940000000000214e-01
4.600000000000000200e-01 7.063289999999999846e-01
4.610000000000000209e-01 7.067630000000000301e-01
4.620000000000000218e-01 7.071950000000000180e-01
4.630000000000000226e-01 7.076259999999999772e-01
4.640000000000000235e-01 7.080549999999999899e-01
4.650000000000000244e-01 7.084840000000000027e-01
4.660000000000000253e-01 7.089100000000000401e-01
4.670000000000000262e-01 7.093359999999999665e-01
4.680000000000000271e-01 7.097599999999999465e-01
4.689999999999999725e-01 7.101819999999999800e-01
4.699999999999999734e-01 7.106040000000000134e-01
4.709999999999999742e-01 7.110229999999999606e-01
4.719999999999999751e-01 7.114420000000000188e-01
4.729999999999999760e-01 7.118590000000000195e-01
4.739999999999999769e-01 7.122749999999999915e-01
4.749999999999999778e-01 7.126890000000000169e-01
4.759999999999999787e-01 7.131020000000000136e-01
4.769999999999999796e-01 7.135139999999999816e-01
4.779999999999999805e-01 7.139250000000000318e-01
4.789999999999999813e-01 7.143340000000000245e-01
4.799999999999999822e-01 7.147419999999999884e-01
4.809999999999999831e-01 7.151480000000000059e-01
4.819999999999999840e-01 7.155529999999999946e-01
4.829999999999999849e-01 7.159569999999999546e-01
4.839999999999999858e-01 7.163589999999999680e-01
4.849999999999999867e-01 7.167609999999999815e-01
4.859999999999999876e-01 7.171610000000000484e-01
4.869999999999999885e-01 7.175589999999999469e-01
4.879999999999999893e-01 7.179560000000000386e-01
4.889999999999999902e-01 7.183530000000000193e-01
4.899999999999999911e-01 7.187470000000000248e-01
4.909999999999999920e-01 7.191410000000000302e-01
4.919999999999999929e-01 7.195329999999999782e-01
4.929999999999999938e-01 7.199240000000000084e-01
4.939999999999999947e-01 7.203140000000000098e-01
4.949999999999999956e-01 7.207019999999999538e-01
4.959999999999999964e-01 7.210889999999999800e-01
4.969999999999999973e-01 7.214749999999999774e-01
4.979999999999999982e-01 7.218599999999999461e-01
4.989999999999999991e-01 7.222439999999999971e-01
5.000000000000000000e-01 7.226259999999999906e-01
