2.469999999999999973e-01 3.978940000000000254e-01
2.479999999999999982e-01 4.880610000000000226e-01
2.489999999999999991e-01 5.379540000000000433e-01
2.500000000000000000e-01 5.724150000000000071e-01
2.510000000000000009e-01 5.984089999999999687e-01
2.520000000000000018e-01 6.189930000000000154e-01
2.530000000000000027e-01 6.358139999999999903e-01
2.540000000000000036e-01 6.498680000000000012e-01
2.550000000000000044e-01 6.618060000000000054e-01
2.560000000000000053e-01 6.720800000000000107e-01
2.570000000000000062e-01 6.810129999999999795e-01
2.580000000000000071e-01 6.888480000000000159e-01
2.590000000000000080e-01 6.957699999999999996e-01
2.600000000000000089e-01 7.019250000000000211e-01
2.610000000000000098e-01 7.074270000000000280e-01
2.620000000000000107e-01 7.123720000000000052e-01
2.630000000000000115e-01 7.168350000000000000e-01
2.640000000000000124e-01 7.208799999999999653e-01
2.650000000000000133e-01 7.245599999999999818e-01
2.660000000000000142e-01 7.279189999999999827e-01
2.670000000000000151e-01 7.309949999999999504e-01
2.680000000000000160e-01 7.338200000000000278e-01
2.690000000000000169e-01 7.364190000000000458e-01
2.700000000000000178e-01 7.388169999999999460e-01
2.710000000000000187e-01 7.410320000000000240e-01
2.720000000000000195e-01 7.430809999999999915e-01
2.730000000000000204e-01 7.449799999999999756e-01
2.740000000000000213e-01 7.467399999999999594e-01
2.750000000000000222e-01 7.483720000000000372e-01
2.760000000000000231e-01 7.498850000000000238e-01
2.770000000000000240e-01 7.512879999999999558e-01
2.780000000000000249e-01 7.525880000000000347e-01
2.790000000000000258e-01 7.537899999999999601e-01
2.800000000000000266e-01 7.549019999999999619e-01
2.810000000000000275e-01 7.559259999999999868e-01
2.819999999999999729e-01 7.568690000000000140e-01
2.829999999999999738e-01 7.577329999999999899e-01
2.839999999999999747e-01 7.585229999999999473e-01
2.849999999999999756e-01 7.592410000000000547e-01
2.859999999999999765e-01 7.598909999999999831e-01
2.869999999999999774e-01 7.604760000000000408e-01
2.879999999999999782e-01 7.609979999999999523e-01
2.889999999999999791e-01 7.614589999999999970e-01
2.899999999999999800e-01 7.618629999999999569e-01
2.909999999999999809e-01 7.622109999999999719e-01
2.919999999999999818e-01 7.625049999999999883e-01
2.929999999999999827e-01 7.627469999999999528e-01
2.939999999999999836e-01 7.629390000000000338e-01
2.949999999999999845e-01 7.630839999999999845e-01
2.959999999999999853e-01 7.631829999999999448e-01
2.969999999999999862e-01 7.632379999999999720e-01
2.979999999999999871e-01 7.632499999999999840e-01
2.989999999999999880e-01 7.632219999999999560e-01
2.999999999999999889e-01 7.631539999999999990e-01
3.009999999999999898e-01 7.630500000000000060e-01
3.019999999999999907e-01 7.629089999999999483e-01
3.029999999999999916e-01 7.627340000000000231e-01
3.039999999999999925e-01 7.625269999999999548e-01
3.049999999999999933e-01 7.622889999999999944e-01
3.059999999999999942e-01 7.620209999999999484e-01
3.069999999999999951e-01 7.617249999999999854e-01
3.079999999999999960e-01 7.614020000000000232e-01
3.089999999999999969e-01 7.610550000000000370e-01
3.099999999999999978e-01 7.606829999999999981e-01
3.109999999999999987e-01 7.602889999999999926e-01
3.119999999999999996e-01 7.598740000000000494e-01
3.130000000000000004e-01 7.594400000000000039e-01
3.140000000000000013e-01 7.589860000000000495e-01
3.150000000000000022e-01 7.585159999999999680e-01
3.160000000000000031e-01 7.580299999999999816e-01
3.170000000000000040e-01 7.575290000000000079e-01
3.180000000000000049e-01 7.570139999999999647e-01
3.190000000000000058e-01 7.564870000000000205e-01
3.200000000000000067e-01 7.559489999999999821e-01
3.210000000000000075e-01 7.553999999999999604e-01
3.220000000000000084e-01 7.548420000000000130e-01
3.230000000000000093e-01 7.542759999999999465e-01
3.240000000000000102e-01 7.537019999999999831e-01
3.250000000000000111e-01 7.531219999999999581e-01
3.260000000000000120e-01 7.525370000000000115e-01
3.270000000000000129e-01 7.519470000000000320e-01
3.280000000000000138e-01 7.513539999999999663e-01
3.290000000000000147e-01 7.507570000000000077e-01
3.300000000000000155e-01 7.501590000000000202e-01
3.310000000000000164e-01 7.495579999999999465e-01
3.320000000000000173e-01 7.489580000000000126e-01
3.330000000000000182e-01 7.483570000000000499e-01
3.340000000000000191e-01 7.477559999999999762e-01
3.350000000000000200e-01 7.471569999999999601e-01
3.360000000000000209e-01 7.465589999999999726e-01
3.370000000000000218e-01 7.459639999999999604e-01
3.380000000000000226e-01 7.453720000000000345e-01
3.390000000000000235e-01 7.447820000000000551e-01
3.400000000000000244e-01 7.441969999999999974e-01
3.410000000000000253e-01 7.436150000000000260e-01
3.420000000000000262e-01 7.430379999999999763e-01
3.430000000000000271e-01 7.424650000000000416e-01
3.439999999999999725e-01 7.418979999999999464e-01
3.449999999999999734e-01 7.413359999999999950e-01
3.459999999999999742e-01 7.407799999999999940e-01
3.469999999999999751e-01 7.402300000000000546e-01
3.479999999999999760e-01 7.396859999999999546e-01
3.489999999999999769e-01 7.391489999999999450e-01
3.499999999999999778e-01 7.386179999999999968e-01
3.509999999999999787e-01 7.380929999999999991e-01
3.519999999999999796e-01 7.375760000000000094e-01
3.529999999999999805e-01 7.370659999999999989e-01
3.539999999999999813e-01 7.365620000000000500e-01
3.549999999999999822e-01 7.360659999999999981e-01
3.559999999999999831e-01 7.355770000000000364e-01
3.569999999999999840e-01 7.350959999999999717e-01
3.579999999999999849e-01 7.346209999999999685e-01
3.589999999999999858e-01 7.341539999999999733e-01
3.599999999999999867e-01 7.336949999999999861e-01
3.609999999999999876e-01 7.332429999999999781e-01
3.619999999999999885e-01 7.327970000000000317e-01
3.629999999999999893e-01 7.323600000000000110e-01
3.639999999999999902e-01 7.319290000000000518e-01
3.649999999999999911e-01 7.315059999999999896e-01
3.659999999999999920e-01 7.310889999999999889e-01
3.669999999999999929e-01 7.306799999999999962e-01
3.679999999999999938e-01 7.302769999999999539e-01
3.689999999999999947e-01 7.298810000000000020e-01
3.699999999999999956e-01 7.294920000000000293e-01
3.709999999999999964e-01 7.291100000000000358e-01
3.719999999999999973e-01 7.287329999999999641e-01
3.729999999999999982e-01 7.283640000000000114e-01
3.739999999999999991e-01 7.279999999999999805e-01
3.750000000000000000e-01 7.276420000000000110e-01
3.760000000000000009e-01 7.272910000000000208e-01
3.770000000000000018e-01 7.269449999999999523e-01
3.780000000000000027e-01 7.266040000000000276e-01
3.790000000000000036e-01 7.262690000000000534e-01
3.800000000000000044e-01 7.259390000000000009e-01
3.810000000000000053e-01 7.256150000000000100e-01
3.820000000000000062e-01 7.252950000000000230e-01
3.830000000000000071e-01 7.249799999999999578e-01
3.840000000000000080e-01 7.246700000000000363e-01
3.850000000000000089e-01 7.243640000000000079e-01
3.860000000000000098e-01 7.240630000000000122e-01
3.870000000000000107e-01 7.237649999999999917e-01
3.880000000000000115e-01 7.234720000000000040e-01
3.890000000000000124e-01 7.231819999999999915e-01
3.900000000000000133e-01 7.228959999999999830e-01
3.910000000000000142e-01 7.226129999999999498e-01
3.920000000000000151e-01 7.223340000000000316e-01
3.930000000000000160e-01 7.220579999999999776e-01
3.940000000000000169e-01 7.217839999999999812e-01
3.950000000000000178e-01 7.215139999999999887e-01
3.960000000000000187e-01 7.212460000000000537e-01
3.970000000000000195e-01 7.209799999999999542e-01
3.980000000000000204e-01 7.207170000000000520e-01
3.990000000000000213e-01 7.204559999999999853e-01
4.000000000000000222e-01 7.201969999999999761e-01
4.010000000000000231e-01 7.199400000000000244e-01
4.020000000000000240e-01 7.196839999999999904e-01
4.030000000000000249e-01 7.194300000000000139e-01
4.040000000000000258e-01 7.191779999999999839e-01
4.050000000000000266e-01 7.189269999999999827e-01
4.060000000000000275e-01 7.186770000000000103e-01
4.069999999999999729e-01 7.184279999999999555e-01
4.079999999999999738e-01 7.181790000000000118e-01
4.089999999999999747e-01 7.179320000000000146e-01
4.099999999999999756e-01 7.176850000000000174e-01
4.109999999999999765e-01 7.174390000000000489e-01
4.119999999999999774e-01 7.171929999999999694e-01
4.129999999999999782e-01 7.169480000000000297e-01
4.139999999999999791e-01 7.167019999999999502e-01
4.149999999999999800e-01 7.164570000000000105e-01
4.159999999999999809e-01 7.162119999999999598e-01
4.169999999999999818e-01 7.159659999999999913e-01
4.179999999999999827e-01 7.157210000000000516e-01
4.189999999999999836e-01 7.154749999999999721e-01
4.199999999999999845e-01 7.152279999999999749e-01
4.209999999999999853e-01 7.149820000000000064e-01
4.219999999999999862e-01 7.147339999999999804e-01
4.229999999999999871e-01 7.144859999999999545e-01
4.239999999999999880e-01 7.142380000000000395e-01
4.249999999999999889e-01 7.139879999999999560e-01
4.259999999999999898e-01 7.137379999999999836e-01
4.269999999999999907e-01 7.134859999999999536e-01
4.279999999999999916e-01 7.132340000000000346e-01
4.289999999999999925e-01 7.129809999999999759e-01
4.299999999999999933e-01 7.127269999999999994e-01
4.309999999999999942e-01 7.124709999999999654e-01
4.319999999999999951e-01 7.122140000000000137e-01
4.329999999999999960e-01 7.119560000000000333e-01
4.339999999999999969e-01 7.116970000000000240e-01
4.349999999999999978e-01 7.114369999999999861e-01
4.359999999999999987e-01 7.111750000000000016e-01
4.369999999999999996e-01 7.109119999999999884e-01
4.380000000000000004e-01 7.106470000000000287e-01
4.390000000000000013e-01 7.103810000000000402e-01
4.400000000000000022e-01 7.101140000000000230e-01
4.410000000000000031e-01 7.098449999999999482e-01
4.420000000000000040e-01 7.095740000000000380e-01
4.430000000000000049e-01 7.093019999999999881e-01
4.440000000000000058e-01 7.090290000000000203e-01
4.450000000000000067e-01 7.087539999999999951e-01
4.460000000000000075e-01 7.084770000000000234e-01
4.470000000000000084e-01 7.081990000000000229e-01
4.480000000000000093e-01 7.079189999999999650e-01
4.490000000000000102e-01 7.076379999999999892e-01
4.500000000000000111e-01 7.073549999999999560e-01
4.510000000000000120e-01 7.070710000000000051e-01
4.520000000000000129e-01 7.067849999999999966e-01
4.530000000000000138e-01 7.064979999999999594e-01
4.540000000000000147e-01 7.062089999999999756e-01
4.550000000000000155e-01 7.059189999999999632e-01
4.560000000000000164e-01 7.056270000000000042e-01
4.570000000000000173e-01 7.053340000000000165e-01
4.580000000000000182e-01 7.050389999999999713e-01
4.590000000000000191e-01 7.047430000000000083e-01
4.600000000000000200e-01 7.044460000000000166e-01
4.610000000000000209e-01 7.041469999999999674e-01
4.620000000000000218e-01 7.038470000000000004e-01
4.630000000000000226e-01 7.035449999999999759e-01
4.640000000000000235e-01 7.032420000000000337e-01
4.650000000000000244e-01 7.029379999999999518e-01
4.660000000000000253e-01 7.026329999999999520e-01
4.670000000000000262e-01 7.023270000000000346e-01
4.680000000000000271e-01 7.020189999999999486e-01
4.689999999999999725e-01 7.017099999999999449e-01
4.699999999999999734e-01 7.014010000000000522e-01
4.709999999999999742e-01 7.010899999999999910e-01
4.719999999999999751e-01 7.007780000000000120e-01
4.729999999999999760e-01 7.004650000000000043e-01
4.739999999999999769e-01 7.001519999999999966e-01
4.749999999999999778e-01 6.998370000000000424e-01
4.759999999999999787e-01 6.995219999999999771e-01
4.769999999999999796e-01 6.992059999999999942e-01
4.779999999999999805e-01 6.988889999999999825e-01
4.789999999999999813e-01 6.985719999999999708e-01
4.799999999999999822e-01 6.982540000000000413e-01
4.809999999999999831e-01 6.979349999999999721e-01
4.819999999999999840e-01 6.976160000000000139e-01
4.829999999999999849e-01 6.972960000000000269e-01
4.839999999999999858e-01 6.969760000000000399e-01
4.849999999999999867e-01 6.966550000000000242e-01
4.859999999999999876e-01 6.963340000000000085e-01
4.869999999999999885e-01 6.960129999999999928e-01
4.879999999999999893e-01 6.956919999999999771e-01
4.889999999999999902e-01 6.953700000000000436e-01
4.899999999999999911e-01 6.950490000000000279e-01
4.909999999999999920e-01 6.947269999999999834e-01
4.919999999999999929e-01 6.944050000000000500e-01
4.929999999999999938e-01 6.940830000000000055e-01
4.939999999999999947e-01 6.937609999999999610e-01
4.949999999999999956e-01 6.934399999999999453e-01
4.959999999999999964e-01 6.931180000000000119e-01
4.969999999999999973e-01 6.927969999999999962e-01
4.979999999999999982e-01 6.924759999999999804e-01
4.989999999999999991e-01 6.921559999999999935e-01
5.000000000000000000e-01 6.918349999999999778e-01
