2.469999999999999973e-01 3.977809999999999957e-01
2.479999999999999982e-01 4.872290000000000232e-01
2.489999999999999991e-01 5.365069999999999562e-01
2.500000000000000000e-01 5.705419999999999936e-01
2.510000000000000009e-01 5.963159999999999572e-01
2.520000000000000018e-01 6.168620000000000214e-01
2.530000000000000027e-01 6.337899999999999645e-01
2.540000000000000036e-01 6.480620000000000269e-01
2.550000000000000044e-01 6.603029999999999733e-01
2.560000000000000053e-01 6.709389999999999521e-01
2.570000000000000062e-01 6.802789999999999671e-01
2.580000000000000071e-01 6.885489999999999666e-01
2.590000000000000080e-01 6.959220000000000406e-01
2.600000000000000089e-01 7.025350000000000206e-01
2.610000000000000098e-01 7.084949999999999859e-01
2.620000000000000107e-01 7.138879999999999670e-01
2.630000000000000115e-01 7.187869999999999537e-01
2.640000000000000124e-01 7.232509999999999772e-01
2.650000000000000133e-01 7.273279999999999745e-01
2.660000000000000142e-01 7.310619999999999896e-01
2.670000000000000151e-01 7.344870000000000010e-01
2.680000000000000160e-01 7.376359999999999584e-01
2.690000000000000169e-01 7.405340000000000256e-01
2.700000000000000178e-01 7.432050000000000045e-01
2.710000000000000187e-01 7.456700000000000550e-01
2.720000000000000195e-01 7.479449999999999710e-01
2.730000000000000204e-01 7.500480000000000480e-01
2.740000000000000213e-01 7.519919999999999938e-01
2.750000000000000222e-01 7.537899999999999601e-01
2.760000000000000231e-01 7.554530000000000411e-01
2.770000000000000240e-01 7.569909999999999695e-01
2.780000000000000249e-01 7.584140000000000326e-01
2.790000000000000258e-01 7.597289999999999877e-01
2.800000000000000266e-01 7.609449999999999825e-01
2.810000000000000275e-01 7.620670000000000499e-01
2.819999999999999729e-01 7.631029999999999758e-01
2.829999999999999738e-01 7.640580000000000149e-01
2.839999999999999747e-01 7.649380000000000068e-01
2.849999999999999756e-01 7.657460000000000377e-01
2.859999999999999765e-01 7.664870000000000294e-01
2.869999999999999774e-01 7.671660000000000146e-01
2.879999999999999782e-01 7.677859999999999685e-01
2.889999999999999791e-01 7.683510000000000062e-01
2.899999999999999800e-01 7.688639999999999919e-01
2.909999999999999809e-01 7.693269999999999831e-01
2.919999999999999818e-01 7.697439999999999838e-01
2.929999999999999827e-01 7.701170000000000515e-01
2.939999999999999836e-01 7.704490000000000505e-01
2.949999999999999845e-01 7.707420000000000382e-01
2.959999999999999853e-01 7.709970000000000434e-01
2.969999999999999862e-01 7.712170000000000414e-01
2.979999999999999871e-01 7.714039999999999786e-01
2.989999999999999880e-01 7.715600000000000236e-01
2.999999999999999889e-01 7.716849999999999543e-01
3.009999999999999898e-01 7.717819999999999681e-01
3.019999999999999907e-01 7.718519999999999825e-01
3.029999999999999916e-01 7.718960000000000266e-01
3.039999999999999925e-01 7.719150000000000178e-01
3.049999999999999933e-01 7.719110000000000138e-01
3.059999999999999942e-01 7.718850000000000433e-01
3.069999999999999951e-01 7.718380000000000241e-01
3.079999999999999960e-01 7.717709999999999848e-01
3.089999999999999969e-01 7.716840000000000366e-01
3.099999999999999978e-01 7.715800000000000436e-01
3.109999999999999987e-01 7.714569999999999483e-01
3.119999999999999996e-01 7.713179999999999481e-01
3.130000000000000004e-01 7.711639999999999606e-01
3.140000000000000013e-01 7.709939999999999571e-01
3.150000000000000022e-01 7.708089999999999664e-01
3.160000000000000031e-01 7.706110000000000460e-01
3.170000000000000040e-01 7.703999999999999737e-01
3.180000000000000049e-01 7.701750000000000540e-01
3.190000000000000058e-01 7.699390000000000400e-01
3.200000000000000067e-01 7.696910000000000140e-01
3.210000000000000075e-01 7.694330000000000336e-01
3.220000000000000084e-01 7.691630000000000411e-01
3.230000000000000093e-01 7.688840000000000119e-01
3.240000000000000102e-01 7.685950000000000282e-01
3.250000000000000111e-01 7.682959999999999789e-01
3.260000000000000120e-01 7.679890000000000327e-01
3.270000000000000129e-01 7.676739999999999675e-01
3.280000000000000138e-01 7.673499999999999766e-01
3.290000000000000147e-01 7.670179999999999776e-01
3.300000000000000155e-01 7.666800000000000281e-01
3.310000000000000164e-01 7.663339999999999597e-01
3.320000000000000173e-01 7.659810000000000230e-01
3.330000000000000182e-01 7.656220000000000248e-01
3.340000000000000191e-01 7.652560000000000473e-01
3.350000000000000200e-01 7.648850000000000371e-01
3.360000000000000209e-01 7.645079999999999654e-01
3.370000000000000218e-01 7.641250000000000542e-01
3.380000000000000226e-01 7.637380000000000280e-01
3.390000000000000235e-01 7.633450000000000513e-01
3.400000000000000244e-01 7.629479999999999595e-01
3.410000000000000253e-01 7.625459999999999461e-01
3.420000000000000262e-01 7.621390000000000109e-01
3.430000000000000271e-01 7.617289999999999894e-01
3.439999999999999725e-01 7.613149999999999640e-01
3.449999999999999734e-01 7.608960000000000168e-01
3.459999999999999742e-01 7.604750000000000121e-01
3.469999999999999751e-01 7.600489999999999746e-01
3.479999999999999760e-01 7.596209999999999907e-01
3.489999999999999769e-01 7.591890000000000027e-01
3.499999999999999778e-01 7.587549999999999573e-01
3.509999999999999787e-01 7.583170000000000188e-01
3.519999999999999796e-01 7.578770000000000229e-01
3.529999999999999805e-01 7.574340000000000517e-01
3.539999999999999813e-01 7.569890000000000230e-01
3.549999999999999822e-01 7.565420000000000478e-01
3.559999999999999831e-01 7.560919999999999863e-01
3.569999999999999840e-01 7.556399999999999784e-01
3.579999999999999849e-01 7.551860000000000239e-01
3.589999999999999858e-01 7.547300000000000120e-01
3.599999999999999867e-01 7.542729999999999713e-01
3.609999999999999876e-01 7.538139999999999841e-01
3.619999999999999885e-01 7.533530000000000504e-01
3.629999999999999893e-01 7.528909999999999769e-01
3.639999999999999902e-01 7.524269999999999570e-01
3.649999999999999911e-01 7.519620000000000193e-01
3.659999999999999920e-01 7.514950000000000241e-01
3.669999999999999929e-01 7.510280000000000289e-01
3.679999999999999938e-01 7.505589999999999762e-01
3.689999999999999947e-01 7.500900000000000345e-01
3.699999999999999956e-01 7.496190000000000353e-01
3.709999999999999964e-01 7.491480000000000361e-01
3.719999999999999973e-01 7.486749999999999794e-01
3.729999999999999982e-01 7.482020000000000337e-01
3.739999999999999991e-01 7.477279999999999482e-01
3.750000000000000000e-01 7.472539999999999738e-01
3.760000000000000009e-01 7.467789999999999706e-01
3.770000000000000018e-01 7.463030000000000497e-01
3.780000000000000027e-01 7.458270000000000177e-01
3.790000000000000036e-01 7.453509999999999858e-01
3.800000000000000044e-01 7.448740000000000361e-01
3.810000000000000053e-01 7.443969999999999754e-01
3.820000000000000062e-01 7.439200000000000257e-01
3.830000000000000071e-01 7.434420000000000472e-01
3.840000000000000080e-01 7.429639999999999578e-01
3.850000000000000089e-01 7.424859999999999793e-01
3.860000000000000098e-01 7.420080000000000009e-01
3.870000000000000107e-01 7.415300000000000225e-01
3.880000000000000115e-01 7.410510000000000153e-01
3.890000000000000124e-01 7.405730000000000368e-01
3.900000000000000133e-01 7.400949999999999473e-01
3.910000000000000142e-01 7.396160000000000512e-01
3.920000000000000151e-01 7.391379999999999617e-01
3.930000000000000160e-01 7.386599999999999833e-01
3.940000000000000169e-01 7.381830000000000336e-01
3.950000000000000178e-01 7.377050000000000551e-01
3.960000000000000187e-01 7.372269999999999657e-01
3.970000000000000195e-01 7.367500000000000160e-01
3.980000000000000204e-01 7.362729999999999553e-01
3.990000000000000213e-01 7.357970000000000343e-01
4.000000000000000222e-01 7.353199999999999736e-01
4.010000000000000231e-01 7.348440000000000527e-01
4.020000000000000240e-01 7.343690000000000495e-01
4.030000000000000249e-01 7.338940000000000463e-01
4.040000000000000258e-01 7.334190000000000431e-01
4.050000000000000266e-01 7.329440000000000399e-01
4.060000000000000275e-01 7.324709999999999832e-01
4.069999999999999729e-01 7.319970000000000088e-01
4.079999999999999738e-01 7.315239999999999521e-01
4.089999999999999747e-01 7.310520000000000351e-01
4.099999999999999756e-01 7.305800000000000072e-01
4.109999999999999765e-01 7.301079999999999792e-01
4.119999999999999774e-01 7.296369999999999800e-01
4.129999999999999782e-01 7.291670000000000096e-01
4.139999999999999791e-01 7.286970000000000391e-01
4.149999999999999800e-01 7.282279999999999864e-01
4.159999999999999809e-01 7.277599999999999625e-01
4.169999999999999818e-01 7.272920000000000496e-01
4.179999999999999827e-01 7.268240000000000256e-01
4.189999999999999836e-01 7.263579999999999481e-01
4.199999999999999845e-01 7.258919999999999817e-01
4.209999999999999853e-01 7.254270000000000440e-01
4.219999999999999862e-01 7.249619999999999953e-01
4.229999999999999871e-01 7.244979999999999754e-01
4.239999999999999880e-01 7.240349999999999842e-01
4.249999999999999889e-01 7.235719999999999930e-01
4.259999999999999898e-01 7.231100000000000305e-01
4.269999999999999907e-01 7.226489999999999858e-01
4.279999999999999916e-01 7.221889999999999699e-01
4.289999999999999925e-01 7.217299999999999827e-01
4.299999999999999933e-01 7.212709999999999955e-01
4.309999999999999942e-01 7.208130000000000370e-01
4.319999999999999951e-01 7.203549999999999676e-01
4.329999999999999960e-01 7.198989999999999556e-01
4.339999999999999969e-01 7.194430000000000547e-01
4.349999999999999978e-01 7.189879999999999605e-01
4.359999999999999987e-01 7.185340000000000060e-01
4.369999999999999996e-01 7.180809999999999693e-01
4.380000000000000004e-01 7.176280000000000436e-01
4.390000000000000013e-01 7.171769999999999534e-01
4.400000000000000022e-01 7.167259999999999742e-01
4.410000000000000031e-01 7.162760000000000238e-01
4.420000000000000040e-01 7.158259999999999623e-01
4.430000000000000049e-01 7.153779999999999584e-01
4.440000000000000058e-01 7.149299999999999544e-01
4.450000000000000067e-01 7.144829999999999792e-01
4.460000000000000075e-01 7.140379999999999505e-01
4.470000000000000084e-01 7.135920000000000041e-01
4.480000000000000093e-01 7.131480000000000041e-01
4.490000000000000102e-01 7.127050000000000329e-01
4.500000000000000111e-01 7.122619999999999507e-01
4.510000000000000120e-01 7.118210000000000370e-01
4.520000000000000129e-01 7.113800000000000123e-01
4.530000000000000138e-01 7.109400000000000164e-01
4.540000000000000147e-01 7.105010000000000492e-01
4.550000000000000155e-01 7.100619999999999710e-01
4.560000000000000164e-01 7.096249999999999503e-01
4.570000000000000173e-01 7.091889999999999583e-01
4.580000000000000182e-01 7.087529999999999664e-01
4.590000000000000191e-01 7.083180000000000032e-01
4.600000000000000200e-01 7.078839999999999577e-01
4.610000000000000209e-01 7.074510000000000520e-01
4.620000000000000218e-01 7.070189999999999531e-01
4.630000000000000226e-01 7.065879999999999939e-01
4.640000000000000235e-01 7.061570000000000347e-01
4.650000000000000244e-01 7.057280000000000220e-01
4.660000000000000253e-01 7.052990000000000093e-01
4.670000000000000262e-01 7.048710000000000253e-01
4.680000000000000271e-01 7.044439999999999591e-01
4.689999999999999725e-01 7.040180000000000327e-01
4.699999999999999734e-01 7.035930000000000240e-01
4.709999999999999742e-01 7.031690000000000440e-01
4.719999999999999751e-01 7.027449999999999530e-01
4.729999999999999760e-01 7.023230000000000306e-01
4.739999999999999769e-01 7.019009999999999971e-01
4.749999999999999778e-01 7.014799999999999924e-01
4.759999999999999787e-01 7.010600000000000165e-01
4.769999999999999796e-01 7.006409999999999583e-01
4.779999999999999805e-01 7.002230000000000398e-01
4.789999999999999813e-01 6.998060000000000391e-01
4.799999999999999822e-01 6.993890000000000384e-01
4.809999999999999831e-01 6.989739999999999842e-01
4.819999999999999840e-01 6.985590000000000410e-01
4.829999999999999849e-01 6.981450000000000156e-01
4.839999999999999858e-01 6.977320000000000189e-01
4.849999999999999867e-01 6.973200000000000509e-01
4.859999999999999876e-01 6.969079999999999719e-01
4.869999999999999885e-01 6.964979999999999505e-01
4.879999999999999893e-01 6.960880000000000400e-01
4.889999999999999902e-01 6.956799999999999651e-01
4.899999999999999911e-01 6.952720000000000011e-01
4.909999999999999920e-01 6.948649999999999549e-01
4.919999999999999929e-01 6.944590000000000485e-01
4.929999999999999938e-01 6.940530000000000310e-01
4.939999999999999947e-01 6.936489999999999601e-01
4.949999999999999956e-01 6.932450000000000001e-01
4.959999999999999964e-01 6.928419999999999579e-01
4.969999999999999973e-01 6.924409999999999732e-01
4.979999999999999982e-01 6.920389999999999597e-01
4.989999999999999991e-01 6.916390000000000038e-01
5.000000000000000000e-01 6.912399999999999656e-01
