# Energy/B2 CrossSection/a^2
7.870000000000000329e-01 6.839023431620216975e-02
7.920000000000000373e-01 9.119467185023306943e-02
7.970000000000000417e-01 1.016658145855974527e-01
8.020000000000000462e-01 1.076823232598736052e-01
8.070000000000000506e-01 1.108743109730459669e-01
8.120000000000000551e-01 1.121473924809112399e-01
8.169999999999999485e-01 1.122336796947375620e-01
8.219999999999999529e-01 1.116348815359089752e-01
8.269999999999999574e-01 1.106539502625831367e-01
8.319999999999999618e-01 1.094601695155123650e-01
8.369999999999999662e-01 1.081438477120187092e-01
8.419999999999999707e-01 1.067537963350588121e-01
8.469999999999999751e-01 1.053156384459386918e-01
8.519999999999999796e-01 1.038487822166892643e-01
8.569999999999999840e-01 1.023654785142922435e-01
8.619999999999999885e-01 1.008798537536757661e-01
8.669999999999999929e-01 9.940318464317364489e-02
8.719999999999999973e-01 9.794572866775325126e-02
8.770000000000000018e-01 9.651619855380952351e-02
8.820000000000000062e-01 9.512350650636419713e-02
8.870000000000000107e-01 9.377233249920004232e-02
8.920000000000000151e-01 9.246770997827763461e-02
8.970000000000000195e-01 9.121176144141815434e-02
9.020000000000000240e-01 9.000652449881206552e-02
9.070000000000000284e-01 8.885130095341603473e-02
9.120000000000000329e-01 8.774541933571157470e-02
9.170000000000000373e-01 8.668771278243489475e-02
9.220000000000000417e-01 8.567550576402145623e-02
9.270000000000000462e-01 8.470724577288954449e-02
9.320000000000000506e-01 8.377990892192276051e-02
9.370000000000000551e-01 8.289107981611371079e-02
9.419999999999999485e-01 8.203792289506058044e-02
9.469999999999999529e-01 8.121819220381273907e-02
9.519999999999999574e-01 8.042971357964183443e-02
9.569999999999999618e-01 7.967038071776093300e-02
9.619999999999999662e-01 7.893815149477619031e-02
9.669999999999999707e-01 7.823104454054184698e-02
9.719999999999999751e-01 7.754761596565530601e-02
9.769999999999999796e-01 7.688646338035176608e-02
9.819999999999999840e-01 7.624622389725865812e-02
9.869999999999999885e-01 7.562604257114582951e-02
9.919999999999999929e-01 7.502415356634911658e-02
9.969999999999999973e-01 7.443976615079947456e-02
1.002000000000000002e+00 7.387257185786100244e-02
1.006999999999999895e+00 7.332089539771446951e-02
1.012000000000000011e+00 7.278447054991299403e-02
1.016999999999999904e+00 7.226213238856302179e-02
1.022000000000000020e+00 7.175319473298984174e-02
1.026999999999999913e+00 7.125698812306535679e-02
1.032000000000000028e+00 7.077330411730077542e-02
1.036999999999999922e+00 7.030061232531531479e-02
1.042000000000000037e+00 6.983873723009610679e-02
1.046999999999999931e+00 6.938707007520429626e-02
1.052000000000000046e+00 6.894501589207881198e-02
1.056999999999999940e+00 6.851156042954545389e-02
1.062000000000000055e+00 6.808614191224549028e-02
1.066999999999999948e+00 6.766863862628692827e-02
1.072000000000000064e+00 6.725808027620554241e-02
1.076999999999999957e+00 6.685436385950692395e-02
1.082000000000000073e+00 6.645654630018203723e-02
1.086999999999999966e+00 6.606412312009316001e-02
1.092000000000000082e+00 6.567701693718576428e-02
1.096999999999999975e+00 6.529432279332160471e-02
1.102000000000000091e+00 6.491556667224498978e-02
1.106999999999999984e+00 6.454069443085910796e-02
1.112000000000000099e+00 6.416883659202737844e-02
1.116999999999999993e+00 6.379995345120924310e-02
1.122000000000000108e+00 6.343360201774284057e-02
1.127000000000000002e+00 6.306975015542996832e-02
1.131999999999999895e+00 6.270716660833339229e-02
1.137000000000000011e+00 6.234663438060666918e-02
1.141999999999999904e+00 6.198694139204433129e-02
1.147000000000000020e+00 6.162847547136998672e-02
1.151999999999999913e+00 6.127083300436940438e-02
1.157000000000000028e+00 6.091361862252142600e-02
1.161999999999999922e+00 6.055644510633832051e-02
1.167000000000000037e+00 6.019970510454580176e-02
1.171999999999999931e+00 5.984263171607161202e-02
1.177000000000000046e+00 5.948561980440083413e-02
1.181999999999999940e+00 5.912791643779972961e-02
1.187000000000000055e+00 5.876991859738815716e-02
1.191999999999999948e+00 5.841088716730981345e-02
1.197000000000000064e+00 5.805159534622848089e-02
1.201999999999999957e+00 5.769093966133712753e-02
1.207000000000000073e+00 5.732969143197996775e-02
1.211999999999999966e+00 5.696713305402222732e-02
1.217000000000000082e+00 5.660366170860443163e-02
1.221999999999999975e+00 5.623893786141297146e-02
1.227000000000000091e+00 5.587335485419626241e-02
1.231999999999999984e+00 5.550621639185252670e-02
1.237000000000000099e+00 5.513791775808395829e-02
1.241999999999999993e+00 5.476813294697133877e-02
1.247000000000000108e+00 5.439725339527309161e-02
1.252000000000000002e+00 5.402495695192253283e-02
1.256999999999999895e+00 5.365163121043207278e-02
1.262000000000000011e+00 5.327660876697563191e-02
1.266999999999999904e+00 5.290062632007710985e-02
1.272000000000000020e+00 5.252336941531479675e-02
1.276999999999999913e+00 5.214453128345008376e-02
1.282000000000000028e+00 5.176483709614217860e-02
1.286999999999999922e+00 5.138397816438246279e-02
1.292000000000000037e+00 5.100199106004433408e-02
1.296999999999999931e+00 5.061857669446780811e-02
1.302000000000000046e+00 5.023444488051133361e-02
1.306999999999999940e+00 4.984929461104854048e-02
1.312000000000000055e+00 4.946349236474432282e-02
1.316999999999999948e+00 4.907641298590487838e-02
1.322000000000000064e+00 4.868875094331757969e-02
1.326999999999999957e+00 4.830021290613157464e-02
1.332000000000000073e+00 4.791115769011858316e-02
1.336999999999999966e+00 4.752161612735689156e-02
1.342000000000000082e+00 4.713130063961595145e-02
1.346999999999999975e+00 4.674088081077107382e-02
1.352000000000000091e+00 4.634975256621638035e-02
1.356999999999999984e+00 4.595857785504693649e-02
1.362000000000000099e+00 4.556707103047068219e-02
1.366999999999999993e+00 4.517557182848517400e-02
1.372000000000000108e+00 4.478379843377996300e-02
1.377000000000000002e+00 4.439239186271777549e-02
1.381999999999999895e+00 4.400076525402862176e-02
1.387000000000000011e+00 4.360955205234128690e-02
1.391999999999999904e+00 4.321877178765242550e-02
1.397000000000000020e+00 4.282814652362645219e-02
1.401999999999999913e+00 4.243799711950507758e-02
1.407000000000000028e+00 4.204863691185217744e-02
1.411999999999999922e+00 4.165978805335206897e-02
1.417000000000000037e+00 4.127176019244765265e-02
1.421999999999999931e+00 4.088427931620759737e-02
1.427000000000000046e+00 4.049793762898943467e-02
1.431999999999999940e+00 4.011245934252814782e-02
1.437000000000000055e+00 3.972814119777737935e-02
1.441999999999999948e+00 3.934499190747799829e-02
1.447000000000000064e+00 3.896302025547414283e-02
1.451999999999999957e+00 3.858251206128190947e-02
1.457000000000000073e+00 3.820319560426167771e-02
1.461999999999999966e+00 3.782562647973305991e-02
1.467000000000000082e+00 3.744953132532252010e-02
1.471999999999999975e+00 3.707491383963822801e-02
1.477000000000000091e+00 3.670204565093789645e-02
1.481999999999999984e+00 3.633092521802200325e-02
1.487000000000000099e+00 3.596181535365524512e-02
1.491999999999999993e+00 3.559444694844921681e-02
1.497000000000000108e+00 3.522907949794656934e-02
1.502000000000000002e+00 3.486596549621238245e-02
1.506999999999999895e+00 3.450483631140024987e-02
1.512000000000000011e+00 3.414594123321874897e-02
1.516999999999999904e+00 3.378926909812912660e-02
1.522000000000000020e+00 3.343480893481084321e-02
1.526999999999999913e+00 3.308280005068957308e-02
1.532000000000000028e+00 3.273322665340004656e-02
1.536999999999999922e+00 3.238607318142950470e-02
1.542000000000000037e+00 3.204156922296489546e-02
1.546999999999999931e+00 3.169945133337801618e-02
1.552000000000000046e+00 3.136018769022203001e-02
1.556999999999999940e+00 3.102351368406898804e-02
1.562000000000000055e+00 3.068940989124224056e-02
1.566999999999999948e+00 3.035809363925763560e-02
1.572000000000000064e+00 3.002954104278719033e-02
1.576999999999999957e+00 2.970396170977432013e-02
1.582000000000000073e+00 2.938109589776130570e-02
1.586999999999999966e+00 2.906115057506341443e-02
1.592000000000000082e+00 2.874409822450740490e-02
1.596999999999999975e+00 2.842991167353090681e-02
1.602000000000000091e+00 2.811878919173785643e-02
1.606999999999999984e+00 2.781069952166392856e-02
1.612000000000000099e+00 2.750538985294260705e-02
1.616999999999999993e+00 2.720349553325891040e-02
1.622000000000000108e+00 2.690432062844163100e-02
1.627000000000000002e+00 2.660827463508821933e-02
1.631999999999999895e+00 2.631553934881606868e-02
1.637000000000000011e+00 2.602564820720736083e-02
1.641999999999999904e+00 2.573899810830016649e-02
1.647000000000000020e+00 2.545534062827108090e-02
1.651999999999999913e+00 2.517485324936706917e-02
1.657000000000000028e+00 2.489729141314649119e-02
1.661999999999999922e+00 2.462303729904056354e-02
1.667000000000000037e+00 2.435184578849490175e-02
1.671999999999999931e+00 2.408388587452944124e-02
1.677000000000000046e+00 2.381891629486028797e-02
1.681999999999999940e+00 2.355710410582610367e-02
1.687000000000000055e+00 2.329841149979276077e-02
1.691999999999999948e+00 2.304280115697365447e-02
1.697000000000000064e+00 2.279023623824278852e-02
1.701999999999999957e+00 2.254068037807453392e-02
1.707000000000000073e+00 2.229429185296182003e-02
1.711999999999999966e+00 2.205083835706967560e-02
1.717000000000000082e+00 2.181047643490892710e-02
1.721999999999999975e+00 2.157316761387201298e-02
1.727000000000000091e+00 2.133887392957979287e-02
1.731999999999999984e+00 2.110755791854566216e-02
1.737000000000000099e+00 2.087899632898876021e-02
1.741999999999999993e+00 2.065352651628948183e-02
1.747000000000000108e+00 2.043110865298809406e-02
1.752000000000000002e+00 2.021133846824034810e-02
1.756999999999999895e+00 1.999454715713164590e-02
1.762000000000000011e+00 1.978051640375275144e-02
1.766999999999999904e+00 1.956939089584579933e-02
1.772000000000000020e+00 1.936113334272931627e-02
1.776999999999999913e+00 1.915553055271707050e-02
1.782000000000000028e+00 1.895254979089535177e-02
1.786999999999999922e+00 1.875250685436333914e-02
1.792000000000000037e+00 1.855501710529686502e-02
1.796999999999999931e+00 1.836004913473467115e-02
1.802000000000000046e+00 1.816791314949153455e-02
1.806999999999999940e+00 1.797823283048088569e-02
1.812000000000000055e+00 1.779114639836281223e-02
1.816999999999999948e+00 1.760645353243078456e-02
1.822000000000000064e+00 1.742429105803407208e-02
1.826999999999999957e+00 1.724462676641792466e-02
1.832000000000000073e+00 1.706742888554536181e-02
1.836999999999999966e+00 1.689250314138251649e-02
1.842000000000000082e+00 1.671998365815331039e-02
1.846999999999999975e+00 1.654967907369811128e-02
1.852000000000000091e+00 1.638172217527032043e-02
1.856999999999999984e+00 1.621608322596925292e-02
1.862000000000000099e+00 1.605257513142286166e-02
1.866999999999999993e+00 1.589117196960033312e-02
1.872000000000000108e+00 1.573200391219099076e-02
1.877000000000000002e+00 1.557488796995333720e-02
1.881999999999999895e+00 1.541979923910880186e-02
1.887000000000000011e+00 1.526671313720044665e-02
1.891999999999999904e+00 1.511560539884714525e-02
1.897000000000000020e+00 1.496660298983919744e-02
1.901999999999999913e+00 1.481937948829645246e-02
1.907000000000000028e+00 1.467406342388445986e-02
1.911999999999999922e+00 1.453048363884676224e-02
1.917000000000000037e+00 1.438891454635708549e-02
1.921999999999999931e+00 1.424889206320942986e-02
1.927000000000000046e+00 1.411083561395703144e-02
1.931999999999999940e+00 1.397428708954486301e-02
1.937000000000000055e+00 1.383951741400423277e-02
1.941999999999999948e+00 1.370636245692409723e-02
1.947000000000000064e+00 1.357480371089674412e-02
1.951999999999999957e+00 1.344468188312873680e-02
1.957000000000000073e+00 1.331626178903710413e-02
1.961999999999999966e+00 1.318924440756960061e-02
1.967000000000000082e+00 1.306361463670087202e-02
1.971999999999999975e+00 1.293949517920878201e-02
1.977000000000000091e+00 1.281673198859031512e-02
1.981999999999999984e+00 1.269544647758971516e-02
1.987000000000000099e+00 1.257535145985504664e-02
1.991999999999999993e+00 1.245656949995536424e-02
1.997000000000000108e+00 1.233908651975693452e-02
2.001999999999999780e+00 1.222275584079394323e-02
2.007000000000000117e+00 1.210769804494345007e-02
2.012000000000000011e+00 1.199376832645830150e-02
2.016999999999999904e+00 1.188095555660066173e-02
2.021999999999999797e+00 1.176924872527566543e-02
2.027000000000000135e+00 1.165863693956813683e-02
2.032000000000000028e+00 1.154910942230091137e-02
2.036999999999999922e+00 1.144052817681346333e-02
2.041999999999999815e+00 1.133301149625665083e-02
2.047000000000000153e+00 1.122642309874112738e-02
2.052000000000000046e+00 1.112075487752542911e-02
2.056999999999999940e+00 1.101599880679427108e-02
2.061999999999999833e+00 1.091202333895748694e-02
2.067000000000000171e+00 1.080906854391093519e-02
2.072000000000000064e+00 1.070688015492078128e-02
2.076999999999999957e+00 1.060545263703716219e-02
2.081999999999999851e+00 1.050478050847978087e-02
2.087000000000000188e+00 1.040497831011858929e-02
2.092000000000000082e+00 1.030580000847074011e-02
2.096999999999999975e+00 1.020736096691581517e-02
2.101999999999999869e+00 1.010953807742795418e-02
2.107000000000000206e+00 1.001244535945460500e-02
2.112000000000000099e+00 9.915961204678068810e-03
2.116999999999999993e+00 9.820198298842801668e-03
2.121999999999999886e+00 9.724921495880932756e-03
2.126999999999999780e+00 9.630244243577624694e-03
2.132000000000000117e+00 9.536163597213516765e-03
2.137000000000000011e+00 9.442563698745670003e-03
2.141999999999999904e+00 9.349443728846336399e-03
2.146999999999999797e+00 9.256914449606024053e-03
2.152000000000000135e+00 9.164862136250902236e-03
2.157000000000000028e+00 9.073175824245587745e-03
2.161999999999999922e+00 8.982075837482839109e-03
2.166999999999999815e+00 8.891341722705205231e-03
2.172000000000000153e+00 8.800974793052560724e-03
2.177000000000000046e+00 8.710976367503175943e-03
2.181999999999999940e+00 8.621454572103491934e-03
2.186999999999999833e+00 8.532302585031662293e-03
2.192000000000000171e+00 8.443416293620966545e-03
2.197000000000000064e+00 8.355008619951696455e-03
2.201999999999999957e+00 8.266766575798277158e-03
2.206999999999999851e+00 8.179005849176955792e-03
2.212000000000000188e+00 8.091417493301604480e-03
2.217000000000000082e+00 8.004108985995739278e-03
2.221999999999999975e+00 7.917185120753889721e-03
2.226999999999999869e+00 7.830445759149984308e-03
2.232000000000000206e+00 7.743996367128440882e-03
2.237000000000000099e+00 7.657840319838479445e-03
2.241999999999999993e+00 7.571882251544976954e-03
2.246999999999999886e+00 7.486127547148098936e-03
2.251999999999999780e+00 7.400678993181940279e-03
2.257000000000000117e+00 7.315346501781402368e-03
2.262000000000000011e+00 7.230329591050352507e-03
2.266999999999999904e+00 7.145440854292460856e-03
2.271999999999999797e+00 7.060687690454458751e-03
2.277000000000000135e+00 6.976171548010145704e-03
2.282000000000000028e+00 6.891897814205141803e-03
2.286999999999999922e+00 6.807779175151251055e-03
2.291999999999999815e+00 6.723731011640673820e-03
2.297000000000000153e+00 6.639945462996979693e-03
2.302000000000000046e+00 6.556337242781566307e-03
2.306999999999999940e+00 6.472823769188013575e-03
2.311999999999999833e+00 6.389414496656598171e-03
2.317000000000000171e+00 6.306296172182925333e-03
2.322000000000000064e+00 6.223210303053915149e-03
2.326999999999999957e+00 6.140342969320952519e-03
2.331999999999999851e+00 6.057528418190376816e-03
2.337000000000000188e+00 5.974950021711025044e-03
2.342000000000000082e+00 5.892444779135865354e-03
2.346999999999999975e+00 5.810108804831948942e-03
2.351999999999999869e+00 5.727951626018254819e-03
2.357000000000000206e+00 5.645899621225943313e-03
2.362000000000000099e+00 5.563964413205194255e-03
2.366999999999999993e+00 5.482157643585037349e-03
2.371999999999999886e+00 5.400572045606706964e-03
2.376999999999999780e+00 5.319056453350193281e-03
2.382000000000000117e+00 5.237704333763290587e-03
2.387000000000000011e+00 5.156448431378281294e-03
2.391999999999999904e+00 5.075459125167779834e-03
2.396999999999999797e+00 4.994513375077779503e-03
2.402000000000000135e+00 4.913780902586644718e-03
2.407000000000000028e+00 4.833121231061630885e-03
2.411999999999999922e+00 4.752701302982612758e-03
2.416999999999999815e+00 4.672458254857920351e-03
2.422000000000000153e+00 4.592332115460104336e-03
2.427000000000000046e+00 4.512339094603960710e-03
2.431999999999999940e+00 4.432567983776476185e-03
2.436999999999999833e+00 4.353032897545815183e-03
2.442000000000000171e+00 4.273605819968474828e-03
2.447000000000000064e+00 4.194446010992588895e-03
2.451999999999999957e+00 4.115428464123952780e-03
2.456999999999999851e+00 4.036640721357484356e-03
2.462000000000000188e+00 3.958031161932992065e-03
2.467000000000000082e+00 3.879685950069148691e-03
2.471999999999999975e+00 3.801555051890885550e-03
2.476999999999999869e+00 3.723657361475796353e-03
2.482000000000000206e+00 3.645946710742792914e-03
2.487000000000000099e+00 3.568573112423462698e-03
2.491999999999999993e+00 3.491426160087612168e-03
2.496999999999999886e+00 3.414527279796004174e-03
2.501999999999999780e+00 3.337897975565686653e-03
2.507000000000000117e+00 3.261621113356769856e-03
2.512000000000000011e+00 3.185595002473597115e-03
2.516999999999999904e+00 3.109903435925250991e-03
2.521999999999999797e+00 3.034509284793141231e-03
2.527000000000000135e+00 2.959494949233128745e-03
2.532000000000000028e+00 2.884767693683171989e-03
2.536999999999999922e+00 2.810467454675313979e-03
2.541999999999999815e+00 2.736449122375130601e-03
2.547000000000000153e+00 2.662906988756593134e-03
2.552000000000000046e+00 2.589700983149749013e-03
2.556999999999999940e+00 2.516914143113201715e-03
2.561999999999999833e+00 2.444573877243196285e-03
2.567000000000000171e+00 2.372707711227193834e-03
2.572000000000000064e+00 2.301241639512158384e-03
2.576999999999999957e+00 2.230308415423843185e-03
2.581999999999999851e+00 2.159837652755867976e-03
2.587000000000000188e+00 2.089910743275818442e-03
2.592000000000000082e+00 2.020463519091365498e-03
2.596999999999999975e+00 1.951625141597204032e-03
2.601999999999999869e+00 1.883335201373422148e-03
2.607000000000000206e+00 1.815630075613869267e-03
2.612000000000000099e+00 1.748590303310272251e-03
2.616999999999999993e+00 1.682163854163942892e-03
2.621999999999999886e+00 1.616390354325079361e-03
2.626999999999999780e+00 1.551309662339991511e-03
2.632000000000000117e+00 1.486961866943694102e-03
2.637000000000000011e+00 1.423347810214117305e-03
2.641999999999999904e+00 1.360510786252551669e-03
2.646999999999999797e+00 1.298494352616220591e-03
2.652000000000000135e+00 1.237305627508372913e-03
2.657000000000000028e+00 1.176955744031859272e-03
2.661999999999999922e+00 1.117529548398487780e-03
2.666999999999999815e+00 1.059040691740050248e-03
2.672000000000000153e+00 1.001506967987932963e-03
2.677000000000000046e+00 9.449823137643543688e-04
2.681999999999999940e+00 8.895210449414510563e-04
2.686999999999999833e+00 8.351478982917136425e-04
2.692000000000000171e+00 7.819209276315046723e-04
2.697000000000000064e+00 7.298706543646470797e-04
2.701999999999999957e+00 6.790590108839667741e-04
2.706999999999999851e+00 6.294965723452149555e-04
2.712000000000000188e+00 5.813021517004689307e-04
2.717000000000000082e+00 5.344676202476846515e-04
2.721999999999999975e+00 4.890890543987017492e-04
2.726999999999999869e+00 4.451937593708111640e-04
2.732000000000000206e+00 4.028801015563848210e-04
2.737000000000000099e+00 3.622036793511223011e-04
2.741999999999999993e+00 3.232066380326309419e-04
2.746999999999999886e+00 2.859926726273237887e-04
2.751999999999999780e+00 2.506131353395674687e-04
2.757000000000000117e+00 2.171744020079855939e-04
2.762000000000000011e+00 1.857233751714806576e-04
2.766999999999999904e+00 1.563854999368951735e-04
2.771999999999999797e+00 1.292082175625857722e-04
2.777000000000000135e+00 1.043212459624228122e-04
2.782000000000000028e+00 8.180897084543280054e-05
2.786999999999999922e+00 6.177443873221307076e-05
2.791999999999999815e+00 4.433348484708390599e-05
2.797000000000000153e+00 2.959206841681739502e-05
2.802000000000000046e+00 1.767591893446210973e-05
2.806999999999999940e+00 8.709104633254369444e-06
2.811999999999999833e+00 2.820471403216746900e-06
2.817000000000000171e+00 1.519023718050184207e-07
2.822000000000000064e+00 8.462103645336195885e-07
2.826999999999999957e+00 5.055500586484476092e-06
2.831999999999999851e+00 1.294101494181587500e-05
2.837000000000000188e+00 2.466712256224089025e-05
2.842000000000000082e+00 4.040652770299030608e-05
2.846999999999999975e+00 6.035515041781210413e-05
2.851999999999999869e+00 8.469110122245964670e-05
2.857000000000000206e+00 1.136318547432577227e-04
2.862000000000000099e+00 1.473782134880448531e-04
2.866999999999999993e+00 1.861608893788025310e-04
2.871999999999999886e+00 2.302100449106556860e-04
2.876999999999999780e+00 2.797647450340247626e-04
2.882000000000000117e+00 3.351097949341255711e-04
2.887000000000000011e+00 3.964723694362213419e-04
2.891999999999999904e+00 4.641841432338998110e-04
2.896999999999999797e+00 5.385135024019358212e-04
2.902000000000000135e+00 6.197821958323591549e-04
2.907000000000000028e+00 7.083291651055415982e-04
2.911999999999999922e+00 8.044827902776122575e-04
2.916999999999999815e+00 9.085826461607452538e-04
2.922000000000000153e+00 1.021075017914221516e-03
2.927000000000000046e+00 1.142305231174441929e-03
2.931999999999999940e+00 1.272729898431178416e-03
2.936999999999999833e+00 1.412758511266564961e-03
2.942000000000000171e+00 1.562852831740025586e-03
2.947000000000000064e+00 1.723495701454323030e-03
2.951999999999999957e+00 1.895234677087940384e-03
2.956999999999999851e+00 2.078557465937576690e-03
2.962000000000000188e+00 2.274060890530739919e-03
2.967000000000000082e+00 2.482275250219656559e-03
2.971999999999999975e+00 2.703849285594904853e-03
2.976999999999999869e+00 2.939411702473024041e-03
2.982000000000000206e+00 3.189672459843059197e-03
2.987000000000000099e+00 3.455318972236979917e-03
2.991999999999999993e+00 3.737065959186303653e-03
2.996999999999999886e+00 4.035780860176374669e-03
3.001999999999999780e+00 4.352119839096009468e-03
3.007000000000000117e+00 4.687085372564879678e-03
3.012000000000000011e+00 5.041461309554406099e-03
3.016999999999999904e+00 5.416197388017293841e-03
3.021999999999999797e+00 5.812285778798787113e-03
3.027000000000000135e+00 6.230685272435098482e-03
3.032000000000000028e+00 6.672548599991280117e-03
3.036999999999999922e+00 7.138920462389762751e-03
3.041999999999999815e+00 7.630967473391646848e-03
3.047000000000000153e+00 8.149817153059643257e-03
3.052000000000000046e+00 8.696817301497012168e-03
3.056999999999999940e+00 9.273191382993163298e-03
3.061999999999999833e+00 9.880300721341181078e-03
3.067000000000000171e+00 1.051956088400872284e-02
3.072000000000000064e+00 1.119234063589542166e-02
3.076999999999999957e+00 1.190015926878265802e-02
3.081999999999999851e+00 1.264459457611995588e-02
3.087000000000000188e+00 1.342717237707934108e-02
3.092000000000000082e+00 1.424958237547634468e-02
3.096999999999999975e+00 1.511345853282585437e-02
3.101999999999999869e+00 1.602048576358273274e-02
3.107000000000000206e+00 1.697240097464031844e-02
3.112000000000000099e+00 1.797112322993963882e-02
3.116999999999999993e+00 1.901824194240237312e-02
3.121999999999999886e+00 2.011578189762436644e-02
3.126999999999999780e+00 2.126555842029067070e-02
3.132000000000000117e+00 2.246928504961440490e-02
3.137000000000000011e+00 2.372885021166249234e-02
3.141999999999999904e+00 2.504603323162737927e-02
3.146999999999999797e+00 2.642264050242550816e-02
3.152000000000000135e+00 2.786050527001041055e-02
3.157000000000000028e+00 2.936132356331030979e-02
3.161999999999999922e+00 3.092646505378453953e-02
3.166999999999999815e+00 3.255779120374043684e-02
3.172000000000000153e+00 3.425630515076404092e-02
3.177000000000000046e+00 3.602330909013427146e-02
3.181999999999999940e+00 3.786007465671972771e-02
3.186999999999999833e+00 3.976727168927345069e-02
3.192000000000000171e+00 4.174567598283816794e-02
3.197000000000000064e+00 4.379559229959292116e-02
3.201999999999999957e+00 4.591700926709531283e-02
3.206999999999999851e+00 4.810957294680632407e-02
3.212000000000000188e+00 5.037298568263285509e-02
3.217000000000000082e+00 5.270615636701450613e-02
3.221999999999999975e+00 5.510757125834790660e-02
3.226999999999999869e+00 5.757549420657357558e-02
3.232000000000000206e+00 6.010726895724630842e-02
3.237000000000000099e+00 6.270019168554355482e-02
3.241999999999999993e+00 6.535080985486310667e-02
3.246999999999999886e+00 6.805512036028031619e-02
3.251999999999999780e+00 7.080829598932340818e-02
3.257000000000000117e+00 7.360566224592089701e-02
3.262000000000000011e+00 7.644066743975903855e-02
3.266999999999999904e+00 7.930766060819013918e-02
3.271999999999999797e+00 8.219959135075882717e-02
3.277000000000000135e+00 8.510847544796062980e-02
3.282000000000000028e+00 8.802703242581913501e-02
3.286999999999999922e+00 9.094624523869725141e-02
3.291999999999999815e+00 9.385785034457956588e-02
3.297000000000000153e+00 9.675211400208237611e-02
3.302000000000000046e+00 9.961954133632942854e-02
3.306999999999999940e+00 1.024512408251136986e-01
3.311999999999999833e+00 1.052365844164769026e-01
3.317000000000000171e+00 1.079668180614011680e-01
3.322000000000000064e+00 1.106314970035856132e-01
3.326999999999999957e+00 1.132218735169862045e-01
3.331999999999999851e+00 1.157288101681156062e-01
3.337000000000000188e+00 1.181434292726865204e-01
3.342000000000000082e+00 1.204581230285925592e-01
3.346999999999999975e+00 1.226646832036244056e-01
3.351999999999999869e+00 1.247572471098869346e-01
3.357000000000000206e+00 1.267291032973873743e-01
3.362000000000000099e+00 1.285753302960675470e-01
3.366999999999999993e+00 1.302911930577840272e-01
3.371999999999999886e+00 1.318738323738679052e-01
3.376999999999999780e+00 1.333199507896653258e-01
3.382000000000000117e+00 1.346285106264671350e-01
3.387000000000000011e+00 1.357980525280533535e-01
3.391999999999999904e+00 1.368290665719051058e-01
3.396999999999999797e+00 1.377222995661130100e-01
3.402000000000000135e+00 1.384790854478622490e-01
3.407000000000000028e+00 1.391020223595593464e-01
3.411999999999999922e+00 1.395942770540701261e-01
3.416999999999999815e+00 1.399585362351039031e-01
3.422000000000000153e+00 1.401997384312300421e-01
3.427000000000000046e+00 1.403219612556301510e-01
3.431999999999999940e+00 1.403301195045566774e-01
3.436999999999999833e+00 1.402295999902481438e-01
3.442000000000000171e+00 1.400255536301136250e-01
3.447000000000000064e+00 1.397232204025921354e-01
3.451999999999999957e+00 1.393289354230352051e-01
3.456999999999999851e+00 1.388480563111448574e-01
3.462000000000000188e+00 1.382859769429011232e-01
3.467000000000000082e+00 1.376491282117272008e-01
3.471999999999999975e+00 1.369422478718440861e-01
3.476999999999999869e+00 1.361714211633406335e-01
3.482000000000000206e+00 1.353417001975912581e-01
3.487000000000000099e+00 1.344581124394661764e-01
3.491999999999999993e+00 1.335259834846339033e-01
3.496999999999999886e+00 1.325495979292223570e-01
3.501999999999999780e+00 1.315338599517173745e-01
3.507000000000000117e+00 1.304829606729306646e-01
3.512000000000000011e+00 1.294007137729440426e-01
3.516999999999999904e+00 1.282915321940644449e-01
3.521999999999999797e+00 1.271581474625685659e-01
3.527000000000000135e+00 1.260048592964355951e-01
3.532000000000000028e+00 1.248342959253580658e-01
3.536999999999999922e+00 1.236496781856079447e-01
3.541999999999999815e+00 1.224532205181185218e-01
3.547000000000000153e+00 1.212480406206973976e-01
3.552000000000000046e+00 1.200362573244152520e-01
3.556999999999999940e+00 1.188202585088561913e-01
3.561999999999999833e+00 1.176014563728263185e-01
3.567000000000000171e+00 1.163818486022210330e-01
3.572000000000000064e+00 1.151633896166154997e-01
3.576999999999999957e+00 1.139470804771444273e-01
3.581999999999999851e+00 1.127348046788715363e-01
3.587000000000000188e+00 1.115275030679378776e-01
3.592000000000000082e+00 1.103263923383325379e-01
3.596999999999999975e+00 1.091323640565208530e-01
3.601999999999999869e+00 1.079459938667495650e-01
3.607000000000000206e+00 1.067687199631184580e-01
3.612000000000000099e+00 1.056007824758878333e-01
3.616999999999999993e+00 1.044429920759501057e-01
3.621999999999999886e+00 1.032955644162612263e-01
3.626999999999999780e+00 1.021592787865989588e-01
3.632000000000000117e+00 1.010346103396095457e-01
3.637000000000000011e+00 9.992173917238444947e-02
3.641999999999999904e+00 9.882083914596434537e-02
3.646999999999999797e+00 9.773207798547631220e-02
3.652000000000000135e+00 9.665617021613871762e-02
3.657000000000000028e+00 9.559271191852691807e-02
3.661999999999999922e+00 9.454212611847764847e-02
3.666999999999999815e+00 9.350428075736197386e-02
3.672000000000000153e+00 9.247904496753821257e-02
3.677000000000000046e+00 9.146709299917840652e-02
3.681999999999999940e+00 9.046801516763061657e-02
3.686999999999999833e+00 8.948167442298633756e-02
3.692000000000000171e+00 8.850819809799490012e-02
3.697000000000000064e+00 8.754744692680288543e-02
3.701999999999999957e+00 8.659928301472460954e-02
3.706999999999999851e+00 8.566382811572254008e-02
3.712000000000000188e+00 8.474068562559167184e-02
3.717000000000000082e+00 8.382997691061735979e-02
3.721999999999999975e+00 8.293156488260686188e-02
3.726999999999999869e+00 8.204531385826015211e-02
3.732000000000000206e+00 8.117083897085405897e-02
3.737000000000000099e+00 8.030826090076444157e-02
3.741999999999999993e+00 7.945720049513237127e-02
3.746999999999999886e+00 7.861777809646636195e-02
3.751999999999999780e+00 7.778962017765844728e-02
3.757000000000000117e+00 7.697284676015141158e-02
3.762000000000000011e+00 7.616684809297595560e-02
3.766999999999999904e+00 7.537174816682906675e-02
3.771999999999999797e+00 7.458742756975159094e-02
3.777000000000000135e+00 7.381353060332575267e-02
3.782000000000000028e+00 7.305018062517952548e-02
3.786999999999999922e+00 7.229679235427416417e-02
3.791999999999999815e+00 7.155349282674181022e-02
3.797000000000000153e+00 7.082017268741069849e-02
3.802000000000000046e+00 7.009649300239900738e-02
3.806999999999999940e+00 6.938235064800256369e-02
3.811999999999999833e+00 6.867764354252935133e-02
3.817000000000000171e+00 6.798227063947481774e-02
3.822000000000000064e+00 6.729590646344232874e-02
3.826999999999999957e+00 6.661868004274892896e-02
3.831999999999999851e+00 6.595004756180079808e-02
3.837000000000000188e+00 6.529014122415310872e-02
3.842000000000000082e+00 6.463864832695113971e-02
3.846999999999999975e+00 6.399570035064919282e-02
3.851999999999999869e+00 6.336098888697409837e-02
3.857000000000000206e+00 6.273421132808516820e-02
3.862000000000000099e+00 6.211550172098800893e-02
3.866999999999999993e+00 6.150477581302914859e-02
3.871999999999999886e+00 6.090173710074724828e-02
3.876999999999999780e+00 6.030609463750411653e-02
3.882000000000000117e+00 5.971819514159067144e-02
3.887000000000000011e+00 5.913753844258237691e-02
3.891999999999999904e+00 5.856425967261984916e-02
3.896999999999999797e+00 5.799807552977144509e-02
3.902000000000000135e+00 5.743891414146100327e-02
3.907000000000000028e+00 5.688649930238362518e-02
3.911999999999999922e+00 5.634117166943379551e-02
3.916999999999999815e+00 5.580245247727982222e-02
3.922000000000000153e+00 5.527047757373892978e-02
3.927000000000000046e+00 5.474497784457577065e-02
3.931999999999999940e+00 5.422588869427535235e-02
3.936999999999999833e+00 5.371334459703269032e-02
3.942000000000000171e+00 5.320688418977506662e-02
3.947000000000000064e+00 5.270664422627395485e-02
3.951999999999999957e+00 5.221256252678613263e-02
3.956999999999999851e+00 5.172438324750568833e-02
3.962000000000000188e+00 5.124224171100199426e-02
3.967000000000000082e+00 5.076588527687719149e-02
3.971999999999999975e+00 5.029525713488827016e-02
3.976999999999999869e+00 4.983049119401648797e-02
3.982000000000000206e+00 4.937133951886359118e-02
3.987000000000000099e+00 4.891755870287985142e-02
3.991999999999999993e+00 4.846947144802247337e-02
3.996999999999999886e+00 4.802683439659096581e-02
4.001999999999999780e+00 4.758959389643700744e-02
4.006999999999999673e+00 4.715751248266446261e-02
4.011999999999999567e+00 4.673072374588863043e-02
4.017000000000000348e+00 4.630917553401032311e-02
4.022000000000000242e+00 4.589263470101267312e-02
4.027000000000000135e+00 4.548123344506138643e-02
4.032000000000000028e+00 4.507492108647788431e-02
4.036999999999999922e+00 4.467346870248815882e-02
4.041999999999999815e+00 4.427700714031254647e-02
4.046999999999999709e+00 4.388531023285721644e-02
4.051999999999999602e+00 4.349850794212982430e-02
4.057000000000000384e+00 4.311637681558036506e-02
4.062000000000000277e+00 4.273904594821753555e-02
4.067000000000000171e+00 4.236629456128675197e-02
4.072000000000000064e+00 4.199807834647890231e-02
4.076999999999999957e+00 4.163452512129017097e-02
4.081999999999999851e+00 4.127541803162423223e-02
4.086999999999999744e+00 4.092088407303991898e-02
4.091999999999999638e+00 4.057087814739265830e-02
4.097000000000000419e+00 4.022501890062162022e-02
4.102000000000000313e+00 3.988360213300611024e-02
4.107000000000000206e+00 3.954658406836776552e-02
4.112000000000000099e+00 3.921375545681926589e-02
4.116999999999999993e+00 3.888524093608417692e-02
4.121999999999999886e+00 3.856083371311738034e-02
4.126999999999999780e+00 3.824065767550904882e-02
4.131999999999999673e+00 3.792450844870745574e-02
4.136999999999999567e+00 3.761250918798354770e-02
4.142000000000000348e+00 3.730445789928229366e-02
4.147000000000000242e+00 3.700047702331365346e-02
4.152000000000000135e+00 3.670052665192118091e-02
4.157000000000000028e+00 3.640440830139523437e-02
4.161999999999999922e+00 3.611224338433418474e-02
4.166999999999999815e+00 3.582399324320080514e-02
4.171999999999999709e+00 3.553961963931593498e-02
4.176999999999999602e+00 3.525892864500741047e-02
4.182000000000000384e+00 3.498204037107879860e-02
4.187000000000000277e+00 3.470891779987614334e-02
4.192000000000000171e+00 3.443952432278112735e-02
4.197000000000000064e+00 3.417382373777479859e-02
4.201999999999999957e+00 3.391178024701829719e-02
4.206999999999999851e+00 3.365335845445115853e-02
4.211999999999999744e+00 3.339837206514724433e-02
4.216999999999999638e+00 3.314708973561017458e-02
4.222000000000000419e+00 3.289932529629787522e-02
4.227000000000000313e+00 3.265504493460868324e-02
4.232000000000000206e+00 3.241421522796379684e-02
4.237000000000000099e+00 3.217695120830438987e-02
4.241999999999999993e+00 3.194292346620383749e-02
4.246999999999999886e+00 3.171239525608275656e-02
4.251999999999999780e+00 3.148518664545296025e-02
4.256999999999999673e+00 3.126126614721016356e-02
4.261999999999999567e+00 3.104060265061490270e-02
4.267000000000000348e+00 3.082330982759416346e-02
4.272000000000000242e+00 3.060921173140745966e-02
4.277000000000000135e+00 3.039827838654410655e-02
4.282000000000000028e+00 3.019048018504009306e-02
4.286999999999999922e+00 2.998592998511953947e-02
4.291999999999999815e+00 2.978459722537834739e-02
4.296999999999999709e+00 2.958616977153141758e-02
4.301999999999999602e+00 2.939090202290639206e-02
4.307000000000000384e+00 2.919876457203248940e-02
4.312000000000000277e+00 2.900958904211215980e-02
4.317000000000000171e+00 2.882334839499195098e-02
4.322000000000000064e+00 2.864015425503303042e-02
4.326999999999999957e+00 2.845984093933610209e-02
4.331999999999999851e+00 2.828238247391022184e-02
4.336999999999999744e+00 2.810789001274201226e-02
4.341999999999999638e+00 2.793620049098355720e-02
4.347000000000000419e+00 2.776728898037928231e-02
4.352000000000000313e+00 2.760126620254806096e-02
4.357000000000000206e+00 2.743797163582341672e-02
4.362000000000000099e+00 2.727738137963835185e-02
4.366999999999999993e+00 2.711960576104766388e-02
4.371999999999999886e+00 2.696448672765615340e-02
4.376999999999999780e+00 2.681200138890967380e-02
4.381999999999999673e+00 2.666212718107649829e-02
4.386999999999999567e+00 2.651497395729358192e-02
4.392000000000000348e+00 2.637025518210461134e-02
4.397000000000000242e+00 2.622821302112105304e-02
4.402000000000000135e+00 2.608856332282028651e-02
4.407000000000000028e+00 2.595154717018707813e-02
4.411999999999999922e+00 2.581688274114212964e-02
4.416999999999999815e+00 2.568481007592659029e-02
4.421999999999999709e+00 2.555504962783334763e-02
4.426999999999999602e+00 2.542758289452254697e-02
4.432000000000000384e+00 2.530264840842368079e-02
4.437000000000000277e+00 2.517996991945233368e-02
4.442000000000000171e+00 2.505952977810961546e-02
4.447000000000000064e+00 2.494143785038660521e-02
4.451999999999999957e+00 2.482567592392457417e-02
4.456999999999999851e+00 2.471197305293291666e-02
4.461999999999999744e+00 2.460056608149909993e-02
4.466999999999999638e+00 2.449131184981465439e-02
4.472000000000000419e+00 2.438406887539259701e-02
4.477000000000000313e+00 2.427907266800379341e-02
4.482000000000000206e+00 2.417605713251586366e-02
4.487000000000000099e+00 2.407513247693484834e-02
4.491999999999999993e+00 2.397628370254299701e-02
4.496999999999999886e+00 2.387937225326429783e-02
4.501999999999999780e+00 2.378438458428435917e-02
4.506999999999999673e+00 2.369130737326989242e-02
4.511999999999999567e+00 2.360025040110628677e-02
4.517000000000000348e+00 2.351095472219789928e-02
4.522000000000000242e+00 2.342353086166995904e-02
4.527000000000000135e+00 2.333796637485206077e-02
4.532000000000000028e+00 2.325412732505613422e-02
4.536999999999999922e+00 2.317212397081558697e-02
4.541999999999999815e+00 2.309170220045032168e-02
4.546999999999999709e+00 2.301309380227069962e-02
4.551999999999999602e+00 2.293604614432787764e-02
4.557000000000000384e+00 2.286066994754624646e-02
4.562000000000000277e+00 2.278695496622237804e-02
4.567000000000000171e+00 2.271477130918687221e-02
4.572000000000000064e+00 2.264410984749759201e-02
4.576999999999999957e+00 2.257484227993092341e-02
4.581999999999999851e+00 2.250719868267956822e-02
4.586999999999999744e+00 2.244093197035118559e-02
4.591999999999999638e+00 2.237615294115896658e-02
4.597000000000000419e+00 2.231261647095055325e-02
4.602000000000000313e+00 2.225043385015728140e-02
4.607000000000000206e+00 2.218959765353340635e-02
4.612000000000000099e+00 2.213010058192555612e-02
4.616999999999999993e+00 2.207181798409832765e-02
4.621999999999999886e+00 2.201474345649926875e-02
4.626999999999999780e+00 2.195875364953976325e-02
4.631999999999999673e+00 2.190395983377196529e-02
4.636999999999999567e+00 2.185023927068918334e-02
4.642000000000000348e+00 2.179770299741248807e-02
4.647000000000000242e+00 2.174611264162683993e-02
4.652000000000000135e+00 2.169557960906898231e-02
4.657000000000000028e+00 2.164598291544774650e-02
4.661999999999999922e+00 2.159731807213556565e-02
4.666999999999999815e+00 2.154946519963270302e-02
4.671999999999999709e+00 2.150265103671926414e-02
4.676999999999999602e+00 2.145652547597724780e-02
4.682000000000000384e+00 2.141120028155577698e-02
4.687000000000000277e+00 2.136667181104321897e-02
4.692000000000000171e+00 2.132282193032692189e-02
4.697000000000000064e+00 2.127976198764457150e-02
4.701999999999999957e+00 2.123726010151454069e-02
4.706999999999999851e+00 2.119531385324987388e-02
4.711999999999999744e+00 2.115403469266340097e-02
4.716999999999999638e+00 2.111319239356958255e-02
4.722000000000000419e+00 2.107289862715560486e-02
4.727000000000000313e+00 2.103303773628599146e-02
4.732000000000000206e+00 2.099360792325626751e-02
4.737000000000000099e+00 2.095460740617936107e-02
4.741999999999999993e+00 2.091592157625010023e-02
4.746999999999999886e+00 2.087754917089741299e-02
4.751999999999999780e+00 2.083937641910572208e-02
4.756999999999999673e+00 2.080151491598063174e-02
4.761999999999999567e+00 2.076385122751315745e-02
4.767000000000000348e+00 2.072627256820350206e-02
4.772000000000000242e+00 2.068877867077646010e-02
4.777000000000000135e+00 2.065148098430074838e-02
4.782000000000000028e+00 2.061415565391458773e-02
4.786999999999999922e+00 2.057680289378873914e-02
4.791999999999999815e+00 2.053942291810376478e-02
4.796999999999999709e+00 2.050190486311239541e-02
4.801999999999999602e+00 2.046436033974052479e-02
4.807000000000000384e+00 2.042667880352387264e-02
4.812000000000000277e+00 2.038875034973198358e-02
4.817000000000000171e+00 2.035057615449191101e-02
4.822000000000000064e+00 2.031215739713488830e-02
4.826999999999999957e+00 2.027349526017967890e-02
4.831999999999999851e+00 2.023437102814675675e-02
4.836999999999999744e+00 2.019500644501578610e-02
4.841999999999999638e+00 2.015507384099875926e-02
4.847000000000000419e+00 2.011479481639997027e-02
4.852000000000000313e+00 2.007395250176844878e-02
4.857000000000000206e+00 2.003265873982637557e-02
4.862000000000000099e+00 1.999069786731666118e-02
4.866999999999999993e+00 1.994818193754689661e-02
4.871999999999999886e+00 1.990511373668729309e-02
4.876999999999999780e+00 1.986127921447813222e-02
4.881999999999999673e+00 1.981679050924379376e-02
4.886999999999999567e+00 1.977154293973203830e-02
4.892000000000000348e+00 1.972554046862024998e-02
4.897000000000000242e+00 1.967867939086509824e-02
4.902000000000000135e+00 1.963107182808059709e-02
4.907000000000000028e+00 1.958261453411099320e-02
4.911999999999999922e+00 1.953320506108880208e-02
4.916999999999999815e+00 1.948284873565610253e-02
4.921999999999999709e+00 1.943155095078983458e-02
4.926999999999999602e+00 1.937931716546527697e-02
4.932000000000000384e+00 1.932604654500301097e-02
4.937000000000000277e+00 1.927174528846349599e-02
4.942000000000000171e+00 1.921631372626372500e-02
4.947000000000000064e+00 1.915986458663328923e-02
