# Energy/B2 CrossSection/a^2
2.000000000000000042e-03 3.608610063878705887e+02
7.000000000000000146e-03 1.031031446822487396e+02
1.200000000000000025e-02 6.014350106464510048e+01
1.700000000000000122e-02 4.245432095414637530e+01
2.199999999999999872e-02 3.280554603526096713e+01
2.699999999999999969e-02 2.673044491762004071e+01
3.200000000000000067e-02 2.255385800689026254e+01
3.699999999999999817e-02 1.950603935731049887e+01
4.200000000000000261e-02 1.718389181477353134e+01
4.700000000000000011e-02 1.535581821745719999e+01
5.199999999999999761e-02 1.387926947645656028e+01
5.700000000000000205e-02 1.266178969782001928e+01
6.199999999999999956e-02 1.164067762541518114e+01
6.700000000000000400e-02 1.077197033993643416e+01
7.199999999999999456e-02 1.002393689195123017e+01
7.699999999999999900e-02 9.373031898967381537e+00
8.200000000000000344e-02 8.801505563664493437e+00
8.699999999999999400e-02 8.295671910580328046e+00
9.199999999999999845e-02 7.844820176309657001e+00
9.700000000000000289e-02 7.440448002273075900e+00
1.019999999999999934e-01 7.075720159024397660e+00
1.069999999999999979e-01 6.745079030098021455e+00
1.120000000000000023e-01 6.443959430540074251e+00
1.170000000000000068e-01 6.168564211758471139e+00
1.219999999999999973e-01 5.915754203079845119e+00
1.270000000000000018e-01 5.682850494297174038e+00
1.320000000000000062e-01 5.467591005876826671e+00
1.370000000000000107e-01 5.268043888874022862e+00
1.419999999999999873e-01 5.082549385744655979e+00
1.469999999999999918e-01 4.909673556297559749e+00
1.519999999999999962e-01 4.748171136682507232e+00
1.570000000000000007e-01 4.596955495386886525e+00
1.620000000000000051e-01 4.455083063089434248e+00
1.670000000000000095e-01 4.321697342637654593e+00
1.719999999999999862e-01 4.196066605933071791e+00
1.769999999999999907e-01 4.077533650963212075e+00
1.819999999999999951e-01 3.965513495716969761e+00
1.869999999999999996e-01 3.859483723104215613e+00
1.920000000000000040e-01 3.758976334481710424e+00
1.970000000000000084e-01 3.663570843758823248e+00
2.020000000000000129e-01 3.572888397131130045e+00
2.069999999999999896e-01 3.486586745026514222e+00
2.119999999999999940e-01 3.404355925568341767e+00
2.169999999999999984e-01 3.325914544794877248e+00
2.220000000000000029e-01 3.251006559551749220e+00
2.270000000000000073e-01 3.179398485552812126e+00
2.320000000000000118e-01 3.110876966467622573e+00
2.369999999999999885e-01 3.045246650719360293e+00
2.419999999999999929e-01 2.982322366841906103e+00
2.469999999999999973e-01 2.921951468727697510e+00
2.520000000000000018e-01 2.863976241173575854e+00
2.570000000000000062e-01 2.808256859049576448e+00
2.620000000000000107e-01 2.754664170899775222e+00
2.670000000000000151e-01 2.703078699534610774e+00
2.720000000000000195e-01 2.653389752851989414e+00
2.770000000000000240e-01 2.605494630959354296e+00
2.819999999999999729e-01 2.559297917644472342e+00
2.869999999999999774e-01 2.514710845908505910e+00
2.919999999999999818e-01 2.471650728684045450e+00
2.969999999999999862e-01 2.430040447056367903e+00
3.019999999999999907e-01 2.389807989323646353e+00
3.069999999999999951e-01 2.350886035100133942e+00
3.119999999999999996e-01 2.313211579409427010e+00
3.170000000000000040e-01 2.276725592352496275e+00
3.220000000000000084e-01 2.241372710483668484e+00
3.270000000000000129e-01 2.207100956500737343e+00
3.320000000000000173e-01 2.173861484264280275e+00
3.370000000000000218e-01 2.141608346515552430e+00
3.420000000000000262e-01 2.110298282970003214e+00
3.469999999999999751e-01 2.079890526731242861e+00
3.519999999999999796e-01 2.050346627203810446e+00
3.569999999999999840e-01 2.021630287887230093e+00
3.619999999999999885e-01 1.993707217612544769e+00
3.669999999999999929e-01 1.966544993939349562e+00
3.719999999999999973e-01 1.940112937569197005e+00
3.770000000000000018e-01 1.914381996752628989e+00
3.820000000000000062e-01 1.889324640774191710e+00
3.870000000000000107e-01 1.864914761694421719e+00
3.920000000000000151e-01 1.841127583611584573e+00
3.970000000000000195e-01 1.817939578780204402e+00
4.020000000000000240e-01 1.795328389989405693e+00
4.069999999999999729e-01 1.773272758662754800e+00
4.119999999999999774e-01 1.751752458193546635e+00
4.169999999999999818e-01 1.730748232076118276e+00
4.219999999999999862e-01 1.710241736435405668e+00
4.269999999999999907e-01 1.690215486594241812e+00
4.319999999999999951e-01 1.670652807351252545e+00
4.369999999999999996e-01 1.651537786672176766e+00
4.420000000000000040e-01 1.632858498236399170e+00
4.470000000000000084e-01 1.614593861790801999e+00
4.520000000000000129e-01 1.596733310222319568e+00
4.570000000000000173e-01 1.579263580351177865e+00
4.620000000000000218e-01 1.562171983161230182e+00
4.670000000000000262e-01 1.545446373063144030e+00
4.719999999999999751e-01 1.529075119111204417e+00
4.769999999999999796e-01 1.513047078030374193e+00
4.819999999999999840e-01 1.497351568922175469e+00
4.869999999999999885e-01 1.481978349528723760e+00
4.919999999999999929e-01 1.466920527777803240e+00
4.969999999999999973e-01 1.452162775989294108e+00
5.020000000000000018e-01 1.437699003320078051e+00
5.070000000000000062e-01 1.423520512163075180e+00
5.120000000000000107e-01 1.409618944661482853e+00
5.170000000000000151e-01 1.395986266279843457e+00
5.220000000000000195e-01 1.382617515544661169e+00
5.270000000000000240e-01 1.369499702304199706e+00
5.320000000000000284e-01 1.356628464500588604e+00
5.370000000000000329e-01 1.343996914551793598e+00
5.420000000000000373e-01 1.331598419030098013e+00
5.470000000000000417e-01 1.319426587046276467e+00
5.520000000000000462e-01 1.307477874209041158e+00
5.570000000000000506e-01 1.295741088982748090e+00
5.620000000000000551e-01 1.284213143351228936e+00
5.669999999999999485e-01 1.272888512457479582e+00
5.719999999999999529e-01 1.261761864621312679e+00
5.769999999999999574e-01 1.250828052969481519e+00
5.819999999999999618e-01 1.240084587652769965e+00
5.869999999999999662e-01 1.229521686565437921e+00
5.919999999999999707e-01 1.219137212861337805e+00
5.969999999999999751e-01 1.208926683440388672e+00
6.019999999999999796e-01 1.198885764142711086e+00
6.069999999999999840e-01 1.189010263614352692e+00
6.119999999999999885e-01 1.179298486055353701e+00
6.169999999999999929e-01 1.169741772229945687e+00
6.219999999999999973e-01 1.160338703321344811e+00
6.270000000000000018e-01 1.151085603613837938e+00
6.320000000000000062e-01 1.141978913711829913e+00
6.370000000000000107e-01 1.133015185974688199e+00
6.420000000000000151e-01 1.124191080164916645e+00
6.470000000000000195e-01 1.115503359298108732e+00
6.520000000000000240e-01 1.106951099569454700e+00
6.570000000000000284e-01 1.098526814184603406e+00
6.620000000000000329e-01 1.090229783865988678e+00
6.670000000000000373e-01 1.082057146805524006e+00
6.720000000000000417e-01 1.074006126367982761e+00
6.770000000000000462e-01 1.066074027945767222e+00
6.820000000000000506e-01 1.058258235952029835e+00
6.870000000000000551e-01 1.050556210945100988e+00
6.919999999999999485e-01 1.042965486877578840e+00
6.969999999999999529e-01 1.035485739417698614e+00
7.019999999999999574e-01 1.028110484863441254e+00
7.069999999999999618e-01 1.020839547912497425e+00
7.119999999999999662e-01 1.013670730862550329e+00
7.169999999999999707e-01 1.006601897313996963e+00
7.219999999999999751e-01 9.996309700472795212e-01
7.269999999999999796e-01 9.927579144847737957e-01
7.319999999999999840e-01 9.859767811891128053e-01
7.369999999999999885e-01 9.792876578431894963e-01
7.419999999999999929e-01 9.726906297684220215e-01
7.469999999999999973e-01 9.661799829828232600e-01
7.520000000000000018e-01 9.597578334406260403e-01
7.570000000000000062e-01 9.534205207502978174e-01
7.620000000000000107e-01 9.471663748950712725e-01
7.670000000000000151e-01 9.409956513670301170e-01
7.720000000000000195e-01 9.349067292772527127e-01
7.770000000000000240e-01 9.288998872202314239e-01
7.820000000000000284e-01 9.229938557468074789e-01
7.870000000000000329e-01 8.488609423912705232e-01
7.920000000000000373e-01 8.207918290966770281e-01
7.970000000000000417e-01 8.039860837692400786e-01
8.020000000000000462e-01 7.923211201157639438e-01
8.070000000000000506e-01 7.837240538901548703e-01
8.120000000000000551e-01 7.769889607766634620e-01
8.169999999999999485e-01 7.713932485982908371e-01
8.219999999999999529e-01 7.665156608018764972e-01
8.269999999999999574e-01 7.621064157510100134e-01
8.319999999999999618e-01 7.580129048670243286e-01
8.369999999999999662e-01 7.541426278620444457e-01
8.419999999999999707e-01 7.504308798741710085e-01
8.469999999999999751e-01 7.468367329429985713e-01
8.519999999999999796e-01 7.433312593055665385e-01
8.569999999999999840e-01 7.398924642742403801e-01
8.619999999999999885e-01 7.365035278084139936e-01
8.669999999999999929e-01 7.331526674318291636e-01
8.719999999999999973e-01 7.298283443670161574e-01
8.770000000000000018e-01 7.265238964947309253e-01
8.820000000000000062e-01 7.232343374134009295e-01
8.870000000000000107e-01 7.199547835954572816e-01
8.920000000000000151e-01 7.166819752898588858e-01
8.970000000000000195e-01 7.134127207858411701e-01
9.020000000000000240e-01 7.101454027956840553e-01
9.070000000000000284e-01 7.068814391961691923e-01
9.120000000000000329e-01 7.036207294808600743e-01
9.170000000000000373e-01 7.003616927397163794e-01
9.220000000000000417e-01 6.971057371357755050e-01
9.270000000000000462e-01 6.938557150411802654e-01
9.320000000000000506e-01 6.906100361206937155e-01
9.370000000000000551e-01 6.873729649889404048e-01
9.419999999999999485e-01 6.841428911117131140e-01
9.469999999999999529e-01 6.809225600458170824e-01
9.519999999999999574e-01 6.777146643913268820e-01
9.569999999999999618e-01 6.745175653446013886e-01
9.619999999999999662e-01 6.713339159462677896e-01
9.669999999999999707e-01 6.681649056886501681e-01
9.719999999999999751e-01 6.650102962650671357e-01
9.769999999999999796e-01 6.618726519445655709e-01
9.819999999999999840e-01 6.587517043697727059e-01
9.869999999999999885e-01 6.556485759669240521e-01
9.919999999999999929e-01 6.525629899156162317e-01
9.969999999999999973e-01 6.494974181291875981e-01
1.002000000000000002e+00 6.464501910355839875e-01
1.006999999999999895e+00 6.434223880326261913e-01
1.012000000000000011e+00 6.404150682487759205e-01
1.016999999999999904e+00 6.374279257863426640e-01
1.022000000000000020e+00 6.344619996687560493e-01
1.026999999999999913e+00 6.315169771334847582e-01
1.032000000000000028e+00 6.285938776805499728e-01
1.036999999999999922e+00 6.256923820463491381e-01
1.042000000000000037e+00 6.228121771990744460e-01
1.046999999999999931e+00 6.199542636282849850e-01
1.052000000000000046e+00 6.171183220271879710e-01
1.056999999999999940e+00 6.143040391962965030e-01
1.062000000000000055e+00 6.115136865077535067e-01
1.066999999999999948e+00 6.087456435406659594e-01
1.072000000000000064e+00 6.060008746840257476e-01
1.076999999999999957e+00 6.032790551908078225e-01
1.082000000000000073e+00 6.005798663327137632e-01
1.086999999999999966e+00 5.979029952617456178e-01
1.092000000000000082e+00 5.952506437742896006e-01
1.096999999999999975e+00 5.926212277761598868e-01
1.102000000000000091e+00 5.900156780571604864e-01
1.106999999999999984e+00 5.874324335118410456e-01
1.112000000000000099e+00 5.848736574718357284e-01
1.116999999999999993e+00 5.823377948069604626e-01
1.122000000000000108e+00 5.798257606144092691e-01
1.127000000000000002e+00 5.773372380063188647e-01
1.131999999999999895e+00 5.748719156973762789e-01
1.137000000000000011e+00 5.724294878816325038e-01
1.141999999999999904e+00 5.700108545049975550e-01
1.147000000000000020e+00 5.676145096905840237e-01
1.151999999999999913e+00 5.652425438227971499e-01
1.157000000000000028e+00 5.628922714689077456e-01
1.161999999999999922e+00 5.605669532330304072e-01
1.167000000000000037e+00 5.582627440845281397e-01
1.171999999999999931e+00 5.559817146750364314e-01
1.177000000000000046e+00 5.537235705450315182e-01
1.181999999999999940e+00 5.514880222503562024e-01
1.187000000000000055e+00 5.492747852565891264e-01
1.191999999999999948e+00 5.470835798360718094e-01
1.197000000000000064e+00 5.449141309675168410e-01
1.201999999999999957e+00 5.427673099837319048e-01
1.207000000000000073e+00 5.406417000370853376e-01
1.211999999999999966e+00 5.385370397723551195e-01
1.217000000000000082e+00 5.364542002307127744e-01
1.221999999999999975e+00 5.343929151937514277e-01
1.227000000000000091e+00 5.323518036786022423e-01
1.231999999999999984e+00 5.303317361172071864e-01
1.237000000000000099e+00 5.283324590925746467e-01
1.241999999999999993e+00 5.263537233242867597e-01
1.247000000000000108e+00 5.243941817649254711e-01
1.252000000000000002e+00 5.224558010382343021e-01
1.256999999999999895e+00 5.205361443036237157e-01
1.262000000000000011e+00 5.186360797243697585e-01
1.266999999999999904e+00 5.167553773861456312e-01
1.272000000000000020e+00 5.148938110440985927e-01
1.276999999999999913e+00 5.130500810908701359e-01
1.282000000000000028e+00 5.112261263415455170e-01
1.286999999999999922e+00 5.094195811593585921e-01
1.292000000000000037e+00 5.076313101298972619e-01
1.296999999999999931e+00 5.058611042068831276e-01
1.302000000000000046e+00 5.041077003737974849e-01
1.306999999999999940e+00 5.023730143611884191e-01
1.312000000000000055e+00 5.006536864523257746e-01
1.316999999999999948e+00 4.989526803665551014e-01
1.322000000000000064e+00 4.972677072144260357e-01
1.326999999999999957e+00 4.955985876637976628e-01
1.332000000000000073e+00 4.939461797758680217e-01
1.336999999999999966e+00 4.923092676407107571e-01
1.342000000000000082e+00 4.906887074363310841e-01
1.346999999999999975e+00 4.890822721094805758e-01
1.352000000000000091e+00 4.874918468097133029e-01
1.356999999999999984e+00 4.859162405662521000e-01
1.362000000000000099e+00 4.843552922434151697e-01
1.366999999999999993e+00 4.828088430915389861e-01
1.372000000000000108e+00 4.812757303857725377e-01
1.377000000000000002e+00 4.797568131657258261e-01
1.381999999999999895e+00 4.782519394991713857e-01
1.387000000000000011e+00 4.767609596727831467e-01
1.391999999999999904e+00 4.752827333298146328e-01
1.397000000000000020e+00 4.738171249954375996e-01
1.401999999999999913e+00 4.723649873729034443e-01
1.407000000000000028e+00 4.709251960976796325e-01
1.411999999999999922e+00 4.694976215021545718e-01
1.417000000000000037e+00 4.680821357611105182e-01
1.421999999999999931e+00 4.666776394984361587e-01
1.427000000000000046e+00 4.652859583556314127e-01
1.431999999999999940e+00 4.639050262307401473e-01
1.437000000000000055e+00 4.625356956404054198e-01
1.441999999999999948e+00 4.611778474284486951e-01
1.447000000000000064e+00 4.598294484768009061e-01
1.451999999999999957e+00 4.584923107024311828e-01
1.457000000000000073e+00 4.571663197036865411e-01
1.461999999999999966e+00 4.558494651528242625e-01
1.467000000000000082e+00 4.545435451774317848e-01
1.471999999999999975e+00 4.532465642533475836e-01
1.477000000000000091e+00 4.519593714819291064e-01
1.481999999999999984e+00 4.506818685612785091e-01
1.487000000000000099e+00 4.494130244378580219e-01
1.491999999999999993e+00 4.481536832612438848e-01
1.497000000000000108e+00 4.469037505780863451e-01
1.502000000000000002e+00 4.456622076813185340e-01
1.506999999999999895e+00 4.444289710627809531e-01
1.512000000000000011e+00 4.432039583189198440e-01
1.516999999999999904e+00 4.419870881325829171e-01
1.522000000000000020e+00 4.407782802551742374e-01
1.526999999999999913e+00 4.395774554891602737e-01
1.532000000000000028e+00 4.383845356709174523e-01
1.536999999999999922e+00 4.371994436539158868e-01
1.542000000000000037e+00 4.360211997950262930e-01
1.546999999999999931e+00 4.348497369514499056e-01
1.552000000000000046e+00 4.336867851810279895e-01
1.556999999999999940e+00 4.325295766413885801e-01
1.562000000000000055e+00 4.313798405261896063e-01
1.566999999999999948e+00 4.302366150102436282e-01
1.572000000000000064e+00 4.291007249516327060e-01
1.576999999999999957e+00 4.279703303201325415e-01
1.582000000000000073e+00 4.268462601526643585e-01
1.586999999999999966e+00 4.257293339860425130e-01
1.592000000000000082e+00 4.246177295255715300e-01
1.596999999999999975e+00 4.235122703670842204e-01
1.602000000000000091e+00 4.224128982783116326e-01
1.606999999999999984e+00 4.213195557544121006e-01
1.612000000000000099e+00 4.202313184919058142e-01
1.616999999999999993e+00 4.191490028379077915e-01
1.622000000000000108e+00 4.180725533602102639e-01
1.627000000000000002e+00 4.170010551293729106e-01
1.631999999999999895e+00 4.159344613215307795e-01
1.637000000000000011e+00 4.148735810542104052e-01
1.641999999999999904e+00 4.138175085183383728e-01
1.647000000000000020e+00 4.127670492402147340e-01
1.651999999999999913e+00 4.117213033911434339e-01
1.657000000000000028e+00 4.106802270483751460e-01
1.661999999999999922e+00 4.096437768281360192e-01
1.667000000000000037e+00 4.086127510845968813e-01
1.671999999999999931e+00 4.075862616510701475e-01
1.677000000000000046e+00 4.065642667490311779e-01
1.681999999999999940e+00 4.055467251070263290e-01
1.687000000000000055e+00 4.045335959531568548e-01
1.691999999999999948e+00 4.035248390076990321e-01
1.697000000000000064e+00 4.025204144758529612e-01
1.701999999999999957e+00 4.015202830406195411e-01
1.707000000000000073e+00 4.005244058558031783e-01
1.711999999999999966e+00 3.995335653432108836e-01
1.717000000000000082e+00 3.985460797601182992e-01
1.721999999999999975e+00 3.975627346566778519e-01
1.727000000000000091e+00 3.965834930022492655e-01
1.731999999999999984e+00 3.956083182037979928e-01
1.737000000000000099e+00 3.946371740995978095e-01
1.741999999999999993e+00 3.936700249530410423e-01
1.747000000000000108e+00 3.927068354465538258e-01
1.752000000000000002e+00 3.917475706756181064e-01
1.756999999999999895e+00 3.907913948305934415e-01
1.762000000000000011e+00 3.898398785526283605e-01
1.766999999999999904e+00 3.888921847063959714e-01
1.772000000000000020e+00 3.879474849770040978e-01
1.776999999999999913e+00 3.870073385306921909e-01
1.782000000000000028e+00 3.860701248740374680e-01
1.786999999999999922e+00 3.851373955978972807e-01
1.792000000000000037e+00 3.842075392405219780e-01
1.796999999999999931e+00 3.832820998766903742e-01
1.802000000000000046e+00 3.823594749762857514e-01
1.806999999999999940e+00 3.814412011566656879e-01
1.812000000000000055e+00 3.805256847213055460e-01
1.816999999999999948e+00 3.796144548881543734e-01
1.822000000000000064e+00 3.787059266981822603e-01
1.826999999999999957e+00 3.778016220273040515e-01
1.832000000000000073e+00 3.769007352245491438e-01
1.836999999999999966e+00 3.760032375845968056e-01
1.842000000000000082e+00 3.751091007232056906e-01
1.846999999999999975e+00 3.742182965728670929e-01
1.852000000000000091e+00 3.733315602328523553e-01
1.856999999999999984e+00 3.724473366173118860e-01
1.862000000000000099e+00 3.715671223802055056e-01
1.866999999999999993e+00 3.706901278507961361e-01
1.872000000000000108e+00 3.698170816968234798e-01
1.877000000000000002e+00 3.689464454178372210e-01
1.881999999999999895e+00 3.680804529816355530e-01
1.887000000000000011e+00 3.672168188736425476e-01
1.891999999999999904e+00 3.663570187008190482e-01
1.897000000000000020e+00 3.655002760043875032e-01
1.901999999999999913e+00 3.646473099608134039e-01
1.907000000000000028e+00 3.637973484223321341e-01
1.911999999999999922e+00 3.629511074483422473e-01
1.917000000000000037e+00 3.621078191522913992e-01
1.921999999999999931e+00 3.612681964955110070e-01
1.927000000000000046e+00 3.604322106318647023e-01
1.931999999999999940e+00 3.595990999874542626e-01
1.937000000000000055e+00 3.587695729249904542e-01
1.941999999999999948e+00 3.579428720106652695e-01
1.947000000000000064e+00 3.571197025568217942e-01
1.951999999999999957e+00 3.563000371333828742e-01
1.957000000000000073e+00 3.554838485928115133e-01
1.961999999999999966e+00 3.546711100665115302e-01
1.967000000000000082e+00 3.538610743029554917e-01
1.971999999999999975e+00 3.530551580317646265e-01
1.977000000000000091e+00 3.522518956023681924e-01
1.981999999999999984e+00 3.514519818613899282e-01
1.987000000000000099e+00 3.506553912591129918e-01
1.991999999999999993e+00 3.498628105684261080e-01
1.997000000000000108e+00 3.490727889305765830e-01
2.001999999999999780e+00 3.482860153293022565e-01
2.007000000000000117e+00 3.475031722320669481e-01
2.012000000000000011e+00 3.467228196749932989e-01
2.016999999999999904e+00 3.459463459598062784e-01
2.021999999999999797e+00 3.451730203021357579e-01
2.027000000000000135e+00 3.444028191560952190e-01
2.032000000000000028e+00 3.436364179285800180e-01
2.036999999999999922e+00 3.428730915518328204e-01
2.041999999999999815e+00 3.421128171949284758e-01
2.047000000000000153e+00 3.413562660928199932e-01
2.052000000000000046e+00 3.406027187984904114e-01
2.056999999999999940e+00 3.398521531697692999e-01
2.061999999999999833e+00 3.391052363106160095e-01
2.067000000000000171e+00 3.383612543015555585e-01
2.072000000000000064e+00 3.376208715225937906e-01
2.076999999999999957e+00 3.368833776957028125e-01
2.081999999999999851e+00 3.361494344951045932e-01
2.087000000000000188e+00 3.354190164012043618e-01
2.092000000000000082e+00 3.346914185332630076e-01
2.096999999999999975e+00 3.339666204929040982e-01
2.101999999999999869e+00 3.332459551178278967e-01
2.107000000000000206e+00 3.325280432312585632e-01
2.112000000000000099e+00 3.318135385204454835e-01
2.116999999999999993e+00 3.311024168438501669e-01
2.121999999999999886e+00 3.303939838495544290e-01
2.126999999999999780e+00 3.296888892924630388e-01
2.132000000000000117e+00 3.289871096845092269e-01
2.137000000000000011e+00 3.282886217574494392e-01
2.141999999999999904e+00 3.275934024602967787e-01
2.146999999999999797e+00 3.269014289567920839e-01
2.152000000000000135e+00 3.262120171012988235e-01
2.157000000000000028e+00 3.255264689846105175e-01
2.161999999999999922e+00 3.248434408055720923e-01
2.166999999999999815e+00 3.241642292187306706e-01
2.172000000000000153e+00 3.234874966523527129e-01
2.177000000000000046e+00 3.228145343692169766e-01
2.181999999999999940e+00 3.221440109641546812e-01
2.186999999999999833e+00 3.214772123521690839e-01
2.192000000000000171e+00 3.208128132327887627e-01
2.197000000000000064e+00 3.201520942167563888e-01
2.201999999999999957e+00 3.194943832462059374e-01
2.206999999999999851e+00 3.188396598767864187e-01
2.212000000000000188e+00 3.181879038489964784e-01
2.217000000000000082e+00 3.175390950861001205e-01
2.221999999999999975e+00 3.168938553441892347e-01
2.226999999999999869e+00 3.162508802304093702e-01
2.232000000000000206e+00 3.156114321499983721e-01
2.237000000000000099e+00 3.149748501031749415e-01
2.241999999999999993e+00 3.143411149148703787e-01
2.246999999999999886e+00 3.137108424407110685e-01
2.251999999999999780e+00 3.130827427847108768e-01
2.257000000000000117e+00 3.124580656703981330e-01
2.262000000000000011e+00 3.118367886105408160e-01
2.266999999999999904e+00 3.112176302427946961e-01
2.271999999999999797e+00 3.106018328133524631e-01
2.277000000000000135e+00 3.099887474787574870e-01
2.282000000000000028e+00 3.093783564119182983e-01
2.286999999999999922e+00 3.087712662513806827e-01
2.291999999999999815e+00 3.081668325857292445e-01
2.297000000000000153e+00 3.075650380673700668e-01
2.302000000000000046e+00 3.069658654994267821e-01
2.306999999999999940e+00 3.063699170099649094e-01
2.311999999999999833e+00 3.057765539839357172e-01
2.317000000000000171e+00 3.051863763270478147e-01
2.322000000000000064e+00 3.045987482859676687e-01
2.326999999999999957e+00 3.040136534256986933e-01
2.331999999999999851e+00 3.034310754521961084e-01
2.337000000000000188e+00 3.028516098571403248e-01
2.342000000000000082e+00 3.022746265058715021e-01
2.346999999999999975e+00 3.017007187150705927e-01
2.351999999999999869e+00 3.011292591247184403e-01
2.357000000000000206e+00 3.005602321544131317e-01
2.362000000000000099e+00 2.999936223556787240e-01
2.366999999999999993e+00 2.994300187254568257e-01
2.371999999999999886e+00 2.988687993529436926e-01
2.376999999999999780e+00 2.983105511063728343e-01
2.382000000000000117e+00 2.977546547665068655e-01
2.387000000000000011e+00 2.972010955538733623e-01
2.391999999999999904e+00 2.966498588125742741e-01
2.396999999999999797e+00 2.961015271832276863e-01
2.402000000000000135e+00 2.955554867340677294e-01
2.407000000000000028e+00 2.950117231868629730e-01
2.411999999999999922e+00 2.944708160546837261e-01
2.416999999999999815e+00 2.939321553072511417e-01
2.422000000000000153e+00 2.933957270321906896e-01
2.427000000000000046e+00 2.928615174317744096e-01
2.431999999999999940e+00 2.923301018955820618e-01
2.436999999999999833e+00 2.918008755021702649e-01
2.442000000000000171e+00 2.912738248047157530e-01
2.447000000000000064e+00 2.907489364663004006e-01
2.451999999999999957e+00 2.902261972587895089e-01
2.456999999999999851e+00 2.897061774948102020e-01
2.462000000000000188e+00 2.891882784989476818e-01
2.467000000000000082e+00 2.886724873763817367e-01
2.471999999999999975e+00 2.881587913366190357e-01
2.476999999999999869e+00 2.876471776924404700e-01
2.482000000000000206e+00 2.871382117677300783e-01
2.487000000000000099e+00 2.866307241693378804e-01
2.491999999999999993e+00 2.861252815185571508e-01
2.496999999999999886e+00 2.856224461786295854e-01
2.501999999999999780e+00 2.851216291590936702e-01
2.507000000000000117e+00 2.846222458878575612e-01
2.512000000000000011e+00 2.841254304463435298e-01
2.516999999999999904e+00 2.836300270193111706e-01
2.521999999999999797e+00 2.831371655988515479e-01
2.527000000000000135e+00 2.826456948192638263e-01
2.532000000000000028e+00 2.821567406134749545e-01
2.536999999999999922e+00 2.816691560279382389e-01
2.541999999999999815e+00 2.811834978701431842e-01
2.547000000000000153e+00 2.806997547948144600e-01
2.552000000000000046e+00 2.802179155455897797e-01
2.556999999999999940e+00 2.797374069686659470e-01
2.561999999999999833e+00 2.792587820261540621e-01
2.567000000000000171e+00 2.787820297112303392e-01
2.572000000000000064e+00 2.783071391026609165e-01
2.576999999999999957e+00 2.778335414717349461e-01
2.581999999999999851e+00 2.773617859852396950e-01
2.587000000000000188e+00 2.768913060940622062e-01
2.592000000000000082e+00 2.764226490799783220e-01
2.596999999999999975e+00 2.759552505560974311e-01
2.601999999999999869e+00 2.754896559309651383e-01
2.607000000000000206e+00 2.750253029627704460e-01
2.612000000000000099e+00 2.745621843287059938e-01
2.616999999999999993e+00 2.741008426437770429e-01
2.621999999999999886e+00 2.736407188474566099e-01
2.626999999999999780e+00 2.731818057977624670e-01
2.632000000000000117e+00 2.727246433414701188e-01
2.637000000000000011e+00 2.722681296059379363e-01
2.641999999999999904e+00 2.718128055276140542e-01
2.646999999999999797e+00 2.713592081989902316e-01
2.652000000000000135e+00 2.709062417575475168e-01
2.657000000000000028e+00 2.704544443729138270e-01
2.661999999999999922e+00 2.700038092835572723e-01
2.666999999999999815e+00 2.695537896153227808e-01
2.672000000000000153e+00 2.691049207855504277e-01
2.677000000000000046e+00 2.686571961791483498e-01
2.681999999999999940e+00 2.682100719239232101e-01
2.686999999999999833e+00 2.677635443461370834e-01
2.692000000000000171e+00 2.673181452219040022e-01
2.697000000000000064e+00 2.668733336444306103e-01
2.701999999999999957e+00 2.664285725124815318e-01
2.706999999999999851e+00 2.659849262995213626e-01
2.712000000000000188e+00 2.655418570301671943e-01
2.717000000000000082e+00 2.650988305047566329e-01
2.721999999999999975e+00 2.646563758772025876e-01
2.726999999999999869e+00 2.642139608630672543e-01
2.732000000000000206e+00 2.637721128048889363e-01
2.737000000000000099e+00 2.633303013241644064e-01
2.741999999999999993e+00 2.628885258607267517e-01
2.746999999999999886e+00 2.624467858726750036e-01
2.751999999999999780e+00 2.620045565778101326e-01
2.757000000000000117e+00 2.615623635637269739e-01
2.762000000000000011e+00 2.611202063370713922e-01
2.766999999999999904e+00 2.606775629123866400e-01
2.771999999999999797e+00 2.602339149750522163e-01
2.777000000000000135e+00 2.597903069182632696e-01
2.782000000000000028e+00 2.593457007592255281e-01
2.786999999999999922e+00 2.589006193963316882e-01
2.791999999999999815e+00 2.584540312387194616e-01
2.797000000000000153e+00 2.580069761421895369e-01
2.802000000000000046e+00 2.575584261615005421e-01
2.806999999999999940e+00 2.571083890720983756e-01
2.811999999999999833e+00 2.566573859645936428e-01
2.817000000000000171e+00 2.562043970761060940e-01
2.822000000000000064e+00 2.557499444062059646e-01
2.826999999999999957e+00 2.552935251410174966e-01
2.831999999999999851e+00 2.548346401022189012e-01
2.837000000000000188e+00 2.543738112921644645e-01
2.842000000000000082e+00 2.539105413559152313e-01
2.846999999999999975e+00 2.534448435322542159e-01
2.851999999999999869e+00 2.529762250296193615e-01
2.857000000000000206e+00 2.525041967173486945e-01
2.862000000000000099e+00 2.520292815471447123e-01
2.866999999999999993e+00 2.515509922482456195e-01
2.871999999999999886e+00 2.510683428746584012e-01
2.876999999999999780e+00 2.505823606483215671e-01
2.882000000000000117e+00 2.500915628546577230e-01
2.887000000000000011e+00 2.495964762842259044e-01
2.891999999999999904e+00 2.490966267550149826e-01
2.896999999999999797e+00 2.485915438718235559e-01
2.902000000000000135e+00 2.480812578395557577e-01
2.907000000000000028e+00 2.475648072768976415e-01
2.911999999999999922e+00 2.470422282444938444e-01
2.916999999999999815e+00 2.465135569357804757e-01
2.922000000000000153e+00 2.459773507570371942e-01
2.927000000000000046e+00 2.454341468501597956e-01
2.931999999999999940e+00 2.448834966258185142e-01
2.936999999999999833e+00 2.443244655352153072e-01
2.942000000000000171e+00 2.437566162015107896e-01
2.947000000000000064e+00 2.431795155175524581e-01
2.951999999999999957e+00 2.425932217948112146e-01
2.956999999999999851e+00 2.419963355300202290e-01
2.962000000000000188e+00 2.413889249615878418e-01
2.967000000000000082e+00 2.407700908266070250e-01
2.971999999999999975e+00 2.401394256775779557e-01
2.976999999999999869e+00 2.394960449857150564e-01
2.982000000000000206e+00 2.388390734205868837e-01
2.987000000000000099e+00 2.381681248588916611e-01
2.991999999999999993e+00 2.374828184894276217e-01
2.996999999999999886e+00 2.367818237747507382e-01
3.001999999999999780e+00 2.360643011585528694e-01
3.007000000000000117e+00 2.353298968220090270e-01
3.012000000000000011e+00 2.345768405529107814e-01
3.016999999999999904e+00 2.338052744314056963e-01
3.021999999999999797e+00 2.330134552938847858e-01
3.027000000000000135e+00 2.322006024700982718e-01
3.032000000000000028e+00 2.313659475208763583e-01
3.036999999999999922e+00 2.305077984378075262e-01
3.041999999999999815e+00 2.296254201195665201e-01
3.047000000000000153e+00 2.287171601935175935e-01
3.052000000000000046e+00 2.277827836773411441e-01
3.056999999999999940e+00 2.268197510617973589e-01
3.061999999999999833e+00 2.258274060950152540e-01
3.067000000000000171e+00 2.248046490585323687e-01
3.072000000000000064e+00 2.237494860350780490e-01
3.076999999999999957e+00 2.226604158620746066e-01
3.081999999999999851e+00 2.215359686099136749e-01
3.087000000000000188e+00 2.203747069375189827e-01
3.092000000000000082e+00 2.191752275094506763e-01
3.096999999999999975e+00 2.179352610302428273e-01
3.101999999999999869e+00 2.166534868025218330e-01
3.107000000000000206e+00 2.153281759946525653e-01
3.112000000000000099e+00 2.139576477594299642e-01
3.116999999999999993e+00 2.125398278001957575e-01
3.121999999999999886e+00 2.110727019349436795e-01
3.126999999999999780e+00 2.095551987680345785e-01
3.132000000000000117e+00 2.079845457308404366e-01
3.137000000000000011e+00 2.063597986220825908e-01
3.141999999999999904e+00 2.046783344492098811e-01
3.146999999999999797e+00 2.029393491882643397e-01
3.152000000000000135e+00 2.011399546917878867e-01
3.157000000000000028e+00 1.992790812150289081e-01
3.161999999999999922e+00 1.973553130343184137e-01
3.166999999999999815e+00 1.953669041404769713e-01
3.172000000000000153e+00 1.933126340766371520e-01
3.177000000000000046e+00 1.911909662275489141e-01
3.181999999999999940e+00 1.890013081291453401e-01
3.186999999999999833e+00 1.867423436799796055e-01
3.192000000000000171e+00 1.844136994690041553e-01
3.197000000000000064e+00 1.820151098201358009e-01
3.201999999999999957e+00 1.795460184691273497e-01
3.206999999999999851e+00 1.770075943511061345e-01
3.212000000000000188e+00 1.743995041981840355e-01
3.217000000000000082e+00 1.717231214944140438e-01
3.221999999999999975e+00 1.689799062558309251e-01
3.226999999999999869e+00 1.661721775862480821e-01
3.232000000000000206e+00 1.633015510172901863e-01
3.237000000000000099e+00 1.603712445128535335e-01
3.241999999999999993e+00 1.573848802422098403e-01
3.246999999999999886e+00 1.543460922289769666e-01
3.251999999999999780e+00 1.512599889299598710e-01
3.257000000000000117e+00 1.481312565823973137e-01
3.262000000000000011e+00 1.449659646197699048e-01
3.266999999999999904e+00 1.417700597410391505e-01
3.271999999999999797e+00 1.385511061003061040e-01
3.277000000000000135e+00 1.353160969704275129e-01
3.282000000000000028e+00 1.320728304298278422e-01
3.286999999999999922e+00 1.288301704543931003e-01
3.291999999999999815e+00 1.255969527458977719e-01
3.297000000000000153e+00 1.223819538534658413e-01
3.302000000000000046e+00 1.191948305299631722e-01
3.306999999999999940e+00 1.160450698770724709e-01
3.311999999999999833e+00 1.129422789405246791e-01
3.317000000000000171e+00 1.098961416341986408e-01
3.322000000000000064e+00 1.069163802419076797e-01
3.326999999999999957e+00 1.040121215773288504e-01
3.331999999999999851e+00 1.011922097750555805e-01
3.337000000000000188e+00 9.846549851271024778e-02
3.342000000000000082e+00 9.583997383373220325e-02
3.346999999999999975e+00 9.332280895130862231e-02
3.351999999999999869e+00 9.092070247825716212e-02
3.357000000000000206e+00 8.864019725720828635e-02
3.362000000000000099e+00 8.648607500049633467e-02
3.366999999999999993e+00 8.446257202209180026e-02
3.371999999999999886e+00 8.257317935640298701e-02
3.376999999999999780e+00 8.082072464519693411e-02
3.382000000000000117e+00 7.920667119625290908e-02
3.387000000000000011e+00 7.773174770801716260e-02
3.391999999999999904e+00 7.639602524542769835e-02
3.396999999999999797e+00 7.519873297517319644e-02
3.402000000000000135e+00 7.413807671218354545e-02
3.407000000000000028e+00 7.321180242633765212e-02
3.411999999999999922e+00 7.241673485580688019e-02
3.416999999999999815e+00 7.174979942252536491e-02
3.422000000000000153e+00 7.120655044916081311e-02
3.427000000000000046e+00 7.078241499109422241e-02
3.431999999999999940e+00 7.047292047272846194e-02
3.436999999999999833e+00 7.027245634486420367e-02
3.442000000000000171e+00 7.017595535095219605e-02
3.447000000000000064e+00 7.017788617541391438e-02
3.451999999999999957e+00 7.027246272833055640e-02
3.456999999999999851e+00 7.045384906610653586e-02
3.462000000000000188e+00 7.071660675882265878e-02
3.467000000000000082e+00 7.105493150514434475e-02
3.471999999999999975e+00 7.146334738868714842e-02
3.476999999999999869e+00 7.193643414720767015e-02
3.482000000000000206e+00 7.246879951257134689e-02
3.487000000000000099e+00 7.305530010473396119e-02
3.491999999999999993e+00 7.369127026302131622e-02
3.496999999999999886e+00 7.437152130025653785e-02
3.501999999999999780e+00 7.509180843414070550e-02
3.507000000000000117e+00 7.584783794754121344e-02
3.512000000000000011e+00 7.663550739658100963e-02
3.516999999999999904e+00 7.745090216197143829e-02
3.521999999999999797e+00 7.829054731787880861e-02
3.527000000000000135e+00 7.915115941527055277e-02
3.532000000000000028e+00 8.002939267450798200e-02
3.536999999999999922e+00 8.092234988109409111e-02
3.541999999999999815e+00 8.182733435271723199e-02
3.547000000000000153e+00 8.274211432120148757e-02
3.552000000000000046e+00 8.366389164735582584e-02
3.556999999999999940e+00 8.459086101986421080e-02
3.561999999999999833e+00 8.552091869574056371e-02
3.567000000000000171e+00 8.645218551498920490e-02
3.572000000000000064e+00 8.738327932229407458e-02
3.576999999999999957e+00 8.831252689078158968e-02
3.581999999999999851e+00 8.923876294274524223e-02
3.587000000000000188e+00 9.016053473149700237e-02
3.592000000000000082e+00 9.107690837297870157e-02
3.596999999999999975e+00 9.198666610226167994e-02
3.601999999999999869e+00 9.288939247708859204e-02
3.607000000000000206e+00 9.378384808307385634e-02
3.612000000000000099e+00 9.466960362421149300e-02
3.616999999999999993e+00 9.554595229718097771e-02
3.621999999999999886e+00 9.641245910203727343e-02
3.626999999999999780e+00 9.726840993428784166e-02
3.632000000000000117e+00 9.811364448249985937e-02
3.637000000000000011e+00 9.894800606001753762e-02
3.641999999999999904e+00 9.977077913866748415e-02
3.646999999999999797e+00 1.005820906873047815e-01
3.652000000000000135e+00 1.013812259110541403e-01
3.657000000000000028e+00 1.021688864249890583e-01
3.661999999999999922e+00 1.029440790507490516e-01
3.666999999999999815e+00 1.037075181886016606e-01
3.672000000000000153e+00 1.044584992641323234e-01
3.677000000000000046e+00 1.051974641587980486e-01
3.681999999999999940e+00 1.059240002202567615e-01
3.686999999999999833e+00 1.066385619564624576e-01
3.692000000000000171e+00 1.073410339618546677e-01
3.697000000000000064e+00 1.080313040426161136e-01
3.701999999999999957e+00 1.087098455135236813e-01
3.706999999999999851e+00 1.093762648474308347e-01
3.712000000000000188e+00 1.100310463139665962e-01
3.717000000000000082e+00 1.106740960657898454e-01
3.721999999999999975e+00 1.113056168347622971e-01
3.726999999999999869e+00 1.119258165676558364e-01
3.732000000000000206e+00 1.125349082268397305e-01
3.737000000000000099e+00 1.131328139667719668e-01
3.741999999999999993e+00 1.137194583032678646e-01
3.746999999999999886e+00 1.142956583404031307e-01
3.751999999999999780e+00 1.148610507925943436e-01
3.757000000000000117e+00 1.154161657201498159e-01
3.762000000000000011e+00 1.159606443906293916e-01
3.766999999999999904e+00 1.164953231878792239e-01
3.771999999999999797e+00 1.170198490784569445e-01
3.777000000000000135e+00 1.175344683347050029e-01
3.782000000000000028e+00 1.180394307714386082e-01
3.786999999999999922e+00 1.185349895910603329e-01
3.791999999999999815e+00 1.190211002152940373e-01
3.797000000000000153e+00 1.194980209645008368e-01
3.802000000000000046e+00 1.199660131878361596e-01
3.806999999999999940e+00 1.204253411239257915e-01
3.811999999999999833e+00 1.208756666506077826e-01
3.817000000000000171e+00 1.213172572610343031e-01
3.822000000000000064e+00 1.217506863399722694e-01
3.826999999999999957e+00 1.221759239372241651e-01
3.831999999999999851e+00 1.225929411448641038e-01
3.837000000000000188e+00 1.230020143014476375e-01
3.842000000000000082e+00 1.234034219625890771e-01
3.846999999999999975e+00 1.237968351952331708e-01
3.851999999999999869e+00 1.241828400622377176e-01
3.857000000000000206e+00 1.245614150209766041e-01
3.862000000000000099e+00 1.249325393411774010e-01
3.866999999999999993e+00 1.252968047839913557e-01
3.871999999999999886e+00 1.256538875716034509e-01
3.876999999999999780e+00 1.260037700032304309e-01
3.882000000000000117e+00 1.263470481665031897e-01
3.887000000000000011e+00 1.266837070826987988e-01
3.891999999999999904e+00 1.270137323885759950e-01
3.896999999999999797e+00 1.273374174661650038e-01
3.902000000000000135e+00 1.276544424072692807e-01
3.907000000000000028e+00 1.279654096371103666e-01
3.911999999999999922e+00 1.282703082009373496e-01
3.916999999999999815e+00 1.285691276421427331e-01
3.922000000000000153e+00 1.288618579990871427e-01
3.927000000000000046e+00 1.291487979287286869e-01
3.931999999999999940e+00 1.294299388658628480e-01
3.936999999999999833e+00 1.297052726858628768e-01
3.942000000000000171e+00 1.299751002241313347e-01
3.947000000000000064e+00 1.302394145813380866e-01
3.951999999999999957e+00 1.304982092480856393e-01
3.956999999999999851e+00 1.307517869580644976e-01
3.962000000000000188e+00 1.310001422674423044e-01
3.967000000000000082e+00 1.312432700753015935e-01
3.971999999999999975e+00 1.314811656214810442e-01
3.976999999999999869e+00 1.317141336941349550e-01
3.982000000000000206e+00 1.319421704266973139e-01
3.987000000000000099e+00 1.321652722500428478e-01
3.991999999999999993e+00 1.323834358906244291e-01
3.996999999999999886e+00 1.325969678356921089e-01
4.001999999999999780e+00 1.328055560294598425e-01
4.006999999999999673e+00 1.330098171789883266e-01
4.011999999999999567e+00 1.332091301880985457e-01
4.017000000000000348e+00 1.334041124484328378e-01
4.022000000000000242e+00 1.335947625360457414e-01
4.027000000000000135e+00 1.337807695590552404e-01
4.032000000000000028e+00 1.339624421772588059e-01
4.036999999999999922e+00 1.341397796313280322e-01
4.041999999999999815e+00 1.343130911003002359e-01
4.046999999999999709e+00 1.344820665325352493e-01
4.051999999999999602e+00 1.346467057909849774e-01
4.057000000000000384e+00 1.348076283884139248e-01
4.062000000000000277e+00 1.349642151210388719e-01
4.067000000000000171e+00 1.351167761415726920e-01
4.072000000000000064e+00 1.352656217277189155e-01
4.076999999999999957e+00 1.354101332874504682e-01
4.081999999999999851e+00 1.355512407116279128e-01
4.086999999999999744e+00 1.356883257559537426e-01
4.091999999999999638e+00 1.358213896969581169e-01
4.097000000000000419e+00 1.359507434920327051e-01
4.102000000000000313e+00 1.360766980860602937e-01
4.107000000000000206e+00 1.361986361295452197e-01
4.112000000000000099e+00 1.363171782610281824e-01
4.116999999999999993e+00 1.364320169183076414e-01
4.121999999999999886e+00 1.365434633846435986e-01
4.126999999999999780e+00 1.366512104724529331e-01
4.131999999999999673e+00 1.367552604940576733e-01
4.136999999999999567e+00 1.368562339661285321e-01
4.142000000000000348e+00 1.369535151057305888e-01
4.147000000000000242e+00 1.370477243682554636e-01
4.152000000000000135e+00 1.371382465066753875e-01
4.157000000000000028e+00 1.372257018831285202e-01
4.161999999999999922e+00 1.373094758128434179e-01
4.166999999999999815e+00 1.373904970515619772e-01
4.171999999999999709e+00 1.374678427877174813e-01
4.176999999999999602e+00 1.375424414117591143e-01
4.182000000000000384e+00 1.376133708998183436e-01
4.187000000000000277e+00 1.376815592338455074e-01
4.192000000000000171e+00 1.377463932113265899e-01
4.197000000000000064e+00 1.378081842575784033e-01
4.201999999999999957e+00 1.378672434344694331e-01
4.206999999999999851e+00 1.379229584795262087e-01
4.211999999999999744e+00 1.379756407462610079e-01
4.216999999999999638e+00 1.380256011852962483e-01
4.222000000000000419e+00 1.380725357886612437e-01
4.227000000000000313e+00 1.381164482764317969e-01
4.232000000000000206e+00 1.381576494470596883e-01
4.237000000000000099e+00 1.381958359180451845e-01
4.241999999999999993e+00 1.382313183662810252e-01
4.246999999999999886e+00 1.382637938358071139e-01
4.251999999999999780e+00 1.382938792902988490e-01
4.256999999999999673e+00 1.383209654880730166e-01
4.261999999999999567e+00 1.383453628147117143e-01
4.267000000000000348e+00 1.383670751510548691e-01
4.272000000000000242e+00 1.383861064418796805e-01
4.277000000000000135e+00 1.384024606955269188e-01
4.282000000000000028e+00 1.384161419835298334e-01
4.286999999999999922e+00 1.384271544402455867e-01
4.291999999999999815e+00 1.384358074094821645e-01
4.296999999999999709e+00 1.384417996608482970e-01
4.301999999999999602e+00 1.384454403098554498e-01
4.307000000000000384e+00 1.384464285758508217e-01
4.312000000000000277e+00 1.384450733349564810e-01
4.317000000000000171e+00 1.384410742648120862e-01
4.322000000000000064e+00 1.384347399911430576e-01
4.326999999999999957e+00 1.384260745580605800e-01
4.331999999999999851e+00 1.384150820549802097e-01
4.336999999999999744e+00 1.384017666163608051e-01
4.341999999999999638e+00 1.383861324214452904e-01
4.347000000000000419e+00 1.383678805576413207e-01
4.352000000000000313e+00 1.383476217620780435e-01
4.357000000000000206e+00 1.383250570162840587e-01
4.362000000000000099e+00 1.383004932167453127e-01
4.366999999999999993e+00 1.382733294785019884e-01
4.371999999999999886e+00 1.382441751185248813e-01
4.376999999999999780e+00 1.382130340015532977e-01
4.381999999999999673e+00 1.381796083052620472e-01
4.386999999999999567e+00 1.381439025876441129e-01
4.392000000000000348e+00 1.381065240369634406e-01
4.397000000000000242e+00 1.380668738480879953e-01
4.402000000000000135e+00 1.380249566925163540e-01
4.407000000000000028e+00 1.379813785723637276e-01
4.411999999999999922e+00 1.379355420707612245e-01
4.416999999999999815e+00 1.378880523756122189e-01
4.421999999999999709e+00 1.378386129884909550e-01
4.426999999999999602e+00 1.377869283311660420e-01
4.432000000000000384e+00 1.377336023424505784e-01
4.437000000000000277e+00 1.376783392766721958e-01
4.442000000000000171e+00 1.376214424628506294e-01
4.447000000000000064e+00 1.375626166600755762e-01
4.451999999999999957e+00 1.375018661820439081e-01
4.456999999999999851e+00 1.374394937366067160e-01
4.461999999999999744e+00 1.373752048536393267e-01
4.466999999999999638e+00 1.373093018164817103e-01
4.472000000000000419e+00 1.372417883254077875e-01
4.477000000000000313e+00 1.371726680989819591e-01
4.482000000000000206e+00 1.371019448739572433e-01
4.487000000000000099e+00 1.370293254821104423e-01
4.491999999999999993e+00 1.369554077877420117e-01
4.496999999999999886e+00 1.368798984145342124e-01
4.501999999999999780e+00 1.368025049884201427e-01
4.506999999999999673e+00 1.367238239501831765e-01
4.511999999999999567e+00 1.366438583951738728e-01
4.517000000000000348e+00 1.365623159983218315e-01
4.522000000000000242e+00 1.364792006342129549e-01
4.527000000000000135e+00 1.363948111175958822e-01
4.532000000000000028e+00 1.363091505907177425e-01
4.536999999999999922e+00 1.362219277946351836e-01
4.541999999999999815e+00 1.361334408177987676e-01
4.546999999999999709e+00 1.360436928353822017e-01
4.551999999999999602e+00 1.359526870323908565e-01
4.557000000000000384e+00 1.358604266036081976e-01
4.562000000000000277e+00 1.357669147535421339e-01
4.567000000000000171e+00 1.356721546963716163e-01
4.572000000000000064e+00 1.355764422420294713e-01
4.576999999999999957e+00 1.354794875085537920e-01
4.581999999999999851e+00 1.353812937358282176e-01
4.586999999999999744e+00 1.352821559633595738e-01
4.591999999999999638e+00 1.351820766486077352e-01
4.597000000000000419e+00 1.350807669975255532e-01
4.602000000000000313e+00 1.349785212687943659e-01
4.607000000000000206e+00 1.348753419349562888e-01
4.612000000000000099e+00 1.347712314728540806e-01
4.616999999999999993e+00 1.346661923636077451e-01
4.621999999999999886e+00 1.345602270925916610e-01
4.626999999999999780e+00 1.344536277845503336e-01
4.631999999999999673e+00 1.343461067535774156e-01
4.636999999999999567e+00 1.342376664956988208e-01
4.642000000000000348e+00 1.341285983281849392e-01
4.647000000000000242e+00 1.340189039340039245e-01
4.652000000000000135e+00 1.339082967275000147e-01
4.657000000000000028e+00 1.337973552076181516e-01
4.661999999999999922e+00 1.336855047963613485e-01
4.666999999999999815e+00 1.335730354520135443e-01
4.671999999999999709e+00 1.334602360343368210e-01
4.676999999999999602e+00 1.333468205125863948e-01
4.682000000000000384e+00 1.332327905775951560e-01
4.687000000000000277e+00 1.331184342641582863e-01
4.692000000000000171e+00 1.330034663696905428e-01
4.697000000000000064e+00 1.328881743776999802e-01
4.701999999999999957e+00 1.327725591526445759e-01
4.706999999999999851e+00 1.326566215589893016e-01
4.711999999999999744e+00 1.325403624612057907e-01
4.716999999999999638e+00 1.324240674092160286e-01
4.722000000000000419e+00 1.323071676202383917e-01
4.727000000000000313e+00 1.321902330535255077e-01
4.732000000000000206e+00 1.320729798880534711e-01
4.737000000000000099e+00 1.319556925692366989e-01
4.741999999999999993e+00 1.318383711338812492e-01
4.746999999999999886e+00 1.317210156195504078e-01
4.751999999999999780e+00 1.316036260645603861e-01
4.756999999999999673e+00 1.314862025079769070e-01
4.761999999999999567e+00 1.313687449896107917e-01
4.767000000000000348e+00 1.312515354820054381e-01
4.772000000000000242e+00 1.311342915469097259e-01
4.777000000000000135e+00 1.310172946124764648e-01
4.782000000000000028e+00 1.309002627910862970e-01
4.786999999999999922e+00 1.307837578087781838e-01
4.791999999999999815e+00 1.306672169426300045e-01
4.796999999999999709e+00 1.305512008368624743e-01
4.801999999999999602e+00 1.304354278889190699e-01
4.807000000000000384e+00 1.303198973400381266e-01
4.812000000000000277e+00 1.302048879241607948e-01
4.817000000000000171e+00 1.300901188625022409e-01
4.822000000000000064e+00 1.299761473155609526e-01
4.826999999999999957e+00 1.298624135632834853e-01
4.831999999999999851e+00 1.297491952895233613e-01
4.836999999999999744e+00 1.296367691212841344e-01
4.841999999999999638e+00 1.295248548500950725e-01
4.847000000000000419e+00 1.294134509623684204e-01
4.852000000000000313e+00 1.293028333209307323e-01
4.857000000000000206e+00 1.291929996438135331e-01
4.862000000000000099e+00 1.290836708127295340e-01
4.866999999999999993e+00 1.289751219377399671e-01
4.871999999999999886e+00 1.288676271053240951e-01
4.876999999999999780e+00 1.287609072359494899e-01
4.881999999999999673e+00 1.286549601117414066e-01
4.886999999999999567e+00 1.285497835274460876e-01
4.892000000000000348e+00 1.284456506062171544e-01
4.897000000000000242e+00 1.283425584138424558e-01
4.902000000000000135e+00 1.282402292208672245e-01
4.907000000000000028e+00 1.281392100114046584e-01
4.911999999999999922e+00 1.280389485261498039e-01
4.916999999999999815e+00 1.279399907949577697e-01
4.921999999999999709e+00 1.278420594156097212e-01
4.926999999999999602e+00 1.277454251593506396e-01
4.932000000000000384e+00 1.276498111594628615e-01
4.937000000000000277e+00 1.275552146424074329e-01
4.942000000000000171e+00 1.274619057223617680e-01
4.947000000000000064e+00 1.273698809538313936e-01
