Energy PhaseShift
3.935000000000000164e-01 9.627900000000000347e+00
3.960000000000000187e-01 1.261330000000000062e+01
3.985000000000000209e-01 1.375919999999999987e+01
4.010000000000000231e-01 1.407920000000000016e+01
4.035000000000000253e-01 1.393219999999999992e+01
4.060000000000000275e-01 1.349820000000000064e+01
4.084999999999999742e-01 1.288010000000000055e+01
4.109999999999999765e-01 1.214000000000000057e+01
4.134999999999999787e-01 1.131770000000000032e+01
4.159999999999999809e-01 1.043909999999999982e+01
4.184999999999999831e-01 9.522500000000000853e+00
4.209999999999999853e-01 8.580600000000000449e+00
4.234999999999999876e-01 7.622700000000000031e+00
4.259999999999999898e-01 6.655700000000000394e+00
4.284999999999999920e-01 5.684899999999999842e+00
4.309999999999999942e-01 4.714000000000000412e+00
4.334999999999999964e-01 3.746199999999999974e+00
4.359999999999999987e-01 2.783700000000000063e+00
4.385000000000000009e-01 1.828400000000000025e+00
4.410000000000000031e-01 8.816000000000000503e-01
4.435000000000000053e-01 -5.569999999999999951e-02
4.460000000000000075e-01 -9.827000000000000179e-01
4.485000000000000098e-01 -1.898800000000000043e+00
4.510000000000000120e-01 -2.803700000000000081e+00
4.535000000000000142e-01 -3.697000000000000064e+00
4.560000000000000164e-01 -4.578599999999999781e+00
4.585000000000000187e-01 -5.448299999999999699e+00
4.610000000000000209e-01 -6.306099999999999817e+00
4.635000000000000231e-01 -7.152000000000000135e+00
4.660000000000000253e-01 -7.985999999999999766e+00
4.685000000000000275e-01 -8.808299999999999130e+00
4.709999999999999742e-01 -9.618900000000000006e+00
4.734999999999999765e-01 -1.041789999999999949e+01
4.759999999999999787e-01 -1.120539999999999914e+01
4.784999999999999809e-01 -1.198170000000000002e+01
4.809999999999999831e-01 -1.274680000000000035e+01
4.834999999999999853e-01 -1.350089999999999968e+01
4.859999999999999876e-01 -1.424409999999999954e+01
4.884999999999999898e-01 -1.497669999999999924e+01
4.909999999999999920e-01 -1.569870000000000054e+01
4.934999999999999942e-01 -1.641039999999999921e+01
4.959999999999999964e-01 -1.711189999999999856e+01
4.984999999999999987e-01 -1.780339999999999989e+01
5.010000000000000009e-01 -1.848509999999999920e+01
5.034999999999999476e-01 -1.915709999999999980e+01
5.060000000000000053e-01 -1.981950000000000145e+01
5.084999999999999520e-01 -2.047259999999999991e+01
5.110000000000000098e-01 -2.111659999999999826e+01
5.134999999999999565e-01 -2.175150000000000006e+01
5.160000000000000142e-01 -2.237760000000000105e+01
5.184999999999999609e-01 -2.299490000000000123e+01
5.210000000000000187e-01 -2.360379999999999967e+01
5.234999999999999654e-01 -2.420420000000000016e+01
5.260000000000000231e-01 -2.479639999999999844e+01
5.284999999999999698e-01 -2.538060000000000116e+01
5.310000000000000275e-01 -2.595670000000000144e+01
5.334999999999999742e-01 -2.652509999999999835e+01
5.360000000000000320e-01 -2.708589999999999876e+01
5.384999999999999787e-01 -2.763919999999999888e+01
5.410000000000000364e-01 -2.818499999999999872e+01
5.434999999999999831e-01 -2.872370000000000090e+01
5.460000000000000409e-01 -2.925519999999999854e+01
5.484999999999999876e-01 -2.977980000000000160e+01
5.510000000000000453e-01 -3.029759999999999920e+01
5.534999999999999920e-01 -3.080859999999999843e+01
5.560000000000000497e-01 -3.131309999999999860e+01
5.584999999999999964e-01 -3.181109999999999971e+01
5.610000000000000542e-01 -3.230270000000000152e+01
5.635000000000000009e-01 -3.278810000000000002e+01
5.659999999999999476e-01 -3.326740000000000208e+01
5.685000000000000053e-01 -3.374069999999999681e+01
5.709999999999999520e-01 -3.420810000000000173e+01
5.735000000000000098e-01 -3.466969999999999885e+01
5.759999999999999565e-01 -3.512570000000000192e+01
5.785000000000000142e-01 -3.557600000000000051e+01
5.809999999999999609e-01 -3.602100000000000080e+01
5.835000000000000187e-01 -3.646050000000000324e+01
5.859999999999999654e-01 -3.689479999999999649e+01
5.885000000000000231e-01 -3.732390000000000185e+01
5.909999999999999698e-01 -3.774799999999999756e+01
5.935000000000000275e-01 -3.816700000000000159e+01
5.959999999999999742e-01 -3.858120000000000260e+01
5.985000000000000320e-01 -3.899060000000000059e+01
6.009999999999999787e-01 -3.939529999999999887e+01
6.035000000000000364e-01 -3.979529999999999745e+01
6.059999999999999831e-01 -4.019089999999999918e+01
6.085000000000000409e-01 -4.058189999999999742e+01
6.109999999999999876e-01 -4.096860000000000213e+01
6.135000000000000453e-01 -4.135099999999999909e+01
6.159999999999999920e-01 -4.172919999999999874e+01
6.185000000000000497e-01 -4.210329999999999728e+01
6.209999999999999964e-01 -4.247330000000000183e+01
6.235000000000000542e-01 -4.283930000000000149e+01
6.260000000000000009e-01 -4.320130000000000337e+01
6.284999999999999476e-01 -4.355960000000000321e+01
6.310000000000000053e-01 -4.391409999999999769e+01
6.334999999999999520e-01 -4.426480000000000103e+01
6.360000000000000098e-01 -4.461189999999999856e+01
6.384999999999999565e-01 -4.495550000000000068e+01
6.410000000000000142e-01 -4.529549999999999699e+01
6.434999999999999609e-01 -4.563210000000000122e+01
6.460000000000000187e-01 -4.596529999999999916e+01
6.484999999999999654e-01 -4.629520000000000124e+01
6.510000000000000231e-01 -4.662180000000000035e+01
6.534999999999999698e-01 -4.694519999999999982e+01
6.560000000000000275e-01 -4.726539999999999964e+01
6.584999999999999742e-01 -4.758250000000000313e+01
6.610000000000000320e-01 -4.789659999999999940e+01
6.634999999999999787e-01 -4.820770000000000266e+01
6.660000000000000364e-01 -4.851579999999999870e+01
6.684999999999999831e-01 -4.882110000000000127e+01
6.710000000000000409e-01 -4.912349999999999994e+01
6.734999999999999876e-01 -4.942309999999999803e+01
6.760000000000000453e-01 -4.971990000000000265e+01
6.784999999999999920e-01 -5.001409999999999911e+01
6.810000000000000497e-01 -5.030559999999999832e+01
6.834999999999999964e-01 -5.059440000000000026e+01
6.860000000000000542e-01 -5.088069999999999737e+01
6.885000000000000009e-01 -5.116449999999999676e+01
6.909999999999999476e-01 -5.144579999999999842e+01
6.935000000000000053e-01 -5.172460000000000235e+01
6.959999999999999520e-01 -5.200099999999999767e+01
6.985000000000000098e-01 -5.227499999999999858e+01
7.009999999999999565e-01 -5.254670000000000130e+01
7.035000000000000142e-01 -5.281609999999999872e+01
7.059999999999999609e-01 -5.308319999999999794e+01
7.085000000000000187e-01 -5.334810000000000230e+01
7.109999999999999654e-01 -5.361070000000000135e+01
7.135000000000000231e-01 -5.387120000000000175e+01
7.159999999999999698e-01 -5.412960000000000349e+01
7.185000000000000275e-01 -5.438589999999999947e+01
7.209999999999999742e-01 -5.464009999999999678e+01
7.235000000000000320e-01 -5.489220000000000255e+01
7.259999999999999787e-01 -5.514240000000000208e+01
7.285000000000000364e-01 -5.539050000000000296e+01
7.309999999999999831e-01 -5.563669999999999760e+01
7.335000000000000409e-01 -5.588100000000000023e+01
7.359999999999999876e-01 -5.612330000000000041e+01
7.385000000000000453e-01 -5.636379999999999768e+01
7.409999999999999920e-01 -5.660240000000000293e+01
7.435000000000000497e-01 -5.683919999999999817e+01
7.459999999999999964e-01 -5.707410000000000139e+01
7.485000000000000542e-01 -5.730729999999999791e+01
7.510000000000000009e-01 -5.753880000000000194e+01
7.534999999999999476e-01 -5.776850000000000307e+01
7.560000000000000053e-01 -5.799640000000000128e+01
7.584999999999999520e-01 -5.822270000000000323e+01
7.610000000000000098e-01 -5.844729999999999848e+01
7.634999999999999565e-01 -5.867029999999999745e+01
7.660000000000000142e-01 -5.889159999999999684e+01
7.684999999999999609e-01 -5.911129999999999995e+01
7.710000000000000187e-01 -5.932939999999999969e+01
7.734999999999999654e-01 -5.954590000000000316e+01
7.760000000000000231e-01 -5.976089999999999947e+01
7.784999999999999698e-01 -5.997429999999999950e+01
7.810000000000000275e-01 -6.018619999999999948e+01
7.834999999999999742e-01 -6.039659999999999940e+01
7.860000000000000320e-01 -6.060549999999999926e+01
7.884999999999999787e-01 -6.081289999999999907e+01
7.910000000000000364e-01 -6.101890000000000214e+01
7.934999999999999831e-01 -6.122339999999999804e+01
7.960000000000000409e-01 -6.142649999999999721e+01
7.984999999999999876e-01 -6.162810000000000343e+01
8.010000000000000453e-01 -6.182840000000000202e+01
8.034999999999999920e-01 -6.202729999999999677e+01
8.060000000000000497e-01 -6.222480000000000189e+01
8.084999999999999964e-01 -6.242099999999999937e+01
8.110000000000000542e-01 -6.261580000000000013e+01
8.135000000000000009e-01 -6.280919999999999703e+01
8.159999999999999476e-01 -6.300139999999999674e+01
8.185000000000000053e-01 -6.319219999999999970e+01
8.209999999999999520e-01 -6.338179999999999836e+01
8.235000000000000098e-01 -6.357009999999999650e+01
8.259999999999999565e-01 -6.375699999999999790e+01
8.285000000000000142e-01 -6.394279999999999831e+01
8.309999999999999609e-01 -6.412730000000000530e+01
8.335000000000000187e-01 -6.431050000000000466e+01
8.359999999999999654e-01 -6.449259999999999593e+01
8.385000000000000231e-01 -6.467340000000000089e+01
8.409999999999999698e-01 -6.485299999999999443e+01
8.435000000000000275e-01 -6.503140000000000498e+01
8.459999999999999742e-01 -6.520860000000000412e+01
8.485000000000000320e-01 -6.538469999999999516e+01
8.509999999999999787e-01 -6.555949999999999989e+01
8.535000000000000364e-01 -6.573329999999999984e+01
8.559999999999999831e-01 -6.590590000000000259e+01
8.585000000000000409e-01 -6.607729999999999393e+01
8.609999999999999876e-01 -6.624760000000000559e+01
8.635000000000000453e-01 -6.641679999999999495e+01
8.659999999999999920e-01 -6.658490000000000464e+01
8.685000000000000497e-01 -6.675190000000000623e+01
8.709999999999999964e-01 -6.691779999999999973e+01
8.735000000000000542e-01 -6.708270000000000266e+01
8.760000000000000009e-01 -6.724639999999999418e+01
8.784999999999999476e-01 -6.740909999999999513e+01
8.810000000000000053e-01 -6.757070000000000221e+01
8.834999999999999520e-01 -6.773130000000000450e+01
8.860000000000000098e-01 -6.789079999999999870e+01
8.884999999999999565e-01 -6.804930000000000234e+01
8.910000000000000142e-01 -6.820680000000000121e+01
8.934999999999999609e-01 -6.836329999999999529e+01
8.960000000000000187e-01 -6.851869999999999550e+01
8.984999999999999654e-01 -6.867319999999999425e+01
9.010000000000000231e-01 -6.882659999999999911e+01
9.034999999999999698e-01 -6.897899999999999920e+01
9.060000000000000275e-01 -6.913049999999999784e+01
9.084999999999999742e-01 -6.928100000000000591e+01
9.110000000000000320e-01 -6.943049999999999500e+01
9.134999999999999787e-01 -6.957909999999999684e+01
9.160000000000000364e-01 -6.972669999999999391e+01
9.184999999999999831e-01 -6.987340000000000373e+01
9.210000000000000409e-01 -7.001909999999999457e+01
9.234999999999999876e-01 -7.016379999999999484e+01
9.260000000000000453e-01 -7.030769999999999698e+01
9.284999999999999920e-01 -7.045059999999999434e+01
9.310000000000000497e-01 -7.059260000000000446e+01
9.334999999999999964e-01 -7.073369999999999891e+01
9.360000000000000542e-01 -7.087390000000000612e+01
9.385000000000000009e-01 -7.101319999999999766e+01
9.409999999999999476e-01 -7.115160000000000196e+01
9.435000000000000053e-01 -7.128910000000000480e+01
9.459999999999999520e-01 -7.142570000000000618e+01
9.485000000000000098e-01 -7.156140000000000612e+01
9.509999999999999565e-01 -7.169629999999999370e+01
9.535000000000000142e-01 -7.183029999999999404e+01
9.559999999999999609e-01 -7.196339999999999293e+01
9.585000000000000187e-01 -7.209569999999999368e+01
9.609999999999999654e-01 -7.222709999999999297e+01
9.635000000000000231e-01 -7.235769999999999413e+01
9.659999999999999698e-01 -7.248749999999999716e+01
9.685000000000000275e-01 -7.261639999999999873e+01
9.709999999999999742e-01 -7.274450000000000216e+01
9.735000000000000320e-01 -7.287170000000000414e+01
9.759999999999999787e-01 -7.299809999999999377e+01
9.785000000000000364e-01 -7.312369999999999948e+01
9.809999999999999831e-01 -7.324850000000000705e+01
9.835000000000000409e-01 -7.337250000000000227e+01
9.859999999999999876e-01 -7.349569999999999936e+01
9.885000000000000453e-01 -7.361799999999999500e+01
9.909999999999999920e-01 -7.373959999999999582e+01
9.935000000000000497e-01 -7.386039999999999850e+01
9.959999999999999964e-01 -7.398040000000000305e+01
9.985000000000000542e-01 -7.409959999999999525e+01
1.000999999999999890e+00 -7.421800000000000352e+01
1.003500000000000059e+00 -7.433570000000000277e+01
1.006000000000000005e+00 -7.445250000000000057e+01
1.008499999999999952e+00 -7.456870000000000687e+01
1.010999999999999899e+00 -7.468399999999999750e+01
1.013500000000000068e+00 -7.479859999999999332e+01
1.016000000000000014e+00 -7.491240000000000521e+01
1.018499999999999961e+00 -7.502540000000000475e+01
1.020999999999999908e+00 -7.513769999999999527e+01
1.023500000000000076e+00 -7.524930000000000518e+01
1.026000000000000023e+00 -7.536010000000000275e+01
1.028499999999999970e+00 -7.547010000000000218e+01
1.030999999999999917e+00 -7.557940000000000680e+01
1.033500000000000085e+00 -7.568800000000000239e+01
1.036000000000000032e+00 -7.579590000000000316e+01
1.038499999999999979e+00 -7.590300000000000580e+01
1.040999999999999925e+00 -7.600929999999999609e+01
1.043500000000000094e+00 -7.611499999999999488e+01
1.046000000000000041e+00 -7.621989999999999554e+01
1.048499999999999988e+00 -7.632410000000000139e+01
1.050999999999999934e+00 -7.642759999999999820e+01
1.053500000000000103e+00 -7.653029999999999688e+01
1.056000000000000050e+00 -7.663230000000000075e+01
1.058499999999999996e+00 -7.673369999999999891e+01
1.060999999999999943e+00 -7.683429999999999893e+01
1.063499999999999890e+00 -7.693420000000000414e+01
1.066000000000000059e+00 -7.703329999999999700e+01
1.068500000000000005e+00 -7.713179999999999836e+01
1.070999999999999952e+00 -7.722960000000000491e+01
1.073499999999999899e+00 -7.732670000000000243e+01
1.076000000000000068e+00 -7.742300000000000182e+01
1.078500000000000014e+00 -7.751869999999999550e+01
1.080999999999999961e+00 -7.761369999999999436e+01
1.083499999999999908e+00 -7.770789999999999509e+01
1.086000000000000076e+00 -7.780150000000000432e+01
1.088500000000000023e+00 -7.789440000000000452e+01
1.090999999999999970e+00 -7.798650000000000659e+01
1.093499999999999917e+00 -7.807800000000000296e+01
1.096000000000000085e+00 -7.816880000000000450e+01
1.098500000000000032e+00 -7.825889999999999702e+01
1.100999999999999979e+00 -7.834829999999999472e+01
1.103499999999999925e+00 -7.843699999999999761e+01
1.106000000000000094e+00 -7.852509999999999479e+01
1.108500000000000041e+00 -7.861239999999999384e+01
1.110999999999999988e+00 -7.869910000000000139e+01
1.113499999999999934e+00 -7.878509999999999991e+01
1.116000000000000103e+00 -7.887030000000000030e+01
1.118500000000000050e+00 -7.895499999999999829e+01
1.120999999999999996e+00 -7.903889999999999816e+01
1.123499999999999943e+00 -7.912210000000000321e+01
1.125999999999999890e+00 -7.920470000000000255e+01
1.128500000000000059e+00 -7.928650000000000375e+01
1.131000000000000005e+00 -7.936769999999999925e+01
1.133499999999999952e+00 -7.944819999999999993e+01
1.135999999999999899e+00 -7.952800000000000580e+01
1.138500000000000068e+00 -7.960720000000000596e+01
1.141000000000000014e+00 -7.968559999999999377e+01
1.143499999999999961e+00 -7.976340000000000430e+01
1.145999999999999908e+00 -7.984050000000000580e+01
1.148500000000000076e+00 -7.991689999999999827e+01
1.151000000000000023e+00 -7.999269999999999925e+01
1.153499999999999970e+00 -8.006770000000000209e+01
1.155999999999999917e+00 -8.014209999999999923e+01
1.158500000000000085e+00 -8.021580000000000155e+01
1.161000000000000032e+00 -8.028879999999999484e+01
1.163499999999999979e+00 -8.036109999999999332e+01
1.165999999999999925e+00 -8.043280000000000030e+01
1.168500000000000094e+00 -8.050369999999999493e+01
1.171000000000000041e+00 -8.057399999999999807e+01
1.173499999999999988e+00 -8.064360000000000639e+01
1.175999999999999934e+00 -8.071250000000000568e+01
1.178500000000000103e+00 -8.078079999999999927e+01
1.181000000000000050e+00 -8.084829999999999472e+01
1.183499999999999996e+00 -8.091519999999999868e+01
1.185999999999999943e+00 -8.098130000000000450e+01
1.188499999999999890e+00 -8.104680000000000462e+01
1.191000000000000059e+00 -8.111159999999999570e+01
1.193500000000000005e+00 -8.117570000000000618e+01
1.195999999999999952e+00 -8.123919999999999675e+01
1.198499999999999899e+00 -8.130190000000000339e+01
1.201000000000000068e+00 -8.136390000000000100e+01
1.203500000000000014e+00 -8.142529999999999291e+01
1.205999999999999961e+00 -8.148600000000000421e+01
1.208499999999999908e+00 -8.154590000000000316e+01
1.211000000000000076e+00 -8.160519999999999641e+01
1.213500000000000023e+00 -8.166379999999999484e+01
1.215999999999999970e+00 -8.172169999999999845e+01
1.218499999999999917e+00 -8.177889999999999304e+01
1.221000000000000085e+00 -8.183540000000000703e+01
1.223500000000000032e+00 -8.189119999999999777e+01
1.225999999999999979e+00 -8.194629999999999370e+01
1.228499999999999925e+00 -8.200069999999999482e+01
1.231000000000000094e+00 -8.205440000000000111e+01
1.233500000000000041e+00 -8.210739999999999839e+01
1.235999999999999988e+00 -8.215970000000000084e+01
1.238499999999999934e+00 -8.221129999999999427e+01
1.241000000000000103e+00 -8.226220000000000709e+01
1.243500000000000050e+00 -8.231239999999999668e+01
1.245999999999999996e+00 -8.236180000000000234e+01
1.248499999999999943e+00 -8.241060000000000230e+01
1.250999999999999890e+00 -8.245860000000000412e+01
1.253500000000000059e+00 -8.250600000000000023e+01
1.256000000000000005e+00 -8.255259999999999820e+01
1.258499999999999952e+00 -8.259850000000000136e+01
1.260999999999999899e+00 -8.264369999999999550e+01
1.263500000000000068e+00 -8.268819999999999482e+01
1.266000000000000014e+00 -8.273189999999999600e+01
1.268499999999999961e+00 -8.277490000000000236e+01
1.270999999999999908e+00 -8.281719999999999970e+01
1.273500000000000076e+00 -8.285880000000000223e+01
1.276000000000000023e+00 -8.289969999999999573e+01
1.278499999999999970e+00 -8.293980000000000530e+01
1.280999999999999917e+00 -8.297910000000000252e+01
1.283500000000000085e+00 -8.301779999999999404e+01
1.286000000000000032e+00 -8.305570000000000164e+01
1.288499999999999979e+00 -8.309290000000000020e+01
1.290999999999999925e+00 -8.312930000000000064e+01
1.293500000000000094e+00 -8.316500000000000625e+01
1.296000000000000041e+00 -8.319989999999999952e+01
1.298499999999999988e+00 -8.323409999999999798e+01
1.300999999999999934e+00 -8.326760000000000161e+01
1.303500000000000103e+00 -8.330029999999999291e+01
1.306000000000000050e+00 -8.333220000000000027e+01
1.308499999999999996e+00 -8.336339999999999861e+01
1.310999999999999943e+00 -8.339379999999999882e+01
1.313499999999999890e+00 -8.342340000000000089e+01
1.316000000000000059e+00 -8.345229999999999393e+01
1.318500000000000005e+00 -8.348040000000000305e+01
1.320999999999999952e+00 -8.350780000000000314e+01
1.323499999999999899e+00 -8.353430000000000177e+01
1.326000000000000068e+00 -8.356010000000000559e+01
1.328500000000000014e+00 -8.358509999999999707e+01
1.330999999999999961e+00 -8.360930000000000462e+01
1.333499999999999908e+00 -8.363269999999999982e+01
1.336000000000000076e+00 -8.365529999999999688e+01
1.338500000000000023e+00 -8.367719999999999914e+01
1.340999999999999970e+00 -8.369819999999999993e+01
1.343499999999999917e+00 -8.371840000000000259e+01
1.346000000000000085e+00 -8.373779999999999291e+01
1.348500000000000032e+00 -8.375629999999999598e+01
1.350999999999999979e+00 -8.377410000000000423e+01
1.353499999999999925e+00 -8.379099999999999682e+01
1.356000000000000094e+00 -8.380710000000000548e+01
1.358500000000000041e+00 -8.382240000000000180e+01
1.360999999999999988e+00 -8.383679999999999666e+01
1.363499999999999934e+00 -8.385039999999999338e+01
1.366000000000000103e+00 -8.386310000000000286e+01
1.368500000000000050e+00 -8.387489999999999668e+01
1.370999999999999996e+00 -8.388590000000000657e+01
1.373499999999999943e+00 -8.389610000000000412e+01
1.375999999999999890e+00 -8.390529999999999688e+01
1.378500000000000059e+00 -8.391370000000000573e+01
1.381000000000000005e+00 -8.392109999999999559e+01
1.383499999999999952e+00 -8.392770000000000152e+01
1.385999999999999899e+00 -8.393340000000000600e+01
1.388500000000000068e+00 -8.393810000000000571e+01
1.391000000000000014e+00 -8.394190000000000396e+01
1.393499999999999961e+00 -8.394480000000000075e+01
1.395999999999999908e+00 -8.394679999999999609e+01
1.398500000000000076e+00 -8.394780000000000086e+01
1.401000000000000023e+00 -8.394790000000000418e+01
1.403499999999999970e+00 -8.394700000000000273e+01
1.405999999999999917e+00 -8.394509999999999650e+01
1.408500000000000085e+00 -8.394219999999999970e+01
1.411000000000000032e+00 -8.393840000000000146e+01
1.413499999999999979e+00 -8.393349999999999511e+01
1.415999999999999925e+00 -8.392759999999999820e+01
1.418500000000000094e+00 -8.392069999999999652e+01
1.421000000000000041e+00 -8.391280000000000427e+01
1.423499999999999988e+00 -8.390380000000000393e+01
1.425999999999999934e+00 -8.389379999999999882e+01
1.428500000000000103e+00 -8.388269999999999982e+01
1.431000000000000050e+00 -8.387050000000000693e+01
1.433499999999999996e+00 -8.385720000000000596e+01
1.435999999999999943e+00 -8.384279999999999688e+01
1.438499999999999890e+00 -8.382729999999999393e+01
1.441000000000000059e+00 -8.381059999999999377e+01
1.443500000000000005e+00 -8.379279999999999973e+01
1.445999999999999952e+00 -8.377389999999999759e+01
1.448499999999999899e+00 -8.375369999999999493e+01
1.451000000000000068e+00 -8.373229999999999507e+01
1.453500000000000014e+00 -8.370980000000000132e+01
1.455999999999999961e+00 -8.368600000000000705e+01
1.458499999999999908e+00 -8.366100000000000136e+01
1.461000000000000076e+00 -8.363469999999999516e+01
1.463500000000000023e+00 -8.360710000000000264e+01
1.465999999999999970e+00 -8.357819999999999538e+01
1.468499999999999917e+00 -8.354810000000000514e+01
1.471000000000000085e+00 -8.351659999999999684e+01
1.473500000000000032e+00 -8.348369999999999891e+01
1.475999999999999979e+00 -8.344950000000000045e+01
1.478499999999999925e+00 -8.341389999999999816e+01
1.481000000000000094e+00 -8.337680000000000291e+01
1.483500000000000041e+00 -8.333839999999999293e+01
1.485999999999999988e+00 -8.329850000000000421e+01
1.488499999999999934e+00 -8.325719999999999743e+01
1.491000000000000103e+00 -8.321439999999999770e+01
1.493500000000000050e+00 -8.317000000000000171e+01
1.495999999999999996e+00 -8.312420000000000186e+01
1.498499999999999943e+00 -8.307680000000000575e+01
1.500999999999999890e+00 -8.302779999999999916e+01
1.503500000000000059e+00 -8.297729999999999961e+01
1.506000000000000005e+00 -8.292520000000000380e+01
1.508499999999999952e+00 -8.287139999999999418e+01
1.510999999999999899e+00 -8.281600000000000250e+01
1.513500000000000068e+00 -8.275900000000000034e+01
1.516000000000000014e+00 -8.270029999999999859e+01
1.518499999999999961e+00 -8.263989999999999725e+01
1.520999999999999908e+00 -8.257779999999999632e+01
1.523500000000000076e+00 -8.251399999999999579e+01
1.526000000000000023e+00 -8.244849999999999568e+01
1.528499999999999970e+00 -8.238120000000000687e+01
1.530999999999999917e+00 -8.231220000000000425e+01
1.533500000000000085e+00 -8.224150000000000205e+01
1.536000000000000032e+00 -8.216899999999999693e+01
1.538499999999999979e+00 -8.209470000000000312e+01
1.540999999999999925e+00 -8.201869999999999550e+01
1.543500000000000094e+00 -8.194100000000000250e+01
1.546000000000000041e+00 -8.186150000000000659e+01
1.548499999999999988e+00 -8.178029999999999688e+01
1.550999999999999934e+00 -8.169740000000000180e+01
1.553500000000000103e+00 -8.161279999999999291e+01
1.556000000000000050e+00 -8.152660000000000196e+01
1.558499999999999996e+00 -8.143880000000000052e+01
1.560999999999999943e+00 -8.134940000000000282e+01
1.563499999999999890e+00 -8.125849999999999795e+01
1.566000000000000059e+00 -8.116620000000000346e+01
1.568500000000000005e+00 -8.107250000000000512e+01
1.570999999999999952e+00 -8.097750000000000625e+01
1.573499999999999899e+00 -8.088129999999999598e+01
1.576000000000000068e+00 -8.078400000000000603e+01
1.578500000000000014e+00 -8.068580000000000041e+01
1.580999999999999961e+00 -8.058669999999999334e+01
1.583499999999999908e+00 -8.048699999999999477e+01
1.586000000000000076e+00 -8.038679999999999382e+01
1.588500000000000023e+00 -8.028619999999999379e+01
1.590999999999999970e+00 -8.018559999999999377e+01
1.593499999999999917e+00 -8.008499999999999375e+01
1.596000000000000085e+00 -7.998489999999999611e+01
1.598500000000000032e+00 -7.988549999999999329e+01
1.600999999999999979e+00 -7.978709999999999525e+01
1.603499999999999925e+00 -7.968999999999999773e+01
1.606000000000000094e+00 -7.959459999999999980e+01
1.608500000000000041e+00 -7.950130000000000052e+01
1.610999999999999988e+00 -7.941060000000000230e+01
1.613499999999999934e+00 -7.932290000000000418e+01
1.616000000000000103e+00 -7.923879999999999768e+01
1.618500000000000050e+00 -7.915879999999999939e+01
1.620999999999999996e+00 -7.908339999999999748e+01
1.623499999999999943e+00 -7.901340000000000430e+01
1.625999999999999890e+00 -7.894929999999999382e+01
1.628500000000000059e+00 -7.889199999999999591e+01
1.631000000000000005e+00 -7.884210000000000207e+01
1.633499999999999952e+00 -7.880039999999999623e+01
1.635999999999999899e+00 -7.876779999999999404e+01
1.638500000000000068e+00 -7.874509999999999366e+01
1.641000000000000014e+00 -7.873309999999999320e+01
1.643499999999999961e+00 -7.873279999999999745e+01
1.645999999999999908e+00 -7.874500000000000455e+01
1.648500000000000076e+00 -7.877079999999999416e+01
1.651000000000000023e+00 -7.881090000000000373e+01
1.653499999999999970e+00 -7.886629999999999541e+01
1.655999999999999917e+00 -7.893789999999999907e+01
1.658500000000000085e+00 -7.902649999999999864e+01
1.661000000000000032e+00 -7.913280000000000314e+01
1.663499999999999979e+00 -7.925759999999999650e+01
1.665999999999999925e+00 -7.940149999999999864e+01
1.668500000000000094e+00 -7.956489999999999441e+01
1.671000000000000041e+00 -7.974819999999999709e+01
1.673499999999999988e+00 -7.995170000000000243e+01
1.675999999999999934e+00 -8.017549999999999955e+01
1.678500000000000103e+00 -8.041930000000000689e+01
1.681000000000000050e+00 -8.068300000000000693e+01
1.683499999999999996e+00 -8.096599999999999397e+01
1.685999999999999943e+00 -8.126760000000000161e+01
1.688499999999999890e+00 -8.158689999999999998e+01
1.691000000000000059e+00 -8.192279999999999518e+01
1.693500000000000005e+00 -8.227400000000000091e+01
1.695999999999999952e+00 -8.263890000000000668e+01
1.698499999999999899e+00 -8.301590000000000202e+01
1.701000000000000068e+00 -8.340309999999999491e+01
1.703500000000000014e+00 -8.379879999999999995e+01
1.705999999999999961e+00 -8.420090000000000430e+01
1.708499999999999908e+00 -8.460729999999999507e+01
1.711000000000000076e+00 -8.501609999999999445e+01
1.713500000000000023e+00 -8.542510000000000048e+01
1.715999999999999970e+00 -8.583259999999999934e+01
1.718499999999999917e+00 -8.623650000000000659e+01
1.721000000000000085e+00 -8.663519999999999754e+01
1.723500000000000032e+00 -8.702700000000000102e+01
1.725999999999999979e+00 -8.741049999999999898e+01
1.728499999999999925e+00 -8.778440000000000509e+01
1.731000000000000094e+00 -8.814759999999999707e+01
1.733500000000000041e+00 -8.849899999999999523e+01
1.735999999999999988e+00 -8.883799999999999386e+01
1.738499999999999934e+00 -8.916389999999999816e+01
1.741000000000000103e+00 -8.947629999999999484e+01
1.743500000000000050e+00 -8.977479999999999905e+01
1.745999999999999996e+00 8.994070000000000675e+01
1.748499999999999943e+00 8.967029999999999745e+01
1.750999999999999890e+00 8.941400000000000148e+01
1.753500000000000059e+00 8.917159999999999798e+01
1.756000000000000005e+00 8.894289999999999452e+01
1.758499999999999952e+00 8.872759999999999536e+01
1.760999999999999899e+00 8.852540000000000475e+01
1.763500000000000068e+00 8.833580000000000609e+01
1.766000000000000014e+00 8.815860000000000696e+01
1.768499999999999961e+00 8.799320000000000164e+01
1.770999999999999908e+00 8.783920000000000528e+01
1.773500000000000076e+00 8.769620000000000459e+01
1.776000000000000023e+00 8.756359999999999388e+01
1.778499999999999970e+00 8.744100000000000250e+01
1.780999999999999917e+00 8.732789999999999964e+01
1.783500000000000085e+00 8.722390000000000043e+01
1.786000000000000032e+00 8.712860000000000582e+01
1.788499999999999979e+00 8.704139999999999588e+01
1.790999999999999925e+00 8.696200000000000330e+01
1.793500000000000094e+00 8.688989999999999725e+01
1.796000000000000041e+00 8.682479999999999620e+01
1.798499999999999988e+00 8.676630000000000109e+01
1.800999999999999934e+00 8.671399999999999864e+01
1.803500000000000103e+00 8.666769999999999641e+01
1.806000000000000050e+00 8.662690000000000623e+01
1.808499999999999996e+00 8.659139999999999304e+01
1.810999999999999943e+00 8.656080000000000041e+01
1.813499999999999890e+00 8.653489999999999327e+01
1.816000000000000059e+00 8.651349999999999341e+01
1.818500000000000005e+00 8.649630000000000507e+01
1.820999999999999952e+00 8.648300000000000409e+01
1.823499999999999899e+00 8.647350000000000136e+01
1.826000000000000068e+00 8.646739999999999782e+01
1.828500000000000014e+00 8.646479999999999677e+01
1.830999999999999961e+00 8.646529999999999916e+01
1.833499999999999908e+00 8.646880000000000166e+01
1.836000000000000076e+00 8.647509999999999764e+01
1.838500000000000023e+00 8.648399999999999466e+01
1.840999999999999970e+00 8.649559999999999604e+01
1.843499999999999917e+00 8.650950000000000273e+01
1.846000000000000085e+00 8.652570000000000050e+01
1.848500000000000032e+00 8.654399999999999693e+01
1.850999999999999979e+00 8.656440000000000623e+01
1.853499999999999925e+00 8.658679999999999666e+01
1.856000000000000094e+00 8.661100000000000421e+01
1.858500000000000041e+00 8.663700000000000045e+01
1.860999999999999988e+00 8.666459999999999297e+01
1.863499999999999934e+00 8.669389999999999930e+01
1.866000000000000103e+00 8.672459999999999525e+01
1.868500000000000050e+00 8.675690000000000168e+01
1.870999999999999996e+00 8.679049999999999443e+01
1.873499999999999943e+00 8.682550000000000523e+01
1.875999999999999890e+00 8.686169999999999902e+01
1.878500000000000059e+00 8.689919999999999334e+01
1.881000000000000005e+00 8.693779999999999575e+01
1.883499999999999952e+00 8.697759999999999536e+01
1.885999999999999899e+00 8.701850000000000307e+01
1.888500000000000068e+00 8.706040000000000134e+01
1.891000000000000014e+00 8.710330000000000439e+01
1.893499999999999961e+00 8.714709999999999468e+01
1.895999999999999908e+00 8.719199999999999307e+01
1.898500000000000076e+00 8.723770000000000380e+01
1.901000000000000023e+00 8.728430000000000177e+01
1.903499999999999970e+00 8.733180000000000121e+01
1.905999999999999917e+00 8.737999999999999545e+01
1.908500000000000085e+00 8.742910000000000537e+01
1.911000000000000032e+00 8.747899999999999920e+01
1.913499999999999979e+00 8.752960000000000207e+01
1.915999999999999925e+00 8.758100000000000307e+01
1.918500000000000094e+00 8.763309999999999889e+01
1.921000000000000041e+00 8.768590000000000373e+01
1.923499999999999988e+00 8.773940000000000339e+01
1.925999999999999934e+00 8.779359999999999786e+01
1.928500000000000103e+00 8.784839999999999804e+01
1.931000000000000050e+00 8.790389999999999304e+01
1.933499999999999996e+00 8.795999999999999375e+01
1.935999999999999943e+00 8.801680000000000348e+01
1.938499999999999890e+00 8.807420000000000471e+01
1.941000000000000059e+00 8.813219999999999743e+01
1.943500000000000005e+00 8.819079999999999586e+01
1.945999999999999952e+00 8.825000000000000000e+01
1.948499999999999899e+00 8.830970000000000653e+01
1.951000000000000068e+00 8.837009999999999366e+01
1.953500000000000014e+00 8.843099999999999739e+01
1.955999999999999961e+00 8.849250000000000682e+01
1.958499999999999908e+00 8.855459999999999354e+01
1.961000000000000076e+00 8.861719999999999686e+01
1.963500000000000023e+00 8.868030000000000257e+01
1.965999999999999970e+00 8.874399999999999977e+01
1.968499999999999917e+00 8.880830000000000268e+01
1.971000000000000085e+00 8.887309999999999377e+01
1.973500000000000032e+00 8.893840000000000146e+01
1.975999999999999979e+00 8.900430000000000064e+01
1.978499999999999925e+00 8.907070000000000221e+01
1.981000000000000094e+00 8.913760000000000616e+01
1.983500000000000041e+00 8.920510000000000161e+01
1.985999999999999988e+00 8.927309999999999945e+01
1.988499999999999934e+00 8.934159999999999968e+01
1.991000000000000103e+00 8.941060000000000230e+01
1.993500000000000050e+00 8.948009999999999309e+01
1.995999999999999996e+00 8.955020000000000380e+01
1.998499999999999943e+00 8.962080000000000268e+01
2.000999999999999890e+00 8.969190000000000396e+01
2.003499999999999837e+00 8.976349999999999341e+01
2.005999999999999783e+00 8.983559999999999945e+01
2.008500000000000174e+00 8.990829999999999700e+01
2.011000000000000121e+00 8.998149999999999693e+01
2.013500000000000068e+00 -8.994490000000000407e+01
2.016000000000000014e+00 -8.987069999999999936e+01
2.018499999999999961e+00 -8.979600000000000648e+01
2.020999999999999908e+00 -8.972069999999999368e+01
2.023499999999999854e+00 -8.964499999999999602e+01
2.025999999999999801e+00 -8.956870000000000687e+01
2.028500000000000192e+00 -8.949200000000000443e+01
2.031000000000000139e+00 -8.941469999999999629e+01
2.033500000000000085e+00 -8.933689999999999998e+01
2.036000000000000032e+00 -8.925849999999999795e+01
2.038499999999999979e+00 -8.917969999999999686e+01
2.040999999999999925e+00 -8.910030000000000427e+01
2.043499999999999872e+00 -8.902049999999999841e+01
2.045999999999999819e+00 -8.893999999999999773e+01
2.048500000000000210e+00 -8.885909999999999798e+01
2.051000000000000156e+00 -8.877769999999999584e+01
2.053500000000000103e+00 -8.869570000000000221e+01
2.056000000000000050e+00 -8.861320000000000618e+01
2.058499999999999996e+00 -8.853019999999999357e+01
2.060999999999999943e+00 -8.844670000000000698e+01
2.063499999999999890e+00 -8.836260000000000048e+01
2.065999999999999837e+00 -8.827800000000000580e+01
2.068499999999999783e+00 -8.819289999999999452e+01
2.071000000000000174e+00 -8.810720000000000596e+01
2.073500000000000121e+00 -8.802100000000000080e+01
2.076000000000000068e+00 -8.793429999999999325e+01
2.078500000000000014e+00 -8.784699999999999420e+01
2.080999999999999961e+00 -8.775920000000000698e+01
2.083499999999999908e+00 -8.767090000000000316e+01
2.085999999999999854e+00 -8.758199999999999363e+01
2.088499999999999801e+00 -8.749259999999999593e+01
2.091000000000000192e+00 -8.740269999999999584e+01
2.093500000000000139e+00 -8.731220000000000425e+01
2.096000000000000085e+00 -8.722110000000000696e+01
2.098500000000000032e+00 -8.712949999999999307e+01
2.100999999999999979e+00 -8.703740000000000521e+01
2.103499999999999925e+00 -8.694469999999999743e+01
2.105999999999999872e+00 -8.685150000000000148e+01
2.108499999999999819e+00 -8.675769999999999982e+01
2.111000000000000210e+00 -8.666330000000000666e+01
2.113500000000000156e+00 -8.656839999999999691e+01
2.116000000000000103e+00 -8.647299999999999898e+01
2.118500000000000050e+00 -8.637690000000000623e+01
2.120999999999999996e+00 -8.628029999999999688e+01
2.123499999999999943e+00 -8.618319999999999936e+01
2.125999999999999890e+00 -8.608540000000000703e+01
2.128499999999999837e+00 -8.598720000000000141e+01
2.130999999999999783e+00 -8.588830000000000098e+01
2.133500000000000174e+00 -8.578879999999999484e+01
2.136000000000000121e+00 -8.568880000000000052e+01
2.138500000000000068e+00 -8.558820000000000050e+01
2.141000000000000014e+00 -8.548709999999999809e+01
2.143499999999999961e+00 -8.538530000000000086e+01
2.145999999999999908e+00 -8.528300000000000125e+01
2.148499999999999854e+00 -8.518000000000000682e+01
2.150999999999999801e+00 -8.507649999999999579e+01
2.153500000000000192e+00 -8.497239999999999327e+01
2.156000000000000139e+00 -8.486769999999999925e+01
2.158500000000000085e+00 -8.476239999999999952e+01
2.161000000000000032e+00 -8.465649999999999409e+01
2.163499999999999979e+00 -8.454989999999999384e+01
2.165999999999999925e+00 -8.444280000000000541e+01
2.168499999999999872e+00 -8.433509999999999707e+01
2.170999999999999819e+00 -8.422669999999999391e+01
2.173500000000000210e+00 -8.411780000000000257e+01
2.176000000000000156e+00 -8.400820000000000221e+01
2.178500000000000103e+00 -8.389799999999999613e+01
2.181000000000000050e+00 -8.378719999999999857e+01
2.183499999999999996e+00 -8.367579999999999529e+01
2.185999999999999943e+00 -8.356369999999999720e+01
2.188499999999999890e+00 -8.345099999999999341e+01
2.190999999999999837e+00 -8.333759999999999479e+01
2.193499999999999783e+00 -8.322360000000000468e+01
2.196000000000000174e+00 -8.310899999999999466e+01
2.198500000000000121e+00 -8.299370000000000402e+01
2.201000000000000068e+00 -8.287779999999999347e+01
2.203500000000000014e+00 -8.276120000000000232e+01
2.205999999999999961e+00 -8.264400000000000546e+01
2.208499999999999908e+00 -8.252609999999999957e+01
2.210999999999999854e+00 -8.240749999999999886e+01
2.213499999999999801e+00 -8.228830000000000666e+01
2.216000000000000192e+00 -8.216840000000000543e+01
2.218500000000000139e+00 -8.204779999999999518e+01
2.221000000000000085e+00 -8.192659999999999343e+01
2.223500000000000032e+00 -8.180459999999999354e+01
2.225999999999999979e+00 -8.168200000000000216e+01
2.228499999999999925e+00 -8.155870000000000175e+01
2.230999999999999872e+00 -8.143470000000000653e+01
2.233499999999999819e+00 -8.130989999999999895e+01
2.236000000000000210e+00 -8.118449999999999989e+01
2.238500000000000156e+00 -8.105840000000000600e+01
2.241000000000000103e+00 -8.093160000000000309e+01
2.243500000000000050e+00 -8.080400000000000205e+01
2.245999999999999996e+00 -8.067570000000000618e+01
2.248499999999999943e+00 -8.054670000000000130e+01
2.250999999999999890e+00 -8.041700000000000159e+01
2.253499999999999837e+00 -8.028650000000000375e+01
2.255999999999999783e+00 -8.015529999999999688e+01
2.258500000000000174e+00 -8.002339999999999520e+01
2.261000000000000121e+00 -7.989069999999999538e+01
2.263500000000000068e+00 -7.975719999999999743e+01
2.266000000000000014e+00 -7.962300000000000466e+01
2.268499999999999961e+00 -7.948810000000000286e+01
2.270999999999999908e+00 -7.935229999999999961e+01
2.273499999999999854e+00 -7.921580000000000155e+01
2.275999999999999801e+00 -7.907850000000000534e+01
2.278500000000000192e+00 -7.894050000000000011e+01
2.281000000000000139e+00 -7.880159999999999343e+01
2.283500000000000085e+00 -7.866200000000000614e+01
2.286000000000000032e+00 -7.852160000000000650e+01
2.288499999999999979e+00 -7.838039999999999452e+01
2.290999999999999925e+00 -7.823829999999999529e+01
2.293499999999999872e+00 -7.809550000000000125e+01
2.295999999999999819e+00 -7.795180000000000575e+01
2.298500000000000210e+00 -7.780740000000000123e+01
2.301000000000000156e+00 -7.766209999999999525e+01
2.303500000000000103e+00 -7.751590000000000202e+01
2.306000000000000050e+00 -7.736899999999999977e+01
2.308499999999999996e+00 -7.722119999999999607e+01
2.310999999999999943e+00 -7.707250000000000512e+01
2.313499999999999890e+00 -7.692310000000000514e+01
2.315999999999999837e+00 -7.677270000000000039e+01
2.318499999999999783e+00 -7.662149999999999750e+01
2.321000000000000174e+00 -7.646949999999999648e+01
2.323500000000000121e+00 -7.631650000000000489e+01
2.326000000000000068e+00 -7.616270000000000095e+01
2.328500000000000014e+00 -7.600809999999999889e+01
2.330999999999999961e+00 -7.585250000000000625e+01
2.333499999999999908e+00 -7.569610000000000127e+01
2.335999999999999854e+00 -7.553879999999999484e+01
2.338499999999999801e+00 -7.538049999999999784e+01
2.341000000000000192e+00 -7.522140000000000271e+01
2.343500000000000139e+00 -7.506140000000000612e+01
2.346000000000000085e+00 -7.490049999999999386e+01
2.348500000000000032e+00 -7.473860000000000525e+01
2.350999999999999979e+00 -7.457580000000000098e+01
2.353499999999999925e+00 -7.441219999999999857e+01
2.355999999999999872e+00 -7.424760000000000559e+01
2.358499999999999819e+00 -7.408199999999999363e+01
2.361000000000000210e+00 -7.391559999999999775e+01
2.363500000000000156e+00 -7.374819999999999709e+01
2.366000000000000103e+00 -7.357980000000000587e+01
2.368500000000000050e+00 -7.341049999999999898e+01
2.370999999999999996e+00 -7.324030000000000484e+01
2.373499999999999943e+00 -7.306910000000000593e+01
2.375999999999999890e+00 -7.289700000000000557e+01
2.378499999999999837e+00 -7.272390000000000043e+01
2.380999999999999783e+00 -7.254980000000000473e+01
2.383500000000000174e+00 -7.237479999999999336e+01
2.386000000000000121e+00 -7.219880000000000564e+01
2.388500000000000068e+00 -7.202190000000000225e+01
2.391000000000000014e+00 -7.184390000000000498e+01
2.393499999999999961e+00 -7.166500000000000625e+01
2.395999999999999908e+00 -7.148510000000000275e+01
2.398499999999999854e+00 -7.130429999999999779e+01
2.400999999999999801e+00 -7.112239999999999895e+01
2.403500000000000192e+00 -7.093959999999999866e+01
2.406000000000000139e+00 -7.075579999999999359e+01
2.408500000000000085e+00 -7.057099999999999795e+01
2.411000000000000032e+00 -7.038519999999999754e+01
2.413499999999999979e+00 -7.019849999999999568e+01
2.415999999999999925e+00 -7.001069999999999993e+01
2.418499999999999872e+00 -6.982189999999999941e+01
2.420999999999999819e+00 -6.963219999999999743e+01
2.423500000000000210e+00 -6.944150000000000489e+01
2.426000000000000156e+00 -6.924970000000000425e+01
2.428500000000000103e+00 -6.905700000000000216e+01
2.431000000000000050e+00 -6.886329999999999529e+01
2.433499999999999996e+00 -6.866859999999999786e+01
2.435999999999999943e+00 -6.847289999999999566e+01
2.438499999999999890e+00 -6.827620000000000289e+01
2.440999999999999837e+00 -6.807850000000000534e+01
2.443499999999999783e+00 -6.787990000000000634e+01
2.446000000000000174e+00 -6.768019999999999925e+01
2.448500000000000121e+00 -6.747960000000000491e+01
2.451000000000000068e+00 -6.727790000000000248e+01
2.453500000000000014e+00 -6.707529999999999859e+01
2.455999999999999961e+00 -6.687179999999999325e+01
2.458499999999999908e+00 -6.666719999999999402e+01
2.460999999999999854e+00 -6.646169999999999334e+01
2.463499999999999801e+00 -6.625520000000000209e+01
2.466000000000000192e+00 -6.604770000000000607e+01
2.468500000000000139e+00 -6.583929999999999438e+01
2.471000000000000085e+00 -6.562990000000000634e+01
2.473500000000000032e+00 -6.541949999999999932e+01
