 10  8  9  3 00  0  0  0
nn_pot
  8
  8 30
                                                15.143459   15.143459   
                                                15.143459   5.741439    
                                                15.143459   1.784568    
                                                15.143459   0.428683    
                                                15.143459   0.112782    
                                                15.143459   0.031158    
                                                15.143459   0.008169    
                                                5.741439    5.741439    
   15.262844    5.683451    3.315364    2.116356    1.725673    0.898226
    0.788071    0.467534    0.293455    0.243355    0.126668    0.109274
    0.065932    0.040691    0.034318    0.017863    0.015152    0.009298
    0.005642    0.004840    0.002519    0.002101    0.001311    0.000782
    0.000682    0.000355    0.000291    0.000108    0.000040    0.000015
  1  1
          1.

  1  1
                      1.

  1  1
                                  1.

  1  1
                                              1.

  1  1
                                                          1.

  1  1
                                                                      1.

  1  1

          1.
  1  1

                      1.
  8
  8 30
                                                5.741439    1.784568    
                                                5.741439    0.428683    
                                                5.741439    0.112782    
                                                5.741439    0.031158    
                                                5.741439    0.008169    
                                                1.784568    1.784568    
                                                1.784568    0.428683    
                                                1.784568    0.112782    
   15.262844    5.683451    3.315364    2.116356    1.725673    0.898226
    0.788071    0.467534    0.293455    0.243355    0.126668    0.109274
    0.065932    0.040691    0.034318    0.017863    0.015152    0.009298
    0.005642    0.004840    0.002519    0.002101    0.001311    0.000782
    0.000682    0.000355    0.000291    0.000108    0.000040    0.000015
  1  1
          1.

  1  1
                      1.

  1  1
                                  1.

  1  1
                                              1.

  1  1
                                                          1.

  1  1
                                                                      1.

  1  1

          1.
  1  1

                      1.
  8
  8 30
                                                1.784568    0.031158    
                                                1.784568    0.008169    
                                                0.428683    0.428683    
                                                0.428683    0.112782    
                                                0.428683    0.031158    
                                                0.428683    0.008169    
                                                0.112782    0.112782    
                                                0.112782    0.031158    
   15.262844    5.683451    3.315364    2.116356    1.725673    0.898226
    0.788071    0.467534    0.293455    0.243355    0.126668    0.109274
    0.065932    0.040691    0.034318    0.017863    0.015152    0.009298
    0.005642    0.004840    0.002519    0.002101    0.001311    0.000782
    0.000682    0.000355    0.000291    0.000108    0.000040    0.000015
  1  1
          1.

  1  1
                      1.

  1  1
                                  1.

  1  1
                                              1.

  1  1
                                                          1.

  1  1
                                                                      1.

  1  1

          1.
  1  1

                      1.
  4
  4 30
                                                0.112782    0.008169    
                                                0.031158    0.031158    
                                                0.031158    0.008169    
                                                0.008169    0.008169    
   15.262844    5.683451    3.315364    2.116356    1.725673    0.898226
    0.788071    0.467534    0.293455    0.243355    0.126668    0.109274
    0.065932    0.040691    0.034318    0.017863    0.015152    0.009298
    0.005642    0.004840    0.002519    0.002101    0.001311    0.000782
    0.000682    0.000355    0.000291    0.000108    0.000040    0.000015
  1  1
          1.
  1  1
                      1.
  1  1
                                  1.
  1  1
                                              1.
  8
  8 30
                                                32.242649   62.999924   
                                                32.242649   31.463123   
                                                32.242649   0.894489    
                                                32.242649   0.016941    
                                                14.467641   62.999924   
                                                14.467641   31.463123   
                                                14.467641   0.894489    
                                                14.467641   0.016941    
   15.262844    5.683451    3.315364    2.116356    1.725673    0.898226
    0.788071    0.467534    0.293455    0.243355    0.126668    0.109274
    0.065932    0.040691    0.034318    0.017863    0.015152    0.009298
    0.005642    0.004840    0.002519    0.002101    0.001311    0.000782
    0.000682    0.000355    0.000291    0.000108    0.000040    0.000015
  1  1
          1.

  1  1
                      1.

  1  1
                                  1.

  1  1
                                              1.

  1  1
                                                          1.

  1  1
                                                                      1.

  1  1

          1.
  1  1

                      1.
  8
  8 30
                                                9.652493    62.999924   
                                                9.652493    31.463123   
                                                9.652493    0.894489    
                                                9.652493    0.016941    
                                                1.366678    62.999924   
                                                1.366678    31.463123   
                                                1.366678    0.894489    
                                                1.366678    0.016941    
   15.262844    5.683451    3.315364    2.116356    1.725673    0.898226
    0.788071    0.467534    0.293455    0.243355    0.126668    0.109274
    0.065932    0.040691    0.034318    0.017863    0.015152    0.009298
    0.005642    0.004840    0.002519    0.002101    0.001311    0.000782
    0.000682    0.000355    0.000291    0.000108    0.000040    0.000015
  1  1
          1.

  1  1
                      1.

  1  1
                                  1.

  1  1
                                              1.

  1  1
                                                          1.

  1  1
                                                                      1.

  1  1

          1.
  1  1

                      1.
  8
  8 30
                                                0.932089    62.999924   
                                                0.932089    31.463123   
                                                0.932089    0.894489    
                                                0.932089    0.016941    
                                                0.765019    62.999924   
                                                0.765019    31.463123   
                                                0.765019    0.894489    
                                                0.765019    0.016941    
   15.262844    5.683451    3.315364    2.116356    1.725673    0.898226
    0.788071    0.467534    0.293455    0.243355    0.126668    0.109274
    0.065932    0.040691    0.034318    0.017863    0.015152    0.009298
    0.005642    0.004840    0.002519    0.002101    0.001311    0.000782
    0.000682    0.000355    0.000291    0.000108    0.000040    0.000015
  1  1
          1.

  1  1
                      1.

  1  1
                                  1.

  1  1
                                              1.

  1  1
                                                          1.

  1  1
                                                                      1.

  1  1

          1.
  1  1

                      1.
  8
  8 30
                                                0.310914    62.999924   
                                                0.310914    31.463123   
                                                0.310914    0.894489    
                                                0.310914    0.016941    
                                                0.022635    62.999924   
                                                0.022635    31.463123   
                                                0.022635    0.894489    
                                                0.022635    0.016941    
   15.262844    5.683451    3.315364    2.116356    1.725673    0.898226
    0.788071    0.467534    0.293455    0.243355    0.126668    0.109274
    0.065932    0.040691    0.034318    0.017863    0.015152    0.009298
    0.005642    0.004840    0.002519    0.002101    0.001311    0.000782
    0.000682    0.000355    0.000291    0.000108    0.000040    0.000015
  1  1
          1.

  1  1
                      1.

  1  1
                                  1.

  1  1
                                              1.

  1  1
                                                          1.

  1  1
                                                                      1.

  1  1

          1.
  1  1

                      1.
  8
  8 30
                                                23.509535   6.305025    
                                                23.509535   0.275212    
                                                23.509535   0.076645    
                                                23.509535   0.001272    
                                                9.657973    6.305025    
                                                9.657973    0.275212    
                                                9.657973    0.076645    
                                                9.657973    0.001272    
   15.262844    5.683451    3.315364    2.116356    1.725673    0.898226
    0.788071    0.467534    0.293455    0.243355    0.126668    0.109274
    0.065932    0.040691    0.034318    0.017863    0.015152    0.009298
    0.005642    0.004840    0.002519    0.002101    0.001311    0.000782
    0.000682    0.000355    0.000291    0.000108    0.000040    0.000015
  1  1
          1.

  1  1
                      1.

  1  1
                                  1.

  1  1
                                              1.

  1  1
                                                          1.

  1  1
                                                                      1.

  1  1

          1.
  1  1

                      1.
  8
  8 30
                                                3.890710    6.305025    
                                                3.890710    0.275212    
                                                3.890710    0.076645    
                                                3.890710    0.001272    
                                                1.744369    6.305025    
                                                1.744369    0.275212    
                                                1.744369    0.076645    
                                                1.744369    0.001272    
   15.262844    5.683451    3.315364    2.116356    1.725673    0.898226
    0.788071    0.467534    0.293455    0.243355    0.126668    0.109274
    0.065932    0.040691    0.034318    0.017863    0.015152    0.009298
    0.005642    0.004840    0.002519    0.002101    0.001311    0.000782
    0.000682    0.000355    0.000291    0.000108    0.000040    0.000015
  1  1
          1.

  1  1
                      1.

  1  1
                                  1.

  1  1
                                              1.

  1  1
                                                          1.

  1  1
                                                                      1.

  1  1

          1.
  1  1

                      1.
  8
  8 30
                                                1.657797    6.305025    
                                                1.657797    0.275212    
                                                1.657797    0.076645    
                                                1.657797    0.001272    
                                                0.352926    6.305025    
                                                0.352926    0.275212    
                                                0.352926    0.076645    
                                                0.352926    0.001272    
   15.262844    5.683451    3.315364    2.116356    1.725673    0.898226
    0.788071    0.467534    0.293455    0.243355    0.126668    0.109274
    0.065932    0.040691    0.034318    0.017863    0.015152    0.009298
    0.005642    0.004840    0.002519    0.002101    0.001311    0.000782
    0.000682    0.000355    0.000291    0.000108    0.000040    0.000015
  1  1
          1.

  1  1
                      1.

  1  1
                                  1.

  1  1
                                              1.

  1  1
                                                          1.

  1  1
                                                                      1.

  1  1

          1.
  1  1

                      1.
  8
  8 30
                                                0.077005    6.305025    
                                                0.077005    0.275212    
                                                0.077005    0.076645    
                                                0.077005    0.001272    
                                                0.016322    6.305025    
                                                0.016322    0.275212    
                                                0.016322    0.076645    
                                                0.016322    0.001272    
   15.262844    5.683451    3.315364    2.116356    1.725673    0.898226
    0.788071    0.467534    0.293455    0.243355    0.126668    0.109274
    0.065932    0.040691    0.034318    0.017863    0.015152    0.009298
    0.005642    0.004840    0.002519    0.002101    0.001311    0.000782
    0.000682    0.000355    0.000291    0.000108    0.000040    0.000015
  1  1
          1.

  1  1
                      1.

  1  1
                                  1.

  1  1
                                              1.

  1  1
                                                          1.

  1  1
                                                                      1.

  1  1

          1.
  1  1

                      1.
  8                                                            Z1  BVs 1 - 8
  8 14
                                                52.451992   4.125771    
                                                37.353584   1.498968    
                                                17.770372   1.311578    
                                                12.110858   1.065764    
                                                7.728685    0.772332    
                                                5.025091    0.330703    
                                                4.287973    0.250152    
                                                4.277740    0.085581    
   29.464796   18.804295   14.189490    2.634973    1.447678    0.554383
    0.345978    0.293175    0.120666    0.118774    0.073483    0.010689
    0.004323    0.004296
  1  1
          1.

  1  1
                      1.

  1  1
                                  1.

  1  1
                                              1.

  1  1
                                                          1.

  1  1
                                                                      1.

  1  1

          1.
  1  1

                      1.
  8                                                            Z2  BVs 9 - 16
  8 14
                                                35.404092   0.100073    
                                                26.969797   0.084416    
                                                18.634779   0.073899    
                                                18.557405   0.071265    
                                                16.367146   0.055212    
                                                15.774096   0.025337    
                                                5.267418    0.023873    
                                                1.249097    0.021180    
   36.248547   11.845740    6.709949    2.863964    2.346143    1.103901
    0.903392    0.339430    0.323727    0.139364    0.115927    0.026359
    0.011666    0.005069
  1  1
          1.

  1  1
                      1.

  1  1
                                  1.

  1  1
                                              1.

  1  1
                                                          1.

  1  1
                                                                      1.

  1  1

          1.
  1  1

                      1.
  8                                                            Z3  BVs 17 - 24
  8 14
                                                12.888179   0.208419    
                                                11.676279   0.130012    
                                                1.361405    0.111041    
                                                0.904014    0.033182    
                                                0.682966    0.023721    
                                                0.488544    0.020758    
                                                0.334374    0.015567    
                                                0.333251    0.003899    
   27.492479   20.782752   14.188586    7.585807    2.349289    0.903791
    0.724312    0.110595    0.038667    0.034824    0.017473    0.005474
    0.003166    0.003105
  1  1
          1.

  1  1
                      1.

  1  1
                                  1.

  1  1
                                              1.

  1  1
                                                          1.

  1  1
                                                                      1.

  1  1

          1.
  1  1

                      1.
  8                                                            Z4  BVs 25 - 32
  8 14
                                                31.612335   7.842463    
                                                29.720346   4.662718    
                                                28.522686   2.687475    
                                                18.478239   1.591054    
                                                17.360422   0.980208    
                                                12.649212   0.778862    
                                                12.014627   0.608117    
                                                8.026643    0.406853    
   31.388489   30.974129   24.915640   20.976458   13.901175   10.413278
    2.843625    1.082571    0.153507    0.092395    0.058462    0.036312
    0.013684    0.002643
  1  1
          1.

  1  1
                      1.

  1  1
                                  1.

  1  1
                                              1.

  1  1
                                                          1.

  1  1
                                                                      1.

  1  1

          1.
  1  1

                      1.
  8                                                            Z5  BVs 33 - 40
  8 14
                                                101.904411  0.152880    
                                                22.360662   0.132568    
                                                16.253113   0.116896    
                                                1.023882    0.083778    
                                                0.744569    0.076635    
                                                0.716877    0.053032    
                                                0.496534    0.045565    
                                                0.427235    0.017661    
  149.343399   29.479239   10.825585    5.955276    2.738730    1.451884
    0.280162    0.146903    0.145416    0.028442    0.005782    0.005004
    0.003324    0.002318
  1  1
          1.

  1  1
                      1.

  1  1
                                  1.

  1  1
                                              1.

  1  1
                                                          1.

  1  1
                                                                      1.

  1  1

          1.
  1  1

                      1.
  8                                                            Z6  BVs 41 - 48
  8 14
                                                36.134899   0.117203    
                                                34.596600   0.069040    
                                                15.113591   0.052797    
                                                1.965524    0.035902    
                                                1.917049    0.027999    
                                                0.358295    0.025800    
                                                0.245056    0.025563    
                                                0.207322    0.017991    
   36.281746   28.972605   25.972197   20.095942   18.997948    2.402051
    2.089598    0.624351    0.583323    0.153843    0.148896    0.055470
    0.003739    0.001506
  1  1
          1.

  1  1
                      1.

  1  1
                                  1.

  1  1
                                              1.

  1  1
                                                          1.

  1  1
                                                                      1.

  1  1

          1.
  1  1

                      1.
