4.440999999999999837e+00 9.980909999999999505e-01
4.450999999999999623e+00 9.970620000000000038e-01
4.461000000000000298e+00 9.963459999999999539e-01
4.471000000000000085e+00 9.957660000000000400e-01
4.480999999999999872e+00 9.952670000000000128e-01
4.490999999999999659e+00 9.948209999999999553e-01
4.501000000000000334e+00 9.944140000000000201e-01
4.511000000000000121e+00 9.940379999999999772e-01
4.520999999999999908e+00 9.936880000000000157e-01
4.530999999999999694e+00 9.933600000000000207e-01
4.541000000000000369e+00 9.930499999999999883e-01
4.551000000000000156e+00 9.927570000000000006e-01
4.560999999999999943e+00 9.924779999999999713e-01
4.570999999999999730e+00 9.922119999999999829e-01
4.581000000000000405e+00 9.919580000000000064e-01
4.591000000000000192e+00 9.917139999999999844e-01
4.600999999999999979e+00 9.914800000000000280e-01
4.610999999999999766e+00 9.912539999999999685e-01
4.621000000000000441e+00 9.910360000000000280e-01
4.631000000000000227e+00 9.908240000000000380e-01
4.641000000000000014e+00 9.906179999999999986e-01
4.650999999999999801e+00 9.904159999999999631e-01
4.660999999999999588e+00 9.902189999999999603e-01
4.671000000000000263e+00 9.900259999999999616e-01
4.681000000000000050e+00 9.898350000000000204e-01
4.690999999999999837e+00 9.896470000000000544e-01
4.700999999999999623e+00 9.894589999999999774e-01
4.711000000000000298e+00 9.892720000000000402e-01
4.721000000000000085e+00 9.890839999999999632e-01
4.730999999999999872e+00 9.888949999999999685e-01
4.740999999999999659e+00 9.887040000000000273e-01
4.751000000000000334e+00 9.885089999999999710e-01
4.761000000000000121e+00 9.883089999999999931e-01
4.770999999999999908e+00 9.881029999999999536e-01
4.780999999999999694e+00 9.878900000000000459e-01
4.791000000000000369e+00 9.876669999999999616e-01
4.801000000000000156e+00 9.874330000000000052e-01
4.810999999999999943e+00 9.871839999999999504e-01
4.820999999999999730e+00 9.869179999999999620e-01
4.831000000000000405e+00 9.866289999999999782e-01
4.841000000000000192e+00 9.863140000000000240e-01
4.850999999999999979e+00 9.859630000000000338e-01
4.860999999999999766e+00 9.855650000000000244e-01
4.871000000000000441e+00 9.851039999999999797e-01
4.881000000000000227e+00 9.845509999999999540e-01
4.891000000000000014e+00 9.838529999999999776e-01
4.900999999999999801e+00 9.828989999999999672e-01
4.910999999999999588e+00 9.813650000000000428e-01
4.921000000000000263e+00 9.773039999999999505e-01
4.931000000000000050e+00 9.211470000000000491e-01
4.940999999999999837e+00 9.366139999999999466e-01
4.950999999999999623e+00 9.382949999999999902e-01
4.961000000000000298e+00 9.370119999999999560e-01
4.971000000000000085e+00 9.345750000000000446e-01
4.980999999999999872e+00 9.316809999999999814e-01
4.990999999999999659e+00 9.286710000000000242e-01
5.001000000000000334e+00 9.257570000000000521e-01
5.011000000000000121e+00 9.230949999999999989e-01
5.020999999999999908e+00 9.207980000000000054e-01
5.030999999999999694e+00 9.189380000000000326e-01
5.041000000000000369e+00 9.175459999999999727e-01
5.051000000000000156e+00 9.166210000000000191e-01
5.060999999999999943e+00 9.161280000000000534e-01
5.070999999999999730e+00 9.160110000000000197e-01
5.081000000000000405e+00 9.161920000000000064e-01
5.091000000000000192e+00 9.165860000000000118e-01
5.100999999999999979e+00 9.171019999999999728e-01
5.110999999999999766e+00 9.176539999999999697e-01
5.121000000000000441e+00 9.181639999999999802e-01
5.131000000000000227e+00 9.185630000000000184e-01
5.141000000000000014e+00 9.187959999999999461e-01
5.150999999999999801e+00 9.188199999999999701e-01
5.160999999999999588e+00 9.186039999999999761e-01
5.171000000000000263e+00 9.181289999999999729e-01
5.181000000000000050e+00 9.173860000000000348e-01
5.190999999999999837e+00 9.163769999999999971e-01
5.200999999999999623e+00 9.151120000000000365e-01
5.211000000000000298e+00 9.136079999999999757e-01
5.221000000000000085e+00 9.118910000000000071e-01
5.230999999999999872e+00 9.099880000000000191e-01
5.240999999999999659e+00 9.079359999999999653e-01
5.251000000000000334e+00 9.057709999999999928e-01
5.261000000000000121e+00 9.035339999999999483e-01
5.270999999999999908e+00 9.012649999999999828e-01
5.280999999999999694e+00 8.990059999999999718e-01
5.291000000000000369e+00 8.967960000000000376e-01
5.301000000000000156e+00 8.946720000000000228e-01
5.310999999999999943e+00 8.926659999999999595e-01
5.320999999999999730e+00 8.908089999999999620e-01
5.331000000000000405e+00 8.891250000000000542e-01
5.341000000000000192e+00 8.876330000000000053e-01
5.350999999999999979e+00 8.863469999999999960e-01
5.360999999999999766e+00 8.852769999999999806e-01
5.371000000000000441e+00 8.844269999999999632e-01
5.381000000000000227e+00 8.837970000000000548e-01
5.391000000000000014e+00 8.833830000000000293e-01
5.400999999999999801e+00 8.831750000000000433e-01
5.410999999999999588e+00 8.831639999999999491e-01
5.421000000000000263e+00 8.833349999999999813e-01
5.431000000000000050e+00 8.836730000000000418e-01
5.440999999999999837e+00 8.841590000000000282e-01
5.450999999999999623e+00 8.847749999999999782e-01
5.461000000000000298e+00 8.855009999999999826e-01
5.471000000000000085e+00 8.863170000000000215e-01
5.480999999999999872e+00 8.872020000000000461e-01
5.490999999999999659e+00 8.881379999999999830e-01
5.501000000000000334e+00 8.891029999999999767e-01
5.511000000000000121e+00 8.900799999999999823e-01
5.520999999999999908e+00 8.910510000000000375e-01
5.530999999999999694e+00 8.919979999999999576e-01
5.541000000000000369e+00 8.929049999999999487e-01
5.551000000000000156e+00 8.937599999999999989e-01
5.560999999999999943e+00 8.945480000000000098e-01
5.570999999999999730e+00 8.952569999999999695e-01
5.581000000000000405e+00 8.958789999999999809e-01
5.591000000000000192e+00 8.964039999999999786e-01
5.600999999999999979e+00 8.968249999999999833e-01
5.610999999999999766e+00 8.971379999999999910e-01
5.621000000000000441e+00 8.973360000000000225e-01
5.631000000000000227e+00 8.974189999999999667e-01
5.641000000000000014e+00 8.973839999999999595e-01
5.650999999999999801e+00 8.972320000000000295e-01
5.660999999999999588e+00 8.969620000000000370e-01
5.671000000000000263e+00 8.965769999999999573e-01
5.681000000000000050e+00 8.960799999999999876e-01
5.690999999999999837e+00 8.954729999999999634e-01
5.700999999999999623e+00 8.947610000000000285e-01
5.711000000000000298e+00 8.939479999999999649e-01
5.721000000000000085e+00 8.930409999999999737e-01
5.730999999999999872e+00 8.920430000000000303e-01
5.740999999999999659e+00 8.909620000000000317e-01
5.751000000000000334e+00 8.898019999999999818e-01
5.761000000000000121e+00 8.885720000000000285e-01
5.770999999999999908e+00 8.872750000000000359e-01
5.780999999999999694e+00 8.859209999999999585e-01
5.791000000000000369e+00 8.845140000000000224e-01
5.801000000000000156e+00 8.830620000000000136e-01
5.810999999999999943e+00 8.815709999999999935e-01
5.820999999999999730e+00 8.800489999999999702e-01
5.831000000000000405e+00 8.785020000000000051e-01
5.841000000000000192e+00 8.769369999999999665e-01
5.850999999999999979e+00 8.753619999999999735e-01
5.860999999999999766e+00 8.737829999999999764e-01
5.871000000000000441e+00 8.722069999999999546e-01
5.881000000000000227e+00 8.706429999999999447e-01
5.891000000000000014e+00 8.690970000000000084e-01
5.900999999999999801e+00 8.675760000000000138e-01
5.910999999999999588e+00 8.660900000000000265e-01
5.921000000000000263e+00 8.646439999999999682e-01
5.931000000000000050e+00 8.632469999999999866e-01
5.940999999999999837e+00 8.619050000000000322e-01
5.950999999999999623e+00 8.606260000000000021e-01
5.961000000000000298e+00 8.594169999999999865e-01
5.971000000000000085e+00 8.582840000000000469e-01
5.980999999999999872e+00 8.572319999999999940e-01
5.990999999999999659e+00 8.562680000000000291e-01
6.001000000000000334e+00 8.553950000000000164e-01
6.011000000000000121e+00 8.546169999999999600e-01
6.020999999999999908e+00 8.539369999999999461e-01
6.030999999999999694e+00 8.533560000000000034e-01
6.041000000000000369e+00 8.528759999999999675e-01
6.051000000000000156e+00 8.524950000000000028e-01
6.060999999999999943e+00 8.522129999999999983e-01
6.070999999999999730e+00 8.520259999999999501e-01
6.081000000000000405e+00 8.519309999999999938e-01
6.091000000000000192e+00 8.519240000000000146e-01
6.100999999999999979e+00 8.519999999999999796e-01
6.110999999999999766e+00 8.521530000000000493e-01
6.121000000000000441e+00 8.523760000000000225e-01
6.131000000000000227e+00 8.526629999999999487e-01
6.141000000000000014e+00 8.530069999999999597e-01
6.150999999999999801e+00 8.534000000000000474e-01
6.160999999999999588e+00 8.538350000000000106e-01
6.171000000000000263e+00 8.543070000000000386e-01
6.181000000000000050e+00 8.548069999999999835e-01
6.190999999999999837e+00 8.553290000000000060e-01
6.200999999999999623e+00 8.558679999999999621e-01
6.211000000000000298e+00 8.564180000000000126e-01
6.221000000000000085e+00 8.569740000000000135e-01
6.230999999999999872e+00 8.575319999999999609e-01
6.240999999999999659e+00 8.580879999999999619e-01
6.251000000000000334e+00 8.586399999999999588e-01
6.261000000000000121e+00 8.591860000000000053e-01
6.270999999999999908e+00 8.597230000000000150e-01
6.280999999999999694e+00 8.602520000000000167e-01
6.291000000000000369e+00 8.607719999999999816e-01
6.301000000000000156e+00 8.612849999999999673e-01
6.310999999999999943e+00 8.617930000000000312e-01
6.320999999999999730e+00 8.622990000000000377e-01
6.331000000000000405e+00 8.628069999999999906e-01
6.341000000000000192e+00 8.633220000000000338e-01
6.350999999999999979e+00 8.638489999999999780e-01
6.360999999999999766e+00 8.643960000000000532e-01
6.371000000000000441e+00 8.649710000000000454e-01
6.381000000000000227e+00 8.655810000000000448e-01
6.391000000000000014e+00 8.662370000000000347e-01
6.400999999999999801e+00 8.669489999999999696e-01
6.410999999999999588e+00 8.677280000000000548e-01
6.421000000000000263e+00 8.685840000000000227e-01
6.431000000000000050e+00 8.695279999999999676e-01
6.440999999999999837e+00 8.705699999999999550e-01
6.450999999999999623e+00 8.717200000000000504e-01
6.461000000000000298e+00 8.729850000000000110e-01
6.471000000000000085e+00 8.743710000000000093e-01
6.480999999999999872e+00 8.758820000000000494e-01
6.490999999999999659e+00 8.775180000000000202e-01
6.501000000000000334e+00 8.792769999999999753e-01
6.511000000000000121e+00 8.811550000000000216e-01
6.520999999999999908e+00 8.831409999999999538e-01
6.530999999999999694e+00 8.852229999999999821e-01
6.541000000000000369e+00 8.873870000000000369e-01
6.551000000000000156e+00 8.896150000000000446e-01
6.560999999999999943e+00 8.918869999999999854e-01
6.570999999999999730e+00 8.941829999999999501e-01
6.581000000000000405e+00 8.964830000000000298e-01
6.591000000000000192e+00 8.987650000000000361e-01
6.600999999999999979e+00 9.010110000000000063e-01
6.610999999999999766e+00 9.032019999999999493e-01
6.621000000000000441e+00 9.053229999999999889e-01
6.631000000000000227e+00 9.073609999999999731e-01
6.641000000000000014e+00 9.093050000000000299e-01
6.650999999999999801e+00 9.111479999999999579e-01
6.660999999999999588e+00 9.128840000000000288e-01
6.671000000000000263e+00 9.145100000000000451e-01
6.681000000000000050e+00 9.160270000000000357e-01
6.690999999999999837e+00 9.174350000000000005e-01
6.700999999999999623e+00 9.187389999999999723e-01
6.711000000000000298e+00 9.199439999999999840e-01
6.721000000000000085e+00 9.210559999999999858e-01
6.730999999999999872e+00 9.220819999999999572e-01
6.740999999999999659e+00 9.230300000000000171e-01
6.751000000000000334e+00 9.239100000000000090e-01
6.761000000000000121e+00 9.247300000000000519e-01
6.770999999999999908e+00 9.254999999999999893e-01
6.780999999999999694e+00 9.262310000000000265e-01
6.791000000000000369e+00 9.269300000000000317e-01
6.801000000000000156e+00 9.276100000000000456e-01
6.810999999999999943e+00 9.282780000000000475e-01
6.820999999999999730e+00 9.289450000000000207e-01
6.831000000000000405e+00 9.296210000000000306e-01
6.841000000000000192e+00 9.303150000000000031e-01
6.850999999999999979e+00 9.310349999999999460e-01
6.860999999999999766e+00 9.317919999999999536e-01
6.871000000000000441e+00 9.325940000000000341e-01
6.881000000000000227e+00 9.334500000000000020e-01
6.891000000000000014e+00 9.343679999999999763e-01
6.900999999999999801e+00 9.353580000000000227e-01
6.910999999999999588e+00 9.364270000000000094e-01
6.921000000000000263e+00 9.375839999999999730e-01
6.931000000000000050e+00 9.388370000000000326e-01
6.940999999999999837e+00 9.401950000000000029e-01
6.950999999999999623e+00 9.416649999999999743e-01
6.961000000000000298e+00 9.432549999999999546e-01
6.971000000000000085e+00 9.449739999999999807e-01
6.980999999999999872e+00 9.468299999999999494e-01
6.990999999999999659e+00 9.488299999999999512e-01
7.001000000000000334e+00 9.509830000000000227e-01
7.011000000000000121e+00 9.532969999999999500e-01
7.020999999999999908e+00 9.557790000000000452e-01
7.030999999999999694e+00 9.584359999999999546e-01
7.041000000000000369e+00 9.612779999999999658e-01
7.051000000000000156e+00 9.643089999999999717e-01
7.060999999999999943e+00 9.675380000000000091e-01
7.070999999999999730e+00 9.709699999999999998e-01
7.081000000000000405e+00 9.746089999999999476e-01
7.091000000000000192e+00 9.784589999999999677e-01
7.100999999999999979e+00 9.825230000000000352e-01
7.110999999999999766e+00 9.868000000000000105e-01
7.121000000000000441e+00 9.912860000000000005e-01
7.131000000000000227e+00 9.959759999999999724e-01
7.141000000000000014e+00 1.000858000000000025e+00
7.150999999999999801e+00 1.005916999999999950e+00
7.160999999999999588e+00 1.011131999999999920e+00
7.171000000000000263e+00 1.016472999999999960e+00
7.181000000000000050e+00 1.021903999999999924e+00
7.190999999999999837e+00 1.027379999999999960e+00
7.200999999999999623e+00 1.032848999999999906e+00
7.211000000000000298e+00 1.038246999999999920e+00
7.221000000000000085e+00 1.043506999999999962e+00
7.230999999999999872e+00 1.048553000000000068e+00
7.240999999999999659e+00 1.053306000000000076e+00
7.251000000000000334e+00 1.057690000000000019e+00
7.261000000000000121e+00 1.061630000000000074e+00
7.270999999999999908e+00 1.065061999999999953e+00
7.280999999999999694e+00 1.067935999999999996e+00
7.291000000000000369e+00 1.070217999999999892e+00
7.301000000000000156e+00 1.071895999999999960e+00
7.310999999999999943e+00 1.072977999999999987e+00
7.320999999999999730e+00 1.073491999999999891e+00
7.331000000000000405e+00 1.073485999999999940e+00
7.341000000000000192e+00 1.073018999999999945e+00
7.350999999999999979e+00 1.072165000000000035e+00
7.360999999999999766e+00 1.070996000000000059e+00
7.371000000000000441e+00 1.069587999999999983e+00
7.381000000000000227e+00 1.068013000000000101e+00
7.391000000000000014e+00 1.066332999999999975e+00
7.400999999999999801e+00 1.064604000000000106e+00
7.410999999999999588e+00 1.062872000000000039e+00
7.421000000000000263e+00 1.061171000000000086e+00
7.431000000000000050e+00 1.059527000000000108e+00
7.440999999999999837e+00 1.057957000000000036e+00
7.450999999999999623e+00 1.056470000000000020e+00
7.461000000000000298e+00 1.055069000000000035e+00
7.471000000000000085e+00 1.053752000000000022e+00
7.480999999999999872e+00 1.052513000000000032e+00
7.490999999999999659e+00 1.051341000000000081e+00
7.501000000000000334e+00 1.050224999999999964e+00
7.511000000000000121e+00 1.049152000000000085e+00
7.520999999999999908e+00 1.048106999999999900e+00
7.530999999999999694e+00 1.047075999999999896e+00
7.541000000000000369e+00 1.046046000000000031e+00
7.551000000000000156e+00 1.045001000000000069e+00
7.560999999999999943e+00 1.043930000000000025e+00
7.570999999999999730e+00 1.042818999999999940e+00
7.581000000000000405e+00 1.041657999999999973e+00
7.591000000000000192e+00 1.040435999999999916e+00
7.600999999999999979e+00 1.039144999999999985e+00
7.610999999999999766e+00 1.037776999999999950e+00
7.621000000000000441e+00 1.036327999999999916e+00
7.631000000000000227e+00 1.034791999999999934e+00
7.641000000000000014e+00 1.033166000000000029e+00
7.650999999999999801e+00 1.031447999999999920e+00
7.660999999999999588e+00 1.029638999999999971e+00
7.671000000000000263e+00 1.027740000000000098e+00
7.681000000000000050e+00 1.025752999999999915e+00
7.690999999999999837e+00 1.023681999999999981e+00
7.700999999999999623e+00 1.021532000000000107e+00
7.711000000000000298e+00 1.019309000000000021e+00
7.721000000000000085e+00 1.017022000000000093e+00
7.730999999999999872e+00 1.014677999999999969e+00
7.740999999999999659e+00 1.012286000000000019e+00
7.751000000000000334e+00 1.009857000000000005e+00
7.761000000000000121e+00 1.007400999999999991e+00
7.770999999999999908e+00 1.004930000000000101e+00
7.780999999999999694e+00 1.002458000000000071e+00
7.791000000000000369e+00 9.999949999999999672e-01
7.801000000000000156e+00 9.975549999999999695e-01
7.810999999999999943e+00 9.951520000000000366e-01
7.820999999999999730e+00 9.927979999999999583e-01
7.831000000000000405e+00 9.905089999999999728e-01
7.841000000000000192e+00 9.882980000000000098e-01
7.850999999999999979e+00 9.861779999999999990e-01
7.860999999999999766e+00 9.841640000000000388e-01
7.871000000000000441e+00 9.822689999999999477e-01
7.881000000000000227e+00 9.805070000000000174e-01
7.891000000000000014e+00 9.788909999999999556e-01
7.900999999999999801e+00 9.774359999999999715e-01
7.910999999999999588e+00 9.761520000000000197e-01
7.921000000000000263e+00 9.750550000000000050e-01
7.931000000000000050e+00 9.741549999999999931e-01
7.940999999999999837e+00 9.734650000000000247e-01
7.950999999999999623e+00 9.729989999999999473e-01
7.961000000000000298e+00 9.727670000000000483e-01
7.971000000000000085e+00 9.727810000000000068e-01
7.980999999999999872e+00 9.730529999999999458e-01
7.990999999999999659e+00 9.735939999999999594e-01
