5.850999999999999979e+00 9.203639999999999599e-01
5.860999999999999766e+00 9.378640000000000310e-01
5.871000000000000441e+00 9.428720000000000434e-01
5.881000000000000227e+00 9.450779999999999736e-01
5.891000000000000014e+00 9.455710000000000504e-01
5.900999999999999801e+00 9.452430000000000554e-01
5.910999999999999588e+00 9.444489999999999830e-01
5.921000000000000263e+00 9.433639999999999803e-01
5.931000000000000050e+00 9.420870000000000077e-01
5.940999999999999837e+00 9.406949999999999479e-01
5.950999999999999623e+00 9.392589999999999550e-01
5.961000000000000298e+00 9.378300000000000525e-01
5.971000000000000085e+00 9.364240000000000341e-01
5.980999999999999872e+00 9.350349999999999495e-01
5.990999999999999659e+00 9.336569999999999592e-01
6.001000000000000334e+00 9.322949999999999848e-01
6.011000000000000121e+00 9.309570000000000345e-01
6.020999999999999908e+00 9.296489999999999476e-01
6.030999999999999694e+00 9.283689999999999998e-01
6.041000000000000369e+00 9.271089999999999609e-01
6.051000000000000156e+00 9.258530000000000371e-01
6.060999999999999943e+00 9.245839999999999614e-01
6.070999999999999730e+00 9.232879999999999976e-01
6.081000000000000405e+00 9.219549999999999690e-01
6.091000000000000192e+00 9.205769999999999786e-01
6.100999999999999979e+00 9.191519999999999690e-01
6.110999999999999766e+00 9.176809999999999690e-01
6.121000000000000441e+00 9.161639999999999784e-01
6.131000000000000227e+00 9.146050000000000013e-01
6.141000000000000014e+00 9.130049999999999555e-01
6.150999999999999801e+00 9.113660000000000094e-01
6.160999999999999588e+00 9.096929999999999739e-01
6.171000000000000263e+00 9.079880000000000173e-01
6.181000000000000050e+00 9.062559999999999505e-01
6.190999999999999837e+00 9.045029999999999459e-01
6.200999999999999623e+00 9.027340000000000364e-01
6.211000000000000298e+00 9.009570000000000078e-01
6.221000000000000085e+00 8.991789999999999505e-01
6.230999999999999872e+00 8.974090000000000122e-01
6.240999999999999659e+00 8.956539999999999502e-01
6.251000000000000334e+00 8.939230000000000231e-01
6.261000000000000121e+00 8.922240000000000171e-01
6.270999999999999908e+00 8.905629999999999935e-01
6.280999999999999694e+00 8.889449999999999852e-01
6.291000000000000369e+00 8.873769999999999714e-01
6.301000000000000156e+00 8.858620000000000383e-01
6.310999999999999943e+00 8.844030000000000502e-01
6.320999999999999730e+00 8.830029999999999824e-01
6.331000000000000405e+00 8.816619999999999457e-01
6.341000000000000192e+00 8.803800000000000514e-01
6.350999999999999979e+00 8.791579999999999950e-01
6.360999999999999766e+00 8.779930000000000234e-01
6.371000000000000441e+00 8.768839999999999968e-01
6.381000000000000227e+00 8.758289999999999687e-01
6.391000000000000014e+00 8.748230000000000173e-01
6.400999999999999801e+00 8.738629999999999454e-01
6.410999999999999588e+00 8.729470000000000285e-01
6.421000000000000263e+00 8.720689999999999831e-01
6.431000000000000050e+00 8.712250000000000272e-01
6.440999999999999837e+00 8.704119999999999635e-01
6.450999999999999623e+00 8.696230000000000349e-01
6.461000000000000298e+00 8.688559999999999617e-01
6.471000000000000085e+00 8.681050000000000155e-01
6.480999999999999872e+00 8.673659999999999703e-01
6.490999999999999659e+00 8.666359999999999619e-01
6.501000000000000334e+00 8.659090000000000398e-01
6.511000000000000121e+00 8.651830000000000354e-01
6.520999999999999908e+00 8.644549999999999734e-01
6.530999999999999694e+00 8.637200000000000433e-01
6.541000000000000369e+00 8.629780000000000229e-01
6.551000000000000156e+00 8.622239999999999904e-01
6.560999999999999943e+00 8.614589999999999748e-01
6.570999999999999730e+00 8.606800000000000006e-01
6.581000000000000405e+00 8.598860000000000392e-01
6.591000000000000192e+00 8.590780000000000083e-01
6.600999999999999979e+00 8.582539999999999614e-01
6.610999999999999766e+00 8.574169999999999847e-01
6.621000000000000441e+00 8.565650000000000208e-01
6.631000000000000227e+00 8.557019999999999627e-01
6.641000000000000014e+00 8.548280000000000323e-01
6.650999999999999801e+00 8.539449999999999541e-01
6.660999999999999588e+00 8.530560000000000365e-01
6.671000000000000263e+00 8.521630000000000038e-01
6.681000000000000050e+00 8.512699999999999712e-01
6.690999999999999837e+00 8.503789999999999960e-01
6.700999999999999623e+00 8.494939999999999714e-01
6.711000000000000298e+00 8.486179999999999835e-01
6.721000000000000085e+00 8.477540000000000076e-01
6.730999999999999872e+00 8.469060000000000477e-01
6.740999999999999659e+00 8.460779999999999967e-01
6.751000000000000334e+00 8.452730000000000521e-01
6.761000000000000121e+00 8.444939999999999669e-01
6.770999999999999908e+00 8.437459999999999960e-01
6.780999999999999694e+00 8.430309999999999748e-01
6.791000000000000369e+00 8.423519999999999897e-01
6.801000000000000156e+00 8.417120000000000157e-01
6.810999999999999943e+00 8.411140000000000283e-01
6.820999999999999730e+00 8.405589999999999451e-01
6.831000000000000405e+00 8.400509999999999922e-01
6.841000000000000192e+00 8.395920000000000050e-01
6.850999999999999979e+00 8.391809999999999548e-01
6.860999999999999766e+00 8.388219999999999565e-01
6.871000000000000441e+00 8.385139999999999816e-01
6.881000000000000227e+00 8.382579999999999476e-01
6.891000000000000014e+00 8.380549999999999944e-01
6.900999999999999801e+00 8.379050000000000109e-01
6.910999999999999588e+00 8.378060000000000507e-01
6.921000000000000263e+00 8.377599999999999492e-01
6.931000000000000050e+00 8.377649999999999819e-01
6.940999999999999837e+00 8.378200000000000092e-01
6.950999999999999623e+00 8.379240000000000022e-01
6.961000000000000298e+00 8.380750000000000144e-01
6.971000000000000085e+00 8.382720000000000171e-01
6.980999999999999872e+00 8.385129999999999528e-01
6.990999999999999659e+00 8.387959999999999861e-01
7.001000000000000334e+00 8.391199999999999770e-01
7.011000000000000121e+00 8.394829999999999792e-01
7.020999999999999908e+00 8.398820000000000174e-01
7.030999999999999694e+00 8.403159999999999519e-01
7.041000000000000369e+00 8.407820000000000293e-01
7.051000000000000156e+00 8.412800000000000278e-01
7.060999999999999943e+00 8.418060000000000542e-01
7.070999999999999730e+00 8.423599999999999977e-01
7.081000000000000405e+00 8.429389999999999938e-01
7.091000000000000192e+00 8.435430000000000428e-01
7.100999999999999979e+00 8.441689999999999472e-01
7.110999999999999766e+00 8.448170000000000401e-01
7.121000000000000441e+00 8.454859999999999598e-01
7.131000000000000227e+00 8.461739999999999817e-01
7.141000000000000014e+00 8.468799999999999661e-01
7.150999999999999801e+00 8.476050000000000528e-01
7.160999999999999588e+00 8.483469999999999622e-01
7.171000000000000263e+00 8.491069999999999451e-01
7.181000000000000050e+00 8.498839999999999728e-01
7.190999999999999837e+00 8.506770000000000165e-01
7.200999999999999623e+00 8.514880000000000226e-01
7.211000000000000298e+00 8.523159999999999625e-01
7.221000000000000085e+00 8.531609999999999472e-01
7.230999999999999872e+00 8.540240000000000054e-01
7.240999999999999659e+00 8.549050000000000260e-01
7.251000000000000334e+00 8.558040000000000092e-01
7.261000000000000121e+00 8.567219999999999835e-01
7.270999999999999908e+00 8.576599999999999779e-01
7.280999999999999694e+00 8.586179999999999923e-01
7.291000000000000369e+00 8.595970000000000555e-01
7.301000000000000156e+00 8.605960000000000276e-01
7.310999999999999943e+00 8.616169999999999662e-01
7.320999999999999730e+00 8.626589999999999536e-01
7.331000000000000405e+00 8.637240000000000473e-01
7.341000000000000192e+00 8.648120000000000251e-01
7.350999999999999979e+00 8.659219999999999695e-01
7.360999999999999766e+00 8.670560000000000489e-01
7.371000000000000441e+00 8.682119999999999838e-01
7.381000000000000227e+00 8.693920000000000536e-01
7.391000000000000014e+00 8.705950000000000077e-01
7.400999999999999801e+00 8.718209999999999571e-01
7.410999999999999588e+00 8.730700000000000127e-01
7.421000000000000263e+00 8.743429999999999813e-01
7.431000000000000050e+00 8.756380000000000274e-01
7.440999999999999837e+00 8.769559999999999578e-01
7.450999999999999623e+00 8.782950000000000479e-01
7.461000000000000298e+00 8.796570000000000222e-01
7.471000000000000085e+00 8.810409999999999631e-01
7.480999999999999872e+00 8.824459999999999527e-01
7.490999999999999659e+00 8.838719999999999910e-01
7.501000000000000334e+00 8.853199999999999958e-01
7.511000000000000121e+00 8.867869999999999919e-01
7.520999999999999908e+00 8.882750000000000368e-01
7.530999999999999694e+00 8.897840000000000193e-01
7.541000000000000369e+00 8.913119999999999932e-01
7.551000000000000156e+00 8.928599999999999870e-01
7.560999999999999943e+00 8.944280000000000008e-01
7.570999999999999730e+00 8.960150000000000059e-01
7.581000000000000405e+00 8.976220000000000310e-01
7.591000000000000192e+00 8.992480000000000473e-01
7.600999999999999979e+00 9.008930000000000549e-01
7.610999999999999766e+00 9.025579999999999714e-01
7.621000000000000441e+00 9.042419999999999902e-01
7.631000000000000227e+00 9.059460000000000290e-01
7.641000000000000014e+00 9.076680000000000303e-01
7.650999999999999801e+00 9.094100000000000517e-01
7.660999999999999588e+00 9.111700000000000355e-01
7.671000000000000263e+00 9.129490000000000105e-01
7.681000000000000050e+00 9.147469999999999768e-01
7.690999999999999837e+00 9.165630000000000166e-01
7.700999999999999623e+00 9.183959999999999901e-01
7.711000000000000298e+00 9.202470000000000372e-01
7.721000000000000085e+00 9.221139999999999892e-01
7.730999999999999872e+00 9.239969999999999573e-01
7.740999999999999659e+00 9.258950000000000236e-01
7.751000000000000334e+00 9.278060000000000196e-01
7.761000000000000121e+00 9.297309999999999741e-01
7.770999999999999908e+00 9.316659999999999942e-01
7.780999999999999694e+00 9.336109999999999687e-01
7.791000000000000369e+00 9.355639999999999512e-01
7.801000000000000156e+00 9.375240000000000240e-01
7.810999999999999943e+00 9.394879999999999898e-01
7.820999999999999730e+00 9.414540000000000131e-01
7.831000000000000405e+00 9.434200000000000363e-01
7.841000000000000192e+00 9.453829999999999734e-01
7.850999999999999979e+00 9.473420000000000174e-01
7.860999999999999766e+00 9.492930000000000534e-01
7.871000000000000441e+00 9.512340000000000240e-01
7.881000000000000227e+00 9.531619999999999537e-01
7.891000000000000014e+00 9.550739999999999785e-01
7.900999999999999801e+00 9.569680000000000408e-01
7.910999999999999588e+00 9.588400000000000256e-01
7.921000000000000263e+00 9.606879999999999864e-01
7.931000000000000050e+00 9.625099999999999767e-01
7.940999999999999837e+00 9.643019999999999925e-01
7.950999999999999623e+00 9.660619999999999763e-01
7.961000000000000298e+00 9.677869999999999528e-01
7.971000000000000085e+00 9.694749999999999757e-01
7.980999999999999872e+00 9.711239999999999872e-01
7.990999999999999659e+00 9.727310000000000123e-01
