2.500000000000000139e-02 9.879259999999999708e-01
2.599999999999999881e-02 9.792560000000000153e-01
2.699999999999999969e-02 9.968770000000000131e-01
2.800000000000000058e-02 9.805909999999999904e-01
2.900000000000000147e-02 9.703800000000000203e-01
2.999999999999999889e-02 9.625559999999999672e-01
3.099999999999999978e-02 9.560809999999999587e-01
3.200000000000000067e-02 9.514709999999999557e-01
3.300000000000000155e-02 9.506689999999999863e-01
3.400000000000000244e-02 9.556940000000000435e-01
3.500000000000000333e-02 9.626749999999999474e-01
3.599999999999999728e-02 9.641849999999999588e-01
3.699999999999999817e-02 9.603380000000000249e-01
3.799999999999999906e-02 9.544810000000000239e-01
3.899999999999999994e-02 9.483730000000000215e-01
4.000000000000000083e-02 9.425489999999999702e-01
4.100000000000000172e-02 9.371119999999999450e-01
4.200000000000000261e-02 9.320540000000000491e-01
4.299999999999999656e-02 9.273639999999999661e-01
4.399999999999999745e-02 9.230519999999999836e-01
4.499999999999999833e-02 9.191690000000000138e-01
4.599999999999999922e-02 9.157999999999999474e-01
4.700000000000000011e-02 9.130679999999999907e-01
4.800000000000000100e-02 9.111160000000000370e-01
4.900000000000000189e-02 9.100669999999999593e-01
5.000000000000000278e-02 9.099620000000000486e-01
5.099999999999999672e-02 9.106830000000000203e-01
5.199999999999999761e-02 9.119059999999999944e-01
5.299999999999999850e-02 9.131470000000000420e-01
5.399999999999999939e-02 9.139019999999999921e-01
5.500000000000000028e-02 9.138100000000000112e-01
5.600000000000000117e-02 9.127319999999999878e-01
5.700000000000000205e-02 9.107319999999999860e-01
5.800000000000000294e-02 9.079869999999999886e-01
5.899999999999999689e-02 9.047060000000000102e-01
5.999999999999999778e-02 9.010789999999999633e-01
6.099999999999999867e-02 8.972599999999999465e-01
6.199999999999999956e-02 8.933609999999999607e-01
6.300000000000000044e-02 8.894619999999999749e-01
6.400000000000000133e-02 8.856190000000000451e-01
6.500000000000000222e-02 8.818669999999999565e-01
6.600000000000000311e-02 8.782360000000000166e-01
6.700000000000000400e-02 8.747430000000000483e-01
6.800000000000000488e-02 8.714049999999999851e-01
6.900000000000000577e-02 8.682349999999999790e-01
7.000000000000000666e-02 8.652450000000000419e-01
7.099999999999999367e-02 8.624490000000000212e-01
7.199999999999999456e-02 8.598609999999999864e-01
7.299999999999999545e-02 8.574960000000000360e-01
7.399999999999999634e-02 8.553699999999999637e-01
7.499999999999999722e-02 8.535000000000000364e-01
7.599999999999999811e-02 8.519039999999999946e-01
7.699999999999999900e-02 8.505989999999999940e-01
7.799999999999999989e-02 8.495979999999999643e-01
7.900000000000000078e-02 8.489109999999999712e-01
8.000000000000000167e-02 8.485409999999999897e-01
8.100000000000000255e-02 8.484829999999999872e-01
8.200000000000000344e-02 8.487200000000000299e-01
8.300000000000000433e-02 8.492220000000000324e-01
8.400000000000000522e-02 8.499459999999999793e-01
8.500000000000000611e-02 8.508390000000000120e-01
8.599999999999999312e-02 8.518360000000000376e-01
8.699999999999999400e-02 8.528660000000000130e-01
8.799999999999999489e-02 8.538599999999999524e-01
8.899999999999999578e-02 8.547519999999999563e-01
8.999999999999999667e-02 8.554840000000000222e-01
9.099999999999999756e-02 8.560140000000000526e-01
9.199999999999999845e-02 8.563119999999999621e-01
9.299999999999999933e-02 8.563600000000000101e-01
9.400000000000000022e-02 8.561579999999999746e-01
9.500000000000000111e-02 8.557109999999999994e-01
9.600000000000000200e-02 8.550379999999999647e-01
9.700000000000000289e-02 8.541570000000000551e-01
9.800000000000000377e-02 8.530929999999999902e-01
9.900000000000000466e-02 8.518719999999999626e-01
1.000000000000000056e-01 8.505179999999999962e-01
1.010000000000000064e-01 8.490539999999999754e-01
1.019999999999999934e-01 8.475019999999999776e-01
1.029999999999999943e-01 8.458809999999999940e-01
1.039999999999999952e-01 8.442089999999999872e-01
1.049999999999999961e-01 8.424989999999999979e-01
1.059999999999999970e-01 8.407660000000000133e-01
1.069999999999999979e-01 8.390189999999999593e-01
1.079999999999999988e-01 8.372699999999999587e-01
1.089999999999999997e-01 8.355249999999999622e-01
1.100000000000000006e-01 8.337919999999999776e-01
1.110000000000000014e-01 8.320769999999999555e-01
1.120000000000000023e-01 8.303850000000000398e-01
1.130000000000000032e-01 8.287210000000000409e-01
1.140000000000000041e-01 8.270889999999999631e-01
1.150000000000000050e-01 8.254930000000000323e-01
1.160000000000000059e-01 8.239360000000000017e-01
1.170000000000000068e-01 8.224230000000000151e-01
1.179999999999999938e-01 8.209549999999999903e-01
1.189999999999999947e-01 8.195350000000000135e-01
1.199999999999999956e-01 8.181669999999999776e-01
1.209999999999999964e-01 8.168530000000000513e-01
1.219999999999999973e-01 8.155959999999999877e-01
1.229999999999999982e-01 8.143979999999999553e-01
1.239999999999999991e-01 8.132620000000000404e-01
1.250000000000000000e-01 8.121890000000000498e-01
1.260000000000000009e-01 8.111810000000000409e-01
1.270000000000000018e-01 8.102409999999999890e-01
1.280000000000000027e-01 8.093679999999999763e-01
1.290000000000000036e-01 8.085639999999999494e-01
1.300000000000000044e-01 8.078290000000000193e-01
1.310000000000000053e-01 8.071629999999999638e-01
1.320000000000000062e-01 8.065639999999999477e-01
1.330000000000000071e-01 8.060310000000000530e-01
1.340000000000000080e-01 8.055609999999999715e-01
1.350000000000000089e-01 8.051500000000000323e-01
1.360000000000000098e-01 8.047950000000000381e-01
1.370000000000000107e-01 8.044879999999999809e-01
1.380000000000000115e-01 8.042249999999999677e-01
1.390000000000000124e-01 8.039969999999999617e-01
1.400000000000000133e-01 8.037969999999999837e-01
1.409999999999999865e-01 8.036159999999999970e-01
1.419999999999999873e-01 8.034449999999999648e-01
1.429999999999999882e-01 8.032740000000000435e-01
1.439999999999999891e-01 8.030929999999999458e-01
1.449999999999999900e-01 8.028929999999999678e-01
1.459999999999999909e-01 8.026630000000000154e-01
1.469999999999999918e-01 8.023959999999999981e-01
1.479999999999999927e-01 8.020819999999999617e-01
1.489999999999999936e-01 8.017149999999999554e-01
1.499999999999999944e-01 8.012869999999999715e-01
1.509999999999999953e-01 8.007929999999999771e-01
1.519999999999999962e-01 8.002289999999999681e-01
1.529999999999999971e-01 7.995910000000000517e-01
1.539999999999999980e-01 7.988769999999999483e-01
1.549999999999999989e-01 7.980869999999999909e-01
1.559999999999999998e-01 7.972209999999999575e-01
1.570000000000000007e-01 7.962780000000000413e-01
1.580000000000000016e-01 7.952620000000000244e-01
1.590000000000000024e-01 7.941740000000000466e-01
1.600000000000000033e-01 7.930169999999999719e-01
1.610000000000000042e-01 7.917950000000000266e-01
1.620000000000000051e-01 7.905119999999999925e-01
1.630000000000000060e-01 7.891719999999999846e-01
1.640000000000000069e-01 7.877790000000000070e-01
1.650000000000000078e-01 7.863379999999999814e-01
1.660000000000000087e-01 7.848519999999999941e-01
1.670000000000000095e-01 7.833269999999999955e-01
1.680000000000000104e-01 7.817659999999999609e-01
1.690000000000000113e-01 7.801749999999999519e-01
1.700000000000000122e-01 7.785560000000000258e-01
1.710000000000000131e-01 7.769139999999999935e-01
1.719999999999999862e-01 7.752529999999999699e-01
1.729999999999999871e-01 7.735769999999999591e-01
1.739999999999999880e-01 7.718880000000000186e-01
1.749999999999999889e-01 7.701900000000000412e-01
1.759999999999999898e-01 7.684860000000000024e-01
1.769999999999999907e-01 7.667800000000000171e-01
1.779999999999999916e-01 7.650730000000000031e-01
1.789999999999999925e-01 7.633699999999999930e-01
1.799999999999999933e-01 7.616720000000000157e-01
1.809999999999999942e-01 7.599820000000000464e-01
1.819999999999999951e-01 7.583020000000000316e-01
1.829999999999999960e-01 7.566349999999999465e-01
1.839999999999999969e-01 7.549829999999999597e-01
1.849999999999999978e-01 7.533480000000000176e-01
1.859999999999999987e-01 7.517319999999999558e-01
1.869999999999999996e-01 7.501370000000000537e-01
1.880000000000000004e-01 7.485650000000000359e-01
1.890000000000000013e-01 7.470189999999999886e-01
1.900000000000000022e-01 7.455000000000000515e-01
1.910000000000000031e-01 7.440099999999999492e-01
1.920000000000000040e-01 7.425500000000000433e-01
1.930000000000000049e-01 7.411240000000000050e-01
1.940000000000000058e-01 7.397310000000000274e-01
1.950000000000000067e-01 7.383750000000000036e-01
1.960000000000000075e-01 7.370569999999999622e-01
1.970000000000000084e-01 7.357780000000000431e-01
1.980000000000000093e-01 7.345409999999999995e-01
1.990000000000000102e-01 7.333469999999999711e-01
2.000000000000000111e-01 7.321969999999999867e-01
2.010000000000000120e-01 7.310940000000000216e-01
2.020000000000000129e-01 7.300379999999999647e-01
2.030000000000000138e-01 7.290309999999999846e-01
2.039999999999999869e-01 7.280750000000000277e-01
2.049999999999999878e-01 7.271699999999999831e-01
2.059999999999999887e-01 7.263190000000000479e-01
2.069999999999999896e-01 7.255220000000000002e-01
2.079999999999999905e-01 7.247810000000000086e-01
2.089999999999999913e-01 7.240959999999999619e-01
2.099999999999999922e-01 7.234680000000000000e-01
2.109999999999999931e-01 7.228989999999999583e-01
2.119999999999999940e-01 7.223889999999999478e-01
2.129999999999999949e-01 7.219389999999999974e-01
2.139999999999999958e-01 7.215489999999999959e-01
2.149999999999999967e-01 7.212190000000000545e-01
2.159999999999999976e-01 7.209489999999999510e-01
2.169999999999999984e-01 7.207400000000000473e-01
2.179999999999999993e-01 7.205909999999999815e-01
2.190000000000000002e-01 7.205009999999999470e-01
2.200000000000000011e-01 7.204709999999999726e-01
2.210000000000000020e-01 7.205000000000000293e-01
2.220000000000000029e-01 7.205859999999999488e-01
2.230000000000000038e-01 7.207280000000000353e-01
2.240000000000000047e-01 7.209240000000000093e-01
2.250000000000000056e-01 7.211739999999999817e-01
2.260000000000000064e-01 7.214760000000000062e-01
2.270000000000000073e-01 7.218269999999999964e-01
2.280000000000000082e-01 7.222250000000000059e-01
2.290000000000000091e-01 7.226669999999999483e-01
2.300000000000000100e-01 7.231520000000000170e-01
2.310000000000000109e-01 7.236770000000000147e-01
2.320000000000000118e-01 7.242380000000000484e-01
2.330000000000000127e-01 7.248329999999999496e-01
2.340000000000000135e-01 7.254589999999999650e-01
2.349999999999999867e-01 7.261109999999999509e-01
2.359999999999999876e-01 7.267879999999999896e-01
2.369999999999999885e-01 7.274850000000000483e-01
2.379999999999999893e-01 7.281999999999999584e-01
2.389999999999999902e-01 7.289290000000000491e-01
2.399999999999999911e-01 7.296679999999999833e-01
2.409999999999999920e-01 7.304150000000000365e-01
2.419999999999999929e-01 7.311649999999999539e-01
2.429999999999999938e-01 7.319170000000000398e-01
2.439999999999999947e-01 7.326660000000000394e-01
2.449999999999999956e-01 7.334089999999999776e-01
2.459999999999999964e-01 7.341440000000000188e-01
2.469999999999999973e-01 7.348689999999999944e-01
2.479999999999999982e-01 7.355789999999999829e-01
2.489999999999999991e-01 7.362729999999999553e-01
2.500000000000000000e-01 7.369489999999999652e-01
2.510000000000000009e-01 7.376049999999999551e-01
2.520000000000000018e-01 7.382370000000000321e-01
2.530000000000000027e-01 7.388449999999999740e-01
2.540000000000000036e-01 7.394279999999999742e-01
2.550000000000000044e-01 7.399820000000000286e-01
2.560000000000000053e-01 7.405080000000000551e-01
2.570000000000000062e-01 7.410039999999999960e-01
2.580000000000000071e-01 7.414690000000000447e-01
2.590000000000000080e-01 7.419019999999999504e-01
2.600000000000000089e-01 7.423030000000000461e-01
2.610000000000000098e-01 7.426700000000000523e-01
2.620000000000000107e-01 7.430039999999999978e-01
2.630000000000000115e-01 7.433039999999999647e-01
2.640000000000000124e-01 7.435699999999999532e-01
2.650000000000000133e-01 7.438019999999999632e-01
2.660000000000000142e-01 7.439999999999999947e-01
2.670000000000000151e-01 7.441630000000000189e-01
2.680000000000000160e-01 7.442919999999999536e-01
2.690000000000000169e-01 7.443870000000000209e-01
2.700000000000000178e-01 7.444490000000000274e-01
2.710000000000000187e-01 7.444770000000000554e-01
2.720000000000000195e-01 7.444730000000000514e-01
2.730000000000000204e-01 7.444359999999999866e-01
2.740000000000000213e-01 7.443670000000000009e-01
2.750000000000000222e-01 7.442659999999999831e-01
2.760000000000000231e-01 7.441339999999999621e-01
2.770000000000000240e-01 7.439710000000000489e-01
2.780000000000000249e-01 7.437789999999999679e-01
2.790000000000000258e-01 7.435570000000000235e-01
2.800000000000000266e-01 7.433070000000000510e-01
2.810000000000000275e-01 7.430280000000000218e-01
2.819999999999999729e-01 7.427209999999999646e-01
2.829999999999999738e-01 7.423880000000000479e-01
2.839999999999999747e-01 7.420280000000000209e-01
2.849999999999999756e-01 7.416430000000000522e-01
2.859999999999999765e-01 7.412330000000000307e-01
2.869999999999999774e-01 7.407979999999999565e-01
2.879999999999999782e-01 7.403389999999999693e-01
2.889999999999999791e-01 7.398580000000000156e-01
2.899999999999999800e-01 7.393530000000000380e-01
2.909999999999999809e-01 7.388280000000000403e-01
2.919999999999999818e-01 7.382809999999999651e-01
2.929999999999999827e-01 7.377129999999999521e-01
2.939999999999999836e-01 7.371259999999999479e-01
2.949999999999999845e-01 7.365199999999999525e-01
2.959999999999999853e-01 7.358949999999999658e-01
2.969999999999999862e-01 7.352530000000000454e-01
2.979999999999999871e-01 7.345930000000000515e-01
2.989999999999999880e-01 7.339170000000000416e-01
2.999999999999999889e-01 7.332239999999999869e-01
3.009999999999999898e-01 7.325169999999999737e-01
3.019999999999999907e-01 7.317949999999999733e-01
3.029999999999999916e-01 7.310600000000000431e-01
3.039999999999999925e-01 7.303110000000000435e-01
3.049999999999999933e-01 7.295500000000000318e-01
3.059999999999999942e-01 7.287770000000000081e-01
3.069999999999999951e-01 7.279930000000000012e-01
3.079999999999999960e-01 7.271980000000000111e-01
3.089999999999999969e-01 7.263929999999999554e-01
3.099999999999999978e-01 7.255789999999999740e-01
3.109999999999999987e-01 7.247569999999999846e-01
3.119999999999999996e-01 7.239269999999999872e-01
3.130000000000000004e-01 7.230900000000000105e-01
3.140000000000000013e-01 7.222460000000000546e-01
3.150000000000000022e-01 7.213960000000000372e-01
3.160000000000000031e-01 7.205409999999999870e-01
3.170000000000000040e-01 7.196820000000000439e-01
3.180000000000000049e-01 7.188189999999999857e-01
3.190000000000000058e-01 7.179529999999999523e-01
3.200000000000000067e-01 7.170840000000000547e-01
3.210000000000000075e-01 7.162140000000000173e-01
3.220000000000000084e-01 7.153420000000000334e-01
3.230000000000000093e-01 7.144700000000000495e-01
3.240000000000000102e-01 7.135979999999999546e-01
3.250000000000000111e-01 7.127269999999999994e-01
3.260000000000000120e-01 7.118569999999999620e-01
3.270000000000000129e-01 7.109900000000000109e-01
3.280000000000000138e-01 7.101250000000000062e-01
3.290000000000000147e-01 7.092629999999999768e-01
3.300000000000000155e-01 7.084049999999999514e-01
3.310000000000000164e-01 7.075519999999999587e-01
3.320000000000000173e-01 7.067050000000000276e-01
3.330000000000000182e-01 7.058630000000000182e-01
3.340000000000000191e-01 7.050269999999999593e-01
3.350000000000000200e-01 7.041979999999999906e-01
3.360000000000000209e-01 7.033770000000000300e-01
3.370000000000000218e-01 7.025639999999999663e-01
3.380000000000000226e-01 7.017590000000000217e-01
3.390000000000000235e-01 7.009630000000000027e-01
3.400000000000000244e-01 7.001770000000000493e-01
3.410000000000000253e-01 6.994010000000000504e-01
3.420000000000000262e-01 6.986360000000000348e-01
3.430000000000000271e-01 6.978809999999999736e-01
3.439999999999999725e-01 6.971380000000000354e-01
3.449999999999999734e-01 6.964069999999999983e-01
3.459999999999999742e-01 6.956879999999999731e-01
3.469999999999999751e-01 6.949819999999999887e-01
3.479999999999999760e-01 6.942880000000000162e-01
3.489999999999999769e-01 6.936080000000000023e-01
3.499999999999999778e-01 6.929410000000000291e-01
3.509999999999999787e-01 6.922890000000000432e-01
3.519999999999999796e-01 6.916499999999999870e-01
3.529999999999999805e-01 6.910260000000000291e-01
3.539999999999999813e-01 6.904160000000000297e-01
3.549999999999999822e-01 6.898210000000000175e-01
3.559999999999999831e-01 6.892420000000000213e-01
3.569999999999999840e-01 6.886769999999999836e-01
3.579999999999999849e-01 6.881270000000000442e-01
3.589999999999999858e-01 6.875930000000000097e-01
3.599999999999999867e-01 6.870739999999999625e-01
3.609999999999999876e-01 6.865710000000000424e-01
3.619999999999999885e-01 6.860829999999999984e-01
3.629999999999999893e-01 6.856100000000000527e-01
3.639999999999999902e-01 6.851530000000000120e-01
3.649999999999999911e-01 6.847109999999999586e-01
3.659999999999999920e-01 6.842850000000000321e-01
3.669999999999999929e-01 6.838729999999999531e-01
3.679999999999999938e-01 6.834770000000000012e-01
3.689999999999999947e-01 6.830960000000000365e-01
3.699999999999999956e-01 6.827290000000000303e-01
3.709999999999999964e-01 6.823770000000000113e-01
3.719999999999999973e-01 6.820389999999999509e-01
3.729999999999999982e-01 6.817159999999999886e-01
3.739999999999999991e-01 6.814059999999999562e-01
3.750000000000000000e-01 6.811099999999999932e-01
3.760000000000000009e-01 6.808279999999999887e-01
3.770000000000000018e-01 6.805590000000000250e-01
3.780000000000000027e-01 6.803019999999999623e-01
3.790000000000000036e-01 6.800580000000000513e-01
3.800000000000000044e-01 6.798260000000000414e-01
3.810000000000000053e-01 6.796060000000000434e-01
3.820000000000000062e-01 6.793979999999999464e-01
3.830000000000000071e-01 6.792000000000000259e-01
3.840000000000000080e-01 6.790140000000000065e-01
3.850000000000000089e-01 6.788370000000000237e-01
3.860000000000000098e-01 6.786710000000000242e-01
3.870000000000000107e-01 6.785149999999999793e-01
3.880000000000000115e-01 6.783670000000000533e-01
3.890000000000000124e-01 6.782289999999999708e-01
3.900000000000000133e-01 6.780990000000000073e-01
3.910000000000000142e-01 6.779770000000000518e-01
3.920000000000000151e-01 6.778619999999999646e-01
3.930000000000000160e-01 6.777549999999999963e-01
3.940000000000000169e-01 6.776550000000000074e-01
3.950000000000000178e-01 6.775609999999999689e-01
3.960000000000000187e-01 6.774729999999999919e-01
3.970000000000000195e-01 6.773909999999999654e-01
3.980000000000000204e-01 6.773139999999999716e-01
3.990000000000000213e-01 6.772409999999999819e-01
4.000000000000000222e-01 6.771740000000000537e-01
